# Lambda, (Probability, Probability_biased(/observed)) per Fractional
 0.0000000   0.9060642492E+000   0.9731676438E+000   0.7643428517E+000   0.9667821997E+000
 0.0101010   0.8898404513E+000   0.9965769895E+000   0.7686651940E+000   0.9988443698E+000
 0.0202020   0.9179470113E+000   0.9560822349E+000   0.7913578944E+000   0.9847891048E+000
 0.0303030   0.8967963303E+000   0.1027549907E+001   0.7886350358E+000   0.1054189782E+001
 0.0404040   0.8658982886E+000   0.9567290012E+000   0.7948069272E+000   0.9843400548E+000
 0.0505051   0.7982627706E+000   0.9505487902E+000   0.7435715355E+000   0.9603832372E+000
 0.0606061   0.7747245696E+000   0.9515369053E+000   0.7701807571E+000   0.9853953223E+000
 0.0707071   0.7470682155E+000   0.9815756053E+000   0.7743729649E+000   0.1022082707E+001
 0.0808081   0.7115782740E+000   0.1023902864E+001   0.7652336470E+000   0.1035531755E+001
 0.0909091   0.6774168981E+000   0.9977806934E+000   0.7496984493E+000   0.9928046473E+000
 0.1010101   0.6271072820E+000   0.1037556819E+001   0.7754615137E+000   0.1072645737E+001
 0.1111111   0.6043969661E+000   0.1058702483E+001   0.7538556144E+000   0.1019163882E+001
 0.1212121   0.5557883442E+000   0.9786292256E+000   0.7413578619E+000   0.9685110423E+000
 0.1313131   0.5048733540E+000   0.9956966688E+000   0.7313128113E+000   0.9974747673E+000
 0.1414141   0.4883951953E+000   0.1039461186E+001   0.7273196589E+000   0.1010025715E+001
 0.1515152   0.4689133067E+000   0.1041114033E+001   0.7499778424E+000   0.1039416037E+001
 0.1616162   0.4313633722E+000   0.9758984347E+000   0.7515121699E+000   0.1035644017E+001
 0.1717172   0.4008248824E+000   0.9741018617E+000   0.7392284282E+000   0.1031759735E+001
 0.1818182   0.3955237664E+000   0.9596214836E+000   0.7417832981E+000   0.1010452312E+001
 0.1919192   0.3917219550E+000   0.9780902537E+000   0.7573967298E+000   0.1031108612E+001
 0.2020202   0.3954303599E+000   0.9786471913E+000   0.7539506647E+000   0.1012023987E+001
 0.2121212   0.4064885542E+000   0.1032706072E+001   0.7712634344E+000   0.1046847815E+001
 0.2222222   0.4150637430E+000   0.1055145268E+001   0.7578938162E+000   0.1008701017E+001
 0.2323232   0.4062538571E+000   0.9961997092E+000   0.8110818646E+000   0.1050642287E+001
 0.2424242   0.4089772755E+000   0.9928940150E+000   0.8047058616E+000   0.1051966985E+001
 0.2525253   0.4108759045E+000   0.9539443131E+000   0.8092262221E+000   0.1020174245E+001
 0.2626263   0.4136233080E+000   0.9163061094E+000   0.8308762389E+000   0.1020982535E+001
 0.2727273   0.4586967542E+000   0.1004931054E+001   0.8243152455E+000   0.1021723467E+001
 0.2828283   0.4707353711E+000   0.1013860021E+001   0.8044461594E+000   0.1005804645E+001
 0.2929293   0.4713702004E+000   0.9870371871E+000   0.8422217082E+000   0.1005378047E+001
 0.3030303   0.4938419905E+000   0.9838033557E+000   0.8624033606E+000   0.1011687200E+001
 0.3131313   0.5202261460E+000   0.9912232021E+000   0.8595505554E+000   0.1011215697E+001
 0.3232323   0.5257398327E+000   0.9582381225E+000   0.8548617271E+000   0.9774920423E+000
 0.3333333   0.5495808600E+000   0.9518782542E+000   0.8872295753E+000   0.1007937632E+001
 0.3434343   0.5762239206E+000   0.9359246862E+000   0.8900314871E+000   0.9755835798E+000
 0.3535354   0.5854193571E+000   0.9382063339E+000   0.9069138364E+000   0.9892571523E+000
 0.3636364   0.6440365302E+000   0.1000547416E+001   0.9130625436E+000   0.9978564598E+000
 0.3737374   0.6767150244E+000   0.1029669864E+001   0.9157741648E+000   0.9776941148E+000
 0.3838384   0.6824941847E+000   0.9237439215E+000   0.9671960649E+000   0.9981483423E+000
 0.3939394   0.7136774473E+000   0.9606275645E+000   0.9292874113E+000   0.9824540448E+000
 0.4040404   0.7790224539E+000   0.9935048498E+000   0.9790633069E+000   0.1029200150E+001
 0.4141414   0.7849797303E+000   0.9559744405E+000   0.9852001035E+000   0.9954989473E+000
 0.4242424   0.8912963971E+000   0.1035796177E+001   0.9501030896E+000   0.9354834147E+000
 0.4343434   0.9240948732E+000   0.9919597970E+000   0.1043630808E+001   0.9912554248E+000
 0.4444444   0.9747169876E+000   0.1026220443E+001   0.1032847891E+001   0.9506613047E+000
 0.4545455   0.1031044273E+001   0.9841986018E+000   0.1027611874E+001   0.9848340098E+000
 0.4646465   0.1052226271E+001   0.1002218229E+001   0.1101139801E+001   0.9835542173E+000
 0.4747475   0.1138860121E+001   0.9849351967E+000   0.1097776362E+001   0.9905593973E+000
 0.4848485   0.1202240142E+001   0.9966129210E+000   0.1094515037E+001   0.9807476548E+000
 0.4949495   0.1257907839E+001   0.9499199896E+000   0.1135490644E+001   0.9584523222E+000
 0.5050505   0.1262561320E+001   0.9734011983E+000   0.1116457384E+001   0.9660412672E+000
 0.5151515   0.1332447164E+001   0.1012261072E+001   0.1114375534E+001   0.9750896248E+000
 0.5252525   0.1348549328E+001   0.1007158804E+001   0.1118884560E+001   0.9629877272E+000
 0.5353535   0.1313296190E+001   0.9755031886E+000   0.1157609653E+001   0.9920861673E+000
 0.5454545   0.1309584245E+001   0.1005541889E+001   0.1129031210E+001   0.9806353923E+000
 0.5555556   0.1306268631E+001   0.9920855571E+000   0.1146863866E+001   0.9987770123E+000
 0.5656566   0.1300521414E+001   0.9724490146E+000   0.1161897644E+001   0.9939272723E+000
 0.5757576   0.1294349699E+001   0.9962356407E+000   0.1162860179E+001   0.1027965262E+001
 0.5858586   0.1296282082E+001   0.9745869364E+000   0.1124610858E+001   0.9690274498E+000
 0.5959596   0.1328138315E+001   0.9595136893E+000   0.1176446427E+001   0.1021498942E+001
 0.6060606   0.1340648782E+001   0.1019429398E+001   0.1150906114E+001   0.9843625073E+000
 0.6161616   0.1336364973E+001   0.1023974727E+001   0.1156141848E+001   0.9894367723E+000
 0.6262626   0.1346916343E+001   0.1025932992E+001   0.1155038280E+001   0.9922657873E+000
 0.6363636   0.1332000373E+001   0.1037736476E+001   0.1150232005E+001   0.9970257173E+000
 0.6464646   0.1321148810E+001   0.9866060096E+000   0.1121984022E+001   0.1013303780E+001
 0.6565657   0.1340750698E+001   0.1030226801E+001   0.1172854513E+001   0.1022172517E+001
 0.6666667   0.1319735595E+001   0.1005200540E+001   0.1148872049E+001   0.1022419495E+001
 0.6767677   0.1317295705E+001   0.9999186152E+000   0.1159166422E+001   0.9925127648E+000
 0.6868687   0.1353242733E+001   0.1028178708E+001   0.1134056914E+001   0.9835542173E+000
 0.6969697   0.1305704396E+001   0.9944390677E+000   0.1163137692E+001   0.1020511032E+001
 0.7070707   0.1336002019E+001   0.1029059029E+001   0.1157427877E+001   0.1012023987E+001
 0.7171717   0.1334481025E+001   0.1002918892E+001   0.1176322103E+001   0.1015010170E+001
 0.7272727   0.1321789010E+001   0.9753594628E+000   0.1147855686E+001   0.9790637173E+000
 0.7373737   0.1346337577E+001   0.1004517842E+001   0.1133380833E+001   0.9606077622E+000
 0.7474747   0.1353013994E+001   0.1031682025E+001   0.1164239848E+001   0.1018625022E+001
 0.7575758   0.1368485451E+001   0.1045120391E+001   0.1159630649E+001   0.1020780462E+001
 0.7676768   0.1325767967E+001   0.1024208282E+001   0.1141878154E+001   0.1000707927E+001
 0.7777778   0.1323385304E+001   0.1008272680E+001   0.1144459878E+001   0.1008139705E+001
 0.7878788   0.1345552163E+001   0.1026004855E+001   0.1129715860E+001   0.9938150098E+000
 0.7979798   0.1333623509E+001   0.1009009274E+001   0.1155480049E+001   0.9937925573E+000
 0.8080808   0.1349066484E+001   0.1037395127E+001   0.1162962722E+001   0.1017277872E+001
 0.8181818   0.1345822023E+001   0.1038598831E+001   0.1165563941E+001   0.1012136250E+001
 0.8282828   0.1331211612E+001   0.9996850608E+000   0.1124970827E+001   0.9691172598E+000
 0.8383838   0.1358926392E+001   0.1051588054E+001   0.1161461533E+001   0.1021431585E+001
 0.8484848   0.1330627692E+001   0.1024531665E+001   0.1114520490E+001   0.9933210548E+000
 0.8585859   0.1391499654E+001   0.1031125088E+001   0.1166344101E+001   0.9846094848E+000
 0.8686869   0.1375494936E+001   0.1050528076E+001   0.1165854287E+001   0.1008409135E+001
 0.8787879   0.1334782530E+001   0.1001266045E+001   0.1132142681E+001   0.9894592248E+000
 0.8888889   0.1372323869E+001   0.1010841779E+001   0.1170177655E+001   0.9932536973E+000
 0.8989899   0.1335463638E+001   0.1019573123E+001   0.1150508185E+001   0.9988443698E+000
 0.9090909   0.1318815401E+001   0.1008272680E+001   0.1142701062E+001   0.1003267512E+001
 0.9191919   0.1323703189E+001   0.9956966688E+000   0.1151473585E+001   0.9897062023E+000
 0.9292929   0.1318027038E+001   0.1006422209E+001   0.1120735022E+001   0.9734281398E+000
 0.9393939   0.1349122721E+001   0.1038616797E+001   0.1127325087E+001   0.9965766673E+000
 0.9494949   0.1345663910E+001   0.1025160465E+001   0.1161109954E+001   0.1000416045E+001
 0.9595960   0.1313870171E+001   0.1009153000E+001   0.1118524657E+001   0.9828806423E+000
 0.9696970   0.1351830794E+001   0.1035329068E+001   0.1152605754E+001   0.9912554248E+000
 0.9797980   0.1329431246E+001   0.1006889318E+001   0.1136117614E+001   0.9668495572E+000
 0.9898990   0.1370836209E+001   0.1054211050E+001   0.1148977096E+001   0.1014673382E+001
 1.0000000   0.1342870484E+001   0.9973854474E+000   0.1170363595E+001   0.1009756285E+001


 0.0000000   0.9109623006E+000   0.9746778919E+000   0.7813237912E+000   0.9876789967E+000
 0.0101010   0.9060435112E+000   0.1010833927E+001   0.7883551722E+000   0.1023827672E+001
 0.0202020   0.9130439407E+000   0.9473301505E+000   0.8030581214E+000   0.9987610723E+000
 0.0303030   0.8998594597E+000   0.1027107341E+001   0.7941304011E+000   0.1060910848E+001
 0.0404040   0.8660787157E+000   0.9532602154E+000   0.7940287790E+000   0.9827976062E+000
 0.0505051   0.8197886581E+000   0.9724392696E+000   0.7641674518E+000   0.9864036785E+000
 0.0606061   0.7873215263E+000   0.9633020356E+000   0.7735895850E+000   0.9891741974E+000
 0.0707071   0.7548093902E+000   0.9879451558E+000   0.7844946575E+000   0.1034832789E+001
 0.0808081   0.7014826609E+000   0.1005506920E+001   0.7760768092E+000   0.1049586901E+001
 0.0909091   0.6774739657E+000   0.9940396909E+000   0.7566258086E+000   0.1001388668E+001
 0.1010101   0.6228033566E+000   0.1026486009E+001   0.7576475628E+000   0.1047388077E+001
 0.1111111   0.5912133381E+000   0.1031639409E+001   0.7487274311E+000   0.1011635190E+001
 0.1212121   0.5465425275E+000   0.9586603207E+000   0.7426151984E+000   0.9695826708E+000
 0.1313131   0.5220787983E+000   0.1025681932E+001   0.7474222881E+000   0.1018847334E+001
 0.1414141   0.4919034551E+000   0.1042914756E+001   0.7438713937E+000   0.1032403088E+001
 0.1515152   0.4709452093E+000   0.1041617268E+001   0.7585720740E+000   0.1050708302E+001
 0.1616162   0.4318937987E+000   0.9733529930E+000   0.7439020140E+000   0.1024553284E+001
 0.1717172   0.4195063745E+000   0.1015594426E+001   0.7547847954E+000   0.1052852156E+001
 0.1818182   0.4115623373E+000   0.9947067090E+000   0.7485642761E+000   0.1019089205E+001
 0.1919192   0.4158050371E+000   0.1034243521E+001   0.7553842017E+000   0.1027763568E+001
 0.2020202   0.4060120677E+000   0.1000983989E+001   0.7574649217E+000   0.1016142780E+001
 0.2121212   0.4119745505E+000   0.1042631501E+001   0.7712243655E+000   0.1046178723E+001
 0.2222222   0.4186651079E+000   0.1060220677E+001   0.7699106850E+000   0.1024091531E+001
 0.2323232   0.4151059367E+000   0.1014004547E+001   0.7918743399E+000   0.1025157961E+001
 0.2424242   0.4223327397E+000   0.1021387432E+001   0.7904326469E+000   0.1032699929E+001
 0.2525253   0.4265178906E+000   0.9864649238E+000   0.8077071937E+000   0.1017659969E+001
 0.2626263   0.4346888645E+000   0.9592816526E+000   0.7987056471E+000   0.9808736348E+000
 0.2727273   0.4627855371E+000   0.1010002439E+001   0.8084028566E+000   0.1001410656E+001
 0.2828283   0.4703867962E+000   0.1009225774E+001   0.8282823333E+000   0.1034997701E+001
 0.2929293   0.4814689410E+000   0.1004319079E+001   0.8355309163E+000   0.9968041185E+000
 0.3030303   0.5078621024E+000   0.1007855189E+001   0.8528612028E+000   0.9999044611E+000
 0.3131313   0.5213241165E+000   0.9895076228E+000   0.8564488100E+000   0.1006973682E+001
 0.3232323   0.5351918225E+000   0.9717265653E+000   0.8502814677E+000   0.9716825482E+000
 0.3333333   0.5658473620E+000   0.9762951824E+000   0.8751669979E+000   0.9936488053E+000
 0.3434343   0.5859194753E+000   0.9480245803E+000   0.8890318579E+000   0.9739143551E+000
 0.3535354   0.6121653670E+000   0.9773094153E+000   0.9240623620E+000   0.1007369470E+001
 0.3636364   0.6445946366E+000   0.9975758004E+000   0.9205585258E+000   0.1005456493E+001
 0.3737374   0.6792560341E+000   0.1029574394E+001   0.9384895083E+000   0.1001355685E+001
 0.3838384   0.7082725002E+000   0.9549597409E+000   0.9561332824E+000   0.9861508136E+000
 0.3939394   0.7393317502E+000   0.9913442068E+000   0.9628428069E+000   0.1017330145E+001
 0.4040404   0.7893096840E+000   0.1002765749E+001   0.9890406291E+000   0.1039076520E+001
 0.4141414   0.8125684530E+000   0.9857796313E+000   0.9828921594E+000   0.9925823754E+000
 0.4242424   0.8707483852E+000   0.1008037933E+001   0.9691931906E+000   0.9537181518E+000
 0.4343434   0.9307493950E+000   0.9952732175E+000   0.1040014482E+001   0.9872392318E+000
 0.4444444   0.9537173044E+000   0.1000262147E+001   0.1038846807E+001   0.9556201350E+000
 0.4545455   0.1032792354E+001   0.9820881887E+000   0.1050321851E+001   0.1006006199E+001
 0.4646465   0.1066068263E+001   0.1011510082E+001   0.1113441138E+001   0.9939566407E+000
 0.4747475   0.1120539746E+001   0.9653761877E+000   0.1110309381E+001   0.1001278726E+001
 0.4848485   0.1208242603E+001   0.9977494079E+000   0.1103071375E+001   0.9878329144E+000
 0.4949495   0.1278642466E+001   0.9618766271E+000   0.1140230547E+001   0.9618867849E+000
 0.5050505   0.1277731206E+001   0.9813206611E+000   0.1145721546E+001   0.9907793393E+000
 0.5151515   0.1318145545E+001   0.9975575260E+000   0.1140151808E+001   0.9970569833E+000
 0.5252525   0.1338192779E+001   0.9955930207E+000   0.1145245193E+001   0.9850953779E+000
 0.5353535   0.1324569444E+001   0.9801054090E+000   0.1143865413E+001   0.9797302460E+000
 0.5454545   0.1316118810E+001   0.1006685623E+001   0.1150855558E+001   0.9990029430E+000
 0.5555556   0.1301498908E+001   0.9846740260E+000   0.1133348210E+001   0.9864256667E+000
 0.5656566   0.1316233964E+001   0.9804252122E+000   0.1152225596E+001   0.9850733896E+000
 0.5757576   0.1337318280E+001   0.1025362129E+001   0.1152440467E+001   0.1018154705E+001
 0.5858586   0.1309260644E+001   0.9805714079E+000   0.1135888731E+001   0.9781690806E+000
 0.5959596   0.1313069661E+001   0.9449910186E+000   0.1169966079E+001   0.1015274245E+001
 0.6060606   0.1322723313E+001   0.1001943398E+001   0.1151733819E+001   0.9844907011E+000
 0.6161616   0.1316199385E+001   0.1004657157E+001   0.1164266649E+001   0.9958036533E+000
 0.6262626   0.1313498413E+001   0.9966438026E+000   0.1168879529E+001   0.1003565504E+001
 0.6363636   0.1313658358E+001   0.1019523437E+001   0.1159524539E+001   0.1004489010E+001
 0.6464646   0.1311586297E+001   0.9757103994E+000   0.1138762245E+001   0.1027851521E+001
 0.6565657   0.1318473716E+001   0.1009225774E+001   0.1165789429E+001   0.1015417168E+001
 0.6666667   0.1311718075E+001   0.9952640802E+000   0.1145482812E+001   0.1018803358E+001
 0.6767677   0.1294494679E+001   0.9788444707E+000   0.1133309898E+001   0.9698025533E+000
 0.6868687   0.1339203713E+001   0.1013611646E+001   0.1136008088E+001   0.9846666071E+000
 0.6969697   0.1328134971E+001   0.1007645032E+001   0.1179980074E+001   0.1034678871E+001
 0.7070707   0.1333216819E+001   0.1022977311E+001   0.1135823703E+001   0.9925493930E+000
 0.7171717   0.1345758020E+001   0.1007517111E+001   0.1139456846E+001   0.9826217003E+000
 0.7272727   0.1325463259E+001   0.9743215398E+000   0.1135165387E+001   0.9676696935E+000
 0.7373737   0.1333744768E+001   0.9913076579E+000   0.1116907172E+001   0.9460882307E+000
 0.7474747   0.1329739123E+001   0.1010048125E+001   0.1141743309E+001   0.9983542898E+000
 0.7575758   0.1334388693E+001   0.1015174113E+001   0.1134534428E+001   0.9981014250E+000
 0.7676768   0.1327215938E+001   0.1021396570E+001   0.1152390673E+001   0.1009326424E+001
 0.7777778   0.1314383712E+001   0.9975758004E+000   0.1127562336E+001   0.9926703284E+000
 0.7878788   0.1344362329E+001   0.1021168139E+001   0.1129054127E+001   0.9926483401E+000
 0.7979798   0.1321621356E+001   0.9960955685E+000   0.1126370751E+001   0.9681864172E+000
 0.8080808   0.1353435608E+001   0.1036765397E+001   0.1152376376E+001   0.1007424441E+001
 0.8181818   0.1325557684E+001   0.1019039163E+001   0.1147012759E+001   0.9954408473E+000
 0.8282828   0.1306350062E+001   0.9772545919E+000   0.1116915822E+001   0.9616119319E+000
 0.8383838   0.1348565992E+001   0.1039570528E+001   0.1162357411E+001   0.1021617853E+001
 0.8484848   0.1332160851E+001   0.1021780333E+001   0.1134379909E+001   0.1010425836E+001
 0.8585859   0.1351219603E+001   0.9974387419E+000   0.1144242195E+001   0.9653829159E+000
 0.8686869   0.1354351733E+001   0.1030415020E+001   0.1154832938E+001   0.9982883250E+000
 0.8787879   0.1329698035E+001   0.9936285153E+000   0.1139770871E+001   0.9955397944E+000
 0.8888889   0.1347172433E+001   0.9885116643E+000   0.1142237107E+001   0.9689669999E+000
 0.8989899   0.1330697498E+001   0.1012040042E+001   0.1136809557E+001   0.9863706961E+000
 0.9090909   0.1322034296E+001   0.1006859230E+001   0.1135982897E+001   0.9967821302E+000
 0.9191919   0.1337743000E+001   0.1002400260E+001   0.1149945296E+001   0.9878109262E+000
 0.9292929   0.1315216658E+001   0.1000426617E+001   0.1119574036E+001   0.9718474601E+000
 0.9393939   0.1352150193E+001   0.1036957279E+001   0.1146688161E+001   0.1013097408E+001
 0.9494949   0.1346797417E+001   0.1022090999E+001   0.1159309986E+001   0.9982773309E+000
 0.9595960   0.1328658265E+001   0.1016599522E+001   0.1112291089E+001   0.9768277976E+000
 0.9696970   0.1323740550E+001   0.1009929341E+001   0.1128273800E+001   0.9697585768E+000
 0.9797980   0.1321730292E+001   0.9972194483E+000   0.1128198249E+001   0.9595450368E+000
 0.9898990   0.1346373028E+001   0.1031429253E+001   0.1145949746E+001   0.1011404313E+001
 1.0000000   0.1320422011E+001   0.9769530632E+000   0.1150281280E+001   0.9918457692E+000


 0.0000000   0.9378588260E+000   0.1003443422E+001   0.7749095473E+000   0.9808540685E+000
 0.0101010   0.9254836890E+000   0.1032509923E+001   0.7778352417E+000   0.1011489024E+001
 0.0202020   0.9466918892E+000   0.9822296666E+000   0.8083240953E+000   0.1006627451E+001
 0.0303030   0.9079167179E+000   0.1036291341E+001   0.7790944860E+000   0.1042187392E+001
 0.0404040   0.8843416080E+000   0.9733496363E+000   0.7863392657E+000   0.9745551608E+000
 0.0505051   0.8401661472E+000   0.9965990555E+000   0.7597461247E+000   0.9819813898E+000
 0.0606061   0.8116094972E+000   0.9930067083E+000   0.7667779805E+000   0.9817488797E+000
 0.0707071   0.7648877183E+000   0.1001124153E+001   0.7654053148E+000   0.1010974684E+001
 0.0808081   0.7135015408E+000   0.1022722353E+001   0.7692226329E+000   0.1041680098E+001
 0.0909091   0.6793425131E+000   0.9967692194E+000   0.7452180501E+000   0.9875827674E+000
 0.1010101   0.6323700011E+000   0.1042240773E+001   0.7531689147E+000   0.1042560817E+001
 0.1111111   0.5930557916E+000   0.1034841798E+001   0.7432755522E+000   0.1005584679E+001
 0.1212121   0.5509462741E+000   0.9663729198E+000   0.7409361416E+000   0.9686578613E+000
 0.1313131   0.5187052319E+000   0.1019041772E+001   0.7298931805E+000   0.9962560955E+000
 0.1414141   0.4910416157E+000   0.1041074835E+001   0.7358441025E+000   0.1022600185E+001
 0.1515152   0.4687537755E+000   0.1036757716E+001   0.7559418707E+000   0.1048436980E+001
 0.1616162   0.4309551486E+000   0.9712257398E+000   0.7260933116E+000   0.1001336087E+001
 0.1717172   0.4193526630E+000   0.1015209935E+001   0.7420807262E+000   0.1036487374E+001
 0.1818182   0.4131013265E+000   0.9984141363E+000   0.7460616918E+000   0.1017012899E+001
 0.1919192   0.4145835536E+000   0.1031192729E+001   0.7449583208E+000   0.1014906217E+001
 0.2020202   0.4063499523E+000   0.1001804808E+001   0.7540216485E+000   0.1012848856E+001
 0.2121212   0.4114815197E+000   0.1041371046E+001   0.7711723791E+000   0.1047478757E+001
 0.2222222   0.4165276958E+000   0.1054795081E+001   0.7680692483E+000   0.1022980656E+001
 0.2323232   0.4159888795E+000   0.1016148987E+001   0.7838374155E+000   0.1016082859E+001
 0.2424242   0.4180844180E+000   0.1011100794E+001   0.7802886155E+000   0.1020782379E+001
 0.2525253   0.4213156072E+000   0.9744210381E+000   0.7936944499E+000   0.1001314950E+001
 0.2626263   0.4311362257E+000   0.9514300158E+000   0.7931239414E+000   0.9752949654E+000
 0.2727273   0.4600687846E+000   0.1004061054E+001   0.8023828613E+000   0.9952555979E+000
 0.2828283   0.4627918172E+000   0.9929184752E+000   0.8199931064E+000   0.1025982149E+001
 0.2929293   0.4761422490E+000   0.9931957792E+000   0.8266004071E+000   0.9874418522E+000
 0.3030303   0.5017134858E+000   0.9956410963E+000   0.8401630261E+000   0.9863074852E+000
 0.3131313   0.5167489120E+000   0.9808116348E+000   0.8424482915E+000   0.9918102222E+000
 0.3232323   0.5372690033E+000   0.9754861375E+000   0.8502015791E+000   0.9728641789E+000
 0.3333333   0.5600887655E+000   0.9663477103E+000   0.8776601562E+000   0.9977850250E+000
 0.3434343   0.5901152611E+000   0.9548017803E+000   0.8743922899E+000   0.9591319964E+000
 0.3535354   0.6112755066E+000   0.9758768841E+000   0.9013573312E+000   0.9839048817E+000
 0.3636364   0.6392840237E+000   0.9893450351E+000   0.9137439599E+000   0.9993210003E+000
 0.3737374   0.6774796208E+000   0.1026869308E+001   0.9332269962E+000   0.9970452205E+000
 0.3838384   0.7018816032E+000   0.9463314036E+000   0.9422352171E+000   0.9730896431E+000
 0.3939394   0.7303575369E+000   0.9792990675E+000   0.9443076371E+000   0.9990532615E+000
 0.4040404   0.7901702187E+000   0.1003846774E+001   0.9832692867E+000   0.1034366601E+001
 0.4141414   0.8121093682E+000   0.9852106845E+000   0.9766757277E+000   0.9875968589E+000
 0.4242424   0.8735136208E+000   0.1011226841E+001   0.9851538812E+000   0.9706940854E+000
 0.4343434   0.9221225363E+000   0.9860362942E+000   0.1034812124E+001   0.9835878226E+000
 0.4444444   0.9536554594E+000   0.1000185100E+001   0.1047006694E+001   0.9643881319E+000
 0.4545455   0.1026153566E+001   0.9757634415E+000   0.1047839533E+001   0.1004943515E+001
 0.4646465   0.1072650945E+001   0.1017743485E+001   0.1087149647E+001   0.9717579948E+000
 0.4747475   0.1125916713E+001   0.9699967789E+000   0.1096303082E+001   0.9899430963E+000
 0.4848485   0.1202338457E+001   0.9928617539E+000   0.1104389935E+001   0.9903094758E+000
 0.4949495   0.1269202919E+001   0.9547639661E+000   0.1119837628E+001   0.9459212001E+000
 0.5050505   0.1298551166E+001   0.9972986179E+000   0.1143989021E+001   0.9905772146E+000
 0.5151515   0.1310699151E+001   0.9919100970E+000   0.1140899557E+001   0.9990180327E+000
 0.5252525   0.1333758543E+001   0.9922819365E+000   0.1141988189E+001   0.9835807768E+000
 0.5353535   0.1318947501E+001   0.9759336054E+000   0.1144402079E+001   0.9814740952E+000
 0.5454545   0.1317457788E+001   0.1007697518E+001   0.1158227095E+001   0.1006719046E+001
 0.5555556   0.1298758702E+001   0.9825889013E+000   0.1125755183E+001   0.9811006700E+000
 0.5656566   0.1311277520E+001   0.9767214008E+000   0.1155451817E+001   0.9891257884E+000
 0.5757576   0.1312873355E+001   0.1006607209E+001   0.1149586117E+001   0.1016963578E+001
 0.5858586   0.1308360338E+001   0.9798851873E+000   0.1135350991E+001   0.9789869426E+000
 0.5959596   0.1311742988E+001   0.9440247385E+000   0.1164557424E+001   0.1011904724E+001
 0.6060606   0.1317805620E+001   0.9982061583E+000   0.1159980452E+001   0.9928389029E+000
 0.6161616   0.1320016988E+001   0.1007558866E+001   0.1148117571E+001   0.9832778092E+000
 0.6262626   0.1316329357E+001   0.9987796733E+000   0.1179123833E+001   0.1013687301E+001
 0.6363636   0.1319931967E+001   0.1024379874E+001   0.1168270320E+001   0.1013391379E+001
 0.6464646   0.1327024795E+001   0.9871833243E+000   0.1145174729E+001   0.1034993673E+001
 0.6565657   0.1321532194E+001   0.1011554564E+001   0.1168573840E+001   0.1019175946E+001
 0.6666667   0.1323037530E+001   0.1003840471E+001   0.1148286929E+001   0.1022635414E+001
 0.6767677   0.1291944421E+001   0.9769041693E+000   0.1146665530E+001   0.9825168674E+000
 0.6868687   0.1329907224E+001   0.1006563092E+001   0.1140365787E+001   0.9897387694E+000
 0.6969697   0.1327231798E+001   0.1006947537E+001   0.1160666920E+001   0.1019077306E+001
 0.7070707   0.1324588421E+001   0.1016344361E+001   0.1148220380E+001   0.1004696914E+001
 0.7171717   0.1346680432E+001   0.1008195405E+001   0.1151152901E+001   0.9940084987E+000
 0.7272727   0.1315823466E+001   0.9672237389E+000   0.1144462551E+001   0.9768732152E+000
 0.7373737   0.1325591723E+001   0.9852358940E+000   0.1136124352E+001   0.9636271901E+000
 0.7474747   0.1330253385E+001   0.1010426441E+001   0.1148024624E+001   0.1005161934E+001
 0.7575758   0.1334452034E+001   0.1015209935E+001   0.1154022473E+001   0.1016576062E+001
 0.7676768   0.1317620636E+001   0.1013999881E+001   0.1156915809E+001   0.1014617341E+001
 0.7777778   0.1322288641E+001   0.1003563167E+001   0.1143086921E+001   0.1007656132E+001
 0.7878788   0.1331971246E+001   0.1011743635E+001   0.1140350751E+001   0.1003893697E+001
 0.7979798   0.1327991712E+001   0.1000884663E+001   0.1144788676E+001   0.9853069876E+000
 0.8080808   0.1348110672E+001   0.1032673785E+001   0.1158320993E+001   0.1013947994E+001
 0.8181818   0.1328946670E+001   0.1021632044E+001   0.1156820214E+001   0.1005267620E+001
 0.8282828   0.1318046129E+001   0.9859921776E+000   0.1138404303E+001   0.9813965918E+000
 0.8383838   0.1343862478E+001   0.1035932107E+001   0.1160127398E+001   0.1020993752E+001
 0.8484848   0.1327012518E+001   0.1017819114E+001   0.1158411026E+001   0.1033182913E+001
 0.8585859   0.1343114575E+001   0.9914437221E+000   0.1155212084E+001   0.9759149921E+000
 0.8686869   0.1346941000E+001   0.1024764318E+001   0.1162125831E+001   0.1005908784E+001
 0.8787879   0.1338286105E+001   0.1000033844E+001   0.1155750261E+001   0.1010819677E+001
 0.8888889   0.1332503387E+001   0.9777360813E+000   0.1153218991E+001   0.9795646947E+000
 0.8989899   0.1328998069E+001   0.1010735257E+001   0.1162741365E+001   0.1010192605E+001
 0.9090909   0.1308371458E+001   0.9964414965E+000   0.1143649169E+001   0.1004823737E+001
 0.9191919   0.1334584358E+001   0.1000021239E+001   0.1161027846E+001   0.9986375618E+000
 0.9292929   0.1329621997E+001   0.1011371796E+001   0.1145964280E+001   0.9960588143E+000
 0.9393939   0.1334845608E+001   0.1023674009E+001   0.1137834450E+001   0.1006592223E+001
 0.9494949   0.1343908666E+001   0.1019886289E+001   0.1176409070E+001   0.1014328465E+001
 0.9595960   0.1321248853E+001   0.1010918026E+001   0.1128057833E+001   0.9919722747E+000
 0.9696970   0.1321731755E+001   0.1008384475E+001   0.1148752484E+001   0.9886537226E+000
 0.9797980   0.1327055465E+001   0.1001224990E+001   0.1147863503E+001   0.9775496079E+000
 0.9898990   0.1337113390E+001   0.1024323153E+001   0.1156552937E+001   0.1022099936E+001
 1.0000000   0.1312646005E+001   0.9711879256E+000   0.1153688494E+001   0.9960869974E+000


 0.0000000   0.9286439981E+000   0.9944479178E+000   0.7823346433E+000   0.9904081510E+000
 0.0101010   0.9141188729E+000   0.1020717373E+001   0.7730500306E+000   0.1005424394E+001
 0.0202020   0.9372629067E+000   0.9732920731E+000   0.8101161788E+000   0.1009017754E+001
 0.0303030   0.8955944746E+000   0.1023115414E+001   0.7764618122E+000   0.1038828948E+001
 0.0404040   0.8725767386E+000   0.9612355165E+000   0.7838982949E+000   0.9716826327E+000
 0.0505051   0.8244753910E+000   0.9788369518E+000   0.7559191808E+000   0.9771885884E+000
 0.0606061   0.8034975833E+000   0.9839363444E+000   0.7698440843E+000   0.9858295141E+000
 0.0707071   0.7585843149E+000   0.9937370359E+000   0.7655346428E+000   0.1011304438E+001
 0.0808081   0.7056537128E+000   0.1012352663E+001   0.7683270902E+000   0.1040630897E+001
 0.0909091   0.6789047760E+000   0.9969928749E+000   0.7471093685E+000   0.9902448164E+000
 0.1010101   0.6285008774E+000   0.1036764346E+001   0.7479117029E+000   0.1035446342E+001
 0.1111111   0.5895412396E+000   0.1029603396E+001   0.7429195761E+000   0.1005261059E+001
 0.1212121   0.5461807956E+000   0.9588469534E+000   0.7439389267E+000   0.9727364041E+000
 0.1313131   0.5156915892E+000   0.1014001909E+001   0.7286132460E+000   0.9946653875E+000
 0.1414141   0.4861538413E+000   0.1031608083E+001   0.7369533719E+000   0.1024302709E+001
 0.1515152   0.4662494167E+000   0.1032115179E+001   0.7475823682E+000   0.1037005923E+001
 0.1616162   0.4276456672E+000   0.9646050966E+000   0.7243401945E+000   0.9990754210E+000
 0.1717172   0.4205103439E+000   0.1018897515E+001   0.7483888571E+000   0.1045462439E+001
 0.1818182   0.4109246188E+000   0.9940166494E+000   0.7424878771E+000   0.1012300252E+001
 0.1919192   0.4080052693E+000   0.1015712764E+001   0.7428359204E+000   0.1012173800E+001
 0.2020202   0.4007741402E+000   0.9889172568E+000   0.7537575637E+000   0.1012653266E+001
 0.2121212   0.4100313948E+000   0.1038603161E+001   0.7675385574E+000   0.1042706827E+001
 0.2222222   0.4109423670E+000   0.1041555690E+001   0.7679996374E+000   0.1023048721E+001
 0.2323232   0.4144915607E+000   0.1013371593E+001   0.7776186860E+000   0.1008180006E+001
 0.2424242   0.4182286963E+000   0.1012328967E+001   0.7836135701E+000   0.1025293254E+001
 0.2525253   0.4207199299E+000   0.9738892139E+000   0.7898907013E+000   0.9966728221E+000
 0.2626263   0.4322830910E+000   0.9547901875E+000   0.7981375676E+000   0.9816144284E+000
 0.2727273   0.4558084517E+000   0.9956279817E+000   0.8014072569E+000   0.9942017281E+000
 0.2828283   0.4643667135E+000   0.9971634865E+000   0.8159075661E+000   0.1021030749E+001
 0.2929293   0.4730051429E+000   0.9875097106E+000   0.8269555375E+000   0.9880213587E+000
 0.3030303   0.5024259790E+000   0.9979217605E+000   0.8372455570E+000   0.9830370198E+000
 0.3131313   0.5180123026E+000   0.9840643032E+000   0.8419306003E+000   0.9913565452E+000
 0.3232323   0.5344892161E+000   0.9712826470E+000   0.8432992010E+000   0.9651176367E+000
 0.3333333   0.5559283339E+000   0.9600033212E+000   0.8806774290E+000   0.1001372643E+001
 0.3434343   0.5881908313E+000   0.9525153655E+000   0.8660906584E+000   0.9501751579E+000
 0.3535354   0.6156402373E+000   0.9836993838E+000   0.8971535142E+000   0.9794700036E+000
 0.3636364   0.6473531895E+000   0.1002703626E+001   0.9125569721E+000   0.9981797152E+000
 0.3737374   0.6805022492E+000   0.1032347400E+001   0.9359565931E+000   0.1000118655E+001
 0.3838384   0.7143113681E+000   0.9639273892E+000   0.9415666190E+000   0.9725519941E+000
 0.3939394   0.7436528347E+000   0.9979928487E+000   0.9495777948E+000   0.1004786862E+001
 0.4040404   0.7816560318E+000   0.9938934299E+000   0.9782969088E+000   0.1029297585E+001
 0.4141414   0.8137150968E+000   0.9880168064E+000   0.9751758629E+000   0.9862352161E+000
 0.4242424   0.8782626849E+000   0.1017608449E+001   0.9920971871E+000   0.9776891298E+000
 0.4343434   0.9253286855E+000   0.9903248029E+000   0.1031553857E+001   0.9806449587E+000
 0.4444444   0.9591091880E+000   0.1006779349E+001   0.1048040099E+001   0.9654917256E+000
 0.4545455   0.1027958916E+001   0.9783298560E+000   0.1038700940E+001   0.9963356152E+000
 0.4646465   0.1085076561E+001   0.1030428019E+001   0.1089517141E+001   0.9740272741E+000
 0.4747475   0.1133646624E+001   0.9775052330E+000   0.1093617869E+001   0.9876736141E+000
 0.4848485   0.1213523275E+001   0.1002969022E+001   0.1101870694E+001   0.9882057687E+000
 0.4949495   0.1271226011E+001   0.9571171408E+000   0.1129717401E+001   0.9544165879E+000
 0.5050505   0.1309781824E+001   0.1006798306E+001   0.1158476974E+001   0.1003279969E+001
 0.5151515   0.1320588514E+001   0.1000262932E+001   0.1143264460E+001   0.1001246190E+001
 0.5252525   0.1349001906E+001   0.1004495048E+001   0.1142315147E+001   0.9840170273E+000
 0.5353535   0.1324397257E+001   0.9808179426E+000   0.1140141337E+001   0.9779736481E+000
 0.5454545   0.1329426910E+001   0.1017736408E+001   0.1158246790E+001   0.1006894405E+001
 0.5555556   0.1313905337E+001   0.9949123606E+000   0.1138716584E+001   0.9925525758E+000
 0.5656566   0.1316466344E+001   0.9814387794E+000   0.1150564889E+001   0.9850971430E+000
 0.5757576   0.1331349332E+001   0.1021660476E+001   0.1148839285E+001   0.1016462649E+001
 0.5858586   0.1314797034E+001   0.9855618943E+000   0.1136985125E+001   0.9805501193E+000
 0.5959596   0.1309719197E+001   0.9433876422E+000   0.1154274288E+001   0.1003127172E+001
 0.6060606   0.1323455994E+001   0.1003357637E+001   0.1159919138E+001   0.9929424712E+000
 0.6161616   0.1321448171E+001   0.1009528092E+001   0.1152011059E+001   0.9867673707E+000
 0.6262626   0.1318699358E+001   0.1001447735E+001   0.1173452600E+001   0.1008970335E+001
 0.6363636   0.1312294988E+001   0.1019338262E+001   0.1152010534E+001   0.9994442409E+000
 0.6464646   0.1331759172E+001   0.9915664766E+000   0.1151604162E+001   0.1040968104E+001
 0.6565657   0.1326832806E+001   0.1016494734E+001   0.1162543414E+001   0.1014075857E+001
 0.6666667   0.1319236849E+001   0.1001826872E+001   0.1158904538E+001   0.1032253414E+001
 0.6767677   0.1301103622E+001   0.9846851400E+000   0.1154174958E+001   0.9891067433E+000
 0.6868687   0.1321624053E+001   0.1001163382E+001   0.1142092750E+001   0.9913934272E+000
 0.6969697   0.1339082676E+001   0.1016821740E+001   0.1160375030E+001   0.1018981163E+001
 0.7070707   0.1322788320E+001   0.1015845462E+001   0.1153440822E+001   0.1009423456E+001
 0.7171717   0.1339794436E+001   0.1003912125E+001   0.1151427565E+001   0.9944019447E+000
 0.7272727   0.1326594209E+001   0.9759886850E+000   0.1149990714E+001   0.9817461498E+000
 0.7373737   0.1326847229E+001   0.9870263110E+000   0.1143423152E+001   0.9699702541E+000
 0.7474747   0.1336687403E+001   0.1016196164E+001   0.1150887568E+001   0.1007826993E+001
 0.7575758   0.1333716869E+001   0.1015532674E+001   0.1152833281E+001   0.1015688127E+001
 0.7676768   0.1318220139E+001   0.1015343106E+001   0.1160579762E+001   0.1017990618E+001
 0.7777778   0.1318417710E+001   0.1001495127E+001   0.1148306221E+001   0.1012416167E+001
 0.7878788   0.1330624296E+001   0.1011599128E+001   0.1145308994E+001   0.1008417105E+001
 0.7979798   0.1323896851E+001   0.9986658169E+000   0.1143453007E+001   0.9843120833E+000
 0.8080808   0.1347515471E+001   0.1033115153E+001   0.1161119540E+001   0.1016557489E+001
 0.8181818   0.1320000720E+001   0.1015636937E+001   0.1149410748E+001   0.9989858504E+000
 0.8282828   0.1314763217E+001   0.9843913088E+000   0.1137787519E+001   0.9810190476E+000
 0.8383838   0.1343257987E+001   0.1036366252E+001   0.1159364572E+001   0.1020482787E+001
 0.8484848   0.1334135866E+001   0.1024172259E+001   0.1161735018E+001   0.1036310434E+001
 0.8585859   0.1336687374E+001   0.9875571028E+000   0.1154286728E+001   0.9752865310E+000
 0.8686869   0.1342205359E+001   0.1022049091E+001   0.1154786280E+001   0.9997129527E+000
 0.8787879   0.1335338948E+001   0.9986989914E+000   0.1156134852E+001   0.1011314976E+001
 0.8888889   0.1324881813E+001   0.9729887635E+000   0.1146302634E+001   0.9738428641E+000
 0.8989899   0.1335154969E+001   0.1016300427E+001   0.1166105931E+001   0.1013274991E+001
 0.9090909   0.1311527223E+001   0.9997131829E+000   0.1152139451E+001   0.1012442511E+001
 0.9191919   0.1329292419E+001   0.9969217867E+000   0.1146385663E+001   0.9861983341E+000
 0.9292929   0.1316782462E+001   0.1002476144E+001   0.1141053897E+001   0.9919466572E+000
 0.9393939   0.1335273899E+001   0.1024892619E+001   0.1147274876E+001   0.1015103284E+001
 0.9494949   0.1336529195E+001   0.1015167755E+001   0.1174110539E+001   0.1012505738E+001
 0.9595960   0.1325935458E+001   0.1015385759E+001   0.1141630111E+001   0.1004065029E+001
 0.9696970   0.1321702867E+001   0.1009239000E+001   0.1150720343E+001   0.9905029904E+000
 0.9797980   0.1318842313E+001   0.9958933776E+000   0.1149226358E+001   0.9788640850E+000
 0.9898990   0.1336595872E+001   0.1024816792E+001   0.1156568333E+001   0.1022274199E+001
 1.0000000   0.1311640233E+001   0.9712873862E+000   0.1149255548E+001   0.9924155855E+000


 0.0000000   0.9025567473E+000   0.9660930818E+000   0.7826585511E+000   0.9911998004E+000
 0.0101010   0.8993619670E+000   0.1003804220E+001   0.7783250808E+000   0.1012674955E+001
 0.0202020   0.9011513613E+000   0.9353866518E+000   0.8061967594E+000   0.1004522753E+001
 0.0303030   0.8745222816E+000   0.9986096760E+000   0.7755743432E+000   0.1038041229E+001
 0.0404040   0.8548607190E+000   0.9413111605E+000   0.7828423709E+000   0.9707474799E+000
 0.0505051   0.8068525730E+000   0.9574994105E+000   0.7589336571E+000   0.9814632945E+000
 0.0606061   0.7841725357E+000   0.9598552046E+000   0.7676920952E+000   0.9834523796E+000
 0.0707071   0.7359181826E+000   0.9636266871E+000   0.7569004860E+000   0.1000283434E+001
 0.0808081   0.6926226639E+000   0.9932271105E+000   0.7662035303E+000   0.1038154394E+001
 0.0909091   0.6661581581E+000   0.9778499320E+000   0.7451063209E+000   0.9879702576E+000
 0.1010101   0.6209069362E+000   0.1023793446E+001   0.7483660132E+000   0.1036474335E+001
 0.1111111   0.5820866349E+000   0.1016143567E+001   0.7401267599E+000   0.1001867738E+001
 0.1212121   0.5386704794E+000   0.9452522307E+000   0.7410139760E+000   0.9692850454E+000
 0.1313131   0.5108562000E+000   0.1004058602E+001   0.7264803230E+000   0.9921355844E+000
 0.1414141   0.4818095917E+000   0.1021946415E+001   0.7322261744E+000   0.1018124264E+001
 0.1515152   0.4576139769E+000   0.1012560106E+001   0.7408203686E+000   0.1028021812E+001
 0.1616162   0.4291713468E+000   0.9676267443E+000   0.7198424955E+000   0.9932541727E+000
 0.1717172   0.4222362493E+000   0.1022635826E+001   0.7439084585E+000   0.1039603771E+001
 0.1818182   0.4125678785E+000   0.9975589697E+000   0.7394898234E+000   0.1008601030E+001
 0.1919192   0.4098591496E+000   0.1019885556E+001   0.7427324013E+000   0.1012422511E+001
 0.2020202   0.4038657449E+000   0.9961137877E+000   0.7539660517E+000   0.1013323475E+001
 0.2121212   0.4147434369E+000   0.1050083223E+001   0.7620005450E+000   0.1035582076E+001
 0.2222222   0.4150832128E+000   0.1051594766E+001   0.7606346986E+000   0.1013628149E+001
 0.2323232   0.4165222158E+000   0.1017894744E+001   0.7733015020E+000   0.1002968916E+001
 0.2424242   0.4264368115E+000   0.1031749321E+001   0.7822906995E+000   0.1023956592E+001
 0.2525253   0.4273910179E+000   0.9889026247E+000   0.7828163737E+000   0.9881269470E+000
 0.2626263   0.4399965140E+000   0.9714056002E+000   0.7942264793E+000   0.9771804507E+000
 0.2727273   0.4593929737E+000   0.1003022642E+001   0.7992304796E+000   0.9918831403E+000
 0.2828283   0.4674249512E+000   0.1003295457E+001   0.8105216734E+000   0.1014681450E+001
 0.2929293   0.4814231249E+000   0.1004648472E+001   0.8263467956E+000   0.9876742887E+000
 0.3030303   0.5137644281E+000   0.1019999844E+001   0.8318963944E+000   0.9771325733E+000
 0.3131313   0.5247126791E+000   0.9963607959E+000   0.8383511164E+000   0.9875219518E+000
 0.3232323   0.5429153986E+000   0.9861671017E+000   0.8416191781E+000   0.9635658819E+000
 0.3333333   0.5607269934E+000   0.9678700658E+000   0.8759868042E+000   0.9964227808E+000
 0.3434343   0.5931215780E+000   0.9600837793E+000   0.8690550639E+000   0.9537945562E+000
 0.3535354   0.6273202559E+000   0.1001927696E+001   0.8976448757E+000   0.9803838786E+000
 0.3636364   0.6495878149E+000   0.1005728672E+001   0.9116978641E+000   0.9976240662E+000
 0.3737374   0.6885355100E+000   0.1044081294E+001   0.9384743723E+000   0.1003195245E+001
 0.3838384   0.7261564014E+000   0.9794868218E+000   0.9471829430E+000   0.9787299348E+000
 0.3939394   0.7450865689E+000   0.9994834212E+000   0.9501469070E+000   0.1005776268E+001
 0.4040404   0.7909299460E+000   0.1005249402E+001   0.9807648495E+000   0.1032291598E+001
 0.4141414   0.8161162283E+000   0.9905026476E+000   0.9748978037E+000   0.9863337237E+000
 0.4242424   0.8902836178E+000   0.1031089403E+001   0.9881971221E+000   0.9742207618E+000
 0.4343434   0.9311758966E+000   0.9961506546E+000   0.1029060684E+001   0.9786515901E+000
 0.4444444   0.9724800526E+000   0.1020372199E+001   0.1044059246E+001   0.9621948495E+000
 0.4545455   0.1025993607E+001   0.9760360812E+000   0.1045055000E+001   0.1002816579E+001
 0.4646465   0.1095794467E+001   0.1040154971E+001   0.1082057822E+001   0.9677312087E+000
 0.4747475   0.1140535232E+001   0.9830186695E+000   0.1104957120E+001   0.9982987012E+000
 0.4848485   0.1211352205E+001   0.1000740582E+001   0.1107524572E+001   0.9936589537E+000
 0.4949495   0.1281539020E+001   0.9644635654E+000   0.1133258673E+001   0.9577770787E+000
 0.5050505   0.1323573219E+001   0.1016958326E+001   0.1160445106E+001   0.1005371487E+001
 0.5151515   0.1318037868E+001   0.9978981450E+000   0.1155744940E+001   0.1012566143E+001
 0.5252525   0.1350283530E+001   0.1005013454E+001   0.1140644365E+001   0.9829561964E+000
 0.5353535   0.1323985303E+001   0.9800877520E+000   0.1151565200E+001   0.9881530619E+000
 0.5454545   0.1330725969E+001   0.1018289220E+001   0.1166324587E+001   0.1014307136E+001
 0.5555556   0.1320266094E+001   0.9992954001E+000   0.1149779612E+001   0.1002581545E+001
 0.5656566   0.1328596995E+001   0.9900528715E+000   0.1154131894E+001   0.9885317280E+000
 0.5757576   0.1337024158E+001   0.1025570430E+001   0.1147215653E+001   0.1015417019E+001
 0.5858586   0.1326365180E+001   0.9938022339E+000   0.1141323972E+001   0.9846710750E+000
 0.5959596   0.1325570771E+001   0.9543915319E+000   0.1156791883E+001   0.1005702276E+001
 0.6060606   0.1329776194E+001   0.1007712110E+001   0.1158357574E+001   0.9919875999E+000
 0.6161616   0.1331785353E+001   0.1016984132E+001   0.1149568144E+001   0.9850540935E+000
 0.6262626   0.1326324191E+001   0.1006801498E+001   0.1161500052E+001   0.9990777958E+000
 0.6363636   0.1323877634E+001   0.1027889357E+001   0.1152854913E+001   0.1000561993E+001
 0.6464646   0.1330565576E+001   0.9902482660E+000   0.1152799905E+001   0.1042450295E+001
 0.6565657   0.1333487594E+001   0.1021150091E+001   0.1162665149E+001   0.1014572637E+001
 0.6666667   0.1328285958E+001   0.1008261427E+001   0.1160166891E+001   0.1033775795E+001
 0.6767677   0.1306707032E+001   0.9884970889E+000   0.1159030335E+001   0.9936502487E+000
 0.6868687   0.1324496948E+001   0.1002904668E+001   0.1144487511E+001   0.9938548154E+000
 0.6969697   0.1332815055E+001   0.1011623687E+001   0.1163753816E+001   0.1022341821E+001
 0.7070707   0.1317612539E+001   0.1011431979E+001   0.1151162487E+001   0.1007817583E+001
 0.7171717   0.1335707909E+001   0.1000416153E+001   0.1148864841E+001   0.9925708328E+000
 0.7272727   0.1331665761E+001   0.9792951140E+000   0.1153829046E+001   0.9854022922E+000
 0.7373737   0.1329172673E+001   0.9883275012E+000   0.1154356503E+001   0.9796221940E+000
 0.7474747   0.1336790441E+001   0.1015833885E+001   0.1153543976E+001   0.1010542238E+001
 0.7575758   0.1327512468E+001   0.1010370213E+001   0.1150432479E+001   0.1013963290E+001
 0.7676768   0.1319079803E+001   0.1015564757E+001   0.1161093783E+001   0.1018833719E+001
 0.7777778   0.1322113231E+001   0.1003866894E+001   0.1155692977E+001   0.1019321197E+001
 0.7878788   0.1331301685E+001   0.1011675301E+001   0.1150339504E+001   0.1013236425E+001
 0.7979798   0.1326914686E+001   0.1000508321E+001   0.1145668697E+001   0.9865992252E+000
 0.8080808   0.1340405317E+001   0.1027218380E+001   0.1152244080E+001   0.1009175558E+001
 0.8181818   0.1326313204E+001   0.1020051457E+001   0.1152878512E+001   0.1002385683E+001
 0.8282828   0.1327730928E+001   0.9936695131E+000   0.1147270414E+001   0.9895763240E+000
 0.8383838   0.1341683070E+001   0.1034702358E+001   0.1158587656E+001   0.1020191694E+001
 0.8484848   0.1334576402E+001   0.1024066261E+001   0.1160973945E+001   0.1036030382E+001
 0.8585859   0.1328939993E+001   0.9814075866E+000   0.1152900718E+001   0.9744906158E+000
 0.8686869   0.1336404336E+001   0.1017190587E+001   0.1156010592E+001   0.1001158283E+001
 0.8787879   0.1327641918E+001   0.9925118929E+000   0.1156796244E+001   0.1012283231E+001
 0.8888889   0.1333062963E+001   0.9785725230E+000   0.1145030773E+001   0.9731369934E+000
 0.8989899   0.1323375527E+001   0.1006897352E+001   0.1165172017E+001   0.1012853406E+001
 0.9090909   0.1315636443E+001   0.1002410652E+001   0.1155767733E+001   0.1016022015E+001
 0.9191919   0.1321291264E+001   0.9904915875E+000   0.1146046013E+001   0.9862858464E+000
 0.9292929   0.1322669359E+001   0.1006521310E+001   0.1145546388E+001   0.9962356240E+000
 0.9393939   0.1324617667E+001   0.1016272601E+001   0.1150595338E+001   0.1018433290E+001
 0.9494949   0.1319912806E+001   0.1002112030E+001   0.1165111286E+001   0.1005132100E+001
 0.9595960   0.1317333314E+001   0.1008360968E+001   0.1142255000E+001   0.1005001526E+001
 0.9696970   0.1319386904E+001   0.1007033760E+001   0.1152274370E+001   0.9922226341E+000
 0.9797980   0.1310103775E+001   0.9888657578E+000   0.1141521226E+001   0.9726756301E+000
 0.9898990   0.1325974283E+001   0.1016232048E+001   0.1155643324E+001   0.1021849990E+001
 1.0000000   0.1308155170E+001   0.9682866616E+000   0.1150574878E+001   0.9939375126E+000


 0.0000000   0.9014258731E+000   0.9649070358E+000   0.7827887251E+000   0.9910763310E+000
 0.0101010   0.8994174325E+000   0.1003891551E+001   0.7803486889E+000   0.1015012569E+001
 0.0202020   0.8992968851E+000   0.9334853643E+000   0.8063032295E+000   0.1004363221E+001
 0.0303030   0.8726916470E+000   0.9965445281E+000   0.7779608034E+000   0.1040932473E+001
 0.0404040   0.8540785401E+000   0.9404736997E+000   0.7811054374E+000   0.9683119255E+000
 0.0505051   0.8118267299E+000   0.9634266882E+000   0.7637742431E+000   0.9874359363E+000
 0.0606061   0.7812867834E+000   0.9563471609E+000   0.7713902247E+000   0.9879024652E+000
 0.0707071   0.7350550418E+000   0.9625208491E+000   0.7582151121E+000   0.1001729353E+001
 0.0808081   0.6908104960E+000   0.9906535346E+000   0.7619795216E+000   0.1032130873E+001
 0.0909091   0.6682764183E+000   0.9809841589E+000   0.7521335605E+000   0.9969979417E+000
 0.1010101   0.6211506602E+000   0.1024221254E+001   0.7511111152E+000   0.1039973701E+001
 0.1111111   0.5829031067E+000   0.1017594647E+001   0.7391947205E+000   0.1000315072E+001
 0.1212121   0.5386949010E+000   0.9453190266E+000   0.7475897516E+000   0.9776020952E+000
 0.1313131   0.5108557030E+000   0.1004083054E+001   0.7304414614E+000   0.9972550836E+000
 0.1414141   0.4789045256E+000   0.1015810326E+001   0.7319157451E+000   0.1017396642E+001
 0.1515152   0.4583486635E+000   0.1014211429E+001   0.7430843069E+000   0.1030863531E+001
 0.1616162   0.4299481887E+000   0.9694027940E+000   0.7273516924E+000   0.1003323633E+001
 0.1717172   0.4220944906E+000   0.1022318384E+001   0.7473687513E+000   0.1044135726E+001
 0.1818182   0.4132479371E+000   0.9992286081E+000   0.7380032837E+000   0.1006280765E+001
 0.1919192   0.4088646301E+000   0.1017436581E+001   0.7435740828E+000   0.1013275024E+001
 0.2020202   0.4031736339E+000   0.9944319169E+000   0.7536790842E+000   0.1012643190E+001
 0.2121212   0.4107987525E+000   0.1040122073E+001   0.7624912627E+000   0.1035947593E+001
 0.2222222   0.4172740427E+000   0.1057171909E+001   0.7596175621E+000   0.1011978294E+001
 0.2323232   0.4147159263E+000   0.1013506212E+001   0.7684143141E+000   0.9963403931E+000
 0.2424242   0.4264881260E+000   0.1031899608E+001   0.7859775156E+000   0.1028483131E+001
 0.2525253   0.4284718885E+000   0.9914286653E+000   0.7847089119E+000   0.9902277627E+000
 0.2626263   0.4414669825E+000   0.9746767226E+000   0.7960248289E+000   0.9791082120E+000
 0.2727273   0.4601370888E+000   0.1004672762E+001   0.8035885131E+000   0.9970016152E+000
 0.2828283   0.4717962160E+000   0.1012703724E+001   0.8174677222E+000   0.1023079478E+001
 0.2929293   0.4831559107E+000   0.1008290038E+001   0.8270886686E+000   0.9882734842E+000
 0.3030303   0.5131477964E+000   0.1018801419E+001   0.8334924145E+000   0.9787224992E+000
 0.3131313   0.5229776729E+000   0.9930913967E+000   0.8443241777E+000   0.9942685641E+000
 0.3232323   0.5439758721E+000   0.9881184012E+000   0.8411931901E+000   0.9627980683E+000
 0.3333333   0.5607537039E+000   0.9679406847E+000   0.8754068276E+000   0.9954734576E+000
 0.3434343   0.5929520845E+000   0.9598337293E+000   0.8757695382E+000   0.9608841979E+000
 0.3535354   0.6217681779E+000   0.9930853172E+000   0.9009734740E+000   0.9837330929E+000
 0.3636364   0.6498945773E+000   0.1006229102E+001   0.9118239236E+000   0.9974718175E+000
 0.3737374   0.6903512451E+000   0.1046861151E+001   0.9390634726E+000   0.1003533020E+001
 0.3838384   0.7191016939E+000   0.9699955410E+000   0.9545030206E+000   0.9860069620E+000
 0.3939394   0.7480229197E+000   0.1003447751E+001   0.9488762994E+000   0.1004139140E+001
 0.4040404   0.7905734140E+000   0.1004821708E+001   0.9780626490E+000   0.1029148027E+001
 0.4141414   0.8207655365E+000   0.9961706415E+000   0.9767360615E+000   0.9879061386E+000
 0.4242424   0.8884672878E+000   0.1029011866E+001   0.9881285778E+000   0.9738698641E+000
 0.4343434   0.9284773611E+000   0.9932889790E+000   0.1026281790E+001   0.9757249593E+000
 0.4444444   0.9738524926E+000   0.1021838107E+001   0.1045831100E+001   0.9635474533E+000
 0.4545455   0.1028519983E+001   0.9784642241E+000   0.1048790202E+001   0.1006108112E+001
 0.4646465   0.1097547732E+001   0.1041845599E+001   0.1086177557E+001   0.9711331395E+000
 0.4747475   0.1141915953E+001   0.9842336284E+000   0.1103496790E+001   0.9966893714E+000
 0.4848485   0.1203284309E+001   0.9941005865E+000   0.1103525720E+001   0.9897832746E+000
 0.4949495   0.1277584293E+001   0.9615116593E+000   0.1133705016E+001   0.9578756376E+000
 0.5050505   0.1332671730E+001   0.1023975036E+001   0.1156373987E+001   0.1001553027E+001
 0.5151515   0.1311559472E+001   0.9930184432E+000   0.1150112848E+001   0.1007338720E+001
 0.5252525   0.1349419971E+001   0.1004396146E+001   0.1141285301E+001   0.9832224825E+000
 0.5353535   0.1320411789E+001   0.9774671932E+000   0.1157962858E+001   0.9933538736E+000
 0.5454545   0.1334499716E+001   0.1021202804E+001   0.1166917563E+001   0.1014527673E+001
 0.5555556   0.1319048052E+001   0.9983987623E+000   0.1147648970E+001   0.1000432623E+001
 0.5656566   0.1325571792E+001   0.9878235475E+000   0.1152364231E+001   0.9867306328E+000
 0.5757576   0.1338429382E+001   0.1026674315E+001   0.1140358644E+001   0.1009054224E+001
 0.5858586   0.1316194181E+001   0.9862064121E+000   0.1138162091E+001   0.9816575904E+000
 0.5959596   0.1324981424E+001   0.9539913715E+000   0.1156289358E+001   0.1004973014E+001
 0.6060606   0.1323810568E+001   0.1003216732E+001   0.1155995366E+001   0.9896767443E+000
 0.6161616   0.1331794793E+001   0.1017017098E+001   0.1145611771E+001   0.9813784077E+000
 0.6262626   0.1326813947E+001   0.1007198776E+001   0.1154301541E+001   0.9925971417E+000
 0.6363636   0.1320392220E+001   0.1025209166E+001   0.1152516210E+001   0.9999771144E+000
 0.6464646   0.1331313300E+001   0.9908298388E+000   0.1151822017E+001   0.1041263084E+001
 0.6565657   0.1333407545E+001   0.1021114652E+001   0.1155700722E+001   0.1008201982E+001
 0.6666667   0.1327204805E+001   0.1007466272E+001   0.1160414571E+001   0.1033695765E+001
 0.6767677   0.1311324633E+001   0.9920153329E+000   0.1159767504E+001   0.9939930549E+000
 0.6868687   0.1327673524E+001   0.1005335422E+001   0.1142347747E+001   0.9917081654E+000
 0.6969697   0.1329258356E+001   0.1008949659E+001   0.1160686784E+001   0.1019350920E+001
 0.7070707   0.1315763097E+001   0.1010037882E+001   0.1152016336E+001   0.1008271778E+001
 0.7171717   0.1330062637E+001   0.9962131977E+000   0.1145474021E+001   0.9893534802E+000
 0.7272727   0.1328096575E+001   0.9766951022E+000   0.1152011734E+001   0.9835641139E+000
 0.7373737   0.1334143509E+001   0.9920487699E+000   0.1151960494E+001   0.9773045452E+000
 0.7474747   0.1333109547E+001   0.1013062412E+001   0.1152964866E+001   0.1009741160E+001
 0.7575758   0.1331627049E+001   0.1013527490E+001   0.1149273129E+001   0.1012646863E+001
 0.7676768   0.1327020698E+001   0.1021704359E+001   0.1159315975E+001   0.1016977868E+001
 0.7777778   0.1323169087E+001   0.1004694040E+001   0.1153588226E+001   0.1017168887E+001
 0.7878788   0.1323393293E+001   0.1005691071E+001   0.1144268503E+001   0.1007595862E+001
 0.7979798   0.1326155462E+001   0.9999611827E+000   0.1144836146E+001   0.9855955350E+000
 0.8080808   0.1342426029E+001   0.1028793006E+001   0.1150280062E+001   0.1007162394E+001
 0.8181818   0.1326136409E+001   0.1019941317E+001   0.1155222758E+001   0.1004131793E+001
 0.8282828   0.1329256179E+001   0.9948362007E+000   0.1147737681E+001   0.9896914382E+000
 0.8383838   0.1336225471E+001   0.1030519571E+001   0.1153930147E+001   0.1015795015E+001
 0.8484848   0.1336590558E+001   0.1025637768E+001   0.1162536555E+001   0.1037123099E+001
 0.8585859   0.1326065042E+001   0.9793092686E+000   0.1153431825E+001   0.9746559836E+000
 0.8686869   0.1336853416E+001   0.1017558170E+001   0.1156560993E+001   0.1001343640E+001
 0.8787879   0.1327724758E+001   0.9925989607E+000   0.1157250314E+001   0.1012386048E+001
 0.8888889   0.1341345415E+001   0.9846774287E+000   0.1150952148E+001   0.9778849513E+000
 0.8989899   0.1317777559E+001   0.1002663501E+001   0.1154371578E+001   0.1003173021E+001
 0.9090909   0.1320630566E+001   0.1006241261E+001   0.1154508102E+001   0.1014619509E+001
 0.9191919   0.1320975087E+001   0.9902796480E+000   0.1142353417E+001   0.9828220758E+000
 0.9292929   0.1329290023E+001   0.1011585104E+001   0.1147483223E+001   0.9976297761E+000
 0.9393939   0.1331893527E+001   0.1021880663E+001   0.1151244749E+001   0.1018711739E+001
 0.9494949   0.1322727637E+001   0.1004274557E+001   0.1160111947E+001   0.1000528133E+001
 0.9595960   0.1317338335E+001   0.1008390349E+001   0.1141155816E+001   0.1003742407E+001
 0.9696970   0.1324360588E+001   0.1010855569E+001   0.1148781659E+001   0.9889273594E+000
 0.9797980   0.1315664786E+001   0.9930883570E+000   0.1144380801E+001   0.9748286360E+000
 0.9898990   0.1325259573E+001   0.1015710015E+001   0.1155799570E+001   0.1021690912E+001
 1.0000000   0.1312545560E+001   0.9715610011E+000   0.1148702498E+001   0.9920314295E+000


 0.0000000   0.8955383733E+000   0.9585794762E+000   0.7886856923E+000   0.9984514109E+000
 0.0101010   0.8892163226E+000   0.9924791618E+000   0.7780205472E+000   0.1011892115E+001
 0.0202020   0.8916943476E+000   0.9255692341E+000   0.8048683833E+000   0.1002484576E+001
 0.0303030   0.8675016589E+000   0.9905916802E+000   0.7779098380E+000   0.1040769448E+001
 0.0404040   0.8469430880E+000   0.9325916996E+000   0.7814410232E+000   0.9686396809E+000
 0.0505051   0.8083279986E+000   0.9592491443E+000   0.7644287823E+000   0.9881921077E+000
 0.0606061   0.7774279071E+000   0.9515983801E+000   0.7690583655E+000   0.9848263697E+000
 0.0707071   0.7325048748E+000   0.9591560630E+000   0.7583699048E+000   0.1001842575E+001
 0.0808081   0.6868893009E+000   0.9850042177E+000   0.7617064748E+000   0.1031667018E+001
 0.0909091   0.6603937760E+000   0.9693872472E+000   0.7477572229E+000   0.9911065380E+000
 0.1010101   0.6154192165E+000   0.1014743687E+001   0.7518989533E+000   0.1040969676E+001
 0.1111111   0.5802086555E+000   0.1012863962E+001   0.7402147828E+000   0.1001604208E+001
 0.1212121   0.5363805497E+000   0.9412327452E+000   0.7485549185E+000   0.9787750335E+000
 0.1313131   0.5064649987E+000   0.9954267357E+000   0.7322504055E+000   0.9996337098E+000
 0.1414141   0.4801258481E+000   0.1018373857E+001   0.7334985786E+000   0.1019503959E+001
 0.1515152   0.4573043122E+000   0.1011873681E+001   0.7406770961E+000   0.1027430447E+001
 0.1616162   0.4325169241E+000   0.9751686290E+000   0.7327107969E+000   0.1010624004E+001
 0.1717172   0.4213673864E+000   0.1020530240E+001   0.7464877427E+000   0.1042809867E+001
 0.1818182   0.4126222111E+000   0.9976891279E+000   0.7378643707E+000   0.1005999690E+001
 0.1919192   0.4097685608E+000   0.1019658896E+001   0.7435575849E+000   0.1013160226E+001
 0.2020202   0.4042397236E+000   0.9970349734E+000   0.7535601147E+000   0.1012391096E+001
 0.2121212   0.4122216742E+000   0.1043697137E+001   0.7593606789E+000   0.1031600275E+001
 0.2222222   0.4175367058E+000   0.1057809293E+001   0.7629527639E+000   0.1016328914E+001
 0.2323232   0.4182603172E+000   0.1022141063E+001   0.7700807048E+000   0.9984100940E+000
 0.2424242   0.4288064741E+000   0.1037481376E+001   0.7873262836E+000   0.1030154184E+001
 0.2525253   0.4280891207E+000   0.9905166981E+000   0.7829958248E+000   0.9879759885E+000
 0.2626263   0.4439372163E+000   0.9801045225E+000   0.7943224757E+000   0.9769253078E+000
 0.2727273   0.4608942016E+000   0.1006299146E+001   0.8054862291E+000   0.9992650360E+000
 0.2828283   0.4729229639E+000   0.1015095328E+001   0.8228628981E+000   0.1029737836E+001
 0.2929293   0.4855971924E+000   0.1013357810E+001   0.8341505197E+000   0.9966207546E+000
 0.3030303   0.5120513506E+000   0.1016597556E+001   0.8304650235E+000   0.9750787603E+000
 0.3131313   0.5251527819E+000   0.9971952800E+000   0.8487875129E+000   0.9994334818E+000
 0.3232323   0.5451526463E+000   0.9902296975E+000   0.8439691687E+000   0.9658873399E+000
 0.3333333   0.5668404493E+000   0.9784213027E+000   0.8768422007E+000   0.9970148542E+000
 0.3434343   0.5970328823E+000   0.9664138174E+000   0.8786107046E+000   0.9639136636E+000
 0.3535354   0.6219895732E+000   0.9934125602E+000   0.9031253384E+000   0.9859927775E+000
 0.3636364   0.6506050298E+000   0.1007302356E+001   0.9160655459E+000   0.1002020555E+001
 0.3737374   0.6941076650E+000   0.1052529516E+001   0.9407198226E+000   0.1005211491E+001
 0.3838384   0.7181810126E+000   0.9687279215E+000   0.9478838813E+000   0.9790801429E+000
 0.3939394   0.7481696076E+000   0.1003617888E+001   0.9478706734E+000   0.1002983557E+001
 0.4040404   0.7920172441E+000   0.1006630102E+001   0.9786458946E+000   0.1029667915E+001
 0.4141414   0.8225156728E+000   0.9982683003E+000   0.9740123856E+000   0.9850615582E+000
 0.4242424   0.8853668304E+000   0.1025393737E+001   0.9873845143E+000   0.9730478760E+000
 0.4343434   0.9297148206E+000   0.9945864185E+000   0.1026481212E+001   0.9758256427E+000
 0.4444444   0.9775233697E+000   0.1025662639E+001   0.1043053364E+001   0.9609007083E+000
 0.4545455   0.1029322982E+001   0.9792021512E+000   0.1049007981E+001   0.1006225344E+001
 0.4646465   0.1098230870E+001   0.1042466395E+001   0.1085762662E+001   0.9706737435E+000
 0.4747475   0.1138529469E+001   0.9812887233E+000   0.1102901994E+001   0.9960613874E+000
 0.4848485   0.1205002869E+001   0.9954939610E+000   0.1103025080E+001   0.9892440994E+000
 0.4949495   0.1271420165E+001   0.9568471302E+000   0.1130899610E+001   0.9554182740E+000
 0.5050505   0.1331932091E+001   0.1023379562E+001   0.1155698056E+001   0.1000876395E+001
 0.5151515   0.1314580536E+001   0.9952793570E+000   0.1148931833E+001   0.1006212631E+001
 0.5252525   0.1352179310E+001   0.1006423255E+001   0.1142166480E+001   0.9838919722E+000
 0.5353535   0.1322741669E+001   0.9791659529E+000   0.1155563250E+001   0.9912050629E+000
 0.5454545   0.1335561924E+001   0.1021988514E+001   0.1158888469E+001   0.1007455316E+001
 0.5555556   0.1324308104E+001   0.1002353534E+001   0.1148153274E+001   0.1000781048E+001
 0.5656566   0.1324575079E+001   0.9870545915E+000   0.1145701552E+001   0.9809362250E+000
 0.5757576   0.1337665101E+001   0.1026060820E+001   0.1134107795E+001   0.1003431686E+001
 0.5858586   0.1313192528E+001   0.9839311974E+000   0.1140351759E+001   0.9834565557E+000
 0.5959596   0.1329956220E+001   0.9575478254E+000   0.1153981161E+001   0.1002875497E+001
 0.6060606   0.1324378486E+001   0.1003620474E+001   0.1159868585E+001   0.9929022339E+000
 0.6161616   0.1334754718E+001   0.1019250372E+001   0.1142276104E+001   0.9784317854E+000
 0.6262626   0.1331420450E+001   0.1010668795E+001   0.1156055259E+001   0.9940146119E+000
 0.6363636   0.1319556053E+001   0.1024532735E+001   0.1151313220E+001   0.9988423323E+000
 0.6464646   0.1334297836E+001   0.9930247215E+000   0.1154429240E+001   0.1043524967E+001
 0.6565657   0.1330012380E+001   0.1018487623E+001   0.1157544237E+001   0.1009718211E+001
 0.6666667   0.1325423144E+001   0.1006087128E+001   0.1160825998E+001   0.1033968051E+001
 0.6767677   0.1309600539E+001   0.9906847615E+000   0.1160154227E+001   0.9942339093E+000
 0.6868687   0.1333393303E+001   0.1009639730E+001   0.1145086902E+001   0.9939955425E+000
 0.6969697   0.1329395463E+001   0.1009026945E+001   0.1165136160E+001   0.1023165272E+001
 0.7070707   0.1319759187E+001   0.1013078566E+001   0.1151602368E+001   0.1007817634E+001
 0.7171717   0.1327577273E+001   0.9943252738E+000   0.1145484862E+001   0.9892727034E+000
 0.7272727   0.1331790601E+001   0.9793857282E+000   0.1152716672E+001   0.9840763091E+000
 0.7373737   0.1328550781E+001   0.9878638816E+000   0.1148546233E+001   0.9743191651E+000
 0.7474747   0.1333921551E+001   0.1013652568E+001   0.1151628265E+001   0.1008478704E+001
 0.7575758   0.1332159657E+001   0.1013905956E+001   0.1150516060E+001   0.1013649672E+001
 0.7676768   0.1324832367E+001   0.1019992437E+001   0.1154090933E+001   0.1012302106E+001
 0.7777778   0.1318803868E+001   0.1001352911E+001   0.1151864656E+001   0.1015556606E+001
 0.7878788   0.1329070342E+001   0.1009978443E+001   0.1145292428E+001   0.1008405605E+001
 0.7979798   0.1331324957E+001   0.1003832492E+001   0.1149034912E+001   0.9891201487E+000
 0.8080808   0.1338228425E+001   0.1025548873E+001   0.1147071120E+001   0.1004261202E+001
 0.8181818   0.1328325816E+001   0.1021598089E+001   0.1153699719E+001   0.1002716586E+001
 0.8282828   0.1324770434E+001   0.9914526821E+000   0.1143206067E+001   0.9856940245E+000
 0.8383838   0.1334717150E+001   0.1029329007E+001   0.1151540214E+001   0.1013598821E+001
 0.8484848   0.1331664730E+001   0.1021830792E+001   0.1154858646E+001   0.1030179609E+001
 0.8585859   0.1328840176E+001   0.9813326783E+000   0.1153740132E+001   0.9748276807E+000
 0.8686869   0.1344870071E+001   0.1023632949E+001   0.1157389551E+001   0.1001969704E+001
 0.8787879   0.1330024259E+001   0.9942916611E+000   0.1156587631E+001   0.1011714135E+001
 0.8888889   0.1344027584E+001   0.9866202122E+000   0.1154038848E+001   0.9804181747E+000
 0.8989899   0.1317969257E+001   0.1002782742E+001   0.1154031951E+001   0.1002786507E+001
 0.9090909   0.1319312920E+001   0.1005210613E+001   0.1154750189E+001   0.1014739803E+001
 0.9191919   0.1320315778E+001   0.9897591199E+000   0.1141155706E+001   0.9817021767E+000
 0.9292929   0.1326320389E+001   0.1009298432E+001   0.1148404958E+001   0.9983401731E+000
 0.9393939   0.1333933109E+001   0.1023418345E+001   0.1153750077E+001   0.1020835634E+001
 0.9494949   0.1323590394E+001   0.1004902927E+001   0.1164170621E+001   0.1003937024E+001
 0.9595960   0.1322244864E+001   0.1012119312E+001   0.1144162406E+001   0.1006295265E+001
 0.9696970   0.1323991820E+001   0.1010547273E+001   0.1148567538E+001   0.9886529500E+000
 0.9797980   0.1322271220E+001   0.9980485251E+000   0.1154872036E+001   0.9836758531E+000
 0.9898990   0.1320680461E+001   0.1012173610E+001   0.1151726267E+001   0.1017997481E+001
 1.0000000   0.1317136435E+001   0.9749333402E+000   0.1146690848E+001   0.9902039227E+000


 0.0000000   0.8982211488E+000   0.9619469971E+000   0.7902182242E+000   0.1000673872E+001
 0.0101010   0.8860280859E+000   0.9894307422E+000   0.7749007703E+000   0.1008118963E+001
 0.0202020   0.8896650182E+000   0.9239391106E+000   0.8002155839E+000   0.9969706714E+000
 0.0303030   0.8681740193E+000   0.9918707603E+000   0.7780196304E+000   0.1041210100E+001
 0.0404040   0.8454435010E+000   0.9314206199E+000   0.7799691452E+000   0.9670880540E+000
 0.0505051   0.8050238341E+000   0.9558208007E+000   0.7609165115E+000   0.9839293257E+000
 0.0606061   0.7733335228E+000   0.9470749391E+000   0.7641777618E+000   0.9788526247E+000
 0.0707071   0.7310134494E+000   0.9576968631E+000   0.7578529157E+000   0.1001442148E+001
 0.0808081   0.6889642605E+000   0.9884893000E+000   0.7588788443E+000   0.1028127300E+001
 0.0909091   0.6555834124E+000   0.9628224928E+000   0.7458097717E+000   0.9888042852E+000
 0.1010101   0.6161049220E+000   0.1016398286E+001   0.7502619607E+000   0.1038996470E+001
 0.1111111   0.5792575522E+000   0.1011725185E+001   0.7396269025E+000   0.1001091173E+001
 0.1212121   0.5348607662E+000   0.9390499402E+000   0.7470063855E+000   0.9770258966E+000
 0.1313131   0.5008026462E+000   0.9848053957E+000   0.7271247165E+000   0.9929164959E+000
 0.1414141   0.4781866010E+000   0.1014783735E+001   0.7329603745E+000   0.1019043405E+001
 0.1515152   0.4554555789E+000   0.1008302793E+001   0.7378592952E+000   0.1023810584E+001
 0.1616162   0.4303410913E+000   0.9707633532E+000   0.7299532902E+000   0.1007104728E+001
 0.1717172   0.4209577600E+000   0.1020063998E+001   0.7444717128E+000   0.1040287063E+001
 0.1818182   0.4106417110E+000   0.9934125424E+000   0.7366163536E+000   0.1004581578E+001
 0.1919192   0.4080996931E+000   0.1016029895E+001   0.7438178516E+000   0.1013800889E+001
 0.2020202   0.4038783948E+000   0.9966575618E+000   0.7496811207E+000   0.1007463994E+001
 0.2121212   0.4109088800E+000   0.1040909893E+001   0.7587789629E+000   0.1031100915E+001
 0.2222222   0.4172420430E+000   0.1057607985E+001   0.7599629582E+000   0.1012631893E+001
 0.2323232   0.4163181679E+000   0.1017919602E+001   0.7673001948E+000   0.9950859082E+000
 0.2424242   0.4258608736E+000   0.1030886035E+001   0.7826542066E+000   0.1024330138E+001
 0.2525253   0.4299316977E+000   0.9952931528E+000   0.7816138159E+000   0.9865105117E+000
 0.2626263   0.4417165352E+000   0.9757047877E+000   0.7924369353E+000   0.9748813566E+000
 0.2727273   0.4596521676E+000   0.1004104961E+001   0.8032920250E+000   0.9968242016E+000
 0.2828283   0.4721094580E+000   0.1013871855E+001   0.8191452025E+000   0.1025374772E+001
 0.2929293   0.4850114646E+000   0.1012657531E+001   0.8331350112E+000   0.9956883692E+000
 0.3030303   0.5104231932E+000   0.1013887773E+001   0.8315050630E+000   0.9765754327E+000
 0.3131313   0.5251975019E+000   0.9977945693E+000   0.8488456403E+000   0.9997839984E+000
 0.3232323   0.5451439654E+000   0.9907246567E+000   0.8490504070E+000   0.9719768315E+000
 0.3333333   0.5656086166E+000   0.9767985889E+000   0.8737495541E+000   0.9937787337E+000
 0.3434343   0.5961616496E+000   0.9655012825E+000   0.8789915151E+000   0.9646035934E+000
 0.3535354   0.6203369379E+000   0.9912840644E+000   0.9060473092E+000   0.9894620178E+000
 0.3636364   0.6502768933E+000   0.1007313596E+001   0.9173748698E+000   0.1003735921E+001
 0.3737374   0.6907495140E+000   0.1047977532E+001   0.9350482032E+000   0.9994330234E+000
 0.3838384   0.7204648080E+000   0.9723096834E+000   0.9434295578E+000   0.9747542318E+000
 0.3939394   0.7525080675E+000   0.1009958275E+001   0.9501156527E+000   0.1005642793E+001
 0.4040404   0.7923216992E+000   0.1007536450E+001   0.9757689093E+000   0.1026930669E+001
 0.4141414   0.8186041006E+000   0.9940333485E+000   0.9759784975E+000   0.9873285321E+000
 0.4242424   0.8842770161E+000   0.1024659782E+001   0.9853886321E+000   0.9713550254E+000
 0.4343434   0.9269235299E+000   0.9921118059E+000   0.1026067543E+001   0.9757076678E+000
 0.4444444   0.9827684408E+000   0.1031697859E+001   0.1040680428E+001   0.9589852302E+000
 0.4545455   0.1030837569E+001   0.9811487796E+000   0.1054291696E+001   0.1011578968E+001
 0.4646465   0.1098937422E+001   0.1043675096E+001   0.1083600626E+001   0.9690142710E+000
 0.4747475   0.1142503203E+001   0.9852215405E+000   0.1100317953E+001   0.9940081110E+000
 0.4848485   0.1207506177E+001   0.9980765472E+000   0.1106952300E+001   0.9930463843E+000
 0.4949495   0.1279250118E+001   0.9632363636E+000   0.1132715035E+001   0.9572220646E+000
 0.5050505   0.1330999880E+001   0.1023190769E+001   0.1157897707E+001   0.1003064371E+001
 0.5151515   0.1316893056E+001   0.9975444277E+000   0.1153698707E+001   0.1010672513E+001
 0.5252525   0.1349978400E+001   0.1005303367E+001   0.1141313490E+001   0.9834346444E+000
 0.5353535   0.1322563167E+001   0.9795387770E+000   0.1155640746E+001   0.9915512862E+000
 0.5454545   0.1337973419E+001   0.1024361886E+001   0.1157386061E+001   0.1006433178E+001
 0.5555556   0.1324986288E+001   0.1003384098E+001   0.1149566999E+001   0.1002296095E+001
 0.5656566   0.1328140685E+001   0.9902220994E+000   0.1141748254E+001   0.9778273356E+000
 0.5757576   0.1336640376E+001   0.1025803612E+001   0.1139121499E+001   0.1008152126E+001
 0.5858586   0.1317816260E+001   0.9879048781E+000   0.1147052471E+001   0.9895145259E+000
 0.5959596   0.1331166395E+001   0.9589134611E+000   0.1149857675E+001   0.9995739661E+000
 0.6060606   0.1323959851E+001   0.1003820709E+001   0.1158496190E+001   0.9920072773E+000
 0.6161616   0.1333619564E+001   0.1018908798E+001   0.1148076640E+001   0.9836778397E+000
 0.6262626   0.1332571156E+001   0.1012064013E+001   0.1158835114E+001   0.9966860224E+000
 0.6363636   0.1327101219E+001   0.1030922420E+001   0.1155047858E+001   0.1002365184E+001
 0.6464646   0.1332103005E+001   0.9919025965E+000   0.1155003250E+001   0.1044338475E+001
 0.6565657   0.1330375094E+001   0.1019290833E+001   0.1158868804E+001   0.1011158904E+001
 0.6666667   0.1326642246E+001   0.1007531901E+001   0.1161256964E+001   0.1034643828E+001
 0.6767677   0.1310456354E+001   0.9918434721E+000   0.1159457116E+001   0.9939169128E+000
 0.6868687   0.1331469485E+001   0.1008703019E+001   0.1148677191E+001   0.9973934995E+000
 0.6969697   0.1327864368E+001   0.1008384657E+001   0.1169581752E+001   0.1027359024E+001
 0.7070707   0.1319028059E+001   0.1013039566E+001   0.1149749602E+001   0.1006480159E+001
 0.7171717   0.1326284839E+001   0.9938696194E+000   0.1144427507E+001   0.9886384702E+000
 0.7272727   0.1333052106E+001   0.9808190474E+000   0.1157287315E+001   0.9882570959E+000
 0.7373737   0.1328773823E+001   0.9885393283E+000   0.1152170882E+001   0.9776698114E+000
 0.7474747   0.1331925154E+001   0.1012657531E+001   0.1152031608E+001   0.1009116616E+001
 0.7575758   0.1333945555E+001   0.1015788850E+001   0.1152247689E+001   0.1015461802E+001
 0.7676768   0.1325880728E+001   0.1021326076E+001   0.1153583688E+001   0.1012142739E+001
 0.7777778   0.1318423999E+001   0.1001580804E+001   0.1152914383E+001   0.1016768976E+001
 0.7878788   0.1328023686E+001   0.1009703586E+001   0.1146159420E+001   0.1009453774E+001
 0.7979798   0.1332522062E+001   0.1005253338E+001   0.1150417225E+001   0.9905895595E+000
 0.8080808   0.1339958722E+001   0.1027404518E+001   0.1149237099E+001   0.1006441469E+001
 0.8181818   0.1329636973E+001   0.1023133918E+001   0.1154972672E+001   0.1004106241E+001
 0.8282828   0.1330212581E+001   0.9960390297E+000   0.1148979523E+001   0.9909515888E+000
 0.8383838   0.1337320203E+001   0.1031868410E+001   0.1157279848E+001   0.1018938389E+001
 0.8484848   0.1334129965E+001   0.1024250460E+001   0.1157244008E+001   0.1032598777E+001
 0.8585859   0.1327564630E+001   0.9808963640E+000   0.1150381569E+001   0.9722642440E+000
 0.8686869   0.1345259394E+001   0.1024457395E+001   0.1159380268E+001   0.1003976353E+001
 0.8787879   0.1331291723E+001   0.9957525038E+000   0.1159331593E+001   0.1014400586E+001
 0.8888889   0.1341009280E+001   0.9849122744E+000   0.1155513295E+001   0.9819478370E+000
 0.8989899   0.1313799102E+001   0.1000125435E+001   0.1152353624E+001   0.1001610726E+001
 0.9090909   0.1318960308E+001   0.1005460274E+001   0.1153309074E+001   0.1013759435E+001
 0.9191919   0.1321625888E+001   0.9912522282E+000   0.1142859891E+001   0.9834456988E+000
 0.9292929   0.1335959349E+001   0.1017157807E+001   0.1155083711E+001   0.1004429581E+001
 0.9393939   0.1333695518E+001   0.1023763820E+001   0.1150984260E+001   0.1018675848E+001
 0.9494949   0.1326285172E+001   0.1007468229E+001   0.1164490070E+001   0.1004495907E+001
 0.9595960   0.1325077906E+001   0.1014811023E+001   0.1148124057E+001   0.1010064525E+001
 0.9696970   0.1320858511E+001   0.1008675731E+001   0.1146037665E+001   0.9867537070E+000
 0.9797980   0.1323758606E+001   0.9996865498E+000   0.1156621221E+001   0.9854437689E+000
 0.9898990   0.1317674032E+001   0.1010390338E+001   0.1150118107E+001   0.1016862938E+001
 1.0000000   0.1315153179E+001   0.9739674403E+000   0.1145546812E+001   0.9894951808E+000


 0.0000000   0.8978583888E+000   0.9623040723E+000   0.7872681348E+000   0.9971704228E+000
 0.0101010   0.8894974184E+000   0.9940751457E+000   0.7725293029E+000   0.1005267979E+001
 0.0202020   0.8884443667E+000   0.9233868535E+000   0.7968147073E+000   0.9929649414E+000
 0.0303030   0.8725017732E+000   0.9975880382E+000   0.7789945348E+000   0.1042757744E+001
 0.0404040   0.8468383658E+000   0.9336807303E+000   0.7772918342E+000   0.9639930373E+000
 0.0505051   0.8071917936E+000   0.9591379811E+000   0.7629202721E+000   0.9867502554E+000
 0.0606061   0.7722170997E+000   0.9464409758E+000   0.7604835302E+000   0.9743476080E+000
 0.0707071   0.7333433435E+000   0.9614941895E+000   0.7568891377E+000   0.1000401671E+001
 0.0808081   0.6914341596E+000   0.9928021811E+000   0.7568948009E+000   0.1025678291E+001
 0.0909091   0.6569573781E+000   0.9655884841E+000   0.7440504688E+000   0.9867016652E+000
 0.1010101   0.6164694359E+000   0.1017788190E+001   0.7486877954E+000   0.1037058114E+001
 0.1111111   0.5792137956E+000   0.1012433171E+001   0.7375168158E+000   0.9984677811E+000
 0.1212121   0.5336139531E+000   0.9375873442E+000   0.7425658410E+000   0.9714443438E+000
 0.1313131   0.4991717298E+000   0.9823593839E+000   0.7271419695E+000   0.9931714498E+000
 0.1414141   0.4765940717E+000   0.1012188370E+001   0.7321780625E+000   0.1018192971E+001
 0.1515152   0.4527111807E+000   0.1003004258E+001   0.7356685925E+000   0.1021008773E+001
 0.1616162   0.4302221135E+000   0.9712474642E+000   0.7305507743E+000   0.1008163955E+001
 0.1717172   0.4182807662E+000   0.1014363018E+001   0.7406895599E+000   0.1035243271E+001
 0.1818182   0.4091032854E+000   0.9904582128E+000   0.7410033517E+000   0.1010799973E+001
 0.1919192   0.4066314389E+000   0.1013159414E+001   0.7424858442E+000   0.1012221236E+001
 0.2020202   0.4014814806E+000   0.9915108565E+000   0.7485577435E+000   0.1006188763E+001
 0.2121212   0.4081972721E+000   0.1034842651E+001   0.7558710003E+000   0.1027388665E+001
 0.2222222   0.4146136136E+000   0.1051760431E+001   0.7571754801E+000   0.1009152765E+001
 0.2323232   0.4137492927E+000   0.1012422971E+001   0.7665707794E+000   0.9943716276E+000
 0.2424242   0.4229183887E+000   0.1024556934E+001   0.7772028743E+000   0.1017432534E+001
 0.2525253   0.4285806518E+000   0.9929347816E+000   0.7812906102E+000   0.9863323797E+000
 0.2626263   0.4404930450E+000   0.9737566732E+000   0.7886220317E+000   0.9704142317E+000
 0.2727273   0.4570877164E+000   0.9992771642E+000   0.8038888086E+000   0.9977972364E+000
 0.2828283   0.4684450079E+000   0.1006782351E+001   0.8186942017E+000   0.1025049048E+001
 0.2929293   0.4833196518E+000   0.1009907642E+001   0.8308739954E+000   0.9932176104E+000
 0.3030303   0.5075955757E+000   0.1009052879E+001   0.8291336307E+000   0.9740171947E+000
 0.3131313   0.5212206514E+000   0.9910069747E+000   0.8506219290E+000   0.1002109616E+001
 0.3232323   0.5427457091E+000   0.9871309609E+000   0.8485976093E+000   0.9716848653E+000
 0.3333333   0.5648173214E+000   0.9761883619E+000   0.8692685101E+000   0.9889125191E+000
 0.3434343   0.5937006945E+000   0.9622612322E+000   0.8767563840E+000   0.9623749838E+000
 0.3535354   0.6189278758E+000   0.9897992904E+000   0.9078731660E+000   0.9916870193E+000
 0.3636364   0.6494593408E+000   0.1006827231E+001   0.9156551234E+000   0.1002087751E+001
 0.3737374   0.6853618016E+000   0.1040609752E+001   0.9315686795E+000   0.9959459499E+000
 0.3838384   0.7171384352E+000   0.9685709747E+000   0.9410343154E+000   0.9725060396E+000
 0.3939394   0.7499812400E+000   0.1007347433E+001   0.9516996871E+000   0.1007554148E+001
 0.4040404   0.7909469501E+000   0.1006568150E+001   0.9721039347E+000   0.1023311948E+001
 0.4141414   0.8162164634E+000   0.9919025379E+000   0.9742624231E+000   0.9858221827E+000
 0.4242424   0.8805249623E+000   0.1021103202E+001   0.9927674123E+000   0.9788567781E+000
 0.4343434   0.9259928635E+000   0.9918841779E+000   0.1026848144E+001   0.9766775079E+000
 0.4444444   0.9820022744E+000   0.1031692880E+001   0.1039597762E+001   0.9582108040E+000
 0.4545455   0.1027032932E+001   0.9782854893E+000   0.1054360882E+001   0.1011881105E+001
 0.4646465   0.1094622592E+001   0.1040383311E+001   0.1084522177E+001   0.9700643823E+000
 0.4747475   0.1140176042E+001   0.9839771096E+000   0.1099958417E+001   0.9939148797E+000
 0.4848485   0.1211874186E+001   0.1002463656E+001   0.1102894287E+001   0.9896365130E+000
 0.4949495   0.1280430134E+001   0.9648724415E+000   0.1131758350E+001   0.9566364817E+000
 0.5050505   0.1331505778E+001   0.1024373334E+001   0.1160002867E+001   0.1005122208E+001
 0.5151515   0.1314264556E+001   0.9963252737E+000   0.1156389643E+001   0.1013265925E+001
 0.5252525   0.1345718830E+001   0.1002908377E+001   0.1140973513E+001   0.9833708073E+000
 0.5353535   0.1320571454E+001   0.9788220113E+000   0.1156741284E+001   0.9927268495E+000
 0.5454545   0.1333240205E+001   0.1021529564E+001   0.1157033720E+001   0.1006361258E+001
 0.5555556   0.1326371025E+001   0.1005211545E+001   0.1150341751E+001   0.1003205325E+001
 0.5656566   0.1331449903E+001   0.9934590635E+000   0.1143225680E+001   0.9793208145E+000
 0.5757576   0.1342531599E+001   0.1031123718E+001   0.1141133666E+001   0.1010168300E+001
 0.5858586   0.1322224402E+001   0.9919780182E+000   0.1148982025E+001   0.9914100552E+000
 0.5959596   0.1333731814E+001   0.9615064295E+000   0.1147856543E+001   0.9980669120E+000
 0.6060606   0.1328563252E+001   0.1008092036E+001   0.1155679526E+001   0.9898260148E+000
 0.6161616   0.1332235950E+001   0.1018640913E+001   0.1149803848E+001   0.9853873004E+000
 0.6262626   0.1331809680E+001   0.1012269971E+001   0.1160949746E+001   0.9987374567E+000
 0.6363636   0.1330094836E+001   0.1034049088E+001   0.1154000106E+001   0.1001689311E+001
 0.6464646   0.1334227251E+001   0.9942546663E+000   0.1155858010E+001   0.1045354890E+001
 0.6565657   0.1330861960E+001   0.1020454480E+001   0.1159256502E+001   0.1011732904E+001
 0.6666667   0.1329733263E+001   0.1010662445E+001   0.1161021124E+001   0.1034674765E+001
 0.6767677   0.1313203369E+001   0.9946932679E+000   0.1157544016E+001   0.9925081936E+000
 0.6868687   0.1333318270E+001   0.1010886846E+001   0.1146166585E+001   0.9954454709E+000
 0.6969697   0.1331733136E+001   0.1012106770E+001   0.1170772600E+001   0.1028644722E+001
 0.7070707   0.1318703475E+001   0.1013575575E+001   0.1150647266E+001   0.1007500698E+001
 0.7171717   0.1328765649E+001   0.9965007143E+000   0.1146673966E+001   0.9908099662E+000
 0.7272727   0.1334418691E+001   0.9825858247E+000   0.1157017047E+001   0.9882565515E+000
 0.7373737   0.1329559921E+001   0.9898910907E+000   0.1155940147E+001   0.9810967862E+000
 0.7474747   0.1332089030E+001   0.1013567415E+001   0.1157444621E+001   0.1014094388E+001
 0.7575758   0.1335369599E+001   0.1017661710E+001   0.1153694000E+001   0.1016973357E+001
 0.7676768   0.1328446441E+001   0.1024095893E+001   0.1155178893E+001   0.1013778552E+001
 0.7777778   0.1318995755E+001   0.1002792097E+001   0.1151566475E+001   0.1015816910E+001
 0.7878788   0.1329019039E+001   0.1011243847E+001   0.1145909214E+001   0.1009468601E+001
 0.7979798   0.1334317388E+001   0.1007388233E+001   0.1153386736E+001   0.9933779581E+000
 0.8080808   0.1337724550E+001   0.1026486781E+001   0.1153007615E+001   0.1009978798E+001
 0.8181818   0.1331567296E+001   0.1025413737E+001   0.1161521172E+001   0.1010034677E+001
 0.8282828   0.1330641985E+001   0.9971331166E+000   0.1154698435E+001   0.9961160156E+000
 0.8383838   0.1338592928E+001   0.1033651287E+001   0.1157247971E+001   0.1019147768E+001
 0.8484848   0.1333792573E+001   0.1024785415E+001   0.1157405816E+001   0.1032983826E+001
 0.8585859   0.1328462191E+001   0.9823206237E+000   0.1149272995E+001   0.9715536717E+000
 0.8686869   0.1347674920E+001   0.1027092663E+001   0.1163798962E+001   0.1008037620E+001
 0.8787879   0.1331297982E+001   0.9965292744E+000   0.1163963768E+001   0.1018691020E+001
 0.8888889   0.1342009087E+001   0.9864108383E+000   0.1158707456E+001   0.9848916804E+000
 0.8989899   0.1317762298E+001   0.1003920221E+001   0.1149568264E+001   0.9994225784E+000
 0.9090909   0.1323559361E+001   0.1009748522E+001   0.1156916919E+001   0.1017167718E+001
 0.9191919   0.1322555426E+001   0.9927185408E+000   0.1146034948E+001   0.9864076945E+000
 0.9292929   0.1336720786E+001   0.1018526673E+001   0.1155940527E+001   0.1005408891E+001
 0.9393939   0.1333973450E+001   0.1024771135E+001   0.1154918480E+001   0.1022396023E+001
 0.9494949   0.1321221047E+001   0.1004399622E+001   0.1158535841E+001   0.9995926441E+000
 0.9595960   0.1326237520E+001   0.1016486666E+001   0.1149647624E+001   0.1011640583E+001
 0.9696970   0.1325112043E+001   0.1012708572E+001   0.1149560932E+001   0.9900179461E+000
 0.9797980   0.1322777043E+001   0.9997198458E+000   0.1154954130E+001   0.9842527194E+000
 0.9898990   0.1321710353E+001   0.1014271218E+001   0.1153104119E+001   0.1019740569E+001
 1.0000000   0.1321581615E+001   0.9794870536E+000   0.1147347230E+001   0.9912812911E+000


 0.0000000   0.9049871912E+000   0.9699386574E+000   0.7848539375E+000   0.9941561542E+000
 0.0101010   0.8946668803E+000   0.9998462943E+000   0.7696574408E+000   0.1001574845E+001
 0.0202020   0.8956603966E+000   0.9308810252E+000   0.7933092469E+000   0.9886399117E+000
 0.0303030   0.8800826396E+000   0.1006249613E+001   0.7795867116E+000   0.1043596202E+001
 0.0404040   0.8528653437E+000   0.9403200462E+000   0.7767910426E+000   0.9634142144E+000
 0.0505051   0.8134177376E+000   0.9665300184E+000   0.7623988131E+000   0.9861190598E+000
 0.0606061   0.7773953476E+000   0.9527817170E+000   0.7590158926E+000   0.9725098948E+000
 0.0707071   0.7382681858E+000   0.9679453122E+000   0.7575924296E+000   0.1001375153E+001
 0.0808081   0.6948780614E+000   0.9977410681E+000   0.7563730313E+000   0.1025016192E+001
 0.0909091   0.6599769429E+000   0.9700207034E+000   0.7417975006E+000   0.9837571031E+000
 0.1010101   0.6184237688E+000   0.1021008572E+001   0.7491384146E+000   0.1037727813E+001
 0.1111111   0.5830693523E+000   0.1019166266E+001   0.7382727135E+000   0.9995349737E+000
 0.1212121   0.5363451818E+000   0.9423805200E+000   0.7403278187E+000   0.9685589855E+000
 0.1313131   0.5012687400E+000   0.9864802527E+000   0.7280935133E+000   0.9945147421E+000
 0.1414141   0.4763688118E+000   0.1011703808E+001   0.7305767525E+000   0.1016010695E+001
 0.1515152   0.4542141012E+000   0.1006327929E+001   0.7352763467E+000   0.1020509149E+001
 0.1616162   0.4306444187E+000   0.9721949228E+000   0.7323054390E+000   0.1010629728E+001
 0.1717172   0.4191090616E+000   0.1016365513E+001   0.7417125957E+000   0.1036718613E+001
 0.1818182   0.4092279919E+000   0.9907541041E+000   0.7417873270E+000   0.1011913774E+001
 0.1919192   0.4055909366E+000   0.1010560758E+001   0.7413646732E+000   0.1010737090E+001
 0.2020202   0.4013738113E+000   0.9912389215E+000   0.7460493468E+000   0.1002861038E+001
 0.2121212   0.4077724093E+000   0.1033759268E+001   0.7548522789E+000   0.1026049011E+001
 0.2222222   0.4130425204E+000   0.1047768625E+001   0.7559981985E+000   0.1007627896E+001
 0.2323232   0.4127613940E+000   0.1009999489E+001   0.7645519334E+000   0.9917963447E+000
 0.2424242   0.4223460405E+000   0.1023164144E+001   0.7794286570E+000   0.1020391051E+001
 0.2525253   0.4266962996E+000   0.9885631026E+000   0.7830500815E+000   0.9885969670E+000
 0.2626263   0.4393463918E+000   0.9712159646E+000   0.7919027330E+000   0.9744939384E+000
 0.2727273   0.4550026723E+000   0.9947128243E+000   0.8056116029E+000   0.9999794510E+000
 0.2828283   0.4680524838E+000   0.1005932617E+001   0.8160459926E+000   0.1021778164E+001
 0.2929293   0.4820279467E+000   0.1007202465E+001   0.8290864423E+000   0.9911242607E+000
 0.3030303   0.5045910509E+000   0.1003074059E+001   0.8285416759E+000   0.9733644937E+000
 0.3131313   0.5189822413E+000   0.9867450375E+000   0.8513481790E+000   0.1003009197E+001
 0.3232323   0.5414695381E+000   0.9848039034E+000   0.8477732548E+000   0.9707835192E+000
 0.3333333   0.5637185318E+000   0.9742833668E+000   0.8709781649E+000   0.9909009484E+000
 0.3434343   0.5946020140E+000   0.9637162131E+000   0.8802545605E+000   0.9662571513E+000
 0.3535354   0.6158208014E+000   0.9848244149E+000   0.9079806032E+000   0.9918478783E+000
 0.3636364   0.6461690192E+000   0.1001720300E+001   0.9148598730E+000   0.1001261349E+001
 0.3737374   0.6840263337E+000   0.1038575742E+001   0.9310648238E+000   0.9954509359E+000
 0.3838384   0.7147494219E+000   0.9653384865E+000   0.9405417648E+000   0.9720396507E+000
 0.3939394   0.7492739691E+000   0.1006391329E+001   0.9523258946E+000   0.1008261330E+001
 0.4040404   0.7863262239E+000   0.1000681672E+001   0.9735802423E+000   0.1024910977E+001
 0.4141414   0.8196771136E+000   0.9961020125E+000   0.9765501575E+000   0.9881804038E+000
 0.4242424   0.8798778864E+000   0.1020346610E+001   0.9966200320E+000   0.9826985170E+000
 0.4343434   0.9220624306E+000   0.9876680552E+000   0.1026112506E+001   0.9760206213E+000
 0.4444444   0.9789930306E+000   0.1028525106E+001   0.1039338569E+001   0.9580139225E+000
 0.4545455   0.1027490850E+001   0.9787157162E+000   0.1054677556E+001   0.1012229417E+001
 0.4646465   0.1089672747E+001   0.1035672432E+001   0.1083475801E+001   0.9691709470E+000
 0.4747475   0.1142392072E+001   0.9858835544E+000   0.1099008075E+001   0.9930997153E+000
 0.4848485   0.1211729062E+001   0.1002337510E+001   0.1106626324E+001   0.9930288566E+000
 0.4949495   0.1278705585E+001   0.9635670385E+000   0.1130516077E+001   0.9556283463E+000
 0.5050505   0.1324195367E+001   0.1018742983E+001   0.1159642085E+001   0.1004853671E+001
 0.5151515   0.1312908059E+001   0.9952908758E+000   0.1156168085E+001   0.1013116225E+001
 0.5252525   0.1344230409E+001   0.1001793022E+001   0.1142470300E+001   0.9847040330E+000
 0.5353535   0.1319004626E+001   0.9776547121E+000   0.1153081959E+001   0.9896297863E+000
 0.5454545   0.1332468565E+001   0.1020932120E+001   0.1158718139E+001   0.1007870534E+001
 0.5555556   0.1325207181E+001   0.1004323396E+001   0.1153734871E+001   0.1006208575E+001
 0.5656566   0.1329759553E+001   0.9921917741E+000   0.1142706944E+001   0.9789193864E+000
 0.5757576   0.1344529157E+001   0.1032651647E+001   0.1140430896E+001   0.1009590467E+001
 0.5858586   0.1320084082E+001   0.9903662502E+000   0.1150638425E+001   0.9928828448E+000
 0.5959596   0.1330918172E+001   0.9594721965E+000   0.1149131512E+001   0.9992193304E+000
 0.6060606   0.1325054532E+001   0.1005423559E+001   0.1148936925E+001   0.9840942187E+000
 0.6161616   0.1329760770E+001   0.1016742179E+001   0.1156582613E+001   0.9912402113E+000
 0.6262626   0.1331546388E+001   0.1012063692E+001   0.1155433905E+001   0.9940359091E+000
 0.6363636   0.1332546032E+001   0.1035948405E+001   0.1153090381E+001   0.1000943559E+001
 0.6464646   0.1333528977E+001   0.9937282721E+000   0.1154786331E+001   0.1044431476E+001
 0.6565657   0.1331495425E+001   0.1020933985E+001   0.1160994810E+001   0.1013294445E+001
 0.6666667   0.1330169389E+001   0.1010987770E+001   0.1157570278E+001   0.1031644701E+001
 0.6767677   0.1311971821E+001   0.9937543777E+000   0.1156009477E+001   0.9912359168E+000
 0.6868687   0.1333651337E+001   0.1011133215E+001   0.1148238842E+001   0.9972889676E+000
 0.6969697   0.1329439541E+001   0.1010357507E+001   0.1166799269E+001   0.1025198707E+001
 0.7070707   0.1318231629E+001   0.1013206742E+001   0.1153677353E+001   0.1010198134E+001
 0.7171717   0.1327563291E+001   0.9955929543E+000   0.1148329241E+001   0.9922837667E+000
 0.7272727   0.1331037272E+001   0.9800899869E+000   0.1155642878E+001   0.9871261122E+000
 0.7373737   0.1329339649E+001   0.9897210702E+000   0.1154080526E+001   0.9795614091E+000
 0.7474747   0.1330204167E+001   0.1012127091E+001   0.1158742827E+001   0.1015276341E+001
 0.7575758   0.1334530800E+001   0.1017016287E+001   0.1152963015E+001   0.1016373578E+001
 0.7676768   0.1325076146E+001   0.1021491525E+001   0.1154698952E+001   0.1013401807E+001
 0.7777778   0.1317934935E+001   0.1001979491E+001   0.1150292232E+001   0.1014737386E+001
 0.7878788   0.1328548439E+001   0.1010879618E+001   0.1144083967E+001   0.1007904889E+001
 0.7979798   0.1334800646E+001   0.1007746952E+001   0.1157527907E+001   0.9969883549E+000
 0.8080808   0.1335601804E+001   0.1024851682E+001   0.1153141247E+001   0.1010140159E+001
 0.8181818   0.1329644500E+001   0.1023926799E+001   0.1158539629E+001   0.1007486179E+001
 0.8282828   0.1331386728E+001   0.9976851276E+000   0.1152744383E+001   0.9944739447E+000
 0.8383838   0.1337079527E+001   0.1032476367E+001   0.1156219579E+001   0.1018286762E+001
 0.8484848   0.1332925862E+001   0.1024113268E+001   0.1155404818E+001   0.1031243168E+001
 0.8585859   0.1330000337E+001   0.9834520089E+000   0.1151862376E+001   0.9737853514E+000
 0.8686869   0.1346533647E+001   0.1026216629E+001   0.1163723586E+001   0.1008016545E+001
 0.8787879   0.1332957355E+001   0.9977653090E+000   0.1162778613E+001   0.1017698421E+001
 0.8888889   0.1340046647E+001   0.9849624014E+000   0.1157728580E+001   0.9841028076E+000
 0.8989899   0.1314814113E+001   0.1001668089E+001   0.1147115666E+001   0.9973340595E+000
 0.9090909   0.1323739950E+001   0.1009880149E+001   0.1156343941E+001   0.1016708546E+001
 0.9191919   0.1326594176E+001   0.9957439935E+000   0.1149750482E+001   0.9896491114E+000
 0.9292929   0.1337323608E+001   0.1018979798E+001   0.1156954849E+001   0.1006335262E+001
 0.9393939   0.1336309846E+001   0.1026559731E+001   0.1157572816E+001   0.1024790732E+001
 0.9494949   0.1324175293E+001   0.1006639331E+001   0.1158477914E+001   0.9995865073E+000
 0.9595960   0.1321854246E+001   0.1013120966E+001   0.1148594898E+001   0.1010758562E+001
 0.9696970   0.1323968857E+001   0.1011828742E+001   0.1150189218E+001   0.9906024830E+000
 0.9797980   0.1329651028E+001   0.1004908906E+001   0.1161016298E+001   0.9894623021E+000
 0.9898990   0.1325664900E+001   0.1017299719E+001   0.1157093499E+001   0.1023313436E+001
 1.0000000   0.1324778236E+001   0.9818502469E+000   0.1150559623E+001   0.9941003261E+000


