# Evolution of the weightfunction during equilibration phase for fractional: Ar
# Weightfunction after cycle        267
 0.0000000    0.3500000000E+001    0.1100000000E+001
 0.0101010    0.3000000000E+001    0.1500000000E+001
 0.0202020    0.3500000000E+001    0.9000000000E+000
 0.0303030    0.3000000000E+001    0.9000000000E+000
 0.0404040    0.3100000000E+001    0.1100000000E+001
 0.0505051    0.4500000000E+001    0.2200000000E+001
 0.0606061    0.3300000000E+001    0.1800000000E+001
 0.0707071    0.3600000000E+001    0.9000000000E+000
 0.0808081    0.3100000000E+001    0.1800000000E+001
 0.0909091    0.3700000000E+001    0.1400000000E+001
 0.1010101    0.3900000000E+001    0.1300000000E+001
 0.1111111    0.3600000000E+001    0.6000000000E+000
 0.1212121    0.3900000000E+001    0.1400000000E+001
 0.1313131    0.3900000000E+001    0.1800000000E+001
 0.1414141    0.3700000000E+001    0.1100000000E+001
 0.1515152    0.3400000000E+001    0.8000000000E+000
 0.1616162    0.3900000000E+001    0.9000000000E+000
 0.1717172    0.3700000000E+001    0.0000000000E+000
 0.1818182    0.3300000000E+001    0.1600000000E+001
 0.1919192    0.3600000000E+001    0.1900000000E+001
 0.2020202    0.3900000000E+001    0.9000000000E+000
 0.2121212    0.4300000000E+001    0.1400000000E+001
 0.2222222    0.4600000000E+001    0.8000000000E+000
 0.2323232    0.3900000000E+001    0.8000000000E+000
 0.2424242    0.3800000000E+001    0.6000000000E+000
 0.2525253    0.4200000000E+001    0.1300000000E+001
 0.2626263    0.3300000000E+001    0.8000000000E+000
 0.2727273    0.4600000000E+001    0.1400000000E+001
 0.2828283    0.4200000000E+001    0.1300000000E+001
 0.2929293    0.5300000000E+001    0.1200000000E+001
 0.3030303    0.3400000000E+001    0.2000000000E+001
 0.3131313    0.4200000000E+001    0.1400000000E+001
 0.3232323    0.4400000000E+001    0.8000000000E+000
 0.3333333    0.4500000000E+001    0.1200000000E+001
 0.3434343    0.3000000000E+001    0.1300000000E+001
 0.3535354    0.4400000000E+001    0.6000000000E+000
 0.3636364    0.5000000000E+001    0.1400000000E+001
 0.3737374    0.3200000000E+001    0.4000000000E+000
 0.3838384    0.5100000000E+001    0.9000000000E+000
 0.3939394    0.4500000000E+001    0.9000000000E+000
 0.4040404    0.3000000000E+001    0.7000000000E+000
 0.4141414    0.4000000000E+001    0.8000000000E+000
 0.4242424    0.3900000000E+001    0.2000000000E+000
 0.4343434    0.3400000000E+001    0.1400000000E+001
 0.4444444    0.4700000000E+001    0.6000000000E+000
 0.4545455    0.3200000000E+001    0.1700000000E+001
 0.4646465    0.3300000000E+001    0.9000000000E+000
 0.4747475    0.2700000000E+001    0.2100000000E+001
 0.4848485    0.3200000000E+001    0.1300000000E+001
 0.4949495    0.3700000000E+001    0.6000000000E+000
 0.5050505    0.3500000000E+001    0.1400000000E+001
 0.5151515    0.2900000000E+001    0.1000000000E+001
 0.5252525    0.4000000000E+001    0.2400000000E+001
 0.5353535    0.3400000000E+001    0.7000000000E+000
 0.5454545    0.2600000000E+001    0.1000000000E+001
 0.5555556    0.3500000000E+001    0.3000000000E+000
 0.5656566    0.2400000000E+001    0.1700000000E+001
 0.5757576    0.5200000000E+001    0.6000000000E+000
 0.5858586    0.3600000000E+001    0.9000000000E+000
 0.5959596    0.3400000000E+001    0.2000000000E+000
 0.6060606    0.4200000000E+001    0.9000000000E+000
 0.6161616    0.3900000000E+001    0.1000000000E+000
 0.6262626    0.4200000000E+001    0.3000000000E+000
 0.6363636    0.3500000000E+001    0.6000000000E+000
 0.6464646    0.2300000000E+001    0.1200000000E+001
 0.6565657    0.3300000000E+001    0.5000000000E+000
 0.6666667    0.3100000000E+001    0.6000000000E+000
 0.6767677    0.4000000000E+001    0.1200000000E+001
 0.6868687    0.3100000000E+001    0.1300000000E+001
 0.6969697    0.3300000000E+001    0.8000000000E+000
 0.7070707    0.4600000000E+001    0.2000000000E+001
 0.7171717    0.3300000000E+001    0.4000000000E+000
 0.7272727    0.4600000000E+001    0.1500000000E+001
 0.7373737    0.4400000000E+001    0.1600000000E+001
 0.7474747    0.3800000000E+001    0.1500000000E+001
 0.7575758    0.4000000000E+001    0.1300000000E+001
 0.7676768    0.4200000000E+001    0.1300000000E+001
 0.7777778    0.3600000000E+001    0.8000000000E+000
 0.7878788    0.4100000000E+001    0.1100000000E+001
 0.7979798    0.4300000000E+001    0.1300000000E+001
 0.8080808    0.4500000000E+001    0.1700000000E+001
 0.8181818    0.3100000000E+001    0.4000000000E+000
 0.8282828    0.4100000000E+001    0.1100000000E+001
 0.8383838    0.3500000000E+001    0.1000000000E+001
 0.8484848    0.3900000000E+001    0.9000000000E+000
 0.8585859    0.4100000000E+001    0.1300000000E+001
 0.8686869    0.3900000000E+001    0.1300000000E+001
 0.8787879    0.3400000000E+001    0.1000000000E+001
 0.8888889    0.4600000000E+001    0.1500000000E+001
 0.8989899    0.3700000000E+001    0.1100000000E+001
 0.9090909    0.3800000000E+001    0.1100000000E+001
 0.9191919    0.4000000000E+001    0.1300000000E+001
 0.9292929    0.4000000000E+001    0.1300000000E+001
 0.9393939    0.3600000000E+001    0.1000000000E+001
 0.9494949    0.3700000000E+001    0.7000000000E+000
 0.9595960    0.3400000000E+001    0.1000000000E+001
 0.9696970    0.4100000000E+001    0.8000000000E+000
 0.9797980    0.3500000000E+001    0.8000000000E+000
 0.9898990    0.4100000000E+001    0.1800000000E+001
 1.0000000    0.3100000000E+001    0.1300000000E+001


# Weightfunction after cycle        868
 0.0000000    0.2975000000E+001    0.7750000000E+000
 0.0101010    0.2550000000E+001    0.5500000000E+000
 0.0202020    0.2775000000E+001    0.6250000000E+000
 0.0303030    0.2725000000E+001    0.6750000000E+000
 0.0404040    0.3050000000E+001    0.9250000000E+000
 0.0505051    0.2725000000E+001    0.6000000000E+000
 0.0606061    0.3175000000E+001    0.8000000000E+000
 0.0707071    0.3100000000E+001    0.9000000000E+000
 0.0808081    0.3425000000E+001    0.9250000000E+000
 0.0909091    0.2900000000E+001    0.3750000000E+000
 0.1010101    0.3375000000E+001    0.9250000000E+000
 0.1111111    0.2975000000E+001    0.5329070518E-014
 0.1212121    0.3650000000E+001    0.9250000000E+000
 0.1313131    0.3325000000E+001    0.6250000000E+000
 0.1414141    0.3375000000E+001    0.4750000000E+000
 0.1515152    0.3700000000E+001    0.8250000000E+000
 0.1616162    0.3975000000E+001    0.4750000000E+000
 0.1717172    0.3500000000E+001    0.7500000000E+000
 0.1818182    0.3575000000E+001    0.6000000000E+000
 0.1919192    0.3600000000E+001    0.5250000000E+000
 0.2020202    0.3600000000E+001    0.5750000000E+000
 0.2121212    0.3775000000E+001    0.6000000000E+000
 0.2222222    0.3850000000E+001    0.8250000000E+000
 0.2323232    0.3750000000E+001    0.8000000000E+000
 0.2424242    0.3725000000E+001    0.5500000000E+000
 0.2525253    0.3725000000E+001    0.4250000000E+000
 0.2626263    0.4075000000E+001    0.5500000000E+000
 0.2727273    0.3875000000E+001    0.8500000000E+000
 0.2828283    0.3350000000E+001    0.7250000000E+000
 0.2929293    0.4200000000E+001    0.9750000000E+000
 0.3030303    0.3650000000E+001    0.4750000000E+000
 0.3131313    0.3475000000E+001    0.7250000000E+000
 0.3232323    0.3900000000E+001    0.5500000000E+000
 0.3333333    0.3775000000E+001    0.6500000000E+000
 0.3434343    0.3825000000E+001    0.7500000000E+000
 0.3535354    0.3800000000E+001    0.1500000000E+000
 0.3636364    0.3050000000E+001    0.5000000000E+000
 0.3737374    0.3425000000E+001    0.1125000000E+001
 0.3838384    0.3475000000E+001    0.7000000000E+000
 0.3939394    0.3150000000E+001    0.6250000000E+000
 0.4040404    0.3350000000E+001    0.5000000000E+000
 0.4141414    0.2750000000E+001    0.4500000000E+000
 0.4242424    0.3125000000E+001    0.4500000000E+000
 0.4343434    0.3325000000E+001    0.8250000000E+000
 0.4444444    0.3275000000E+001    0.3250000000E+000
 0.4545455    0.3200000000E+001    0.6500000000E+000
 0.4646465    0.3050000000E+001    0.1250000000E+001
 0.4747475    0.3275000000E+001    0.6250000000E+000
 0.4848485    0.2675000000E+001    0.6000000000E+000
 0.4949495    0.2650000000E+001    0.6750000000E+000
 0.5050505    0.3100000000E+001    0.3750000000E+000
 0.5151515    0.2725000000E+001    0.5250000000E+000
 0.5252525    0.3025000000E+001    0.6750000000E+000
 0.5353535    0.3325000000E+001    0.4500000000E+000
 0.5454545    0.2825000000E+001    0.6500000000E+000
 0.5555556    0.2650000000E+001    0.3750000000E+000
 0.5656566    0.3075000000E+001    0.6500000000E+000
 0.5757576    0.2850000000E+001    0.6250000000E+000
 0.5858586    0.2500000000E+001    0.6250000000E+000
 0.5959596    0.2700000000E+001    0.5000000000E+000
 0.6060606    0.2675000000E+001    0.8750000000E+000
 0.6161616    0.3150000000E+001    0.6500000000E+000
 0.6262626    0.2825000000E+001    0.0000000000E+000
 0.6363636    0.2950000000E+001    0.8000000000E+000
 0.6464646    0.2750000000E+001    0.8750000000E+000
 0.6565657    0.2750000000E+001    0.5250000000E+000
 0.6666667    0.3250000000E+001    0.5750000000E+000
 0.6767677    0.2850000000E+001    0.4750000000E+000
 0.6868687    0.2650000000E+001    0.7250000000E+000
 0.6969697    0.2925000000E+001    0.7000000000E+000
 0.7070707    0.2925000000E+001    0.9500000000E+000
 0.7171717    0.2625000000E+001    0.3750000000E+000
 0.7272727    0.2925000000E+001    0.8000000000E+000
 0.7373737    0.2500000000E+001    0.5250000000E+000
 0.7474747    0.2650000000E+001    0.5750000000E+000
 0.7575758    0.2775000000E+001    0.6250000000E+000
 0.7676768    0.2825000000E+001    0.8250000000E+000
 0.7777778    0.2775000000E+001    0.5250000000E+000
 0.7878788    0.2750000000E+001    0.6250000000E+000
 0.7979798    0.2975000000E+001    0.9000000000E+000
 0.8080808    0.2575000000E+001    0.3500000000E+000
 0.8181818    0.2575000000E+001    0.4500000000E+000
 0.8282828    0.2525000000E+001    0.4500000000E+000
 0.8383838    0.2625000000E+001    0.5500000000E+000
 0.8484848    0.2600000000E+001    0.6500000000E+000
 0.8585859    0.3025000000E+001    0.8250000000E+000
 0.8686869    0.2475000000E+001    0.2750000000E+000
 0.8787879    0.2725000000E+001    0.7500000000E+000
 0.8888889    0.2600000000E+001    0.6000000000E+000
 0.8989899    0.2475000000E+001    0.3750000000E+000
 0.9090909    0.2525000000E+001    0.5000000000E+000
 0.9191919    0.2625000000E+001    0.7250000000E+000
 0.9292929    0.2700000000E+001    0.3750000000E+000
 0.9393939    0.2675000000E+001    0.7000000000E+000
 0.9494949    0.2775000000E+001    0.5750000000E+000
 0.9595960    0.2950000000E+001    0.7750000000E+000
 0.9696970    0.2525000000E+001    0.4750000000E+000
 0.9797980    0.2875000000E+001    0.7500000000E+000
 0.9898990    0.2675000000E+001    0.6750000000E+000
 1.0000000    0.2950000000E+001    0.1075000000E+001


# Weightfunction after cycle       2014
 0.0000000    0.2668750000E+001    0.5625000000E+000
 0.0101010    0.2506250000E+001    0.4000000000E+000
 0.0202020    0.2756250000E+001    0.5875000000E+000
 0.0303030    0.2643750000E+001    0.6125000000E+000
 0.0404040    0.2650000000E+001    0.4625000000E+000
 0.0505051    0.2631250000E+001    0.3562500000E+000
 0.0606061    0.2762500000E+001    0.4437500000E+000
 0.0707071    0.2868750000E+001    0.6000000000E+000
 0.0808081    0.2893750000E+001    0.3812500000E+000
 0.0909091    0.2881250000E+001    0.4562500000E+000
 0.1010101    0.2918750000E+001    0.5000000000E+000
 0.1111111    0.3050000000E+001    0.4500000000E+000
 0.1212121    0.3131250000E+001    0.3562500000E+000
 0.1313131    0.3187500000E+001    0.5125000000E+000
 0.1414141    0.3337500000E+001    0.3875000000E+000
 0.1515152    0.3293750000E+001    0.4875000000E+000
 0.1616162    0.3337500000E+001    0.5000000000E+000
 0.1717172    0.3618750000E+001    0.3562500000E+000
 0.1818182    0.3481250000E+001    0.3125000000E+000
 0.1919192    0.3475000000E+001    0.3562500000E+000
 0.2020202    0.3743750000E+001    0.5500000000E+000
 0.2121212    0.3375000000E+001    0.3062500000E+000
 0.2222222    0.3506250000E+001    0.3625000000E+000
 0.2323232    0.3200000000E+001    0.5062500000E+000
 0.2424242    0.3193750000E+001    0.2812500000E+000
 0.2525253    0.3300000000E+001    0.3000000000E+000
 0.2626263    0.3431250000E+001    0.3187500000E+000
 0.2727273    0.3243750000E+001    0.4250000000E+000
 0.2828283    0.3043750000E+001    0.3812500000E+000
 0.2929293    0.3137500000E+001    0.4562500000E+000
 0.3030303    0.3075000000E+001    0.5750000000E+000
 0.3131313    0.3093750000E+001    0.4562500000E+000
 0.3232323    0.2981250000E+001    0.3437500000E+000
 0.3333333    0.2718750000E+001    0.1750000000E+000
 0.3434343    0.2862500000E+001    0.2062500000E+000
 0.3535354    0.2793750000E+001    0.1812500000E+000
 0.3636364    0.3087500000E+001    0.2687500000E+000
 0.3737374    0.2756250000E+001    0.2187500000E+000
 0.3838384    0.2925000000E+001    0.2562500000E+000
 0.3939394    0.2656250000E+001    0.3312500000E+000
 0.4040404    0.2893750000E+001    0.3125000000E-001
 0.4141414    0.2350000000E+001    0.2312500000E+000
 0.4242424    0.2368750000E+001    0.2062500000E+000
 0.4343434    0.2518750000E+001    0.3187500000E+000
 0.4444444    0.2518750000E+001    0.3437500000E+000
 0.4545455    0.2337500000E+001    0.1062500000E+000
 0.4646465    0.2475000000E+001    0.1937500000E+000
 0.4747475    0.2593750000E+001    0.3187500000E+000
 0.4848485    0.2368750000E+001    0.0000000000E+000
 0.4949495    0.2437500000E+001    0.1875000000E+000
 0.5050505    0.2081250000E+001    0.3062500000E+000
 0.5151515    0.2175000000E+001    0.2125000000E+000
 0.5252525    0.2081250000E+001    0.1937500000E+000
 0.5353535    0.2243750000E+001    0.2937500000E+000
 0.5454545    0.2312500000E+001    0.2750000000E+000
 0.5555556    0.2100000000E+001    0.8125000000E-001
 0.5656566    0.2025000000E+001    0.5625000000E-001
 0.5757576    0.2356250000E+001    0.2437500000E+000
 0.5858586    0.2337500000E+001    0.3000000000E+000
 0.5959596    0.2106250000E+001    0.1875000000E+000
 0.6060606    0.2218750000E+001    0.3937500000E+000
 0.6161616    0.2331250000E+001    0.4562500000E+000
 0.6262626    0.2293750000E+001    0.1062500000E+000
 0.6363636    0.2362500000E+001    0.2125000000E+000
 0.6464646    0.2131250000E+001    0.2500000000E+000
 0.6565657    0.2068750000E+001    0.2375000000E+000
 0.6666667    0.2387500000E+001    0.3687500000E+000
 0.6767677    0.2306250000E+001    0.2812500000E+000
 0.6868687    0.2225000000E+001    0.4500000000E+000
 0.6969697    0.2231250000E+001    0.3500000000E+000
 0.7070707    0.2268750000E+001    0.2687500000E+000
 0.7171717    0.2393750000E+001    0.4875000000E+000
 0.7272727    0.2343750000E+001    0.3000000000E+000
 0.7373737    0.2237500000E+001    0.3000000000E+000
 0.7474747    0.2400000000E+001    0.3562500000E+000
 0.7575758    0.2318750000E+001    0.3312500000E+000
 0.7676768    0.2275000000E+001    0.2375000000E+000
 0.7777778    0.2325000000E+001    0.3625000000E+000
 0.7878788    0.2256250000E+001    0.3000000000E+000
 0.7979798    0.2287500000E+001    0.2687500000E+000
 0.8080808    0.2256250000E+001    0.2375000000E+000
 0.8181818    0.2318750000E+001    0.3312500000E+000
 0.8282828    0.2368750000E+001    0.4250000000E+000
 0.8383838    0.2381250000E+001    0.4000000000E+000
 0.8484848    0.2300000000E+001    0.3562500000E+000
 0.8585859    0.2325000000E+001    0.3312500000E+000
 0.8686869    0.2262500000E+001    0.2437500000E+000
 0.8787879    0.2225000000E+001    0.2437500000E+000
 0.8888889    0.2356250000E+001    0.3437500000E+000
 0.8989899    0.2256250000E+001    0.2625000000E+000
 0.9090909    0.2200000000E+001    0.2875000000E+000
 0.9191919    0.2231250000E+001    0.3062500000E+000
 0.9292929    0.2381250000E+001    0.3875000000E+000
 0.9393939    0.2337500000E+001    0.4625000000E+000
 0.9494949    0.2350000000E+001    0.3500000000E+000
 0.9595960    0.2337500000E+001    0.3312500000E+000
 0.9696970    0.2337500000E+001    0.2812500000E+000
 0.9797980    0.2581250000E+001    0.4687500000E+000
 0.9898990    0.2437500000E+001    0.3750000000E+000
 1.0000000    0.2368750000E+001    0.3875000000E+000


# Weightfunction after cycle       4937
 0.0000000    0.2592187500E+001    0.3687500000E+000
 0.0101010    0.2576562500E+001    0.3578125000E+000
 0.0202020    0.2571875000E+001    0.3937500000E+000
 0.0303030    0.2642187500E+001    0.4531250000E+000
 0.0404040    0.2712500000E+001    0.4593750000E+000
 0.0505051    0.2690625000E+001    0.3453125000E+000
 0.0606061    0.2839062500E+001    0.5015625000E+000
 0.0707071    0.2757812500E+001    0.2921875000E+000
 0.0808081    0.2892187500E+001    0.4156250000E+000
 0.0909091    0.2948437500E+001    0.3937500000E+000
 0.1010101    0.3025000000E+001    0.3875000000E+000
 0.1111111    0.3153125000E+001    0.3546875000E+000
 0.1212121    0.3225000000E+001    0.3500000000E+000
 0.1313131    0.3370312500E+001    0.3796875000E+000
 0.1414141    0.3465625000E+001    0.4968750000E+000
 0.1515152    0.3507812500E+001    0.4015625000E+000
 0.1616162    0.3518750000E+001    0.3968750000E+000
 0.1717172    0.3592187500E+001    0.4109375000E+000
 0.1818182    0.3465625000E+001    0.3078125000E+000
 0.1919192    0.3685937500E+001    0.4593750000E+000
 0.2020202    0.3601562500E+001    0.3546875000E+000
 0.2121212    0.3790625000E+001    0.3593750000E+000
 0.2222222    0.3609375000E+001    0.3968750000E+000
 0.2323232    0.3592187500E+001    0.3859375000E+000
 0.2424242    0.3653125000E+001    0.3359375000E+000
 0.2525253    0.3606250000E+001    0.3046875000E+000
 0.2626263    0.3512500000E+001    0.3640625000E+000
 0.2727273    0.3487500000E+001    0.3375000000E+000
 0.2828283    0.3451562500E+001    0.3265625000E+000
 0.2929293    0.3415625000E+001    0.2921875000E+000
 0.3030303    0.3390625000E+001    0.2328125000E+000
 0.3131313    0.3364062500E+001    0.2078125000E+000
 0.3232323    0.3400000000E+001    0.2937500000E+000
 0.3333333    0.3267187500E+001    0.2765625000E+000
 0.3434343    0.3229687500E+001    0.1421875000E+000
 0.3535354    0.3209375000E+001    0.2281250000E+000
 0.3636364    0.3048437500E+001    0.2421875000E+000
 0.3737374    0.2990625000E+001    0.2859375000E+000
 0.3838384    0.3056250000E+001    0.2234375000E+000
 0.3939394    0.2931250000E+001    0.3484375000E+000
 0.4040404    0.2885937500E+001    0.1500000000E+000
 0.4141414    0.2829687500E+001    0.2156250000E+000
 0.4242424    0.2746875000E+001    0.2156250000E+000
 0.4343434    0.2693750000E+001    0.3140625000E+000
 0.4444444    0.2579687500E+001    0.1031250000E+000
 0.4545455    0.2584375000E+001    0.1875000000E+000
 0.4646465    0.2515625000E+001    0.1625000000E+000
 0.4747475    0.2495312500E+001    0.1375000000E+000
 0.4848485    0.2521875000E+001    0.9218750000E-001
 0.4949495    0.2400000000E+001    0.1703125000E+000
 0.5050505    0.2301562500E+001    0.0000000000E+000
 0.5151515    0.2314062500E+001    0.1156250000E+000
 0.5252525    0.2334375000E+001    0.1828125000E+000
 0.5353535    0.2329687500E+001    0.8593750000E-001
 0.5454545    0.2270312500E+001    0.1875000000E+000
 0.5555556    0.2371875000E+001    0.1390625000E+000
 0.5656566    0.2329687500E+001    0.1609375000E+000
 0.5757576    0.2371875000E+001    0.1796875000E+000
 0.5858586    0.2354687500E+001    0.1156250000E+000
 0.5959596    0.2314062500E+001    0.1484375000E+000
 0.6060606    0.2346875000E+001    0.9687500000E-001
 0.6161616    0.2275000000E+001    0.1921875000E+000
 0.6262626    0.2412500000E+001    0.6406250000E-001
 0.6363636    0.2418750000E+001    0.1921875000E+000
 0.6464646    0.2375000000E+001    0.1062500000E+000
 0.6565657    0.2304687500E+001    0.1656250000E+000
 0.6666667    0.2470312500E+001    0.1359375000E+000
 0.6767677    0.2354687500E+001    0.9531250000E-001
 0.6868687    0.2353125000E+001    0.1328125000E+000
 0.6969697    0.2223437500E+001    0.1750000000E+000
 0.7070707    0.2381250000E+001    0.1671875000E+000
 0.7171717    0.2403125000E+001    0.2015625000E+000
 0.7272727    0.2285937500E+001    0.1250000000E+000
 0.7373737    0.2339062500E+001    0.1125000000E+000
 0.7474747    0.2379687500E+001    0.1406250000E+000
 0.7575758    0.2292187500E+001    0.1046875000E+000
 0.7676768    0.2359375000E+001    0.9843750000E-001
 0.7777778    0.2334375000E+001    0.1343750000E+000
 0.7878788    0.2339062500E+001    0.1234375000E+000
 0.7979798    0.2317187500E+001    0.1328125000E+000
 0.8080808    0.2325000000E+001    0.1593750000E+000
 0.8181818    0.2329687500E+001    0.1140625000E+000
 0.8282828    0.2345312500E+001    0.1187500000E+000
 0.8383838    0.2334375000E+001    0.1234375000E+000
 0.8484848    0.2354687500E+001    0.1109375000E+000
 0.8585859    0.2395312500E+001    0.1109375000E+000
 0.8686869    0.2293750000E+001    0.4375000000E-001
 0.8787879    0.2256250000E+001    0.5000000000E-001
 0.8888889    0.2267187500E+001    0.4375000000E-001
 0.8989899    0.2260937500E+001    0.8281250000E-001
 0.9090909    0.2307812500E+001    0.8437500000E-001
 0.9191919    0.2309375000E+001    0.9062500000E-001
 0.9292929    0.2334375000E+001    0.1000000000E+000
 0.9393939    0.2346875000E+001    0.1250000000E+000
 0.9494949    0.2345312500E+001    0.1000000000E+000
 0.9595960    0.2354687500E+001    0.1625000000E+000
 0.9696970    0.2239062500E+001    0.6406250000E-001
 0.9797980    0.2229687500E+001    0.4218750000E-001
 0.9898990    0.2326562500E+001    0.1328125000E+000
 1.0000000    0.2346875000E+001    0.1609375000E+000


# Weightfunction after cycle       9301
 0.0000000    0.2442968750E+001    0.2390625000E+000
 0.0101010    0.2479296875E+001    0.2933593750E+000
 0.0202020    0.2481250000E+001    0.2949218750E+000
 0.0303030    0.2546484375E+001    0.3292968750E+000
 0.0404040    0.2573437500E+001    0.3804687500E+000
 0.0505051    0.2557031250E+001    0.2363281250E+000
 0.0606061    0.2618750000E+001    0.2824218750E+000
 0.0707071    0.2666796875E+001    0.2617187500E+000
 0.0808081    0.2840625000E+001    0.3664062500E+000
 0.0909091    0.2812109375E+001    0.2656250000E+000
 0.1010101    0.2935546875E+001    0.3136718750E+000
 0.1111111    0.3012109375E+001    0.2968750000E+000
 0.1212121    0.3080859375E+001    0.3019531250E+000
 0.1313131    0.3208984375E+001    0.3398437500E+000
 0.1414141    0.3326562500E+001    0.3316406250E+000
 0.1515152    0.3304296875E+001    0.2464843750E+000
 0.1616162    0.3375000000E+001    0.2914062500E+000
 0.1717172    0.3478906250E+001    0.3171875000E+000
 0.1818182    0.3428125000E+001    0.2839843750E+000
 0.1919192    0.3465625000E+001    0.3289062500E+000
 0.2020202    0.3505468750E+001    0.2902343750E+000
 0.2121212    0.3525390625E+001    0.2695312500E+000
 0.2222222    0.3459375000E+001    0.2523437500E+000
 0.2323232    0.3475000000E+001    0.2945312500E+000
 0.2424242    0.3464062500E+001    0.2781250000E+000
 0.2525253    0.3424609375E+001    0.2785156250E+000
 0.2626263    0.3385546875E+001    0.2523437500E+000
 0.2727273    0.3389062500E+001    0.2585937500E+000
 0.2828283    0.3267968750E+001    0.2382812500E+000
 0.2929293    0.3341796875E+001    0.2695312500E+000
 0.3030303    0.3231640625E+001    0.2246093750E+000
 0.3131313    0.3246093750E+001    0.1703125000E+000
 0.3232323    0.3168750000E+001    0.2425781250E+000
 0.3333333    0.3098046875E+001    0.1675781250E+000
 0.3434343    0.3101953125E+001    0.1578125000E+000
 0.3535354    0.3015625000E+001    0.2132812500E+000
 0.3636364    0.2966406250E+001    0.1718750000E+000
 0.3737374    0.2876171875E+001    0.1589843750E+000
 0.3838384    0.2846484375E+001    0.1871093750E+000
 0.3939394    0.2795703125E+001    0.1476562500E+000
 0.4040404    0.2740625000E+001    0.1597656250E+000
 0.4141414    0.2693750000E+001    0.1351562500E+000
 0.4242424    0.2621093750E+001    0.1632812500E+000
 0.4343434    0.2582031250E+001    0.1617187500E+000
 0.4444444    0.2452343750E+001    0.1171875000E+000
 0.4545455    0.2453125000E+001    0.1484375000E+000
 0.4646465    0.2386328125E+001    0.1652343750E+000
 0.4747475    0.2311328125E+001    0.6875000000E-001
 0.4848485    0.2292968750E+001    0.1246093750E+000
 0.4949495    0.2238281250E+001    0.6406250000E-001
 0.5050505    0.2226171875E+001    0.7695312500E-001
 0.5151515    0.2166015625E+001    0.7226562500E-001
 0.5252525    0.2173828125E+001    0.1003906250E+000
 0.5353535    0.2168750000E+001    0.0000000000E+000
 0.5454545    0.2126953125E+001    0.1332031250E+000
 0.5555556    0.2193750000E+001    0.9804687500E-001
 0.5656566    0.2119531250E+001    0.1246093750E+000
 0.5757576    0.2235156250E+001    0.1531250000E+000
 0.5858586    0.2189062500E+001    0.7773437500E-001
 0.5959596    0.2204687500E+001    0.1312500000E+000
 0.6060606    0.2152734375E+001    0.6132812500E-001
 0.6161616    0.2185546875E+001    0.1070312500E+000
 0.6262626    0.2151562500E+001    0.9179687500E-001
 0.6363636    0.2156640625E+001    0.1449218750E+000
 0.6464646    0.2160937500E+001    0.8437500000E-001
 0.6565657    0.2169140625E+001    0.5937500000E-001
 0.6666667    0.2182421875E+001    0.1117187500E+000
 0.6767677    0.2184375000E+001    0.7695312500E-001
 0.6868687    0.2141015625E+001    0.9218750000E-001
 0.6969697    0.2117187500E+001    0.8320312500E-001
 0.7070707    0.2206640625E+001    0.1128906250E+000
 0.7171717    0.2170312500E+001    0.9492187500E-001
 0.7272727    0.2134375000E+001    0.5703125000E-001
 0.7373737    0.2140234375E+001    0.6289062500E-001
 0.7474747    0.2198828125E+001    0.1003906250E+000
 0.7575758    0.2154687500E+001    0.6914062500E-001
 0.7676768    0.2150000000E+001    0.4648437500E-001
 0.7777778    0.2170703125E+001    0.9296875000E-001
 0.7878788    0.2156640625E+001    0.6914062500E-001
 0.7979798    0.2155859375E+001    0.8281250000E-001
 0.8080808    0.2180859375E+001    0.9609375000E-001
 0.8181818    0.2162109375E+001    0.6289062500E-001
 0.8282828    0.2153125000E+001    0.8203125000E-001
 0.8383838    0.2152734375E+001    0.9218750000E-001
 0.8484848    0.2186718750E+001    0.7539062500E-001
 0.8585859    0.2196484375E+001    0.1027343750E+000
 0.8686869    0.2164062500E+001    0.1089843750E+000
 0.8787879    0.2137109375E+001    0.4414062500E-001
 0.8888889    0.2180859375E+001    0.8828125000E-001
 0.8989899    0.2177734375E+001    0.8632812500E-001
 0.9090909    0.2178515625E+001    0.9375000000E-001
 0.9191919    0.2162500000E+001    0.5585937500E-001
 0.9292929    0.2205078125E+001    0.1085937500E+000
 0.9393939    0.2171875000E+001    0.9726562500E-001
 0.9494949    0.2184375000E+001    0.8828125000E-001
 0.9595960    0.2235937500E+001    0.1480468750E+000
 0.9696970    0.2138281250E+001    0.7343750000E-001
 0.9797980    0.2161718750E+001    0.5585937500E-001
 0.9898990    0.2227734375E+001    0.1292968750E+000
 1.0000000    0.2173437500E+001    0.9570312500E-001


# Weightfunction after cycle      21691
 0.0000000    0.2440332031E+001    0.2147460937E+000
 0.0101010    0.2432226563E+001    0.1997070312E+000
 0.0202020    0.2464550781E+001    0.2333984375E+000
 0.0303030    0.2472363281E+001    0.2100585937E+000
 0.0404040    0.2534179688E+001    0.2393554687E+000
 0.0505051    0.2539257813E+001    0.2067382812E+000
 0.0606061    0.2587011719E+001    0.2148437500E+000
 0.0707071    0.2673535156E+001    0.2373046875E+000
 0.0808081    0.2746875000E+001    0.2272460937E+000
 0.0909091    0.2840136719E+001    0.2142578125E+000
 0.1010101    0.2886816406E+001    0.2278320312E+000
 0.1111111    0.2998925781E+001    0.2274414062E+000
 0.1212121    0.3101562500E+001    0.2260742187E+000
 0.1313131    0.3185742188E+001    0.2469726562E+000
 0.1414141    0.3279492188E+001    0.2470703125E+000
 0.1515152    0.3319335938E+001    0.1902343750E+000
 0.1616162    0.3384863281E+001    0.2279296875E+000
 0.1717172    0.3471777344E+001    0.2441406250E+000
 0.1818182    0.3450781250E+001    0.2048828125E+000
 0.1919192    0.3500097656E+001    0.2298828125E+000
 0.2020202    0.3509570313E+001    0.2042968750E+000
 0.2121212    0.3527148438E+001    0.1947265625E+000
 0.2222222    0.3524121094E+001    0.2119140625E+000
 0.2323232    0.3514355469E+001    0.2215820312E+000
 0.2424242    0.3480468750E+001    0.1832031250E+000
 0.2525253    0.3469628906E+001    0.2028320312E+000
 0.2626263    0.3462011719E+001    0.1926757812E+000
 0.2727273    0.3388476563E+001    0.1724609375E+000
 0.2828283    0.3370019531E+001    0.1694335937E+000
 0.2929293    0.3352441406E+001    0.1870117187E+000
 0.3030303    0.3295312500E+001    0.1480468750E+000
 0.3131313    0.3276269531E+001    0.1268554687E+000
 0.3232323    0.3230273438E+001    0.1723632812E+000
 0.3333333    0.3187402344E+001    0.1341796875E+000
 0.3434343    0.3148828125E+001    0.1014648437E+000
 0.3535354    0.3090722656E+001    0.1158203125E+000
 0.3636364    0.3038964844E+001    0.9589843750E-001
 0.3737374    0.2976269531E+001    0.9384765625E-001
 0.3838384    0.2929687500E+001    0.9082031250E-001
 0.3939394    0.2893066406E+001    0.7890625000E-001
 0.4040404    0.2814941406E+001    0.7031250000E-001
 0.4141414    0.2771777344E+001    0.8125000000E-001
 0.4242424    0.2709375000E+001    0.6953125000E-001
 0.4343434    0.2648144531E+001    0.6191406250E-001
 0.4444444    0.2570312500E+001    0.6123046875E-001
 0.4545455    0.2529101563E+001    0.5507812500E-001
 0.4646465    0.2469921875E+001    0.4140625000E-001
 0.4747475    0.2398144531E+001    0.1660156250E-001
 0.4848485    0.2355273438E+001    0.3095703125E-001
 0.4949495    0.2273339844E+001    0.1035156250E-001
 0.5050505    0.2263476563E+001    0.1035156250E-001
 0.5151515    0.2233691406E+001    0.4589843750E-002
 0.5252525    0.2240332031E+001    0.1230468750E-001
 0.5353535    0.2257031250E+001    0.0000000000E+000
 0.5454545    0.2242773438E+001    0.1357421875E-001
 0.5555556    0.2219921875E+001    0.2255859375E-001
 0.5656566    0.2236328125E+001    0.2773437500E-001
 0.5757576    0.2264453125E+001    0.2031250000E-001
 0.5858586    0.2234570313E+001    0.5957031250E-002
 0.5959596    0.2258789063E+001    0.5468750000E-002
 0.6060606    0.2232714844E+001    0.2734375000E-001
 0.6161616    0.2244531250E+001    0.2441406250E-001
 0.6262626    0.2242871094E+001    0.1738281250E-001
 0.6363636    0.2237597656E+001    0.3369140625E-001
 0.6464646    0.2210253906E+001    0.2402343750E-001
 0.6565657    0.2245214844E+001    0.6640625000E-002
 0.6666667    0.2241406250E+001    0.1699218750E-001
 0.6767677    0.2252441406E+001    0.2695312500E-001
 0.6868687    0.2232617188E+001    0.2001953125E-001
 0.6969697    0.2209863281E+001    0.4882812500E-002
 0.7070707    0.2236914063E+001    0.1777343750E-001
 0.7171717    0.2229199219E+001    0.1093750000E-001
 0.7272727    0.2215234375E+001    0.1171875000E-002
 0.7373737    0.2231347656E+001    0.8886718750E-002
 0.7474747    0.2250488281E+001    0.2763671875E-001
 0.7575758    0.2241406250E+001    0.1386718750E-001
 0.7676768    0.2230761719E+001    0.6250000000E-002
 0.7777778    0.2236230469E+001    0.2841796875E-001
 0.7878788    0.2226562500E+001    0.1806640625E-001
 0.7979798    0.2231347656E+001    0.1748046875E-001
 0.8080808    0.2230273438E+001    0.1171875000E-002
 0.8181818    0.2241796875E+001    0.1630859375E-001
 0.8282828    0.2219628906E+001    0.7324218750E-002
 0.8383838    0.2240234375E+001    0.2861328125E-001
 0.8484848    0.2235351563E+001    0.5664062500E-002
 0.8585859    0.2240429688E+001    0.1376953125E-001
 0.8686869    0.2241406250E+001    0.2646484375E-001
 0.8787879    0.2215625000E+001    0.2050781250E-002
 0.8888889    0.2233007813E+001    0.1464843750E-001
 0.8989899    0.2249218750E+001    0.2148437500E-001
 0.9090909    0.2230664063E+001    0.2294921875E-001
 0.9191919    0.2228613281E+001    0.7617187500E-002
 0.9292929    0.2238964844E+001    0.2792968750E-001
 0.9393939    0.2245214844E+001    0.2041015625E-001
 0.9494949    0.2244335938E+001    0.1201171875E-001
 0.9595960    0.2249316406E+001    0.2724609375E-001
 0.9696970    0.2230371094E+001    0.1572265625E-001
 0.9797980    0.2242285156E+001    0.2265625000E-001
 0.9898990    0.2225292969E+001    0.1621093750E-001
 1.0000000    0.2235546875E+001    0.1533203125E-001


# Weightfunction after cycle      28012
 0.0000000    0.2451196289E+001    0.2140380859E+000
 0.0101010    0.2457202148E+001    0.2114501953E+000
 0.0202020    0.2486474609E+001    0.2481445312E+000
 0.0303030    0.2485400391E+001    0.2126953125E+000
 0.0404040    0.2549365234E+001    0.2410644531E+000
 0.0505051    0.2552905273E+001    0.2102783203E+000
 0.0606061    0.2608154297E+001    0.2218505859E+000
 0.0707071    0.2688793945E+001    0.2399169922E+000
 0.0808081    0.2757202148E+001    0.2276855469E+000
 0.0909091    0.2856982422E+001    0.2234863281E+000
 0.1010101    0.2900439453E+001    0.2280273437E+000
 0.1111111    0.3015307617E+001    0.2311279297E+000
 0.1212121    0.3118212891E+001    0.2369873047E+000
 0.1313131    0.3200268555E+001    0.2488037109E+000
 0.1414141    0.3296191406E+001    0.2541259766E+000
 0.1515152    0.3340698242E+001    0.2042480469E+000
 0.1616162    0.3406689453E+001    0.2364013672E+000
 0.1717172    0.3483227539E+001    0.2513427734E+000
 0.1818182    0.3470410156E+001    0.2116455078E+000
 0.1919192    0.3513891602E+001    0.2319091797E+000
 0.2020202    0.3530053711E+001    0.2096679687E+000
 0.2121212    0.3537158203E+001    0.2039550781E+000
 0.2222222    0.3535864258E+001    0.2151123047E+000
 0.2323232    0.3527563477E+001    0.2187255859E+000
 0.2424242    0.3491821289E+001    0.1875000000E+000
 0.2525253    0.3483325195E+001    0.2081787109E+000
 0.2626263    0.3473022461E+001    0.1937500000E+000
 0.2727273    0.3412280273E+001    0.1783447266E+000
 0.2828283    0.3383886719E+001    0.1732910156E+000
 0.2929293    0.3367163086E+001    0.1881591797E+000
 0.3030303    0.3312670898E+001    0.1543457031E+000
 0.3131313    0.3290795898E+001    0.1376220703E+000
 0.3232323    0.3238989258E+001    0.1733398437E+000
 0.3333333    0.3196166992E+001    0.1396240234E+000
 0.3434343    0.3161376953E+001    0.1111572266E+000
 0.3535354    0.3097241211E+001    0.1136718750E+000
 0.3636364    0.3052099609E+001    0.1002929687E+000
 0.3737374    0.2990966797E+001    0.1025390625E+000
 0.3838384    0.2945141602E+001    0.9755859375E-001
 0.3939394    0.2900756836E+001    0.8935546875E-001
 0.4040404    0.2823608398E+001    0.7231445312E-001
 0.4141414    0.2783032227E+001    0.8713378906E-001
 0.4242424    0.2717553711E+001    0.7622070312E-001
 0.4343434    0.2661474609E+001    0.5900878906E-001
 0.4444444    0.2585278320E+001    0.6401367187E-001
 0.4545455    0.2531835938E+001    0.6169433594E-001
 0.4646465    0.2477758789E+001    0.4641113281E-001
 0.4747475    0.2405249023E+001    0.2268066406E-001
 0.4848485    0.2359619141E+001    0.3547363281E-001
 0.4949495    0.2280371094E+001    0.1152343750E-001
 0.5050505    0.2272631836E+001    0.9497070312E-002
 0.5151515    0.2242431641E+001    0.8081054687E-002
 0.5252525    0.2247119141E+001    0.1137695313E-001
 0.5353535    0.2262817383E+001    0.7080078125E-002
 0.5454545    0.2254687500E+001    0.1301269531E-001
 0.5555556    0.2235302734E+001    0.2619628906E-001
 0.5656566    0.2246557617E+001    0.2736816406E-001
 0.5757576    0.2265087891E+001    0.1398925781E-001
 0.5858586    0.2240332031E+001    0.9228515625E-002
 0.5959596    0.2264672852E+001    0.8471679688E-002
 0.6060606    0.2246240234E+001    0.2839355469E-001
 0.6161616    0.2252441406E+001    0.2692871094E-001
 0.6262626    0.2251220703E+001    0.2048339844E-001
 0.6363636    0.2240869141E+001    0.2753906250E-001
 0.6464646    0.2221801758E+001    0.1972656250E-001
 0.6565657    0.2251733398E+001    0.5273437500E-002
 0.6666667    0.2250122070E+001    0.1630859375E-001
 0.6767677    0.2256982422E+001    0.2246093750E-001
 0.6868687    0.2235571289E+001    0.2158203125E-001
 0.6969697    0.2226586914E+001    0.0000000000E+000
 0.7070707    0.2243188477E+001    0.1835937500E-001
 0.7171717    0.2239233398E+001    0.1525878906E-001
 0.7272727    0.2224609375E+001    0.4809570313E-002
 0.7373737    0.2240502930E+001    0.9497070312E-002
 0.7474747    0.2257226563E+001    0.2702636719E-001
 0.7575758    0.2246899414E+001    0.1489257812E-001
 0.7676768    0.2237646484E+001    0.7543945312E-002
 0.7777778    0.2241381836E+001    0.2624511719E-001
 0.7878788    0.2233422852E+001    0.1474609375E-001
 0.7979798    0.2234375000E+001    0.1201171875E-001
 0.8080808    0.2233154297E+001    0.1049804688E-002
 0.8181818    0.2250878906E+001    0.1704101562E-001
 0.8282828    0.2229321289E+001    0.9887695312E-002
 0.8383838    0.2245629883E+001    0.2062988281E-001
 0.8484848    0.2240625000E+001    0.4907226562E-002
 0.8585859    0.2246899414E+001    0.1723632812E-001
 0.8686869    0.2243017578E+001    0.2038574219E-001
 0.8787879    0.2222070313E+001    0.4296875000E-002
 0.8888889    0.2244580078E+001    0.1887207031E-001
 0.8989899    0.2247070313E+001    0.1572265625E-001
 0.9090909    0.2240502930E+001    0.2343750000E-001
 0.9191919    0.2236718750E+001    0.8496093750E-002
 0.9292929    0.2243286133E+001    0.2617187500E-001
 0.9393939    0.2251708984E+001    0.2062988281E-001
 0.9494949    0.2248120117E+001    0.1135253906E-001
 0.9595960    0.2250146484E+001    0.1997070313E-001
 0.9696970    0.2235107422E+001    0.1235351562E-001
 0.9797980    0.2247875977E+001    0.1989746094E-001
 0.9898990    0.2232226563E+001    0.1479492188E-001
 1.0000000    0.2237060547E+001    0.9863281250E-002


# Weightfunction after cycle      31454
 0.0000000    0.2453601074E+001    0.2152648926E+000
 0.0101010    0.2460516357E+001    0.2136047363E+000
 0.0202020    0.2487335205E+001    0.2475036621E+000
 0.0303030    0.2489068604E+001    0.2146667480E+000
 0.0404040    0.2550793457E+001    0.2414428711E+000
 0.0505051    0.2556396484E+001    0.2122863770E+000
 0.0606061    0.2610668945E+001    0.2226135254E+000
 0.0707071    0.2689672852E+001    0.2393066406E+000
 0.0808081    0.2758972168E+001    0.2285095215E+000
 0.0909091    0.2859497070E+001    0.2249450684E+000
 0.1010101    0.2902313232E+001    0.2290100098E+000
 0.1111111    0.3017761230E+001    0.2323120117E+000
 0.1212121    0.3119403076E+001    0.2381652832E+000
 0.1313131    0.3201922607E+001    0.2493530273E+000
 0.1414141    0.3298114014E+001    0.2553283691E+000
 0.1515152    0.3342071533E+001    0.2056701660E+000
 0.1616162    0.3408111572E+001    0.2377258301E+000
 0.1717172    0.3483917236E+001    0.2515991211E+000
 0.1818182    0.3473663330E+001    0.2128906250E+000
 0.1919192    0.3514141846E+001    0.2317016602E+000
 0.2020202    0.3531665039E+001    0.2108032227E+000
 0.2121212    0.3538128662E+001    0.2047912598E+000
 0.2222222    0.3537969971E+001    0.2157653809E+000
 0.2323232    0.3528527832E+001    0.2193481445E+000
 0.2424242    0.3494885254E+001    0.1884216309E+000
 0.2525253    0.3485961914E+001    0.2093078613E+000
 0.2626263    0.3474005127E+001    0.1930358887E+000
 0.2727273    0.3413995361E+001    0.1800354004E+000
 0.2828283    0.3385168457E+001    0.1738403320E+000
 0.2929293    0.3367681885E+001    0.1898193359E+000
 0.3030303    0.3315576172E+001    0.1556457520E+000
 0.3131313    0.3291857910E+001    0.1378967285E+000
 0.3232323    0.3239318848E+001    0.1736328125E+000
 0.3333333    0.3197082520E+001    0.1406860352E+000
 0.3434343    0.3163317871E+001    0.1113708496E+000
 0.3535354    0.3098699951E+001    0.1142150879E+000
 0.3636364    0.3054089355E+001    0.1014404297E+000
 0.3737374    0.2992382813E+001    0.1033752441E+000
 0.3838384    0.2944348145E+001    0.9875488281E-001
 0.3939394    0.2902551270E+001    0.8962402344E-001
 0.4040404    0.2825646973E+001    0.7297363281E-001
 0.4141414    0.2784356689E+001    0.8796997070E-001
 0.4242424    0.2719989014E+001    0.7672729492E-001
 0.4343434    0.2662017822E+001    0.5820922852E-001
 0.4444444    0.2586840820E+001    0.6464233398E-001
 0.4545455    0.2532873535E+001    0.6160888672E-001
 0.4646465    0.2479156494E+001    0.4724121094E-001
 0.4747475    0.2406011963E+001    0.2453002930E-001
 0.4848485    0.2360040283E+001    0.3591308594E-001
 0.4949495    0.2282653809E+001    0.1237792969E-001
 0.5050505    0.2273181152E+001    0.1021728516E-001
 0.5151515    0.2244555664E+001    0.8868408203E-002
 0.5252525    0.2248767090E+001    0.1278076172E-001
 0.5353535    0.2263568115E+001    0.8093261719E-002
 0.5454545    0.2256005859E+001    0.1339721680E-001
 0.5555556    0.2236950684E+001    0.2681884766E-001
 0.5656566    0.2248596191E+001    0.2824096680E-001
 0.5757576    0.2266442871E+001    0.1459960938E-001
 0.5858586    0.2242340088E+001    0.9613037109E-002
 0.5959596    0.2266522217E+001    0.8728027344E-002
 0.6060606    0.2247094727E+001    0.2886962891E-001
 0.6161616    0.2253521729E+001    0.2683715820E-001
 0.6262626    0.2251885986E+001    0.2072143555E-001
 0.6363636    0.2242706299E+001    0.2844238281E-001
 0.6464646    0.2223352051E+001    0.1925048828E-001
 0.6565657    0.2254107666E+001    0.6445312500E-002
 0.6666667    0.2252160645E+001    0.1713256836E-001
 0.6767677    0.2257775879E+001    0.2304077148E-001
 0.6868687    0.2236395264E+001    0.2207641602E-001
 0.6969697    0.2228222656E+001    0.0000000000E+000
 0.7070707    0.2243304443E+001    0.1833496094E-001
 0.7171717    0.2240167236E+001    0.1630249023E-001
 0.7272727    0.2225634766E+001    0.5487060547E-002
 0.7373737    0.2240808105E+001    0.1040649414E-001
 0.7474747    0.2257269287E+001    0.2695922852E-001
 0.7575758    0.2248516846E+001    0.1617431641E-001
 0.7676768    0.2238873291E+001    0.8233642578E-002
 0.7777778    0.2241729736E+001    0.2639160156E-001
 0.7878788    0.2233831787E+001    0.1542358398E-001
 0.7979798    0.2235797119E+001    0.1332397461E-001
 0.8080808    0.2233911133E+001    0.2142333984E-002
 0.8181818    0.2252197266E+001    0.1859130859E-001
 0.8282828    0.2230407715E+001    0.1033325195E-001
 0.8383838    0.2245861816E+001    0.2149047852E-001
 0.8484848    0.2241778564E+001    0.5999755859E-002
 0.8585859    0.2248065186E+001    0.1887817383E-001
 0.8686869    0.2243548584E+001    0.2101440430E-001
 0.8787879    0.2223150635E+001    0.5609130859E-002
 0.8888889    0.2245361328E+001    0.1979370117E-001
 0.8989899    0.2248516846E+001    0.1774291992E-001
 0.9090909    0.2241412354E+001    0.2394409180E-001
 0.9191919    0.2238000488E+001    0.9350585937E-002
 0.9292929    0.2243225098E+001    0.2686767578E-001
 0.9393939    0.2252215576E+001    0.2116699219E-001
 0.9494949    0.2248944092E+001    0.1228637695E-001
 0.9595960    0.2251031494E+001    0.2170410156E-001
 0.9696970    0.2236010742E+001    0.1395874023E-001
 0.9797980    0.2248559570E+001    0.2020263672E-001
 0.9898990    0.2232830811E+001    0.1549072266E-001
 1.0000000    0.2238513184E+001    0.1129150391E-001


# Weightfunction after cycle      63853
 0.0000000    0.2454318237E+001    0.2129135132E+000
 0.0101010    0.2463145447E+001    0.2123153687E+000
 0.0202020    0.2488038635E+001    0.2436447144E+000
 0.0303030    0.2490681458E+001    0.2132858276E+000
 0.0404040    0.2550888062E+001    0.2382537842E+000
 0.0505051    0.2558978271E+001    0.2110916138E+000
 0.0606061    0.2613114929E+001    0.2202590942E+000
 0.0707071    0.2691612244E+001    0.2363754272E+000
 0.0808081    0.2760897827E+001    0.2263290405E+000
 0.0909091    0.2861128235E+001    0.2236206055E+000
 0.1010101    0.2906431580E+001    0.2276123047E+000
 0.1111111    0.3020048523E+001    0.2299667358E+000
 0.1212121    0.3122225952E+001    0.2360412598E+000
 0.1313131    0.3204470825E+001    0.2462570190E+000
 0.1414141    0.3298854065E+001    0.2520065308E+000
 0.1515152    0.3345132446E+001    0.2055877686E+000
 0.1616162    0.3412268066E+001    0.2358886719E+000
 0.1717172    0.3486537170E+001    0.2489181519E+000
 0.1818182    0.3478649902E+001    0.2121749878E+000
 0.1919192    0.3517558289E+001    0.2290832520E+000
 0.2020202    0.3534713745E+001    0.2091918945E+000
 0.2121212    0.3542633057E+001    0.2037246704E+000
 0.2222222    0.3541401672E+001    0.2130294800E+000
 0.2323232    0.3533541870E+001    0.2175292969E+000
 0.2424242    0.3500733948E+001    0.1883041382E+000
 0.2525253    0.3489678955E+001    0.2069046021E+000
 0.2626263    0.3478669739E+001    0.1906143188E+000
 0.2727273    0.3419697571E+001    0.1786529541E+000
 0.2828283    0.3390953064E+001    0.1723999023E+000
 0.2929293    0.3372093201E+001    0.1871063232E+000
 0.3030303    0.3321530151E+001    0.1545883179E+000
 0.3131313    0.3296473694E+001    0.1379394531E+000
 0.3232323    0.3244483948E+001    0.1714111328E+000
 0.3333333    0.3202169800E+001    0.1403091431E+000
 0.3434343    0.3168884277E+001    0.1117599487E+000
 0.3535354    0.3104522705E+001    0.1147567749E+000
 0.3636364    0.3060246277E+001    0.1026351929E+000
 0.3737374    0.2997924805E+001    0.1029830933E+000
 0.3838384    0.2949851990E+001    0.9824371338E-001
 0.3939394    0.2907569885E+001    0.8929901123E-001
 0.4040404    0.2830693054E+001    0.7301483154E-001
 0.4141414    0.2790003967E+001    0.8760070801E-001
 0.4242424    0.2725711060E+001    0.7643737793E-001
 0.4343434    0.2666990662E+001    0.5902709961E-001
 0.4444444    0.2593127441E+001    0.6401977539E-001
 0.4545455    0.2539376831E+001    0.6080474854E-001
 0.4646465    0.2485841370E+001    0.4623413086E-001
 0.4747475    0.2412339783E+001    0.2481842041E-001
 0.4848485    0.2364234924E+001    0.3524780273E-001
 0.4949495    0.2288449097E+001    0.1167297363E-001
 0.5050505    0.2277369690E+001    0.1065826416E-001
 0.5151515    0.2250582886E+001    0.9753417969E-002
 0.5252525    0.2254339600E+001    0.1324920654E-001
 0.5353535    0.2270019531E+001    0.7720947266E-002
 0.5454545    0.2260772705E+001    0.1220092773E-001
 0.5555556    0.2243576050E+001    0.2486114502E-001
 0.5656566    0.2254421997E+001    0.2748718262E-001
 0.5757576    0.2271966553E+001    0.1411437988E-001
 0.5858586    0.2247837830E+001    0.8628845215E-002
 0.5959596    0.2270933533E+001    0.9120178223E-002
 0.6060606    0.2252517700E+001    0.2819976807E-001
 0.6161616    0.2259027100E+001    0.2611236572E-001
 0.6262626    0.2257374573E+001    0.1993103027E-001
 0.6363636    0.2247424316E+001    0.2756958008E-001
 0.6464646    0.2230079651E+001    0.1970672607E-001
 0.6565657    0.2259194946E+001    0.6439208984E-002
 0.6666667    0.2257719421E+001    0.1673126221E-001
 0.6767677    0.2262950134E+001    0.2191467285E-001
 0.6868687    0.2242788696E+001    0.2091979980E-001
 0.6969697    0.2234860229E+001    0.0000000000E+000
 0.7070707    0.2248966980E+001    0.1785583496E-001
 0.7171717    0.2246609497E+001    0.1636962891E-001
 0.7272727    0.2232217407E+001    0.6274414063E-002
 0.7373737    0.2246655273E+001    0.1051788330E-001
 0.7474747    0.2262626648E+001    0.2682495117E-001
 0.7575758    0.2254248047E+001    0.1649169922E-001
 0.7676768    0.2245222473E+001    0.8575439453E-002
 0.7777778    0.2247665405E+001    0.2522583008E-001
 0.7878788    0.2239929199E+001    0.1455078125E-001
 0.7979798    0.2241941833E+001    0.1333770752E-001
 0.8080808    0.2240473938E+001    0.2755737305E-002
 0.8181818    0.2257775879E+001    0.1850891113E-001
 0.8282828    0.2236770630E+001    0.1069946289E-001
 0.8383838    0.2251843262E+001    0.2095489502E-001
 0.8484848    0.2248007202E+001    0.6192016602E-002
 0.8585859    0.2254142761E+001    0.1866149902E-001
 0.8686869    0.2250239563E+001    0.2130889893E-001
 0.8787879    0.2229219055E+001    0.5136108398E-002
 0.8888889    0.2250715637E+001    0.1930999756E-001
 0.8989899    0.2253918457E+001    0.1719055176E-001
 0.9090909    0.2247036743E+001    0.2281799316E-001
 0.9191919    0.2243493652E+001    0.9605407715E-002
 0.9292929    0.2248930359E+001    0.2637176514E-001
 0.9393939    0.2257635498E+001    0.2033996582E-001
 0.9494949    0.2253993225E+001    0.1209869385E-001
 0.9595960    0.2256001282E+001    0.2037658691E-001
 0.9696970    0.2242597961E+001    0.1451416016E-001
 0.9797980    0.2254690552E+001    0.2073364258E-001
 0.9898990    0.2238455200E+001    0.1516113281E-001
 1.0000000    0.2244201660E+001    0.1146087646E-001


