# Identity Change Acceptance ratios and number of Accepted and Trial Moves (per box) as a function of Lambda
 0.00500 0.00000         0         0 0.00000         0         0
 0.01500 0.00000         0         0 0.00000         0         0
 0.02500 0.00000         0         0 0.00000         0         0
 0.03500 0.00000         0         0 0.00000         0         0
 0.04500 0.00000         0         0 0.00000         0         0
 0.05500 0.00000         0         0 0.00000         0         0
 0.06500 0.00000         0         0 0.00000         0         0
 0.07500 0.00000         0         0 0.00000         0         0
 0.08500 0.00000         0         0 0.00000         0         0
 0.09500 0.00000         0         0 0.00000         0         0
 0.10500 0.00000         0         0 0.00000         0         0
 0.11500 0.00000         0         0 0.00000         0         0
 0.12500 0.00000         0         0 0.00000         0         0
 0.13500 0.00000         0         0 0.00000         0         0
 0.14500 0.00000         0         0 0.00000         0         0
 0.15500 0.00000         0         0 0.00000         0         0
 0.16500 0.00000         0         0 0.00000         0         0
 0.17500 0.00000         0         0 0.00000         0         0
 0.18500 0.00000         0         0 0.00000         0         0
 0.19500 0.00000         0         0 0.00000         0         0
 0.20500 0.00000         0         0 0.00000         0         0
 0.21500 0.00000         0         0 0.00000         0         0
 0.22500 0.00000         0         0 0.00000         0         0
 0.23500 0.00000         0         0 0.00000         0         0
 0.24500 0.00000         0         0 0.00000         0         0
 0.25500 0.00000         0         0 0.00000         0         0
 0.26500 0.00000         0         0 0.00000         0         0
 0.27500 0.00000         0         0 0.00000         0         0
 0.28500 0.00000         0         0 0.00000         0         0
 0.29500 0.00000         0         0 0.00000         0         0
 0.30500 0.00000         0         0 0.00000         0         0
 0.31500 0.00000         0         0 0.00000         0         0
 0.32500 0.00000         0         0 0.00000         0         0
 0.33500 0.00000         0         0 0.00000         0         0
 0.34500 0.00000         0         0 0.00000         0         0
 0.35500 0.00000         0         0 0.00000         0         0
 0.36500 0.00000         0         0 0.00000         0         0
 0.37500 0.00000         0         0 0.00000         0         0
 0.38500 0.00000         0         0 0.00000         0         0
 0.39500 0.00000         0         0 0.00000         0         0
 0.40500 0.00000         0         0 0.00000         0         0
 0.41500 0.00000         0         0 0.00000         0         0
 0.42500 0.00000         0         0 0.00000         0         0
 0.43500 0.00000         0         0 0.00000         0         0
 0.44500 0.00000         0         0 0.00000         0         0
 0.45500 0.00000         0         0 0.00000         0         0
 0.46500 0.00000         0         0 0.00000         0         0
 0.47500 0.00000         0         0 0.00000         0         0
 0.48500 0.00000         0         0 0.00000         0         0
 0.49500 0.00000         0         0 0.00000         0         0
 0.50500 0.00000         0         0 0.00000         0         0
 0.51500 0.00000         0         0 0.00000         0         0
 0.52500 0.00000         0         0 0.00000         0         0
 0.53500 0.00000         0         0 0.00000         0         0
 0.54500 0.00000         0         0 0.00000         0         0
 0.55500 0.00000         0         0 0.00000         0         0
 0.56500 0.00000         0         0 0.00000         0         0
 0.57500 0.00000         0         0 0.00000         0         0
 0.58500 0.00000         0         0 0.00000         0         0
 0.59500 0.00000         0         0 0.00000         0         0
 0.60500 0.00000         0         0 0.00000         0         0
 0.61500 0.00000         0         0 0.00000         0         0
 0.62500 0.00000         0         0 0.00000         0         0
 0.63500 0.00000         0         0 0.00000         0         0
 0.64500 0.00000         0         0 0.00000         0         0
 0.65500 0.00000         0         0 0.00000         0         0
 0.66500 0.00000         0         0 0.00000         0         0
 0.67500 0.00000         0         0 0.00000         0         0
 0.68500 0.00000         0         0 0.00000         0         0
 0.69500 0.00000         0         0 0.00000         0         0
 0.70500 0.68770     32233     46871 0.52714     31993     60692
 0.71500 0.69112     32531     47070 0.54991     32597     59277
 0.72500 0.70448     32880     46673 0.55333     32955     59558
 0.73500 0.71716     34380     47939 0.56502     34046     60256
 0.74500 0.72585     34387     47375 0.58368     34607     59291
 0.75500 0.75021     34401     45855 0.58527     34416     58804
 0.76500 0.76727     36018     46943 0.59244     36012     60786
 0.77500 0.77478     35987     46448 0.60975     35810     58729
 0.78500 0.79032     36233     45846 0.61938     36220     58478
 0.79500 0.80072     36730     45871 0.62857     36716     58412
 0.80500 0.81527     37980     46586 0.63813     37649     58999
 0.81500 0.82608     38536     46649 0.64980     38542     59314
 0.82500 0.83638     39254     46933 0.67056     39678     59171
 0.83500 0.85404     40379     47280 0.67661     40408     59721
 0.84500 0.86908     40811     46959 0.68509     40727     59448
 0.85500 0.88082     40805     46326 0.69803     41016     58760
 0.86500 0.89541     40693     45446 0.70599     40423     57257
 0.87500 0.90455     42647     47147 0.72365     42777     59113
 0.88500 0.92352     43420     47016 0.72451     43272     59726
 0.89500 0.93363     44649     47823 0.73312     44592     60825
 0.90500 0.94702     44387     46870 0.74116     44516     60063
 0.91500 0.95164     44042     46280 0.75959     44200     58189
 0.92500 0.96374     45000     46693 0.76224     45037     59085
 0.93500 0.97549     46446     47613 0.76958     46223     60063
 0.94500 0.98101     46329     47226 0.77760     46578     59900
 0.95500 0.98641     46164     46800 0.78233     46317     59204
 0.96500 0.99201     45715     46083 0.78785     45768     58092
 0.97500 0.99440     47067     47332 0.79126     46948     59333
 0.98500 0.99577     47806     48009 0.80289     47711     59424
 0.99500 0.99745     46862     46982 0.79085     46993     59421


 0.00500 0.00000         0         0 0.00000         0         0
 0.01500 0.00000         0         0 0.00000         0         0
 0.02500 0.00000         0         0 0.00000         0         0
 0.03500 0.00000         0         0 0.00000         0         0
 0.04500 0.00000         0         0 0.00000         0         0
 0.05500 0.00000         0         0 0.00000         0         0
 0.06500 0.00000         0         0 0.00000         0         0
 0.07500 0.00000         0         0 0.00000         0         0
 0.08500 0.00000         0         0 0.00000         0         0
 0.09500 0.00000         0         0 0.00000         0         0
 0.10500 0.00000         0         0 0.00000         0         0
 0.11500 0.00000         0         0 0.00000         0         0
 0.12500 0.00000         0         0 0.00000         0         0
 0.13500 0.00000         0         0 0.00000         0         0
 0.14500 0.00000         0         0 0.00000         0         0
 0.15500 0.00000         0         0 0.00000         0         0
 0.16500 0.00000         0         0 0.00000         0         0
 0.17500 0.00000         0         0 0.00000         0         0
 0.18500 0.00000         0         0 0.00000         0         0
 0.19500 0.00000         0         0 0.00000         0         0
 0.20500 0.00000         0         0 0.00000         0         0
 0.21500 0.00000         0         0 0.00000         0         0
 0.22500 0.00000         0         0 0.00000         0         0
 0.23500 0.00000         0         0 0.00000         0         0
 0.24500 0.00000         0         0 0.00000         0         0
 0.25500 0.00000         0         0 0.00000         0         0
 0.26500 0.00000         0         0 0.00000         0         0
 0.27500 0.00000         0         0 0.00000         0         0
 0.28500 0.00000         0         0 0.00000         0         0
 0.29500 0.00000         0         0 0.00000         0         0
 0.30500 0.00000         0         0 0.00000         0         0
 0.31500 0.00000         0         0 0.00000         0         0
 0.32500 0.00000         0         0 0.00000         0         0
 0.33500 0.00000         0         0 0.00000         0         0
 0.34500 0.00000         0         0 0.00000         0         0
 0.35500 0.00000         0         0 0.00000         0         0
 0.36500 0.00000         0         0 0.00000         0         0
 0.37500 0.00000         0         0 0.00000         0         0
 0.38500 0.00000         0         0 0.00000         0         0
 0.39500 0.00000         0         0 0.00000         0         0
 0.40500 0.00000         0         0 0.00000         0         0
 0.41500 0.00000         0         0 0.00000         0         0
 0.42500 0.00000         0         0 0.00000         0         0
 0.43500 0.00000         0         0 0.00000         0         0
 0.44500 0.00000         0         0 0.00000         0         0
 0.45500 0.00000         0         0 0.00000         0         0
 0.46500 0.00000         0         0 0.00000         0         0
 0.47500 0.00000         0         0 0.00000         0         0
 0.48500 0.00000         0         0 0.00000         0         0
 0.49500 0.00000         0         0 0.00000         0         0
 0.50500 0.00000         0         0 0.00000         0         0
 0.51500 0.00000         0         0 0.00000         0         0
 0.52500 0.00000         0         0 0.00000         0         0
 0.53500 0.00000         0         0 0.00000         0         0
 0.54500 0.00000         0         0 0.00000         0         0
 0.55500 0.00000         0         0 0.00000         0         0
 0.56500 0.00000         0         0 0.00000         0         0
 0.57500 0.00000         0         0 0.00000         0         0
 0.58500 0.00000         0         0 0.00000         0         0
 0.59500 0.00000         0         0 0.00000         0         0
 0.60500 0.00000         0         0 0.00000         0         0
 0.61500 0.00000         0         0 0.00000         0         0
 0.62500 0.00000         0         0 0.00000         0         0
 0.63500 0.00000         0         0 0.00000         0         0
 0.64500 0.00000         0         0 0.00000         0         0
 0.65500 0.00000         0         0 0.00000         0         0
 0.66500 0.00000         0         0 0.00000         0         0
 0.67500 0.00000         0         0 0.00000         0         0
 0.68500 0.00000         0         0 0.00000         0         0
 0.69500 0.00000         0         0 0.00000         0         0
 0.70500 0.96825     44591     46053 0.75902     44692     58881
 0.71500 0.96758     45061     46571 0.75854     45089     59442
 0.72500 0.96830     45121     46598 0.75835     45055     59412
 0.73500 0.96702     45159     46699 0.76256     45242     59329
 0.74500 0.96916     45500     46948 0.76140     45554     59829
 0.75500 0.96995     45153     46552 0.75387     45189     59943
 0.76500 0.96889     45930     47405 0.75312     45512     60431
 0.77500 0.96726     44911     46431 0.75694     44923     59348
 0.78500 0.96866     44544     45985 0.76126     44484     58435
 0.79500 0.96708     46038     47605 0.75666     45852     60598
 0.80500 0.96739     45237     46762 0.75823     45240     59665
 0.81500 0.97001     45308     46709 0.75600     45248     59852
 0.82500 0.96766     45747     47276 0.76471     45780     59866
 0.83500 0.96763     44751     46248 0.75934     44807     59008
 0.84500 0.96731     46274     47838 0.76015     46130     60685
 0.85500 0.96731     45327     46859 0.75620     45158     59717
 0.86500 0.96682     45813     47385 0.76123     45890     60284
 0.87500 0.97328     45241     46483 0.73956     45051     60916
 0.88500 0.96624     45533     47124 0.76629     45430     59286
 0.89500 0.96876     45123     46578 0.75220     45192     60080
 0.90500 0.96841     45639     47128 0.75756     45949     60654
 0.91500 0.96668     46477     48079 0.76131     46668     61300
 0.92500 0.96926     45366     46805 0.75765     45372     59885
 0.93500 0.96665     45996     47583 0.75955     46019     60587
 0.94500 0.96730     45116     46641 0.75757     45163     59616
 0.95500 0.96845     45462     46943 0.76046     45530     59872
 0.96500 0.97071     45795     47177 0.75304     45752     60756
 0.97500 0.96971     45679     47106 0.75513     45795     60645
 0.98500 0.96861     46045     47537 0.75803     46159     60893
 0.99500 0.96486     46178     47860 0.76832     46182     60108


