# Evolution of the weightfunction during equilibration phase for fractional: cd
# Weightfunction after cycle        234
 0.0000000    0.2600000000E+001    0.1500000000E+001
 0.0101010    0.2300000000E+001    0.1100000000E+001
 0.0202020    0.2700000000E+001    0.1700000000E+001
 0.0303030    0.2500000000E+001    0.1200000000E+001
 0.0404040    0.2800000000E+001    0.1700000000E+001
 0.0505051    0.1900000000E+001    0.1400000000E+001
 0.0606061    0.4100000000E+001    0.2900000000E+001
 0.0707071    0.3000000000E+001    0.1500000000E+001
 0.0808081    0.3100000000E+001    0.2200000000E+001
 0.0909091    0.3200000000E+001    0.1500000000E+001
 0.1010101    0.3600000000E+001    0.2300000000E+001
 0.1111111    0.4700000000E+001    0.1800000000E+001
 0.1212121    0.3700000000E+001    0.1900000000E+001
 0.1313131    0.3600000000E+001    0.1900000000E+001
 0.1414141    0.4100000000E+001    0.2000000000E+001
 0.1515152    0.3300000000E+001    0.1600000000E+001
 0.1616162    0.3900000000E+001    0.2100000000E+001
 0.1717172    0.3800000000E+001    0.1900000000E+001
 0.1818182    0.4100000000E+001    0.2300000000E+001
 0.1919192    0.4500000000E+001    0.1700000000E+001
 0.2020202    0.3500000000E+001    0.7000000000E+000
 0.2121212    0.3400000000E+001    0.1700000000E+001
 0.2222222    0.3300000000E+001    0.2300000000E+001
 0.2323232    0.4200000000E+001    0.1900000000E+001
 0.2424242    0.3200000000E+001    0.1600000000E+001
 0.2525253    0.3700000000E+001    0.2500000000E+001
 0.2626263    0.4200000000E+001    0.2200000000E+001
 0.2727273    0.3000000000E+001    0.7000000000E+000
 0.2828283    0.3600000000E+001    0.1400000000E+001
 0.2929293    0.3100000000E+001    0.2400000000E+001
 0.3030303    0.3000000000E+001    0.2200000000E+001
 0.3131313    0.3900000000E+001    0.2300000000E+001
 0.3232323    0.3700000000E+001    0.1800000000E+001
 0.3333333    0.3200000000E+001    0.2300000000E+001
 0.3434343    0.3300000000E+001    0.1300000000E+001
 0.3535354    0.2200000000E+001    0.1700000000E+001
 0.3636364    0.3200000000E+001    0.2200000000E+001
 0.3737374    0.3600000000E+001    0.1800000000E+001
 0.3838384    0.2200000000E+001    0.2300000000E+001
 0.3939394    0.3600000000E+001    0.1400000000E+001
 0.4040404    0.3000000000E+001    0.1200000000E+001
 0.4141414    0.3400000000E+001    0.1500000000E+001
 0.4242424    0.3100000000E+001    0.1000000000E+001
 0.4343434    0.2700000000E+001    0.2500000000E+001
 0.4444444    0.2500000000E+001    0.1700000000E+001
 0.4545455    0.3400000000E+001    0.1800000000E+001
 0.4646465    0.2000000000E+001    0.2000000000E+001
 0.4747475    0.3200000000E+001    0.9000000000E+000
 0.4848485    0.3400000000E+001    0.1600000000E+001
 0.4949495    0.2700000000E+001    0.1900000000E+001
 0.5050505    0.2200000000E+001    0.1400000000E+001
 0.5151515    0.2700000000E+001    0.1400000000E+001
 0.5252525    0.1600000000E+001    0.5000000000E+000
 0.5353535    0.2700000000E+001    0.1400000000E+001
 0.5454545    0.1300000000E+001    0.1200000000E+001
 0.5555556    0.2200000000E+001    0.1600000000E+001
 0.5656566    0.3000000000E+001    0.1200000000E+001
 0.5757576    0.2600000000E+001    0.1800000000E+001
 0.5858586    0.2400000000E+001    0.1000000000E+001
 0.5959596    0.1400000000E+001    0.2100000000E+001
 0.6060606    0.3200000000E+001    0.1900000000E+001
 0.6161616    0.2200000000E+001    0.1400000000E+001
 0.6262626    0.2700000000E+001    0.1200000000E+001
 0.6363636    0.3300000000E+001    0.1600000000E+001
 0.6464646    0.1800000000E+001    0.1900000000E+001
 0.6565657    0.2500000000E+001    0.1900000000E+001
 0.6666667    0.1500000000E+001    0.2000000000E+001
 0.6767677    0.2800000000E+001    0.1900000000E+001
 0.6868687    0.1400000000E+001    0.7000000000E+000
 0.6969697    0.1900000000E+001    0.1500000000E+001
 0.7070707    0.1300000000E+001    0.1300000000E+001
 0.7171717    0.1900000000E+001    0.1700000000E+001
 0.7272727    0.1900000000E+001    0.1600000000E+001
 0.7373737    0.2200000000E+001    0.1800000000E+001
 0.7474747    0.1700000000E+001    0.1500000000E+001
 0.7575758    0.1200000000E+001    0.1500000000E+001
 0.7676768    0.1000000000E+001    0.1200000000E+001
 0.7777778    0.1900000000E+001    0.1600000000E+001
 0.7878788    0.1400000000E+001    0.1000000000E+001
 0.7979798    0.2000000000E+001    0.1600000000E+001
 0.8080808    0.1500000000E+001    0.1900000000E+001
 0.8181818    0.1700000000E+001    0.1300000000E+001
 0.8282828    0.1100000000E+001    0.1100000000E+001
 0.8383838    0.2000000000E+001    0.2100000000E+001
 0.8484848    0.2000000000E+001    0.2100000000E+001
 0.8585859    0.1900000000E+001    0.2100000000E+001
 0.8686869    0.1000000000E+001    0.1100000000E+001
 0.8787879    0.1700000000E+001    0.1900000000E+001
 0.8888889    0.5000000000E+000    0.8000000000E+000
 0.8989899    0.1900000000E+001    0.2300000000E+001
 0.9090909    0.1100000000E+001    0.1200000000E+001
 0.9191919    0.1700000000E+001    0.1800000000E+001
 0.9292929    0.6000000000E+000    0.8000000000E+000
 0.9393939    0.2200000000E+001    0.2500000000E+001
 0.9494949    0.1600000000E+001    0.1800000000E+001
 0.9595960    0.2000000000E+001    0.2000000000E+001
 0.9696970    0.6000000000E+000    0.1100000000E+001
 0.9797980    0.2000000000E+000    0.3000000000E+000
 0.9898990    0.2000000000E+000    0.8000000000E+000
 1.0000000    0.0000000000E+000    0.9000000000E+000


# Weightfunction after cycle        782
 0.0000000    0.2650000000E+001    0.1550000000E+001
 0.0101010    0.2725000000E+001    0.1575000000E+001
 0.0202020    0.2850000000E+001    0.1750000000E+001
 0.0303030    0.3075000000E+001    0.1625000000E+001
 0.0404040    0.2475000000E+001    0.1325000000E+001
 0.0505051    0.2700000000E+001    0.1625000000E+001
 0.0606061    0.2675000000E+001    0.1400000000E+001
 0.0707071    0.3200000000E+001    0.1875000000E+001
 0.0808081    0.2875000000E+001    0.1700000000E+001
 0.0909091    0.3250000000E+001    0.2000000000E+001
 0.1010101    0.2925000000E+001    0.1775000000E+001
 0.1111111    0.2925000000E+001    0.1950000000E+001
 0.1212121    0.3575000000E+001    0.2025000000E+001
 0.1313131    0.3375000000E+001    0.1750000000E+001
 0.1414141    0.3400000000E+001    0.1975000000E+001
 0.1515152    0.4025000000E+001    0.1975000000E+001
 0.1616162    0.3300000000E+001    0.1475000000E+001
 0.1717172    0.3175000000E+001    0.1675000000E+001
 0.1818182    0.2950000000E+001    0.1800000000E+001
 0.1919192    0.3500000000E+001    0.1950000000E+001
 0.2020202    0.3175000000E+001    0.1575000000E+001
 0.2121212    0.3500000000E+001    0.2175000000E+001
 0.2222222    0.3575000000E+001    0.2000000000E+001
 0.2323232    0.3075000000E+001    0.1625000000E+001
 0.2424242    0.3100000000E+001    0.2025000000E+001
 0.2525253    0.2875000000E+001    0.1750000000E+001
 0.2626263    0.2950000000E+001    0.1700000000E+001
 0.2727273    0.2925000000E+001    0.1575000000E+001
 0.2828283    0.3425000000E+001    0.1625000000E+001
 0.2929293    0.2975000000E+001    0.1775000000E+001
 0.3030303    0.3025000000E+001    0.1650000000E+001
 0.3131313    0.2775000000E+001    0.1275000000E+001
 0.3232323    0.3525000000E+001    0.1550000000E+001
 0.3333333    0.3025000000E+001    0.1825000000E+001
 0.3434343    0.2875000000E+001    0.1325000000E+001
 0.3535354    0.2675000000E+001    0.1275000000E+001
 0.3636364    0.2375000000E+001    0.1425000000E+001
 0.3737374    0.2900000000E+001    0.1625000000E+001
 0.3838384    0.2750000000E+001    0.1350000000E+001
 0.3939394    0.2425000000E+001    0.1050000000E+001
 0.4040404    0.1950000000E+001    0.1225000000E+001
 0.4141414    0.2050000000E+001    0.1375000000E+001
 0.4242424    0.2450000000E+001    0.1025000000E+001
 0.4343434    0.1975000000E+001    0.6500000000E+000
 0.4444444    0.2500000000E+001    0.8000000000E+000
 0.4545455    0.2125000000E+001    0.1225000000E+001
 0.4646465    0.2175000000E+001    0.4750000000E+000
 0.4747475    0.1900000000E+001    0.7250000000E+000
 0.4848485    0.1625000000E+001    0.7250000000E+000
 0.4949495    0.1875000000E+001    0.7250000000E+000
 0.5050505    0.1475000000E+001    0.1125000000E+001
 0.5151515    0.1675000000E+001    0.1350000000E+001
 0.5252525    0.1375000000E+001    0.6000000000E+000
 0.5353535    0.1725000000E+001    0.6500000000E+000
 0.5454545    0.1925000000E+001    0.1000000000E+001
 0.5555556    0.1650000000E+001    0.7750000000E+000
 0.5656566    0.2075000000E+001    0.8750000000E+000
 0.5757576    0.1275000000E+001    0.1000000000E+001
 0.5858586    0.1500000000E+001    0.5000000000E+000
 0.5959596    0.1875000000E+001    0.1150000000E+001
 0.6060606    0.1675000000E+001    0.4500000000E+000
 0.6161616    0.1450000000E+001    0.8250000000E+000
 0.6262626    0.1575000000E+001    0.1050000000E+001
 0.6363636    0.1250000000E+001    0.1175000000E+001
 0.6464646    0.1100000000E+001    0.7000000000E+000
 0.6565657    0.1700000000E+001    0.8500000000E+000
 0.6666667    0.1400000000E+001    0.1175000000E+001
 0.6767677    0.1600000000E+001    0.9750000000E+000
 0.6868687    0.1500000000E+001    0.9750000000E+000
 0.6969697    0.1175000000E+001    0.8500000000E+000
 0.7070707    0.1600000000E+001    0.1350000000E+001
 0.7171717    0.1025000000E+001    0.5250000000E+000
 0.7272727    0.1375000000E+001    0.1250000000E+001
 0.7373737    0.1375000000E+001    0.1300000000E+001
 0.7474747    0.1175000000E+001    0.9000000000E+000
 0.7575758    0.1575000000E+001    0.9500000000E+000
 0.7676768    0.1325000000E+001    0.8000000000E+000
 0.7777778    0.1325000000E+001    0.1200000000E+001
 0.7878788    0.1150000000E+001    0.9000000000E+000
 0.7979798    0.1000000000E+001    0.6750000000E+000
 0.8080808    0.9500000000E+000    0.1050000000E+001
 0.8181818    0.7500000000E+000    0.7500000000E+000
 0.8282828    0.1000000000E+001    0.8000000000E+000
 0.8383838    0.9750000000E+000    0.9000000000E+000
 0.8484848    0.7250000000E+000    0.8250000000E+000
 0.8585859    0.6000000000E+000    0.9750000000E+000
 0.8686869    0.8500000000E+000    0.9750000000E+000
 0.8787879    0.6750000000E+000    0.9000000000E+000
 0.8888889    0.9250000000E+000    0.9250000000E+000
 0.8989899    0.7000000000E+000    0.8750000000E+000
 0.9090909    0.6750000000E+000    0.9500000000E+000
 0.9191919    0.9500000000E+000    0.1250000000E+001
 0.9292929    0.9000000000E+000    0.1050000000E+001
 0.9393939    0.5750000000E+000    0.6750000000E+000
 0.9494949    0.4500000000E+000    0.6000000000E+000
 0.9595960    0.1750000000E+000    0.7500000000E+000
 0.9696970    0.5250000000E+000    0.9750000000E+000
 0.9797980    0.6750000000E+000    0.1075000000E+001
 0.9898990    0.0000000000E+000    0.4750000000E+000
 1.0000000    0.2250000000E+000    0.6000000000E+000


# Weightfunction after cycle       2071
 0.0000000    0.2450000000E+001    0.1175000000E+001
 0.0101010    0.2900000000E+001    0.1543750000E+001
 0.0202020    0.2918750000E+001    0.1618750000E+001
 0.0303030    0.2737500000E+001    0.1425000000E+001
 0.0404040    0.3075000000E+001    0.1750000000E+001
 0.0505051    0.3131250000E+001    0.1662500000E+001
 0.0606061    0.3075000000E+001    0.1556250000E+001
 0.0707071    0.3162500000E+001    0.1487500000E+001
 0.0808081    0.3518750000E+001    0.1706250000E+001
 0.0909091    0.3256250000E+001    0.1718750000E+001
 0.1010101    0.3456250000E+001    0.1631250000E+001
 0.1111111    0.3737500000E+001    0.1837500000E+001
 0.1212121    0.3750000000E+001    0.1793750000E+001
 0.1313131    0.3443750000E+001    0.1731250000E+001
 0.1414141    0.3625000000E+001    0.1637500000E+001
 0.1515152    0.3231250000E+001    0.1675000000E+001
 0.1616162    0.3737500000E+001    0.1650000000E+001
 0.1717172    0.3800000000E+001    0.1681250000E+001
 0.1818182    0.3400000000E+001    0.1475000000E+001
 0.1919192    0.3362500000E+001    0.1631250000E+001
 0.2020202    0.3525000000E+001    0.1568750000E+001
 0.2121212    0.3456250000E+001    0.1612500000E+001
 0.2222222    0.3506250000E+001    0.1462500000E+001
 0.2323232    0.3281250000E+001    0.1562500000E+001
 0.2424242    0.3068750000E+001    0.1425000000E+001
 0.2525253    0.3306250000E+001    0.1431250000E+001
 0.2626263    0.3250000000E+001    0.1468750000E+001
 0.2727273    0.3193750000E+001    0.1443750000E+001
 0.2828283    0.3243750000E+001    0.1387500000E+001
 0.2929293    0.3087500000E+001    0.1418750000E+001
 0.3030303    0.2943750000E+001    0.1418750000E+001
 0.3131313    0.2687500000E+001    0.1043750000E+001
 0.3232323    0.2862500000E+001    0.1237500000E+001
 0.3333333    0.2656250000E+001    0.1331250000E+001
 0.3434343    0.2668750000E+001    0.1268750000E+001
 0.3535354    0.2456250000E+001    0.1006250000E+001
 0.3636364    0.2437500000E+001    0.1068750000E+001
 0.3737374    0.2443750000E+001    0.1356250000E+001
 0.3838384    0.1993750000E+001    0.1131250000E+001
 0.3939394    0.2218750000E+001    0.1243750000E+001
 0.4040404    0.2231250000E+001    0.1350000000E+001
 0.4141414    0.2012500000E+001    0.1118750000E+001
 0.4242424    0.2050000000E+001    0.1143750000E+001
 0.4343434    0.1756250000E+001    0.9562500000E+000
 0.4444444    0.1650000000E+001    0.9250000000E+000
 0.4545455    0.1781250000E+001    0.8812500000E+000
 0.4646465    0.1412500000E+001    0.1018750000E+001
 0.4747475    0.1393750000E+001    0.1075000000E+001
 0.4848485    0.1287500000E+001    0.8937500000E+000
 0.4949495    0.1131250000E+001    0.1156250000E+001
 0.5050505    0.1143750000E+001    0.7687500000E+000
 0.5151515    0.1150000000E+001    0.1087500000E+001
 0.5252525    0.1387500000E+001    0.1006250000E+001
 0.5353535    0.1268750000E+001    0.9312500000E+000
 0.5454545    0.1150000000E+001    0.8812500000E+000
 0.5555556    0.9875000000E+000    0.1050000000E+001
 0.5656566    0.1168750000E+001    0.1000000000E+001
 0.5757576    0.1131250000E+001    0.1025000000E+001
 0.5858586    0.1137500000E+001    0.1150000000E+001
 0.5959596    0.1131250000E+001    0.8500000000E+000
 0.6060606    0.1068750000E+001    0.1006250000E+001
 0.6161616    0.1100000000E+001    0.1018750000E+001
 0.6262626    0.1068750000E+001    0.1018750000E+001
 0.6363636    0.1106250000E+001    0.8562500000E+000
 0.6464646    0.1081250000E+001    0.8812500000E+000
 0.6565657    0.9062500000E+000    0.1025000000E+001
 0.6666667    0.9375000000E+000    0.8687500000E+000
 0.6767677    0.9500000000E+000    0.9250000000E+000
 0.6868687    0.7250000000E+000    0.8937500000E+000
 0.6969697    0.9750000000E+000    0.9312500000E+000
 0.7070707    0.9000000000E+000    0.8000000000E+000
 0.7171717    0.9375000000E+000    0.8187500000E+000
 0.7272727    0.9625000000E+000    0.8625000000E+000
 0.7373737    0.7187500000E+000    0.6375000000E+000
 0.7474747    0.9312500000E+000    0.8812500000E+000
 0.7575758    0.9000000000E+000    0.8062500000E+000
 0.7676768    0.7625000000E+000    0.7875000000E+000
 0.7777778    0.7000000000E+000    0.6750000000E+000
 0.7878788    0.6937500000E+000    0.7187500000E+000
 0.7979798    0.6187500000E+000    0.5625000000E+000
 0.8080808    0.7500000000E+000    0.7250000000E+000
 0.8181818    0.4937500000E+000    0.5937500000E+000
 0.8282828    0.5500000000E+000    0.6625000000E+000
 0.8383838    0.5187500000E+000    0.5312500000E+000
 0.8484848    0.6500000000E+000    0.7625000000E+000
 0.8585859    0.6937500000E+000    0.7812500000E+000
 0.8686869    0.5062500000E+000    0.5750000000E+000
 0.8787879    0.4000000000E+000    0.6000000000E+000
 0.8888889    0.4687500000E+000    0.6125000000E+000
 0.8989899    0.5625000000E+000    0.7062500000E+000
 0.9090909    0.3812500000E+000    0.6625000000E+000
 0.9191919    0.3500000000E+000    0.6125000000E+000
 0.9292929    0.4312500000E+000    0.7875000000E+000
 0.9393939    0.1750000000E+000    0.5875000000E+000
 0.9494949    0.1000000000E+000    0.5187500000E+000
 0.9595960    0.1250000000E+000    0.5312500000E+000
 0.9696970    0.1250000000E-001    0.3937500000E+000
 0.9797980    0.7500000000E-001    0.6187500000E+000
 0.9898990    0.2562500000E+000    0.8000000000E+000
 1.0000000    0.0000000000E+000    0.6500000000E+000


# Weightfunction after cycle       5132
 0.0000000    0.2942187500E+001    0.1634375000E+001
 0.0101010    0.2954687500E+001    0.1601562500E+001
 0.0202020    0.2856250000E+001    0.1507812500E+001
 0.0303030    0.2967187500E+001    0.1564062500E+001
 0.0404040    0.2912500000E+001    0.1568750000E+001
 0.0505051    0.3031250000E+001    0.1515625000E+001
 0.0606061    0.3114062500E+001    0.1567187500E+001
 0.0707071    0.3184375000E+001    0.1512500000E+001
 0.0808081    0.3235937500E+001    0.1567187500E+001
 0.0909091    0.3326562500E+001    0.1692187500E+001
 0.1010101    0.3237500000E+001    0.1600000000E+001
 0.1111111    0.3532812500E+001    0.1651562500E+001
 0.1212121    0.3490625000E+001    0.1631250000E+001
 0.1313131    0.3471875000E+001    0.1651562500E+001
 0.1414141    0.3481250000E+001    0.1576562500E+001
 0.1515152    0.3473437500E+001    0.1610937500E+001
 0.1616162    0.3496875000E+001    0.1617187500E+001
 0.1717172    0.3421875000E+001    0.1534375000E+001
 0.1818182    0.3556250000E+001    0.1435937500E+001
 0.1919192    0.3390625000E+001    0.1476562500E+001
 0.2020202    0.3440625000E+001    0.1609375000E+001
 0.2121212    0.3457812500E+001    0.1507812500E+001
 0.2222222    0.3304687500E+001    0.1553125000E+001
 0.2323232    0.3228125000E+001    0.1373437500E+001
 0.2424242    0.3125000000E+001    0.1404687500E+001
 0.2525253    0.3076562500E+001    0.1385937500E+001
 0.2626263    0.3031250000E+001    0.1282812500E+001
 0.2727273    0.2989062500E+001    0.1264062500E+001
 0.2828283    0.2865625000E+001    0.1179687500E+001
 0.2929293    0.2762500000E+001    0.1228125000E+001
 0.3030303    0.2745312500E+001    0.1210937500E+001
 0.3131313    0.2631250000E+001    0.1181250000E+001
 0.3232323    0.2504687500E+001    0.1207812500E+001
 0.3333333    0.2509375000E+001    0.1232812500E+001
 0.3434343    0.2354687500E+001    0.1157812500E+001
 0.3535354    0.2203125000E+001    0.1082812500E+001
 0.3636364    0.2225000000E+001    0.1035937500E+001
 0.3737374    0.2139062500E+001    0.1081250000E+001
 0.3838384    0.2032812500E+001    0.8468750000E+000
 0.3939394    0.2017187500E+001    0.9046875000E+000
 0.4040404    0.1846875000E+001    0.9937500000E+000
 0.4141414    0.1703125000E+001    0.9078125000E+000
 0.4242424    0.1640625000E+001    0.8546875000E+000
 0.4343434    0.1521875000E+001    0.8828125000E+000
 0.4444444    0.1393750000E+001    0.8218750000E+000
 0.4545455    0.1384375000E+001    0.7312500000E+000
 0.4646465    0.1371875000E+001    0.6562500000E+000
 0.4747475    0.1151562500E+001    0.7296875000E+000
 0.4848485    0.9625000000E+000    0.7062500000E+000
 0.4949495    0.9765625000E+000    0.6265625000E+000
 0.5050505    0.9750000000E+000    0.6125000000E+000
 0.5151515    0.8562500000E+000    0.6890625000E+000
 0.5252525    0.9218750000E+000    0.6187500000E+000
 0.5353535    0.9296875000E+000    0.7000000000E+000
 0.5454545    0.1001562500E+001    0.6468750000E+000
 0.5555556    0.8515625000E+000    0.6671875000E+000
 0.5656566    0.9093750000E+000    0.6968750000E+000
 0.5757576    0.9250000000E+000    0.5687500000E+000
 0.5858586    0.8625000000E+000    0.6234375000E+000
 0.5959596    0.1082812500E+001    0.6562500000E+000
 0.6060606    0.9171875000E+000    0.6281250000E+000
 0.6161616    0.9500000000E+000    0.5890625000E+000
 0.6262626    0.9453125000E+000    0.5953125000E+000
 0.6363636    0.9000000000E+000    0.6812500000E+000
 0.6464646    0.8843750000E+000    0.5937500000E+000
 0.6565657    0.9015625000E+000    0.6312500000E+000
 0.6666667    0.8046875000E+000    0.6218750000E+000
 0.6767677    0.8328125000E+000    0.5625000000E+000
 0.6868687    0.7921875000E+000    0.4656250000E+000
 0.6969697    0.8296875000E+000    0.6578125000E+000
 0.7070707    0.9062500000E+000    0.5703125000E+000
 0.7171717    0.7671875000E+000    0.5281250000E+000
 0.7272727    0.8265625000E+000    0.6140625000E+000
 0.7373737    0.7343750000E+000    0.5812500000E+000
 0.7474747    0.7593750000E+000    0.5687500000E+000
 0.7575758    0.7218750000E+000    0.5703125000E+000
 0.7676768    0.6687500000E+000    0.5500000000E+000
 0.7777778    0.6656250000E+000    0.5015625000E+000
 0.7878788    0.6421875000E+000    0.4984375000E+000
 0.7979798    0.6812500000E+000    0.6281250000E+000
 0.8080808    0.7000000000E+000    0.5468750000E+000
 0.8181818    0.6421875000E+000    0.4984375000E+000
 0.8282828    0.5875000000E+000    0.5609375000E+000
 0.8383838    0.5796875000E+000    0.5187500000E+000
 0.8484848    0.5437500000E+000    0.4984375000E+000
 0.8585859    0.4890625000E+000    0.5187500000E+000
 0.8686869    0.4640625000E+000    0.5015625000E+000
 0.8787879    0.4593750000E+000    0.4703125000E+000
 0.8888889    0.3734375000E+000    0.5031250000E+000
 0.8989899    0.2953125000E+000    0.4546875000E+000
 0.9090909    0.2671875000E+000    0.4109375000E+000
 0.9191919    0.3703125000E+000    0.5437500000E+000
 0.9292929    0.1734375000E+000    0.3578125000E+000
 0.9393939    0.1218750000E+000    0.3437500000E+000
 0.9494949    0.1625000000E+000    0.4375000000E+000
 0.9595960    0.2062500000E+000    0.4281250000E+000
 0.9696970    0.1000000000E+000    0.4750000000E+000
 0.9797980    0.1562500000E-001    0.3875000000E+000
 0.9898990    0.0000000000E+000    0.4375000000E+000
 1.0000000    0.1250000000E-001    0.4156250000E+000


# Weightfunction after cycle      11417
 0.0000000    0.2983203125E+001    0.1482421875E+001
 0.0101010    0.3017968750E+001    0.1494140625E+001
 0.0202020    0.3011328125E+001    0.1535937500E+001
 0.0303030    0.3071093750E+001    0.1526953125E+001
 0.0404040    0.3141015625E+001    0.1586718750E+001
 0.0505051    0.3193750000E+001    0.1561718750E+001
 0.0606061    0.3271484375E+001    0.1612890625E+001
 0.0707071    0.3273828125E+001    0.1551562500E+001
 0.0808081    0.3375000000E+001    0.1579296875E+001
 0.0909091    0.3421875000E+001    0.1577343750E+001
 0.1010101    0.3476171875E+001    0.1636718750E+001
 0.1111111    0.3600000000E+001    0.1627343750E+001
 0.1212121    0.3517968750E+001    0.1529687500E+001
 0.1313131    0.3564453125E+001    0.1541406250E+001
 0.1414141    0.3632421875E+001    0.1517968750E+001
 0.1515152    0.3694921875E+001    0.1514843750E+001
 0.1616162    0.3628906250E+001    0.1478515625E+001
 0.1717172    0.3688671875E+001    0.1484765625E+001
 0.1818182    0.3672656250E+001    0.1494531250E+001
 0.1919192    0.3649218750E+001    0.1479687500E+001
 0.2020202    0.3607031250E+001    0.1487109375E+001
 0.2121212    0.3557031250E+001    0.1466406250E+001
 0.2222222    0.3581250000E+001    0.1400781250E+001
 0.2323232    0.3445312500E+001    0.1396875000E+001
 0.2424242    0.3386718750E+001    0.1400000000E+001
 0.2525253    0.3350781250E+001    0.1330078125E+001
 0.2626263    0.3279687500E+001    0.1318750000E+001
 0.2727273    0.3156640625E+001    0.1298437500E+001
 0.2828283    0.3130078125E+001    0.1228906250E+001
 0.2929293    0.3075000000E+001    0.1260546875E+001
 0.3030303    0.2962890625E+001    0.1210937500E+001
 0.3131313    0.2890234375E+001    0.1200390625E+001
 0.3232323    0.2842968750E+001    0.1150000000E+001
 0.3333333    0.2714843750E+001    0.1077343750E+001
 0.3434343    0.2643359375E+001    0.1106640625E+001
 0.3535354    0.2527734375E+001    0.1047265625E+001
 0.3636364    0.2485937500E+001    0.9996093750E+000
 0.3737374    0.2375000000E+001    0.1050390625E+001
 0.3838384    0.2277343750E+001    0.9375000000E+000
 0.3939394    0.2181640625E+001    0.8699218750E+000
 0.4040404    0.2041796875E+001    0.8894531250E+000
 0.4141414    0.1974218750E+001    0.9109375000E+000
 0.4242424    0.1907031250E+001    0.7734375000E+000
 0.4343434    0.1757031250E+001    0.7699218750E+000
 0.4444444    0.1681250000E+001    0.7269531250E+000
 0.4545455    0.1619531250E+001    0.6949218750E+000
 0.4646465    0.1492968750E+001    0.6832031250E+000
 0.4747475    0.1313281250E+001    0.6199218750E+000
 0.4848485    0.1232421875E+001    0.5937500000E+000
 0.4949495    0.1189062500E+001    0.5621093750E+000
 0.5050505    0.1135156250E+001    0.4875000000E+000
 0.5151515    0.1081250000E+001    0.5156250000E+000
 0.5252525    0.1148437500E+001    0.5269531250E+000
 0.5353535    0.1099609375E+001    0.5273437500E+000
 0.5454545    0.1095312500E+001    0.5777343750E+000
 0.5555556    0.1090625000E+001    0.5429687500E+000
 0.5656566    0.1089843750E+001    0.5488281250E+000
 0.5757576    0.1079296875E+001    0.5730468750E+000
 0.5858586    0.1049218750E+001    0.5511718750E+000
 0.5959596    0.1073437500E+001    0.5093750000E+000
 0.6060606    0.1079687500E+001    0.5503906250E+000
 0.6161616    0.1044140625E+001    0.5378906250E+000
 0.6262626    0.1035937500E+001    0.4906250000E+000
 0.6363636    0.1001562500E+001    0.5214843750E+000
 0.6464646    0.9984375000E+000    0.5078125000E+000
 0.6565657    0.9980468750E+000    0.5316406250E+000
 0.6666667    0.9777343750E+000    0.5332031250E+000
 0.6767677    0.1007031250E+001    0.5351562500E+000
 0.6868687    0.9734375000E+000    0.4902343750E+000
 0.6969697    0.9515625000E+000    0.5046875000E+000
 0.7070707    0.9441406250E+000    0.5265625000E+000
 0.7171717    0.9187500000E+000    0.5382812500E+000
 0.7272727    0.8835937500E+000    0.5058593750E+000
 0.7373737    0.8566406250E+000    0.4878906250E+000
 0.7474747    0.8792968750E+000    0.5449218750E+000
 0.7575758    0.8281250000E+000    0.4789062500E+000
 0.7676768    0.8070312500E+000    0.4769531250E+000
 0.7777778    0.7636718750E+000    0.4746093750E+000
 0.7878788    0.7410156250E+000    0.4523437500E+000
 0.7979798    0.7097656250E+000    0.4539062500E+000
 0.8080808    0.6796875000E+000    0.4625000000E+000
 0.8181818    0.6789062500E+000    0.4835937500E+000
 0.8282828    0.6324218750E+000    0.4222656250E+000
 0.8383838    0.6304687500E+000    0.4242187500E+000
 0.8484848    0.5554687500E+000    0.4066406250E+000
 0.8585859    0.6000000000E+000    0.4738281250E+000
 0.8686869    0.5093750000E+000    0.4085937500E+000
 0.8787879    0.5000000000E+000    0.4242187500E+000
 0.8888889    0.4726562500E+000    0.4218750000E+000
 0.8989899    0.4246093750E+000    0.4070312500E+000
 0.9090909    0.3761718750E+000    0.3875000000E+000
 0.9191919    0.3523437500E+000    0.3570312500E+000
 0.9292929    0.3007812500E+000    0.3632812500E+000
 0.9393939    0.2656250000E+000    0.3355468750E+000
 0.9494949    0.2671875000E+000    0.3824218750E+000
 0.9595960    0.2281250000E+000    0.3417968750E+000
 0.9696970    0.1441406250E+000    0.3355468750E+000
 0.9797980    0.5976562500E-001    0.2992187500E+000
 0.9898990    0.0000000000E+000    0.2667968750E+000
 1.0000000    0.1093750000E+000    0.3613281250E+000


# Weightfunction after cycle      22359
 0.0000000    0.3068261719E+001    0.1517871094E+001
 0.0101010    0.3085839844E+001    0.1542773438E+001
 0.0202020    0.3064746094E+001    0.1530371094E+001
 0.0303030    0.3123242188E+001    0.1538281250E+001
 0.0404040    0.3166992188E+001    0.1551855469E+001
 0.0505051    0.3221972656E+001    0.1556640625E+001
 0.0606061    0.3310546875E+001    0.1588867188E+001
 0.0707071    0.3339453125E+001    0.1568261719E+001
 0.0808081    0.3420410156E+001    0.1565429688E+001
 0.0909091    0.3510253906E+001    0.1566015625E+001
 0.1010101    0.3560449219E+001    0.1591210938E+001
 0.1111111    0.3656542969E+001    0.1589746094E+001
 0.1212121    0.3629394531E+001    0.1523632813E+001
 0.1313131    0.3693945313E+001    0.1539355469E+001
 0.1414141    0.3737011719E+001    0.1531250000E+001
 0.1515152    0.3794921875E+001    0.1554296875E+001
 0.1616162    0.3752050781E+001    0.1486328125E+001
 0.1717172    0.3816601563E+001    0.1509570313E+001
 0.1818182    0.3760644531E+001    0.1520019531E+001
 0.1919192    0.3733691406E+001    0.1484863281E+001
 0.2020202    0.3722265625E+001    0.1449511719E+001
 0.2121212    0.3690429688E+001    0.1458007813E+001
 0.2222222    0.3632812500E+001    0.1421484375E+001
 0.2323232    0.3547070313E+001    0.1379101563E+001
 0.2424242    0.3510644531E+001    0.1377929688E+001
 0.2525253    0.3423925781E+001    0.1335546875E+001
 0.2626263    0.3391308594E+001    0.1311328125E+001
 0.2727273    0.3291015625E+001    0.1287207031E+001
 0.2828283    0.3250097656E+001    0.1251757813E+001
 0.2929293    0.3175781250E+001    0.1255761719E+001
 0.3030303    0.3063964844E+001    0.1205957031E+001
 0.3131313    0.2982617188E+001    0.1176757813E+001
 0.3232323    0.2916210938E+001    0.1177050781E+001
 0.3333333    0.2812402344E+001    0.1129199219E+001
 0.3434343    0.2702246094E+001    0.1137890625E+001
 0.3535354    0.2629296875E+001    0.1057812500E+001
 0.3636364    0.2551464844E+001    0.1044628906E+001
 0.3737374    0.2468164063E+001    0.1047167969E+001
 0.3838384    0.2345312500E+001    0.9549804688E+000
 0.3939394    0.2241308594E+001    0.9116210938E+000
 0.4040404    0.2141699219E+001    0.9062500000E+000
 0.4141414    0.2059277344E+001    0.8869140625E+000
 0.4242424    0.1981738281E+001    0.8502929688E+000
 0.4343434    0.1843164063E+001    0.8098632813E+000
 0.4444444    0.1758398438E+001    0.7802734375E+000
 0.4545455    0.1648925781E+001    0.7382812500E+000
 0.4646465    0.1547656250E+001    0.7086914063E+000
 0.4747475    0.1411035156E+001    0.6740234375E+000
 0.4848485    0.1303125000E+001    0.6160156250E+000
 0.4949495    0.1232812500E+001    0.6089843750E+000
 0.5050505    0.1172460938E+001    0.5814453125E+000
 0.5151515    0.1154296875E+001    0.5578125000E+000
 0.5252525    0.1192285156E+001    0.6103515625E+000
 0.5353535    0.1124511719E+001    0.5800781250E+000
 0.5454545    0.1125683594E+001    0.5966796875E+000
 0.5555556    0.1134765625E+001    0.5867187500E+000
 0.5656566    0.1154492188E+001    0.5942382813E+000
 0.5757576    0.1123242188E+001    0.5942382813E+000
 0.5858586    0.1124121094E+001    0.5685546875E+000
 0.5959596    0.1116992188E+001    0.5554687500E+000
 0.6060606    0.1102929688E+001    0.5807617188E+000
 0.6161616    0.1076855469E+001    0.5750000000E+000
 0.6262626    0.1071582031E+001    0.5578125000E+000
 0.6363636    0.1032031250E+001    0.5575195313E+000
 0.6464646    0.1031347656E+001    0.5780273438E+000
 0.6565657    0.1017871094E+001    0.5778320313E+000
 0.6666667    0.1044238281E+001    0.5710937500E+000
 0.6767677    0.1032812500E+001    0.5447265625E+000
 0.6868687    0.9848632813E+000    0.5666015625E+000
 0.6969697    0.9794921875E+000    0.5763671875E+000
 0.7070707    0.9656250000E+000    0.5676757813E+000
 0.7171717    0.9278320313E+000    0.5696289063E+000
 0.7272727    0.9217773438E+000    0.5573242188E+000
 0.7373737    0.8733398438E+000    0.5287109375E+000
 0.7474747    0.8829101563E+000    0.5510742188E+000
 0.7575758    0.8556640625E+000    0.5392578125E+000
 0.7676768    0.8095703125E+000    0.5169921875E+000
 0.7777778    0.7829101563E+000    0.5219726563E+000
 0.7878788    0.7526367188E+000    0.4984375000E+000
 0.7979798    0.7258789063E+000    0.5192382813E+000
 0.8080808    0.6977539063E+000    0.5064453125E+000
 0.8181818    0.6807617188E+000    0.5145507813E+000
 0.8282828    0.6518554688E+000    0.4891601563E+000
 0.8383838    0.6059570313E+000    0.4713867188E+000
 0.8484848    0.5598632813E+000    0.4615234375E+000
 0.8585859    0.5713867188E+000    0.4914062500E+000
 0.8686869    0.5001953125E+000    0.4466796875E+000
 0.8787879    0.4677734375E+000    0.4445312500E+000
 0.8888889    0.4496093750E+000    0.4602539063E+000
 0.8989899    0.3858398438E+000    0.4339843750E+000
 0.9090909    0.3533203125E+000    0.4232421875E+000
 0.9191919    0.3263671875E+000    0.4225585938E+000
 0.9292929    0.2742187500E+000    0.4203125000E+000
 0.9393939    0.2246093750E+000    0.3791992188E+000
 0.9494949    0.1950195312E+000    0.4024414063E+000
 0.9595960    0.1584960938E+000    0.3787109375E+000
 0.9696970    0.9707031250E-001    0.3745117188E+000
 0.9797980    0.3652343750E-001    0.3435546875E+000
 0.9898990    0.0000000000E+000    0.3416992188E+000
 1.0000000    0.1503906250E-001    0.3776367188E+000


# Weightfunction after cycle      95361
 0.0000000    0.3058959961E+001    0.1711914063E+001
 0.0101010    0.3083959961E+001    0.1733984375E+001
 0.0202020    0.3082128906E+001    0.1718481445E+001
 0.0303030    0.3113867187E+001    0.1726025391E+001
 0.0404040    0.3147192383E+001    0.1732690430E+001
 0.0505051    0.3208081055E+001    0.1741601563E+001
 0.0606061    0.3275488281E+001    0.1748266602E+001
 0.0707071    0.3333935547E+001    0.1754272461E+001
 0.0808081    0.3401904297E+001    0.1748779297E+001
 0.0909091    0.3467626953E+001    0.1752319336E+001
 0.1010101    0.3530297852E+001    0.1760961914E+001
 0.1111111    0.3582592773E+001    0.1732983398E+001
 0.1212121    0.3623974609E+001    0.1740551758E+001
 0.1313131    0.3664819336E+001    0.1736450195E+001
 0.1414141    0.3680908203E+001    0.1713574219E+001
 0.1515152    0.3713354492E+001    0.1720019531E+001
 0.1616162    0.3723095703E+001    0.1695166016E+001
 0.1717172    0.3718481445E+001    0.1697460938E+001
 0.1818182    0.3681958008E+001    0.1700878906E+001
 0.1919192    0.3654418945E+001    0.1653955078E+001
 0.2020202    0.3634887695E+001    0.1637133789E+001
 0.2121212    0.3590527344E+001    0.1630712891E+001
 0.2222222    0.3540112305E+001    0.1603100586E+001
 0.2323232    0.3468725586E+001    0.1578930664E+001
 0.2424242    0.3422851562E+001    0.1566845703E+001
 0.2525253    0.3361035156E+001    0.1550512695E+001
 0.2626263    0.3287158203E+001    0.1520385742E+001
 0.2727273    0.3205468750E+001    0.1494067383E+001
 0.2828283    0.3147607422E+001    0.1451098633E+001
 0.2929293    0.3075732422E+001    0.1443872070E+001
 0.3030303    0.2995092773E+001    0.1404028320E+001
 0.3131313    0.2914819336E+001    0.1384790039E+001
 0.3232323    0.2812548828E+001    0.1360351563E+001
 0.3333333    0.2739721680E+001    0.1331689453E+001
 0.3434343    0.2645068359E+001    0.1303833008E+001
 0.3535354    0.2557666016E+001    0.1272607422E+001
 0.3636364    0.2467675781E+001    0.1243920898E+001
 0.3737374    0.2378735352E+001    0.1218823242E+001
 0.3838384    0.2277954102E+001    0.1178344727E+001
 0.3939394    0.2183715820E+001    0.1143041992E+001
 0.4040404    0.2081713867E+001    0.1123754883E+001
 0.4141414    0.1994921875E+001    0.1094995117E+001
 0.4242424    0.1889819336E+001    0.1057983398E+001
 0.4343434    0.1788842773E+001    0.1021044922E+001
 0.4444444    0.1695117188E+001    0.9764160156E+000
 0.4545455    0.1591455078E+001    0.9548583984E+000
 0.4646465    0.1480590820E+001    0.9195800781E+000
 0.4747475    0.1380810547E+001    0.8844726563E+000
 0.4848485    0.1269384766E+001    0.8405761719E+000
 0.4949495    0.1180053711E+001    0.8241943359E+000
 0.5050505    0.1112329102E+001    0.7942382813E+000
 0.5151515    0.1115991211E+001    0.7979736328E+000
 0.5252525    0.1119067383E+001    0.8071777344E+000
 0.5353535    0.1102954102E+001    0.8021484375E+000
 0.5454545    0.1095898438E+001    0.7976806641E+000
 0.5555556    0.1100659180E+001    0.7892822266E+000
 0.5656566    0.1092993164E+001    0.8105957031E+000
 0.5757576    0.1085986328E+001    0.8005859375E+000
 0.5858586    0.1080273438E+001    0.7923583984E+000
 0.5959596    0.1075097656E+001    0.8004394531E+000
 0.6060606    0.1049829102E+001    0.8040039063E+000
 0.6161616    0.1045922852E+001    0.7984375000E+000
 0.6262626    0.1025439453E+001    0.7807128906E+000
 0.6363636    0.1012329102E+001    0.7764892578E+000
 0.6464646    0.9974609375E+000    0.8005615234E+000
 0.6565657    0.9725585938E+000    0.7710693359E+000
 0.6666667    0.9858154297E+000    0.7901367188E+000
 0.6767677    0.9617675781E+000    0.7728515625E+000
 0.6868687    0.9503906250E+000    0.7812744141E+000
 0.6969697    0.9272705078E+000    0.7874511719E+000
 0.7070707    0.9151855469E+000    0.7751708984E+000
 0.7171717    0.8895019531E+000    0.7764648438E+000
 0.7272727    0.8646240234E+000    0.7680175781E+000
 0.7373737    0.8478027344E+000    0.7619628906E+000
 0.7474747    0.8333740234E+000    0.7612304688E+000
 0.7575758    0.8053222656E+000    0.7567138672E+000
 0.7676768    0.7769775391E+000    0.7385498047E+000
 0.7777778    0.7534667969E+000    0.7512451172E+000
 0.7878788    0.7208740234E+000    0.7361816406E+000
 0.7979798    0.6933593750E+000    0.7307128906E+000
 0.8080808    0.6672851563E+000    0.7327880859E+000
 0.8181818    0.6343261719E+000    0.7171142578E+000
 0.8282828    0.6088134766E+000    0.7185058594E+000
 0.8383838    0.5828125000E+000    0.7126220703E+000
 0.8484848    0.5487792969E+000    0.7058349609E+000
 0.8585859    0.5197509766E+000    0.7015625000E+000
 0.8686869    0.4803710938E+000    0.6919189453E+000
 0.8787879    0.4457763672E+000    0.6831054688E+000
 0.8888889    0.4121093750E+000    0.6833496094E+000
 0.8989899    0.3706298828E+000    0.6732910156E+000
 0.9090909    0.3432128906E+000    0.6730712891E+000
 0.9191919    0.3099609375E+000    0.6692871094E+000
 0.9292929    0.2650390625E+000    0.6482910156E+000
 0.9393939    0.2256347656E+000    0.6454833984E+000
 0.9494949    0.1877929688E+000    0.6427978516E+000
 0.9595960    0.1322265625E+000    0.6196044922E+000
 0.9696970    0.1004394531E+000    0.6197021484E+000
 0.9797980    0.6411132813E-001    0.6208007813E+000
 0.9898990    0.9912109375E-002    0.6055908203E+000
 1.0000000    0.0000000000E+000    0.6101562500E+000


