# Identity Change Acceptance ratios and number of Accepted and Trial Moves (per box) as a function of Lambda
 0.00500 0.00000         0         0 0.00000         0         0
 0.01500 0.00000         0         0 0.00000         0         0
 0.02500 0.00000         0         0 0.00000         0         0
 0.03500 0.00000         0         0 0.00000         0         0
 0.04500 0.00000         0         0 0.00000         0         0
 0.05500 0.00000         0         0 0.00000         0         0
 0.06500 0.00000         0         0 0.00000         0         0
 0.07500 0.00000         0         0 0.00000         0         0
 0.08500 0.00000         0         0 0.00000         0         0
 0.09500 0.00000         0         0 0.00000         0         0
 0.10500 0.00000         0         0 0.00000         0         0
 0.11500 0.00000         0         0 0.00000         0         0
 0.12500 0.00000         0         0 0.00000         0         0
 0.13500 0.00000         0         0 0.00000         0         0
 0.14500 0.00000         0         0 0.00000         0         0
 0.15500 0.00000         0         0 0.00000         0         0
 0.16500 0.00000         0         0 0.00000         0         0
 0.17500 0.00000         0         0 0.00000         0         0
 0.18500 0.00000         0         0 0.00000         0         0
 0.19500 0.00000         0         0 0.00000         0         0
 0.20500 0.00000         0         0 0.00000         0         0
 0.21500 0.00000         0         0 0.00000         0         0
 0.22500 0.00000         0         0 0.00000         0         0
 0.23500 0.00000         0         0 0.00000         0         0
 0.24500 0.00000         0         0 0.00000         0         0
 0.25500 0.00000         0         0 0.00000         0         0
 0.26500 0.00000         0         0 0.00000         0         0
 0.27500 0.00000         0         0 0.00000         0         0
 0.28500 0.00000         0         0 0.00000         0         0
 0.29500 0.00000         0         0 0.00000         0         0
 0.30500 0.00000         0         0 0.00000         0         0
 0.31500 0.00000         0         0 0.00000         0         0
 0.32500 0.00000         0         0 0.00000         0         0
 0.33500 0.00000         0         0 0.00000         0         0
 0.34500 0.00000         0         0 0.00000         0         0
 0.35500 0.00000         0         0 0.00000         0         0
 0.36500 0.00000         0         0 0.00000         0         0
 0.37500 0.00000         0         0 0.00000         0         0
 0.38500 0.00000         0         0 0.00000         0         0
 0.39500 0.00000         0         0 0.00000         0         0
 0.40500 0.00000         0         0 0.00000         0         0
 0.41500 0.00000         0         0 0.00000         0         0
 0.42500 0.00000         0         0 0.00000         0         0
 0.43500 0.00000         0         0 0.00000         0         0
 0.44500 0.00000         0         0 0.00000         0         0
 0.45500 0.00000         0         0 0.00000         0         0
 0.46500 0.00000         0         0 0.00000         0         0
 0.47500 0.00000         0         0 0.00000         0         0
 0.48500 0.00000         0         0 0.00000         0         0
 0.49500 0.00000         0         0 0.00000         0         0
 0.50500 0.00000         0         0 0.00000         0         0
 0.51500 0.00000         0         0 0.00000         0         0
 0.52500 0.00000         0         0 0.00000         0         0
 0.53500 0.00000         0         0 0.00000         0         0
 0.54500 0.00000         0         0 0.00000         0         0
 0.55500 0.00000         0         0 0.00000         0         0
 0.56500 0.00000         0         0 0.00000         0         0
 0.57500 0.00000         0         0 0.00000         0         0
 0.58500 0.00000         0         0 0.00000         0         0
 0.59500 0.00000         0         0 0.00000         0         0
 0.60500 0.00000         0         0 0.00000         0         0
 0.61500 0.00000         0         0 0.00000         0         0
 0.62500 0.00000         0         0 0.00000         0         0
 0.63500 0.00000         0         0 0.00000         0         0
 0.64500 0.00000         0         0 0.00000         0         0
 0.65500 0.00000         0         0 0.00000         0         0
 0.66500 0.00000         0         0 0.00000         0         0
 0.67500 0.00000         0         0 0.00000         0         0
 0.68500 0.00000         0         0 0.00000         0         0
 0.69500 0.00000         0         0 0.00000         0         0
 0.70500 0.56491     33283     58917 0.67739     33102     48867
 0.71500 0.57753     34039     58939 0.68556     33959     49535
 0.72500 0.59133     34456     58269 0.68869     34412     49967
 0.73500 0.59085     34667     58673 0.71289     34834     48863
 0.74500 0.61019     35725     58547 0.72618     35844     49360
 0.75500 0.62260     36062     57922 0.73836     36260     49109
 0.76500 0.62461     36660     58693 0.75078     36270     48310
 0.77500 0.63876     36836     57668 0.76387     37021     48465
 0.78500 0.64955     38704     59586 0.77883     38914     49965
 0.79500 0.66068     38658     58512 0.79084     38728     48971
 0.80500 0.67721     39318     58059 0.79980     39148     48947
 0.81500 0.68497     40100     58543 0.81677     40111     49109
 0.82500 0.69402     40091     57766 0.82808     40257     48615
 0.83500 0.70067     40346     57582 0.84674     40203     47480
 0.84500 0.71254     41942     58863 0.85814     41968     48906
 0.85500 0.73399     42173     57457 0.86331     42304     49002
 0.86500 0.73319     43071     58745 0.88321     42772     48428
 0.87500 0.74520     43144     57896 0.89711     43212     48168
 0.88500 0.75833     44379     58522 0.91118     44442     48774
 0.89500 0.76814     45102     58716 0.92267     44911     48675
 0.90500 0.77750     45119     58031 0.93382     45164     48365
 0.91500 0.78281     46152     58957 0.94863     46355     48865
 0.92500 0.78804     45971     58336 0.95826     45827     47823
 0.93500 0.80165     46704     58260 0.96668     46708     48318
 0.94500 0.81436     47556     58397 0.97411     48016     49292
 0.95500 0.80758     46884     58055 0.98484     46759     47479
 0.96500 0.81981     47541     57990 0.98877     47377     47915
 0.97500 0.81108     47016     57967 0.99389     47000     47289
 0.98500 0.82494     47674     57791 0.99320     47583     47909
 0.99500 0.82501     47981     58158 0.99363     47895     48202


 0.00500 0.00000         0         0 0.00000         0         0
 0.01500 0.00000         0         0 0.00000         0         0
 0.02500 0.00000         0         0 0.00000         0         0
 0.03500 0.00000         0         0 0.00000         0         0
 0.04500 0.00000         0         0 0.00000         0         0
 0.05500 0.00000         0         0 0.00000         0         0
 0.06500 0.00000         0         0 0.00000         0         0
 0.07500 0.00000         0         0 0.00000         0         0
 0.08500 0.00000         0         0 0.00000         0         0
 0.09500 0.00000         0         0 0.00000         0         0
 0.10500 0.00000         0         0 0.00000         0         0
 0.11500 0.00000         0         0 0.00000         0         0
 0.12500 0.00000         0         0 0.00000         0         0
 0.13500 0.00000         0         0 0.00000         0         0
 0.14500 0.00000         0         0 0.00000         0         0
 0.15500 0.00000         0         0 0.00000         0         0
 0.16500 0.00000         0         0 0.00000         0         0
 0.17500 0.00000         0         0 0.00000         0         0
 0.18500 0.00000         0         0 0.00000         0         0
 0.19500 0.00000         0         0 0.00000         0         0
 0.20500 0.00000         0         0 0.00000         0         0
 0.21500 0.00000         0         0 0.00000         0         0
 0.22500 0.00000         0         0 0.00000         0         0
 0.23500 0.00000         0         0 0.00000         0         0
 0.24500 0.00000         0         0 0.00000         0         0
 0.25500 0.00000         0         0 0.00000         0         0
 0.26500 0.00000         0         0 0.00000         0         0
 0.27500 0.00000         0         0 0.00000         0         0
 0.28500 0.00000         0         0 0.00000         0         0
 0.29500 0.00000         0         0 0.00000         0         0
 0.30500 0.00000         0         0 0.00000         0         0
 0.31500 0.00000         0         0 0.00000         0         0
 0.32500 0.00000         0         0 0.00000         0         0
 0.33500 0.00000         0         0 0.00000         0         0
 0.34500 0.00000         0         0 0.00000         0         0
 0.35500 0.00000         0         0 0.00000         0         0
 0.36500 0.00000         0         0 0.00000         0         0
 0.37500 0.00000         0         0 0.00000         0         0
 0.38500 0.00000         0         0 0.00000         0         0
 0.39500 0.00000         0         0 0.00000         0         0
 0.40500 0.00000         0         0 0.00000         0         0
 0.41500 0.00000         0         0 0.00000         0         0
 0.42500 0.00000         0         0 0.00000         0         0
 0.43500 0.00000         0         0 0.00000         0         0
 0.44500 0.00000         0         0 0.00000         0         0
 0.45500 0.00000         0         0 0.00000         0         0
 0.46500 0.00000         0         0 0.00000         0         0
 0.47500 0.00000         0         0 0.00000         0         0
 0.48500 0.00000         0         0 0.00000         0         0
 0.49500 0.00000         0         0 0.00000         0         0
 0.50500 0.00000         0         0 0.00000         0         0
 0.51500 0.00000         0         0 0.00000         0         0
 0.52500 0.00000         0         0 0.00000         0         0
 0.53500 0.00000         0         0 0.00000         0         0
 0.54500 0.00000         0         0 0.00000         0         0
 0.55500 0.00000         0         0 0.00000         0         0
 0.56500 0.00000         0         0 0.00000         0         0
 0.57500 0.00000         0         0 0.00000         0         0
 0.58500 0.00000         0         0 0.00000         0         0
 0.59500 0.00000         0         0 0.00000         0         0
 0.60500 0.00000         0         0 0.00000         0         0
 0.61500 0.00000         0         0 0.00000         0         0
 0.62500 0.00000         0         0 0.00000         0         0
 0.63500 0.00000         0         0 0.00000         0         0
 0.64500 0.00000         0         0 0.00000         0         0
 0.65500 0.00000         0         0 0.00000         0         0
 0.66500 0.00000         0         0 0.00000         0         0
 0.67500 0.00000         0         0 0.00000         0         0
 0.68500 0.00000         0         0 0.00000         0         0
 0.69500 0.00000         0         0 0.00000         0         0
 0.70500 0.79048     46907     59340 0.98975     46715     47199
 0.71500 0.78667     47519     60405 0.98905     47498     48024
 0.72500 0.78906     46628     59093 0.98947     46775     47273
 0.73500 0.79582     48649     61131 0.98784     48334     48929
 0.74500 0.78662     46472     59078 0.98897     46526     47045
 0.75500 0.79978     47851     59830 0.98785     47551     48136
 0.76500 0.78785     47647     60477 0.98813     47847     48422
 0.77500 0.79962     49018     61302 0.98847     49028     49600
 0.78500 0.80420     48107     59820 0.98645     48116     48777
 0.79500 0.79955     48219     60308 0.98746     48290     48903
 0.80500 0.79145     47358     59837 0.98874     47175     47712
 0.81500 0.78874     47900     60730 0.98704     48045     48676
 0.82500 0.78800     47941     60839 0.98804     47990     48571
 0.83500 0.78187     47720     61033 0.98821     47679     48248
 0.84500 0.79261     47976     60529 0.98674     48014     48659
 0.85500 0.79031     46732     59131 0.98953     46872     47368
 0.86500 0.79826     47490     59492 0.98854     47681     48234
 0.87500 0.79172     47248     59678 0.98836     47530     48090
 0.88500 0.79454     46626     58683 0.98813     46438     46996
 0.89500 0.79618     47548     59720 0.98715     47639     48259
 0.90500 0.79541     47828     60130 0.98780     47462     48048
 0.91500 0.78726     47378     60181 0.98902     47283     47808
 0.92500 0.79013     47604     60248 0.98870     47706     48251
 0.93500 0.78874     46624     59112 0.98838     46678     47227
 0.94500 0.78760     47619     60461 0.98843     47518     48074
 0.95500 0.78465     48201     61430 0.98915     48149     48677
 0.96500 0.78215     46973     60056 0.99038     46969     47425
 0.97500 0.78621     47792     60788 0.98949     48111     48622
 0.98500 0.78580     47261     60144 0.98914     47287     47806
 0.99500 0.80864     48634     60143 0.98645     48547     49214


