# Lambda, (Probability, Probability_biased(/observed)) per Fractional
 0.0000000   0.1143280164E+001   0.1108007939E+001   0.8829005973E+000   0.1020189470E+001
 0.0101010   0.1155757287E+001   0.1119742968E+001   0.9033289329E+000   0.1045884486E+001
 0.0202020   0.1148377311E+001   0.1060801582E+001   0.8960498344E+000   0.9792915689E+000
 0.0303030   0.1112777120E+001   0.1065696298E+001   0.9004649921E+000   0.1016276819E+001
 0.0404040   0.1074202459E+001   0.1101106185E+001   0.9005000374E+000   0.1042030233E+001
 0.0505051   0.9788203562E+000   0.1030491210E+001   0.8561446930E+000   0.9734128607E+000
 0.0606061   0.9878481750E+000   0.1116363771E+001   0.8934782533E+000   0.1042575279E+001
 0.0707071   0.9015821685E+000   0.1077472287E+001   0.8574246618E+000   0.9704735066E+000
 0.0808081   0.8202515693E+000   0.1065532458E+001   0.8843676229E+000   0.1018787923E+001
 0.0909091   0.7983624125E+000   0.1086749718E+001   0.8993043067E+000   0.1030058692E+001
 0.1010101   0.7230666104E+000   0.1098238988E+001   0.8964089863E+000   0.1040103107E+001
 0.1111111   0.6586051768E+000   0.1081752603E+001   0.8880764817E+000   0.1034769445E+001
 0.1212121   0.5901119420E+000   0.1042492479E+001   0.8682743867E+000   0.9949421697E+000
 0.1313131   0.5499681926E+000   0.1067580456E+001   0.8829075514E+000   0.1019469231E+001
 0.1414141   0.4992137001E+000   0.1060228143E+001   0.8812979205E+000   0.1029104862E+001
 0.1515152   0.4907815301E+000   0.1100655626E+001   0.9220372934E+000   0.1058303744E+001
 0.1616162   0.4522656475E+000   0.1100430346E+001   0.8827619064E+000   0.1026223905E+001
 0.1717172   0.4121267950E+000   0.9933200446E+000   0.9197500950E+000   0.1061943871E+001
 0.1818182   0.4054858230E+000   0.1048677434E+001   0.8721385989E+000   0.9876035173E+000
 0.1919192   0.3991215518E+000   0.1071778852E+001   0.8932942321E+000   0.1001813640E+001
 0.2020202   0.3852780108E+000   0.1033911367E+001   0.8866577806E+000   0.1022817369E+001
 0.2121212   0.3783632674E+000   0.9988086795E+000   0.8628988327E+000   0.9737632473E+000
 0.2222222   0.3814073479E+000   0.9905347671E+000   0.9185057652E+000   0.1065467203E+001
 0.2323232   0.4055465120E+000   0.1044048958E+001   0.8661123310E+000   0.9752815892E+000
 0.2424242   0.3934621915E+000   0.1003846755E+001   0.8801687227E+000   0.9885768134E+000
 0.2525253   0.4059626758E+000   0.9798032570E+000   0.9073018620E+000   0.1030078158E+001
 0.2626263   0.4139370166E+000   0.1016052824E+001   0.9092089053E+000   0.9987380243E+000
 0.2727273   0.4118326122E+000   0.9706282255E+000   0.9438381310E+000   0.1033971342E+001
 0.2828283   0.4359492498E+000   0.1004870754E+001   0.9184414401E+000   0.1022700573E+001
 0.2929293   0.4412499852E+000   0.9930538048E+000   0.9249665018E+000   0.9787854550E+000
 0.3030303   0.4566102778E+000   0.9861930111E+000   0.9126686245E+000   0.9942024647E+000
 0.3131313   0.4921088813E+000   0.9970883611E+000   0.9719432520E+000   0.1032569796E+001
 0.3232323   0.4803997499E+000   0.9435332104E+000   0.9408174738E+000   0.1002436549E+001
 0.3333333   0.5439326405E+000   0.1043004479E+001   0.9578219522E+000   0.1003993823E+001
 0.3434343   0.5600067189E+000   0.9753181411E+000   0.9501836134E+000   0.9773060450E+000
 0.3535354   0.5808820537E+000   0.1009847389E+001   0.9664073144E+000   0.9930150435E+000
 0.3636364   0.6044461401E+000   0.1002556516E+001   0.9322016965E+000   0.9779678863E+000
 0.3737374   0.6419134953E+000   0.9772842193E+000   0.9837671836E+000   0.1011974851E+001
 0.3838384   0.6960857623E+000   0.1034402887E+001   0.9770351164E+000   0.1020208936E+001
 0.3939394   0.7080590940E+000   0.9919274058E+000   0.9616532486E+000   0.9610325348E+000
 0.4040404   0.7556591979E+000   0.1003437155E+001   0.9958486540E+000   0.1006427063E+001
 0.4141414   0.7837589475E+000   0.9956752424E+000   0.9947119507E+000   0.1016198956E+001
 0.4242424   0.8566684106E+000   0.1014086745E+001   0.1007770185E+001   0.1014758478E+001
 0.4343434   0.8932656729E+000   0.9833872537E+000   0.9834486277E+000   0.9728678149E+000
 0.4444444   0.9397009061E+000   0.9943235636E+000   0.1006735228E+001   0.9935406233E+000
 0.4545455   0.9769460231E+000   0.9667370291E+000   0.9980397439E+000   0.9602344320E+000
 0.4646465   0.1054280976E+001   0.1010502749E+001   0.1020132731E+001   0.9871363352E+000
 0.4747475   0.1134300600E+001   0.1004256354E+001   0.1083101773E+001   0.1045319974E+001
 0.4848485   0.1213161107E+001   0.9903504473E+000   0.1016176741E+001   0.9592806018E+000
 0.4949495   0.1278420840E+001   0.1017363542E+001   0.1078352248E+001   0.1007205700E+001
 0.5050505   0.1318575698E+001   0.9946717233E+000   0.1086558731E+001   0.1021337959E+001
 0.5151515   0.1297994638E+001   0.9569680781E+000   0.1059669368E+001   0.1002319754E+001
 0.5252525   0.1299657841E+001   0.9835715735E+000   0.1086474812E+001   0.1010553839E+001
 0.5353535   0.1322773177E+001   0.9894083682E+000   0.1038492394E+001   0.9548618377E+000
 0.5454545   0.1274787265E+001   0.9509469636E+000   0.1040332989E+001   0.9807904449E+000
 0.5555556   0.1309194285E+001   0.9974570007E+000   0.1075364783E+001   0.1003039993E+001
 0.5656566   0.1337657105E+001   0.1006181473E+001   0.1095314082E+001   0.9975700690E+000
 0.5757576   0.1322676883E+001   0.9976208406E+000   0.1061605058E+001   0.9751842595E+000
 0.5858586   0.1335179133E+001   0.9898384478E+000   0.1071106710E+001   0.9903092804E+000
 0.5959596   0.1289480530E+001   0.9526672820E+000   0.1076703290E+001   0.9959349317E+000
 0.6060606   0.1295932533E+001   0.9974365208E+000   0.1055146544E+001   0.9950005674E+000
 0.6161616   0.1345896139E+001   0.1016646743E+001   0.1056103978E+001   0.9626871381E+000
 0.6262626   0.1322847828E+001   0.9908829268E+000   0.1076894733E+001   0.1004071687E+001
 0.6363636   0.1271502336E+001   0.9333341798E+000   0.1058496254E+001   0.9872336648E+000
 0.6464646   0.1276871537E+001   0.9286442642E+000   0.1086144557E+001   0.1001326992E+001
 0.6565657   0.1291902089E+001   0.9661021496E+000   0.1065170015E+001   0.9841969811E+000
 0.6666667   0.1305423088E+001   0.9731882231E+000   0.1044348372E+001   0.9695586083E+000
 0.6767677   0.1345686587E+001   0.9835306136E+000   0.1036654229E+001   0.9542194623E+000
 0.6868687   0.1300963011E+001   0.9590365562E+000   0.1039104756E+001   0.9844305722E+000
 0.6969697   0.1352220159E+001   0.9980304402E+000   0.1079297408E+001   0.1004363676E+001
 0.7070707   0.1292230456E+001   0.9760349405E+000   0.1075642507E+001   0.1004947653E+001
 0.7171717   0.1286343995E+001   0.9628253527E+000   0.1070240842E+001   0.9892581206E+000
 0.7272727   0.1308393297E+001   0.9698090262E+000   0.1106932479E+001   0.1011955385E+001
 0.7373737   0.1278847494E+001   0.9607568746E+000   0.1060568070E+001   0.9899783597E+000
 0.7474747   0.1338265992E+001   0.1013861466E+001   0.1100016306E+001   0.1029163259E+001
 0.7575758   0.1310798408E+001   0.9820970149E+000   0.1099917682E+001   0.1028832339E+001
 0.7676768   0.1302178142E+001   0.9780829386E+000   0.1057313616E+001   0.9873893922E+000
 0.7777778   0.1283729657E+001   0.9612688741E+000   0.1067883342E+001   0.9944944535E+000
 0.7878788   0.1306428658E+001   0.9716727045E+000   0.1065932020E+001   0.9862214369E+000
 0.7979798   0.1272584170E+001   0.9652215105E+000   0.1061842938E+001   0.9761770215E+000
 0.8080808   0.1320919249E+001   0.9811139758E+000   0.1064580242E+001   0.9724784965E+000
 0.8181818   0.1247270128E+001   0.9266372260E+000   0.1037021720E+001   0.9699479267E+000
 0.8282828   0.1288629272E+001   0.9630711124E+000   0.1067713228E+001   0.9855011978E+000
 0.8383838   0.1284246701E+001   0.9661021496E+000   0.1069087219E+001   0.9906012692E+000
 0.8484848   0.1299346976E+001   0.9636240719E+000   0.1055414366E+001   0.9645558665E+000
 0.8585859   0.1264974281E+001   0.9462365679E+000   0.1055674270E+001   0.9758071690E+000
 0.8686869   0.1305209041E+001   0.9733315830E+000   0.1097079211E+001   0.1014875273E+001
 0.8787879   0.1309289077E+001   0.9871555702E+000   0.1061383145E+001   0.9883821542E+000
 0.8888889   0.1281393011E+001   0.9440452100E+000   0.1054781876E+001   0.9845862995E+000
 0.8989899   0.1272060836E+001   0.9380855355E+000   0.1080012952E+001   0.9981735126E+000
 0.9090909   0.1224829255E+001   0.9120349995E+000   0.1062674384E+001   0.9744640205E+000
 0.9191919   0.1291553595E+001   0.9595485557E+000   0.1069611948E+001   0.9849756180E+000
 0.9292929   0.1306311494E+001   0.9712016649E+000   0.1069517925E+001   0.9988353539E+000
 0.9393939   0.1335477941E+001   0.1018285142E+001   0.1090786278E+001   0.1022953630E+001
 0.9494949   0.1267950405E+001   0.9411780126E+000   0.1079136850E+001   0.1002280822E+001
 0.9595960   0.1300758787E+001   0.9905962071E+000   0.1084063295E+001   0.1028676611E+001
 0.9696970   0.1271300617E+001   0.9313681017E+000   0.1051628328E+001   0.9829706281E+000
 0.9797980   0.1313071551E+001   0.9670237488E+000   0.1083644305E+001   0.9929566457E+000
 0.9898990   0.1293899025E+001   0.9733930229E+000   0.1095068655E+001   0.1006115608E+001
 1.0000000   0.1318884268E+001   0.9642179914E+000   0.1078017925E+001   0.9623367515E+000


 0.0000000   0.1085606938E+001   0.1057301743E+001   0.8632438784E+000   0.9977735376E+000
 0.0101010   0.1125581965E+001   0.1095884953E+001   0.9001456292E+000   0.1042509511E+001
 0.0202020   0.1098343012E+001   0.1019585572E+001   0.8907834097E+000   0.9738261226E+000
 0.0303030   0.1063438234E+001   0.1023466601E+001   0.8836699083E+000   0.9976189759E+000
 0.0404040   0.1037920653E+001   0.1069161590E+001   0.8948372092E+000   0.1035786074E+001
 0.0505051   0.9613097079E+000   0.1017046388E+001   0.8550722704E+000   0.9724833672E+000
 0.0606061   0.9434101809E+000   0.1071401440E+001   0.8901844877E+000   0.1039041532E+001
 0.0707071   0.8815065526E+000   0.1058674554E+001   0.8725106571E+000   0.9878429436E+000
 0.0808081   0.7999277537E+000   0.1044254880E+001   0.8697658952E+000   0.1002265489E+001
 0.0909091   0.7562647620E+000   0.1034521341E+001   0.8664819051E+000   0.9927599401E+000
 0.1010101   0.7055269030E+000   0.1076882361E+001   0.8831254805E+000   0.1024995730E+001
 0.1111111   0.6438871179E+000   0.1062792987E+001   0.8798157054E+000   0.1025449755E+001
 0.1212121   0.5707378056E+000   0.1013237612E+001   0.8660696444E+000   0.9927116395E+000
 0.1313131   0.5365294330E+000   0.1046628913E+001   0.8856979365E+000   0.1022996087E+001
 0.1414141   0.4860881577E+000   0.1037442435E+001   0.8728943334E+000   0.1019595728E+001
 0.1515152   0.4604487264E+000   0.1037721126E+001   0.8960584706E+000   0.1028792154E+001
 0.1616162   0.4346539079E+000   0.1062792987E+001   0.8828133440E+000   0.1026589649E+001
 0.1717172   0.4100264487E+000   0.9931305785E+000   0.8967103630E+000   0.1035650833E+001
 0.1818182   0.3941415148E+000   0.1024364605E+001   0.8849249402E+000   0.1002381411E+001
 0.1919192   0.3921504298E+000   0.1058251357E+001   0.8755713063E+000   0.9822304191E+000
 0.2020202   0.3851294944E+000   0.1038608808E+001   0.8887166728E+000   0.1025498056E+001
 0.2121212   0.3654912806E+000   0.9695863566E+000   0.8691584650E+000   0.9811195064E+000
 0.2222222   0.3798977760E+000   0.9914790767E+000   0.8951333969E+000   0.1038664787E+001
 0.2323232   0.3931871866E+000   0.1017221860E+001   0.8798191771E+000   0.9910114600E+000
 0.2424242   0.3911041035E+000   0.1002750576E+001   0.9050220577E+000   0.1016794296E+001
 0.2525253   0.3976901252E+000   0.9645699200E+000   0.9210315647E+000   0.1045977491E+001
 0.2626263   0.4044210672E+000   0.9975896332E+000   0.8956904836E+000   0.9841817616E+000
 0.2727273   0.4104223286E+000   0.9720739311E+000   0.9311964165E+000   0.1020426498E+001
 0.2828283   0.4267857194E+000   0.9885992705E+000   0.9131339972E+000   0.1017093759E+001
 0.2929293   0.4454718439E+000   0.1007498644E+001   0.9344524107E+000   0.9891180782E+000
 0.3030303   0.4550933283E+000   0.9877631978E+000   0.9109309556E+000   0.9926053783E+000
 0.3131313   0.4729836034E+000   0.9630629247E+000   0.9547725556E+000   0.1014630431E+001
 0.3232323   0.4944064194E+000   0.9758310976E+000   0.9366514489E+000   0.9982951836E+000
 0.3333333   0.5218686384E+000   0.1005630382E+001   0.9505168957E+000   0.9966336445E+000
 0.3434343   0.5606482996E+000   0.9812500877E+000   0.9579541720E+000   0.9855921378E+000
 0.3535354   0.5703952807E+000   0.9965058352E+000   0.9477038720E+000   0.9740869456E+000
 0.3636364   0.5998690875E+000   0.9998707700E+000   0.9515242740E+000   0.9985366864E+000
 0.3737374   0.6401551704E+000   0.9794127920E+000   0.9953395679E+000   0.1024184281E+001
 0.3838384   0.6784904996E+000   0.1013227290E+001   0.1007620428E+001   0.1052459426E+001
 0.3939394   0.6996401199E+000   0.9849659667E+000   0.9678254546E+000   0.9674890899E+000
 0.4040404   0.7369571421E+000   0.9834280057E+000   0.9903554670E+000   0.1001173897E+001
 0.4141414   0.7665039309E+000   0.9785560755E+000   0.9837773309E+000   0.1005327744E+001
 0.4242424   0.8361677506E+000   0.9946995051E+000   0.1004513456E+001   0.1011780698E+001
 0.4343434   0.9025506981E+000   0.9985082810E+000   0.1028444654E+001   0.1017683026E+001
 0.4444444   0.9471018596E+000   0.1007096090E+001   0.1032877384E+001   0.1019644029E+001
 0.4545455   0.9864355516E+000   0.9809404312E+000   0.1014675389E+001   0.9765309537E+000
 0.4646465   0.1064989080E+001   0.1025799347E+001   0.1028931971E+001   0.9959477767E+000
 0.4747475   0.1150442484E+001   0.1023569820E+001   0.1051860230E+001   0.1015470861E+001
 0.4848485   0.1194190530E+001   0.9796708392E+000   0.1047737633E+001   0.9893692411E+000
 0.4949495   0.1288504720E+001   0.1030444196E+001   0.1090072102E+001   0.1018455835E+001
 0.5050505   0.1296497946E+001   0.9828396582E+000   0.1089970994E+001   0.1024850829E+001
 0.5151515   0.1287285982E+001   0.9537525836E+000   0.1073834950E+001   0.1016021487E+001
 0.5252525   0.1317793385E+001   0.1002213838E+001   0.1095723952E+001   0.1019460487E+001
 0.5353535   0.1328705038E+001   0.9987456844E+000   0.1040337643E+001   0.9568436476E+000
 0.5454545   0.1313747470E+001   0.9848421040E+000   0.1036120825E+001   0.9771105604E+000
 0.5555556   0.1335622633E+001   0.1022609885E+001   0.1076026073E+001   0.1003956009E+001
 0.5656566   0.1330419390E+001   0.1005671670E+001   0.1096048666E+001   0.9985366864E+000
 0.5757576   0.1337376279E+001   0.1013681453E+001   0.1073708882E+001   0.9865967893E+000
 0.5858586   0.1327366483E+001   0.9888986052E+000   0.1072246564E+001   0.9916586874E+000
 0.5959596   0.1321485154E+001   0.9811262251E+000   0.1068879193E+001   0.9889924968E+000
 0.6060606   0.1333757194E+001   0.1031610569E+001   0.1064592304E+001   0.1004207172E+001
 0.6161616   0.1356394459E+001   0.1029628767E+001   0.1044358897E+001   0.9522647550E+000
 0.6262626   0.1339870459E+001   0.1008582442E+001   0.1075869735E+001   0.1003415042E+001
 0.6363636   0.1307915849E+001   0.9647970015E+000   0.1068100989E+001   0.9964887429E+000
 0.6464646   0.1283098566E+001   0.9377743041E+000   0.1069491539E+001   0.9862683455E+000
 0.6565657   0.1298660406E+001   0.9759446384E+000   0.1060864434E+001   0.9805109194E+000
 0.6666667   0.1316915846E+001   0.9865968247E+000   0.1046687259E+001   0.9720196819E+000
 0.6767677   0.1321152696E+001   0.9703604981E+000   0.1053904429E+001   0.9703871231E+000
 0.6868687   0.1297102809E+001   0.9609056505E+000   0.1035117678E+001   0.9809456244E+000
 0.6969697   0.1354217668E+001   0.1004433044E+001   0.1084058759E+001   0.1009095188E+001
 0.7070707   0.1308113758E+001   0.9929034970E+000   0.1067965872E+001   0.9980730011E+000
 0.7171717   0.1291971257E+001   0.9718055621E+000   0.1063522645E+001   0.9833413319E+000
 0.7272727   0.1312483262E+001   0.9776374277E+000   0.1086847755E+001   0.9938901730E+000
 0.7373737   0.1302478810E+001   0.9833351087E+000   0.1062258520E+001   0.9918518896E+000
 0.7474747   0.1328046726E+001   0.1011080338E+001   0.1088701480E+001   0.1018880880E+001
 0.7575758   0.1319240415E+001   0.9932957286E+000   0.1083203280E+001   0.1013500198E+001
 0.7676768   0.1307820452E+001   0.9871645284E+000   0.1056470608E+001   0.9868962527E+000
 0.7777778   0.1307907011E+001   0.9842021471E+000   0.1064043950E+001   0.9912143223E+000
 0.7878788   0.1322954961E+001   0.9888160301E+000   0.1067898716E+001   0.9883356093E+000
 0.7979798   0.1313126016E+001   0.1000882315E+001   0.1082069915E+001   0.9950687066E+000
 0.8080808   0.1337741941E+001   0.9985082810E+000   0.1074787296E+001   0.9820951776E+000
 0.8181818   0.1307483668E+001   0.9761613980E+000   0.1071099876E+001   0.1002120588E+001
 0.8282828   0.1299364879E+001   0.9758827070E+000   0.1081116158E+001   0.9981696022E+000
 0.8383838   0.1297737174E+001   0.9810642938E+000   0.1071149729E+001   0.9928082406E+000
 0.8484848   0.1322798863E+001   0.9858536489E+000   0.1062492896E+001   0.9713144938E+000
 0.8585859   0.1289884494E+001   0.9696276442E+000   0.1055045443E+001   0.9755166421E+000
 0.8686869   0.1326422852E+001   0.9940285825E+000   0.1095287124E+001   0.1013519518E+001
 0.8787879   0.1298258603E+001   0.9836654090E+000   0.1072123674E+001   0.9986815881E+000
 0.8888889   0.1300750865E+001   0.9630319590E+000   0.1047495770E+001   0.9780765714E+000
 0.8989899   0.1292921138E+001   0.9581703508E+000   0.1065423942E+001   0.9849835508E+000
 0.9090909   0.1280928830E+001   0.9585109730E+000   0.1065664190E+001   0.9774969648E+000
 0.9191919   0.1299656524E+001   0.9703295324E+000   0.1077240491E+001   0.9922962547E+000
 0.9292929   0.1337914886E+001   0.9996024010E+000   0.1097822890E+001   0.1025575337E+001
 0.9393939   0.1343015533E+001   0.1029081707E+001   0.1082391943E+001   0.1015383920E+001
 0.9494949   0.1282834489E+001   0.9569214026E+000   0.1073163154E+001   0.9970297091E+000
 0.9595960   0.1298281553E+001   0.9935847414E+000   0.1069522269E+001   0.1015181058E+001
 0.9696970   0.1278909718E+001   0.9415624363E+000   0.1041730916E+001   0.9740096647E+000
 0.9797980   0.1298864289E+001   0.9612772384E+000   0.1079091299E+001   0.9890794378E+000
 0.9898990   0.1331789660E+001   0.1006838043E+001   0.1097732079E+001   0.1008863345E+001
 1.0000000   0.1300416336E+001   0.9554040853E+000   0.1072875692E+001   0.9580318413E+000


 0.0000000   0.1104186324E+001   0.1076258684E+001   0.8615545271E+000   0.9961030853E+000
 0.0101010   0.1135844352E+001   0.1106762989E+001   0.8880149625E+000   0.1028751720E+001
 0.0202020   0.1116681781E+001   0.1037440236E+001   0.8928890412E+000   0.9764046409E+000
 0.0303030   0.1088680412E+001   0.1048599823E+001   0.8824510524E+000   0.9965252391E+000
 0.0404040   0.1038877497E+001   0.1071005006E+001   0.8834521181E+000   0.1022897439E+001
 0.0505051   0.9793808809E+000   0.1036995859E+001   0.8670464290E+000   0.9863811301E+000
 0.0606061   0.9552774245E+000   0.1085748275E+001   0.8878029300E+000   0.1036555359E+001
 0.0707071   0.8888529335E+000   0.1068353081E+001   0.8705506212E+000   0.9859031029E+000
 0.0808081   0.8044231493E+000   0.1050965053E+001   0.8596868379E+000   0.9909317004E+000
 0.0909091   0.7588539312E+000   0.1038895211E+001   0.8637636709E+000   0.9899259809E+000
 0.1010101   0.7057406387E+000   0.1078072028E+001   0.8706031829E+000   0.1010748099E+001
 0.1111111   0.6410751080E+000   0.1058999670E+001   0.8700234931E+000   0.1014323991E+001
 0.1212121   0.5769883752E+000   0.1025155372E+001   0.8715816256E+000   0.9993126963E+000
 0.1313131   0.5345026781E+000   0.1043510994E+001   0.8656358461E+000   0.1000107339E+001
 0.1414141   0.4831006301E+000   0.1031892695E+001   0.8672584026E+000   0.1013299647E+001
 0.1515152   0.4586525628E+000   0.1034501616E+001   0.8858122349E+000   0.1017316317E+001
 0.1616162   0.4280166886E+000   0.1047402873E+001   0.8710257170E+000   0.1013169276E+001
 0.1717172   0.4062094883E+000   0.9846740953E+000   0.8843422971E+000   0.1021655810E+001
 0.1818182   0.3954855964E+000   0.1028681716E+001   0.8816809853E+000   0.9989898727E+000
 0.1919192   0.3878221656E+000   0.1047410040E+001   0.8794094927E+000   0.9868157002E+000
 0.2020202   0.3791432144E+000   0.1023284690E+001   0.8894335821E+000   0.1026616118E+001
 0.2121212   0.3605742788E+000   0.9573090960E+000   0.8694430205E+000   0.9817188131E+000
 0.2222222   0.3743977888E+000   0.9779081028E+000   0.8907303642E+000   0.1033848607E+001
 0.2323232   0.3882684953E+000   0.1005301772E+001   0.8884860068E+000   0.1001057185E+001
 0.2424242   0.3819724022E+000   0.9801228185E+000   0.9072962228E+000   0.1019638163E+001
 0.2525253   0.3935831544E+000   0.9553739075E+000   0.9106510730E+000   0.1034481838E+001
 0.2626263   0.3983747633E+000   0.9834628106E+000   0.8903999637E+000   0.9786457813E+000
 0.2727273   0.4143993874E+000   0.9822801954E+000   0.9265433745E+000   0.1015615285E+001
 0.2828283   0.4278919299E+000   0.9919561380E+000   0.9167804727E+000   0.1021444733E+001
 0.2929293   0.4511584058E+000   0.1021177485E+001   0.9388674763E+000   0.9940730218E+000
 0.3030303   0.4510366232E+000   0.9797429482E+000   0.9051219106E+000   0.9865549581E+000
 0.3131313   0.4644103703E+000   0.9463645297E+000   0.9502950101E+000   0.1010158326E+001
 0.3232323   0.5012302863E+000   0.9900926231E+000   0.9234581456E+000   0.9845124784E+000
 0.3333333   0.5244839022E+000   0.1011480040E+001   0.9376784404E+000   0.9834508856E+000
 0.3434343   0.5526363524E+000   0.9680028044E+000   0.9593362131E+000   0.9872937274E+000
 0.3535354   0.5700500337E+000   0.9967009336E+000   0.9519238596E+000   0.9787016546E+000
 0.3636364   0.6014026371E+000   0.1003230403E+001   0.9549747437E+000   0.1002441601E+001
 0.3737374   0.6257263980E+000   0.9581046735E+000   0.1001057342E+001   0.1030359630E+001
 0.3838384   0.6659638007E+000   0.9953176322E+000   0.9963910362E+000   0.1041025223E+001
 0.3939394   0.7053891171E+000   0.9938554897E+000   0.9735804454E+000   0.9735178535E+000
 0.4040404   0.7421836936E+000   0.9911963973E+000   0.9942324746E+000   0.1005378054E+001
 0.4141414   0.7670826263E+000   0.9800798143E+000   0.9913703373E+000   0.1013374145E+001
 0.4242424   0.8385939161E+000   0.9983852644E+000   0.1003037642E+001   0.1010580480E+001
 0.4343434   0.9031732492E+000   0.9999979215E+000   0.1018876576E+001   0.1008500751E+001
 0.4444444   0.9414109786E+000   0.1001847102E+001   0.1040255205E+001   0.1027218308E+001
 0.4545455   0.9879999474E+000   0.9832836265E+000   0.1016255880E+001   0.9783291659E+000
 0.4646465   0.1065222799E+001   0.1026846870E+001   0.1034674238E+001   0.1001789746E+001
 0.4747475   0.1145337204E+001   0.1019844355E+001   0.1071120345E+001   0.1034357675E+001
 0.4848485   0.1203614379E+001   0.9881932714E+000   0.1047846223E+001   0.9897521528E+000
 0.4949495   0.1286909443E+001   0.1029993344E+001   0.1087859801E+001   0.1016676878E+001
 0.5050505   0.1291651838E+001   0.9799508018E+000   0.1090119999E+001   0.1025281367E+001
 0.5151515   0.1299837872E+001   0.9638242307E+000   0.1080756550E+001   0.1022860191E+001
 0.5252525   0.1329580755E+001   0.1011988923E+001   0.1093896783E+001   0.1018048878E+001
 0.5353535   0.1325723092E+001   0.9973029923E+000   0.1057121067E+001   0.9725555910E+000
 0.5454545   0.1310083004E+001   0.9828822540E+000   0.1056198069E+001   0.9963265785E+000
 0.5555556   0.1339090894E+001   0.1026087130E+001   0.1074085298E+001   0.1002429185E+001
 0.5656566   0.1335951625E+001   0.1010662960E+001   0.1089906700E+001   0.9932225059E+000
 0.5757576   0.1347216848E+001   0.1021958728E+001   0.1077283512E+001   0.9901618904E+000
 0.5858586   0.1321012411E+001   0.9849536225E+000   0.1070787889E+001   0.9905902524E+000
 0.5959596   0.1312632808E+001   0.9753350188E+000   0.1068028818E+001   0.9884856912E+000
 0.6060606   0.1322970203E+001   0.1024087435E+001   0.1057313763E+001   0.9976240808E+000
 0.6161616   0.1345485587E+001   0.1022166581E+001   0.1058897531E+001   0.9657949210E+000
 0.6262626   0.1342672182E+001   0.1011501542E+001   0.1093154239E+001   0.1019824408E+001
 0.6363636   0.1324414424E+001   0.9777504207E+000   0.1069573809E+001   0.9981455650E+000
 0.6464646   0.1293648410E+001   0.9462426845E+000   0.1065878498E+001   0.9832149761E+000
 0.6565657   0.1296819282E+001   0.9753421861E+000   0.1066503781E+001   0.9860024332E+000
 0.6666667   0.1327693139E+001   0.9954681468E+000   0.1052287453E+001   0.9774972745E+000
 0.6767677   0.1316887136E+001   0.9680028044E+000   0.1067372060E+001   0.9830659806E+000
 0.6868687   0.1288554437E+001   0.9553380706E+000   0.1049982707E+001   0.9953146508E+000
 0.6969697   0.1345729220E+001   0.9989371515E+000   0.1089327317E+001   0.1014286742E+001
 0.7070707   0.1315169235E+001   0.9990589967E+000   0.1086767451E+001   0.1015931901E+001
 0.7171717   0.1297205503E+001   0.9765248013E+000   0.1073556182E+001   0.9928996824E+000
 0.7272727   0.1313583483E+001   0.9792412326E+000   0.1088836914E+001   0.9959913386E+000
 0.7373737   0.1289367793E+001   0.9742169098E+000   0.1059536639E+001   0.9895907411E+000
 0.7474747   0.1325014888E+001   0.1009580688E+001   0.1079466706E+001   0.1010524606E+001
 0.7575758   0.1315369315E+001   0.9911748952E+000   0.1084645588E+001   0.1015137258E+001
 0.7676768   0.1310449877E+001   0.9899421085E+000   0.1065074361E+001   0.9952153205E+000
 0.7777778   0.1288299725E+001   0.9702246876E+000   0.1059748262E+001   0.9874923880E+000
 0.7878788   0.1313522098E+001   0.9825525552E+000   0.1067101136E+001   0.9878772930E+000
 0.7979798   0.1309204923E+001   0.9986934610E+000   0.1071839735E+001   0.9859403518E+000
 0.8080808   0.1334423808E+001   0.9968299462E+000   0.1085115115E+001   0.9918132570E+000
 0.8181818   0.1308457639E+001   0.9776715797E+000   0.1068088021E+001   0.9995858546E+000
 0.8282828   0.1300160623E+001   0.9772630399E+000   0.1074189469E+001   0.9920553747E+000
 0.8383838   0.1302245790E+001   0.9852618192E+000   0.1070369062E+001   0.9923657819E+000
 0.8484848   0.1308540322E+001   0.9760087511E+000   0.1067880508E+001   0.9765163875E+000
 0.8585859   0.1294970634E+001   0.9742312446E+000   0.1073930756E+001   0.9932597548E+000
 0.8686869   0.1314827921E+001   0.9861290703E+000   0.1078716056E+001   0.9984683885E+000
 0.8787879   0.1306687242E+001   0.9908451965E+000   0.1067380267E+001   0.9945448408E+000
 0.8888889   0.1302277669E+001   0.9649351723E+000   0.1062325278E+001   0.9922043701E+000
 0.8989899   0.1286569052E+001   0.9542271291E+000   0.1062323520E+001   0.9823955009E+000
 0.9090909   0.1289131987E+001   0.9654225531E+000   0.1061553290E+001   0.9740020888E+000
 0.9191919   0.1300451315E+001   0.9717011647E+000   0.1081740642E+001   0.9967238998E+000
 0.9292929   0.1325831418E+001   0.9913684141E+000   0.1090460704E+001   0.1018986308E+001
 0.9393939   0.1318715993E+001   0.1011272186E+001   0.1080909461E+001   0.1014280534E+001
 0.9494949   0.1290688651E+001   0.9635518708E+000   0.1061500898E+001   0.9864742522E+000
 0.9595960   0.1302311600E+001   0.9974678416E+000   0.1065760017E+001   0.1011896606E+001
 0.9696970   0.1282398951E+001   0.9448880526E+000   0.1046578735E+001   0.9788196094E+000
 0.9797980   0.1290492578E+001   0.9558469535E+000   0.1070181859E+001   0.9811911208E+000
 0.9898990   0.1320299481E+001   0.9989514862E+000   0.1094582077E+001   0.1006253402E+001
 1.0000000   0.1323401120E+001   0.9730701314E+000   0.1078802555E+001   0.9635972376E+000


 0.0000000   0.1091983301E+001   0.1067970222E+001   0.8700125137E+000   0.1005929315E+001
 0.0101010   0.1114841170E+001   0.1089977780E+001   0.8818868210E+000   0.1021700468E+001
 0.0202020   0.1103271506E+001   0.1028454067E+001   0.8890681606E+000   0.9722721562E+000
 0.0303030   0.1081217102E+001   0.1044939434E+001   0.8827378706E+000   0.9968960723E+000
 0.0404040   0.1036649194E+001   0.1072328422E+001   0.8873405936E+000   0.1027448054E+001
 0.0505051   0.9709744134E+000   0.1031577895E+001   0.8680110469E+000   0.9875250086E+000
 0.0606061   0.9420363790E+000   0.1074326156E+001   0.8903571367E+000   0.1039586474E+001
 0.0707071   0.8710121551E+000   0.1050456212E+001   0.8711694417E+000   0.9866503760E+000
 0.0808081   0.8012900111E+000   0.1050418314E+001   0.8667073837E+000   0.9990710846E+000
 0.0909091   0.7468936221E+000   0.1025985323E+001   0.8639619215E+000   0.9901998110E+000
 0.1010101   0.6907836523E+000   0.1058799052E+001   0.8668501923E+000   0.1006438360E+001
 0.1111111   0.6310418801E+000   0.1045957249E+001   0.8685416803E+000   0.1012644087E+001
 0.1212121   0.5596019097E+000   0.9976326581E+000   0.8707042903E+000   0.9983537933E+000
 0.1313131   0.5248043402E+000   0.1028048024E+001   0.8624272187E+000   0.9964471868E+000
 0.1414141   0.4791021816E+000   0.1026819065E+001   0.8706764618E+000   0.1017341188E+001
 0.1515152   0.4527931471E+000   0.1024745537E+001   0.8789705856E+000   0.1009506516E+001
 0.1616162   0.4215024097E+000   0.1034956177E+001   0.8749928410E+000   0.1017831723E+001
 0.1717172   0.3977765272E+000   0.9674988158E+000   0.8756953943E+000   0.1011713922E+001
 0.1818182   0.3859065120E+000   0.1007166560E+001   0.8817764894E+000   0.9991451276E+000
 0.1919192   0.3766267694E+000   0.1020620135E+001   0.8770062779E+000   0.9841653087E+000
 0.2020202   0.3718832208E+000   0.1007090765E+001   0.8882882886E+000   0.1025342457E+001
 0.2121212   0.3569935551E+000   0.9510134494E+000   0.8781340609E+000   0.9915788613E+000
 0.2222222   0.3657657726E+000   0.9585983421E+000   0.8861071047E+000   0.1028530932E+001
 0.2323232   0.3775225355E+000   0.9807899733E+000   0.8860531113E+000   0.9983630487E+000
 0.2424242   0.3734033601E+000   0.9613810937E+000   0.9071943949E+000   0.1019571733E+001
 0.2525253   0.3850958241E+000   0.9379388484E+000   0.9020988221E+000   0.1024814901E+001
 0.2626263   0.3882900154E+000   0.9618142067E+000   0.8862224365E+000   0.9741000921E+000
 0.2727273   0.4069105586E+000   0.9677965811E+000   0.9173301692E+000   0.1005563728E+001
 0.2828283   0.4218958336E+000   0.9813692621E+000   0.9160904788E+000   0.1020724026E+001
 0.2929293   0.4456661993E+000   0.1012163602E+001   0.9358427543E+000   0.9909171023E+000
 0.3030303   0.4490849938E+000   0.9788084810E+000   0.9075910139E+000   0.9892927846E+000
 0.3131313   0.4645731925E+000   0.9499035972E+000   0.9439038981E+000   0.1003411854E+001
 0.3232323   0.4975130884E+000   0.9860793668E+000   0.9263053485E+000   0.9875944239E+000
 0.3333333   0.5169250961E+000   0.1000280062E+001   0.9360564387E+000   0.9817959336E+000
 0.3434343   0.5476651090E+000   0.9625450850E+000   0.9512333401E+000   0.9790008114E+000
 0.3535354   0.5614506731E+000   0.9849911702E+000   0.9605911022E+000   0.9876592115E+000
 0.3636364   0.6012902526E+000   0.1006441095E+001   0.9577452286E+000   0.1005397131E+001
 0.3737374   0.6228531906E+000   0.9569362707E+000   0.9909252369E+000   0.1019978969E+001
 0.3838384   0.6639448612E+000   0.9956619936E+000   0.9931910694E+000   0.1037730772E+001
 0.3939394   0.6963887290E+000   0.9844985041E+000   0.9818128277E+000   0.9817959336E+000
 0.4040404   0.7360127243E+000   0.9862850955E+000   0.9939482613E+000   0.1005137981E+001
 0.4141414   0.7773397922E+000   0.9965498754E+000   0.9973456482E+000   0.1019530083E+001
 0.4242424   0.8467662622E+000   0.1011530174E+001   0.1004432257E+001   0.1012033233E+001
 0.4343434   0.8929314668E+000   0.9920076020E+000   0.1026712356E+001   0.1016304587E+001
 0.4444444   0.9464843098E+000   0.1010658534E+001   0.1032425478E+001   0.1019534711E+001
 0.4545455   0.9836523868E+000   0.9822733856E+000   0.1019573488E+001   0.9815691770E+000
 0.4646465   0.1067166711E+001   0.1032205909E+001   0.1044793733E+001   0.1011635252E+001
 0.4747475   0.1135430453E+001   0.1014448273E+001   0.1060277971E+001   0.1023935640E+001
 0.4848485   0.1212152281E+001   0.9985746790E+000   0.1052518299E+001   0.9942120146E+000
 0.4949495   0.1295040652E+001   0.1040012773E+001   0.1081503148E+001   0.1010783757E+001
 0.5050505   0.1300924151E+001   0.9903292888E+000   0.1088780591E+001   0.1024069843E+001
 0.5151515   0.1298612469E+001   0.9661778210E+000   0.1083401650E+001   0.1025411872E+001
 0.5252525   0.1327624163E+001   0.1013923124E+001   0.1090375034E+001   0.1014819099E+001
 0.5353535   0.1325965603E+001   0.1000864764E+001   0.1047271930E+001   0.9635397132E+000
 0.5454545   0.1319421456E+001   0.9932419743E+000   0.1061652664E+001   0.1001519130E+001
 0.5555556   0.1341760361E+001   0.1031615793E+001   0.1070397083E+001   0.9990340631E+000
 0.5656566   0.1332319461E+001   0.1011329859E+001   0.1090758357E+001   0.9940454179E+000
 0.5757576   0.1344067539E+001   0.1023023912E+001   0.1081226225E+001   0.9938325443E+000
 0.5858586   0.1326943387E+001   0.9927276525E+000   0.1073696864E+001   0.9933281266E+000
 0.5959596   0.1322466796E+001   0.9859710885E+000   0.1079265194E+001   0.9989322541E+000
 0.6060606   0.1317566188E+001   0.1023359575E+001   0.1059243783E+001   0.9994922040E+000
 0.6161616   0.1333331520E+001   0.1016364799E+001   0.1060505054E+001   0.9673066494E+000
 0.6262626   0.1341335162E+001   0.1013917710E+001   0.1084836090E+001   0.1012111903E+001
 0.6363636   0.1336280693E+001   0.9898528645E+000   0.1075810953E+001   0.1004013453E+001
 0.6464646   0.1293479305E+001   0.9493243084E+000   0.1071122538E+001   0.9880988416E+000
 0.6565657   0.1322150296E+001   0.9977625920E+000   0.1058750522E+001   0.9788804915E+000
 0.6666667   0.1343920011E+001   0.1011048336E+001   0.1060167997E+001   0.9848640893E+000
 0.6767677   0.1323002809E+001   0.9757929312E+000   0.1073750685E+001   0.9889873573E+000
 0.6868687   0.1305790570E+001   0.9713968335E+000   0.1058137980E+001   0.1003092544E+001
 0.6969697   0.1342421517E+001   0.9998577765E+000   0.1084420695E+001   0.1009765666E+001
 0.7070707   0.1323666823E+001   0.1008920668E+001   0.1085253690E+001   0.1014564577E+001
 0.7171717   0.1293756057E+001   0.9772276183E+000   0.1067524518E+001   0.9873676673E+000
 0.7272727   0.1322198628E+001   0.9890028800E+000   0.1081882887E+001   0.9896768825E+000
 0.7373737   0.1307466644E+001   0.9912388263E+000   0.1065608658E+001   0.9953087761E+000
 0.7474747   0.1318211910E+001   0.1007799988E+001   0.1074433163E+001   0.1005859900E+001
 0.7575758   0.1321925148E+001   0.9994896304E+000   0.1077500651E+001   0.1008497681E+001
 0.7676768   0.1321785391E+001   0.1001887994E+001   0.1067075427E+001   0.9971320843E+000
 0.7777778   0.1292765871E+001   0.9768865418E+000   0.1059783031E+001   0.9875712855E+000
 0.7878788   0.1320054199E+001   0.9907840576E+000   0.1072193797E+001   0.9926386014E+000
 0.7979798   0.1323493621E+001   0.1013013586E+001   0.1074704166E+001   0.9886217701E+000
 0.8080808   0.1329811828E+001   0.9967501902E+000   0.1081699041E+001   0.9887374623E+000
 0.8181818   0.1319160896E+001   0.9890082940E+000   0.1065875773E+001   0.9975624591E+000
 0.8282828   0.1311588047E+001   0.9891923670E+000   0.1070005309E+001   0.9882376722E+000
 0.8383838   0.1304174607E+001   0.9900640071E+000   0.1072888903E+001   0.9947488261E+000
 0.8484848   0.1313946838E+001   0.9833615822E+000   0.1067778920E+001   0.9764694672E+000
 0.8585859   0.1308732374E+001   0.9879200974E+000   0.1076270642E+001   0.9954707451E+000
 0.8686869   0.1323624390E+001   0.9960896927E+000   0.1073867045E+001   0.9940269071E+000
 0.8787879   0.1316255285E+001   0.1001481951E+001   0.1072480520E+001   0.9993441181E+000
 0.8888889   0.1314989794E+001   0.9776553175E+000   0.1062616294E+001   0.9925229092E+000
 0.8989899   0.1298218104E+001   0.9661290957E+000   0.1071432945E+001   0.9908661977E+000
 0.9090909   0.1293479180E+001   0.9719598805E+000   0.1061680724E+001   0.9741648797E+000
 0.9191919   0.1312436383E+001   0.9839787684E+000   0.1081032833E+001   0.9961186211E+000
 0.9292929   0.1334582220E+001   0.1001292464E+001   0.1098840251E+001   0.1026864965E+001
 0.9393939   0.1329986467E+001   0.1023370403E+001   0.1078005126E+001   0.1011602858E+001
 0.9494949   0.1298437099E+001   0.9726203780E+000   0.1065434740E+001   0.9901766725E+000
 0.9595960   0.1311858904E+001   0.1008184375E+001   0.1073637169E+001   0.1019423647E+001
 0.9696970   0.1302948108E+001   0.9632813773E+000   0.1056005278E+001   0.9876823499E+000
 0.9797980   0.1295643331E+001   0.9629132312E+000   0.1069569693E+001   0.9806760336E+000
 0.9898990   0.1319816602E+001   0.1001969203E+001   0.1079791803E+001   0.9927033890E+000
 1.0000000   0.1327400511E+001   0.9793173889E+000   0.1076413026E+001   0.9615081591E+000


 0.0000000   0.1109900281E+001   0.1083855965E+001   0.8754313593E+000   0.1012259435E+001
 0.0101010   0.1132312682E+001   0.1105389874E+001   0.8853348172E+000   0.1025760691E+001
 0.0202020   0.1110369806E+001   0.1033509817E+001   0.8821579662E+000   0.9647769519E+000
 0.0303030   0.1089210901E+001   0.1051077298E+001   0.8791705793E+000   0.9929309336E+000
 0.0404040   0.1043038906E+001   0.1077310704E+001   0.8808706394E+000   0.1020021737E+001
 0.0505051   0.9896750760E+000   0.1049859879E+001   0.8704403216E+000   0.9903520833E+000
 0.0606061   0.9512458827E+000   0.1083192712E+001   0.8897544906E+000   0.1038949248E+001
 0.0707071   0.8829316826E+000   0.1063225302E+001   0.8711014719E+000   0.9866364788E+000
 0.0808081   0.8160550645E+000   0.1068160429E+001   0.8698302429E+000   0.1002734979E+001
 0.0909091   0.7526520086E+000   0.1032336033E+001   0.8629803626E+000   0.9891380739E+000
 0.1010101   0.6926464866E+000   0.1060053032E+001   0.8626357083E+000   0.1001609261E+001
 0.1111111   0.6370292780E+000   0.1054288839E+001   0.8655785316E+000   0.1009253842E+001
 0.1212121   0.5672400549E+000   0.1009724338E+001   0.8690089626E+000   0.9964736338E+000
 0.1313131   0.5294714481E+000   0.1035626118E+001   0.8563425243E+000   0.9894802038E+000
 0.1414141   0.4854359912E+000   0.1038824569E+001   0.8717341580E+000   0.1018642181E+001
 0.1515152   0.4540613167E+000   0.1026065673E+001   0.8755779619E+000   0.1005674354E+001
 0.1616162   0.4214779821E+000   0.1033335277E+001   0.8715256912E+000   0.1013863399E+001
 0.1717172   0.4022474688E+000   0.9768976719E+000   0.8685463171E+000   0.1003518567E+001
 0.1818182   0.3860125240E+000   0.1005923723E+001   0.8769050145E+000   0.9936887698E+000
 0.1919192   0.3779858405E+000   0.1022758135E+001   0.8755135346E+000   0.9825529926E+000
 0.2020202   0.3740369863E+000   0.1011395561E+001   0.8852380193E+000   0.1021886897E+001
 0.2121212   0.3597539581E+000   0.9569215351E+000   0.8763074392E+000   0.9895795319E+000
 0.2222222   0.3700846311E+000   0.9684542851E+000   0.8868902070E+000   0.1029505726E+001
 0.2323232   0.3793543812E+000   0.9840625511E+000   0.8915315605E+000   0.1004600139E+001
 0.2424242   0.3770447028E+000   0.9692920785E+000   0.9056383573E+000   0.1017888024E+001
 0.2525253   0.3865303985E+000   0.9400129439E+000   0.9025077241E+000   0.1025344985E+001
 0.2626263   0.3935018988E+000   0.9732541432E+000   0.8878716743E+000   0.9759752689E+000
 0.2727273   0.4100548386E+000   0.9738039452E+000   0.9159227235E+000   0.1004085105E+001
 0.2828283   0.4251168196E+000   0.9873700897E+000   0.9165274582E+000   0.1021276214E+001
 0.2929293   0.4485252711E+000   0.1017120483E+001   0.9280578915E+000   0.9827369334E+000
 0.3030303   0.4522437825E+000   0.9842065468E+000   0.9104621120E+000   0.9924857968E+000
 0.3131313   0.4701016832E+000   0.9597578149E+000   0.9398710108E+000   0.9991886003E+000
 0.3232323   0.4945379345E+000   0.9787041640E+000   0.9296778016E+000   0.9912533933E+000
 0.3333333   0.5158413748E+000   0.9966774509E+000   0.9382194172E+000   0.9841275260E+000
 0.3434343   0.5488709148E+000   0.9632093492E+000   0.9531332706E+000   0.9810189262E+000
 0.3535354   0.5631063208E+000   0.9864057545E+000   0.9640573399E+000   0.9912865027E+000
 0.3636364   0.5994086377E+000   0.1001778391E+001   0.9584666858E+000   0.1006218818E+001
 0.3737374   0.6229424972E+000   0.9556299369E+000   0.9890021670E+000   0.1018064607E+001
 0.3838384   0.6707985714E+000   0.1004422677E+001   0.9857454234E+000   0.1030017081E+001
 0.3939394   0.6984023171E+000   0.9858559526E+000   0.9892537111E+000   0.9892999418E+000
 0.4040404   0.7458894232E+000   0.9980126842E+000   0.9975543531E+000   0.1008849172E+001
 0.4141414   0.7752253191E+000   0.9923401246E+000   0.1003297356E+001   0.1025679757E+001
 0.4242424   0.8437840224E+000   0.1006447344E+001   0.1011857922E+001   0.1019580279E+001
 0.4343434   0.8929082671E+000   0.9904856339E+000   0.1026603678E+001   0.1016261987E+001
 0.4444444   0.9454499066E+000   0.1008031297E+001   0.1030591490E+001   0.1017788696E+001
 0.4545455   0.9906393126E+000   0.9877584418E+000   0.1028913433E+001   0.9906243157E+000
 0.4646465   0.1064634817E+001   0.1028203792E+001   0.1044782665E+001   0.1011689218E+001
 0.4747475   0.1131468782E+001   0.1009383984E+001   0.1054733000E+001   0.1018645860E+001
 0.4848485   0.1200096479E+001   0.9871519143E+000   0.1052753858E+001   0.9944981094E+000
 0.4949495   0.1293403705E+001   0.1037131528E+001   0.1085382266E+001   0.1014474082E+001
 0.5050505   0.1302021465E+001   0.9896696581E+000   0.1098009910E+001   0.1032816661E+001
 0.5151515   0.1305277233E+001   0.9696717037E+000   0.1079619957E+001   0.1021897934E+001
 0.5252525   0.1328277761E+001   0.1012892244E+001   0.1081231319E+001   0.1006373329E+001
 0.5353535   0.1319222679E+001   0.9942731584E+000   0.1048265764E+001   0.9645157559E+000
 0.5454545   0.1324377056E+001   0.9954687594E+000   0.1068418574E+001   0.1007966256E+001
 0.5555556   0.1338018337E+001   0.1027187095E+001   0.1070454797E+001   0.9991518121E+000
 0.5656566   0.1332559148E+001   0.1009986148E+001   0.1085239588E+001   0.9890792129E+000
 0.5757576   0.1340127187E+001   0.1018486261E+001   0.1076618431E+001   0.9896604658E+000
 0.5858586   0.1319152975E+001   0.9854108748E+000   0.1072137265E+001   0.9919486896E+000
 0.5959596   0.1321795205E+001   0.9839840079E+000   0.1072891513E+001   0.9930964803E+000
 0.6060606   0.1311612827E+001   0.1017199026E+001   0.1068592763E+001   0.1008378284E+001
 0.6161616   0.1331224647E+001   0.1013228234E+001   0.1056425864E+001   0.9636475553E+000
 0.6262626   0.1341794550E+001   0.1012735158E+001   0.1086095893E+001   0.1013352043E+001
 0.6363636   0.1319373585E+001   0.9758547936E+000   0.1070099622E+001   0.9987471423E+000
 0.6464646   0.1295707584E+001   0.9495253900E+000   0.1073715787E+001   0.9905544182E+000
 0.6565657   0.1332580840E+001   0.1004117231E+001   0.1064409346E+001   0.9841753506E+000
 0.6666667   0.1343420757E+001   0.1009148355E+001   0.1064142359E+001   0.9886193608E+000
 0.6767677   0.1324492786E+001   0.9754184429E+000   0.1069604174E+001   0.9852311709E+000
 0.6868687   0.1303772215E+001   0.9684324676E+000   0.1056195311E+001   0.1001314956E+001
 0.6969697   0.1333724723E+001   0.9918819563E+000   0.1078511944E+001   0.1004327907E+001
 0.7070707   0.1309292725E+001   0.9964592756E+000   0.1079165509E+001   0.1008937464E+001
 0.7171717   0.1306612647E+001   0.9854501464E+000   0.1074019640E+001   0.9934386103E+000
 0.7272727   0.1314519779E+001   0.9817760732E+000   0.1085559712E+001   0.9931038380E+000
 0.7373737   0.1307841433E+001   0.9900274657E+000   0.1070777183E+001   0.1000200275E+001
 0.7474747   0.1310320024E+001   0.1000255527E+001   0.1074126990E+001   0.1005637565E+001
 0.7575758   0.1318994778E+001   0.9957698414E+000   0.1076396307E+001   0.1007528477E+001
 0.7676768   0.1313507327E+001   0.9941117086E+000   0.1066960024E+001   0.9970879961E+000
 0.7777778   0.1287683730E+001   0.9715785564E+000   0.1062126815E+001   0.9898186550E+000
 0.7878788   0.1317580152E+001   0.9874355423E+000   0.1076926955E+001   0.9970843173E+000
 0.7979798   0.1310278131E+001   0.1001385675E+001   0.1071213786E+001   0.9854739728E+000
 0.8080808   0.1333245128E+001   0.9978163264E+000   0.1088837243E+001   0.9953258431E+000
 0.8181818   0.1309638909E+001   0.9803884778E+000   0.1070453576E+001   0.1001910924E+001
 0.8282828   0.1305215989E+001   0.9829018581E+000   0.1069645158E+001   0.9879682103E+000
 0.8383838   0.1307282295E+001   0.9909263482E+000   0.1073871104E+001   0.9957231552E+000
 0.8484848   0.1306756125E+001   0.9765049562E+000   0.1065525045E+001   0.9744706330E+000
 0.8585859   0.1299651612E+001   0.9795855925E+000   0.1072541295E+001   0.9920848058E+000
 0.8686869   0.1322881122E+001   0.9940288019E+000   0.1075106185E+001   0.9952375515E+000
 0.8787879   0.1305291271E+001   0.9916419634E+000   0.1066422061E+001   0.9937623461E+000
 0.8888889   0.1307697010E+001   0.9707669440E+000   0.1067711206E+001   0.9973455133E+000
 0.8989899   0.1290401116E+001   0.9588632959E+000   0.1068779941E+001   0.9884758870E+000
 0.9090909   0.1296931253E+001   0.9730839664E+000   0.1067414391E+001   0.9794885386E+000
 0.9191919   0.1300978720E+001   0.9739173964E+000   0.1077149212E+001   0.9926035189E+000
 0.9292929   0.1321170597E+001   0.9897351107E+000   0.1094218818E+001   0.1022611624E+001
 0.9393939   0.1325882628E+001   0.1018673892E+001   0.1078800474E+001   0.1012413945E+001
 0.9494949   0.1298171287E+001   0.9709545748E+000   0.1065230780E+001   0.9900504204E+000
 0.9595960   0.1308648395E+001   0.1004200138E+001   0.1081958424E+001   0.1027390407E+001
 0.9696970   0.1302170571E+001   0.9612544979E+000   0.1064577502E+001   0.9957636222E+000
 0.9797980   0.1291837114E+001   0.9586363935E+000   0.1064731839E+001   0.9763026836E+000
 0.9898990   0.1308865704E+001   0.9921568573E+000   0.1076401098E+001   0.9896494294E+000
 1.0000000   0.1317360233E+001   0.9704440445E+000   0.1081378874E+001   0.9660056766E+000


 0.0000000   0.1125126789E+001   0.1097752788E+001   0.8755906554E+000   0.1012505135E+001
 0.0101010   0.1147443867E+001   0.1119169928E+001   0.8817558231E+000   0.1021676085E+001
 0.0202020   0.1131625552E+001   0.1052362055E+001   0.8848549533E+000   0.9677853170E+000
 0.0303030   0.1105357772E+001   0.1065714852E+001   0.8811293253E+000   0.9952035874E+000
 0.0404040   0.1053483646E+001   0.1087135650E+001   0.8790921824E+000   0.1018024180E+001
 0.0505051   0.1005293638E+001   0.1065484442E+001   0.8676583930E+000   0.9872468890E+000
 0.0606061   0.9546862478E+000   0.1086148179E+001   0.8837183548E+000   0.1031963656E+001
 0.0707071   0.8882756512E+000   0.1068713837E+001   0.8694407660E+000   0.9848153366E+000
 0.0808081   0.8262060951E+000   0.1080490338E+001   0.8694212165E+000   0.1002324344E+001
 0.0909091   0.7577479547E+000   0.1038405804E+001   0.8624385198E+000   0.9885770732E+000
 0.1010101   0.6988642834E+000   0.1068622405E+001   0.8629521567E+000   0.1002037562E+001
 0.1111111   0.6387064610E+000   0.1056129073E+001   0.8592300682E+000   0.1001912475E+001
 0.1212121   0.5760797117E+000   0.1024551957E+001   0.8684100106E+000   0.9958473234E+000
 0.1313131   0.5355699275E+000   0.1046627411E+001   0.8552158760E+000   0.9882384254E+000
 0.1414141   0.4916313826E+000   0.1051151489E+001   0.8715283056E+000   0.1018463507E+001
 0.1515152   0.4540878900E+000   0.1025217585E+001   0.8713785546E+000   0.1000911786E+001
 0.1616162   0.4271478440E+000   0.1046309226E+001   0.8680342422E+000   0.1009863072E+001
 0.1717172   0.4035924144E+000   0.9792965450E+000   0.8656909624E+000   0.1000280254E+001
 0.1818182   0.3887880005E+000   0.1012259777E+001   0.8769527497E+000   0.9938032329E+000
 0.1919192   0.3779858008E+000   0.1021852871E+001   0.8737845881E+000   0.9806722397E+000
 0.2020202   0.3759471849E+000   0.1015661064E+001   0.8845232945E+000   0.1021123875E+001
 0.2121212   0.3631221064E+000   0.9650257660E+000   0.8751747412E+000   0.9883604607E+000
 0.2222222   0.3693487127E+000   0.9656731079E+000   0.8833426708E+000   0.1025450025E+001
 0.2323232   0.3812819581E+000   0.9881874377E+000   0.8930586321E+000   0.1006382017E+001
 0.2424242   0.3785711862E+000   0.9723549923E+000   0.9036063419E+000   0.1015665848E+001
 0.2525253   0.3877595801E+000   0.9421676501E+000   0.9032945263E+000   0.1026301221E+001
 0.2626263   0.3930277956E+000   0.9712212298E+000   0.8872281133E+000   0.9753270957E+000
 0.2727273   0.4096809964E+000   0.9720550938E+000   0.9154019840E+000   0.1003575206E+001
 0.2828283   0.4248479654E+000   0.9858723677E+000   0.9168196663E+000   0.1021663881E+001
 0.2929293   0.4461024842E+000   0.1010731026E+001   0.9325138037E+000   0.9875153665E+000
 0.3030303   0.4499169472E+000   0.9782761587E+000   0.9109408318E+000   0.9930679705E+000
 0.3131313   0.4699647751E+000   0.9586291509E+000   0.9441120324E+000   0.1003758259E+001
 0.3232323   0.4956677193E+000   0.9800718922E+000   0.9336091714E+000   0.9955056247E+000
 0.3333333   0.5174191441E+000   0.9988411484E+000   0.9379106921E+000   0.9838634616E+000
 0.3434343   0.5495691475E+000   0.9635811331E+000   0.9561886311E+000   0.9842234656E+000
 0.3535354   0.5628510763E+000   0.9850860486E+000   0.9651852953E+000   0.9925066084E+000
 0.3636364   0.5992537824E+000   0.1000633225E+001   0.9627920178E+000   0.1010821049E+001
 0.3737374   0.6241196278E+000   0.9565883783E+000   0.9915315378E+000   0.1020730311E+001
 0.3838384   0.6687668588E+000   0.1000494247E+001   0.9862608058E+000   0.1030618218E+001
 0.3939394   0.7024763791E+000   0.9907292602E+000   0.9871865429E+000   0.9872926522E+000
 0.4040404   0.7374003342E+000   0.9857809353E+000   0.9928673765E+000   0.1004170128E+001
 0.4141414   0.7738288980E+000   0.9896759582E+000   0.1005360209E+001   0.1027851068E+001
 0.4242424   0.8395667643E+000   0.1000530820E+001   0.1008956426E+001   0.1016718402E+001
 0.4343434   0.8925594569E+000   0.9892224532E+000   0.1027033165E+001   0.1016748911E+001
 0.4444444   0.9460373589E+000   0.1007764957E+001   0.1029117752E+001   0.1016395009E+001
 0.4545455   0.9955892931E+000   0.9918154779E+000   0.1032672168E+001   0.9943035775E+000
 0.4646465   0.1060500824E+001   0.1023304818E+001   0.1048038036E+001   0.1014903128E+001
 0.4747475   0.1125028984E+001   0.1002750801E+001   0.1059868991E+001   0.1023668310E+001
 0.4848485   0.1205169749E+001   0.9904476482E+000   0.1052787555E+001   0.9945903603E+000
 0.4949495   0.1287539407E+001   0.1031515454E+001   0.1078438026E+001   0.1008044747E+001
 0.5050505   0.1310137176E+001   0.9949570973E+000   0.1095962898E+001   0.1030953815E+001
 0.5151515   0.1304924069E+001   0.9685514018E+000   0.1081108780E+001   0.1023369324E+001
 0.5252525   0.1336175125E+001   0.1018012707E+001   0.1076265098E+001   0.1001811796E+001
 0.5353535   0.1307709965E+001   0.9847239760E+000   0.1056165067E+001   0.9718429892E+000
 0.5454545   0.1330927147E+001   0.9995067767E+000   0.1066377023E+001   0.1006101336E+001
 0.5555556   0.1329183041E+001   0.1019501228E+001   0.1077112466E+001   0.1005427091E+001
 0.5656566   0.1325793148E+001   0.1003968681E+001   0.1083049510E+001   0.9871431590E+000
 0.5757576   0.1331572893E+001   0.1011089441E+001   0.1073290339E+001   0.9866611198E+000
 0.5858586   0.1315353477E+001   0.9817030474E+000   0.1061513717E+001   0.9821793751E+000
 0.5959596   0.1313723251E+001   0.9771094804E+000   0.1076144091E+001   0.9961676659E+000
 0.6060606   0.1311747959E+001   0.1016403496E+001   0.1065772398E+001   0.1005777942E+001
 0.6161616   0.1325306157E+001   0.1007830788E+001   0.1060232013E+001   0.9671781917E+000
 0.6262626   0.1330887485E+001   0.1003613923E+001   0.1084026921E+001   0.1011483090E+001
 0.6363636   0.1320968224E+001   0.9761695547E+000   0.1071173786E+001   0.9998104182E+000
 0.6464646   0.1296296885E+001   0.9491165174E+000   0.1066143686E+001   0.9836285437E+000
 0.6565657   0.1336765318E+001   0.1006378841E+001   0.1068959793E+001   0.9884428344E+000
 0.6666667   0.1330989297E+001   0.9989252662E+000   0.1066225743E+001   0.9906150619E+000
 0.6767677   0.1319747963E+001   0.9710639659E+000   0.1072720991E+001   0.9881621534E+000
 0.6868687   0.1300740792E+001   0.9653256645E+000   0.1060461965E+001   0.1005420989E+001
 0.6969697   0.1332468821E+001   0.9900709465E+000   0.1077651282E+001   0.1003587409E+001
 0.7070707   0.1308347104E+001   0.9948583503E+000   0.1079580894E+001   0.1009387135E+001
 0.7171717   0.1303491401E+001   0.9822260411E+000   0.1075159915E+001   0.9945537497E+000
 0.7272727   0.1308945234E+001   0.9767474079E+000   0.1086034803E+001   0.9935988239E+000
 0.7373737   0.1298936441E+001   0.9824162206E+000   0.1068201314E+001   0.9978548033E+000
 0.7474747   0.1313222686E+001   0.1001584122E+001   0.1071435456E+001   0.1003178591E+001
 0.7575758   0.1314639333E+001   0.9916033546E+000   0.1075500534E+001   0.1006751173E+001
 0.7676768   0.1312490245E+001   0.9924628197E+000   0.1069808231E+001   0.9998104182E+000
 0.7777778   0.1283464893E+001   0.9675383301E+000   0.1060478030E+001   0.9883421554E+000
 0.7878788   0.1314124585E+001   0.9839742298E+000   0.1070876347E+001   0.9915425299E+000
 0.7979798   0.1307229888E+001   0.9981718627E+000   0.1070724635E+001   0.9850838141E+000
 0.8080808   0.1328787747E+001   0.9936002396E+000   0.1088921037E+001   0.9954629124E+000
 0.8181818   0.1305784106E+001   0.9766376889E+000   0.1072401256E+001   0.1003794869E+001
 0.8282828   0.1300719956E+001   0.9786492031E+000   0.1068713398E+001   0.9871675661E+000
 0.8383838   0.1306958264E+001   0.9898039637E+000   0.1071814353E+001   0.9938764541E+000
 0.8484848   0.1311505698E+001   0.9791868260E+000   0.1073345123E+001   0.9816820814E+000
 0.8585859   0.1286650642E+001   0.9689281036E+000   0.1069643915E+001   0.9894648797E+000
 0.8686869   0.1322103434E+001   0.9925652241E+000   0.1077182524E+001   0.9972202200E+000
 0.8787879   0.1308328786E+001   0.9930699313E+000   0.1073017401E+001   0.9999690641E+000
 0.8888889   0.1297707375E+001   0.9624985727E+000   0.1066365879E+001   0.9961493607E+000
 0.8989899   0.1287563669E+001   0.9559081208E+000   0.1071463244E+001   0.9910177783E+000
 0.9090909   0.1297483299E+001   0.9726366043E+000   0.1072299757E+001   0.9840312601E+000
 0.9191919   0.1296971378E+001   0.9700582088E+000   0.1074330187E+001   0.9900659033E+000
 0.9292929   0.1319525500E+001   0.9876278710E+000   0.1091300490E+001   0.1019946235E+001
 0.9393939   0.1321212111E+001   0.1014187173E+001   0.1087352288E+001   0.1020501495E+001
 0.9494949   0.1295283087E+001   0.9679369757E+000   0.1071232105E+001   0.9956886776E+000
 0.9595960   0.1306400220E+001   0.1001587780E+001   0.1084212266E+001   0.1029593122E+001
 0.9696970   0.1303394260E+001   0.9613062934E+000   0.1065179601E+001   0.9963873294E+000
 0.9797980   0.1287732957E+001   0.9547450998E+000   0.1057568068E+001   0.9697927970E+000
 0.9898990   0.1302234223E+001   0.9862563841E+000   0.1076947933E+001   0.9902123456E+000
 1.0000000   0.1316725859E+001   0.9691182831E+000   0.1084452709E+001   0.9688104132E+000


 0.0000000   0.1119130783E+001   0.1091612151E+001   0.8753582049E+000   0.1012139351E+001
 0.0101010   0.1133624749E+001   0.1105397144E+001   0.8795673127E+000   0.1019042645E+001
 0.0202020   0.1138446585E+001   0.1058423637E+001   0.8903205545E+000   0.9736698650E+000
 0.0303030   0.1092187405E+001   0.1052736666E+001   0.8771844582E+000   0.9906530756E+000
 0.0404040   0.1043643605E+001   0.1076694741E+001   0.8750124619E+000   0.1013202611E+001
 0.0505051   0.1001440110E+001   0.1061117793E+001   0.8734025840E+000   0.9936875777E+000
 0.0606061   0.9527666959E+000   0.1083675902E+001   0.8851565198E+000   0.1033544039E+001
 0.0707071   0.8888000619E+000   0.1069060263E+001   0.8700774222E+000   0.9854420487E+000
 0.0808081   0.8238893110E+000   0.1077173841E+001   0.8724482066E+000   0.1005717681E+001
 0.0909091   0.7559614479E+000   0.1035681977E+001   0.8622336839E+000   0.9882475814E+000
 0.1010101   0.6971530241E+000   0.1065722123E+001   0.8616596389E+000   0.1000440858E+001
 0.1111111   0.6392783404E+000   0.1056793455E+001   0.8631087318E+000   0.1006338793E+001
 0.1212121   0.5749637667E+000   0.1022295196E+001   0.8693731707E+000   0.9968563032E+000
 0.1313131   0.5355957983E+000   0.1046399490E+001   0.8608476140E+000   0.9946508282E+000
 0.1414141   0.4896802614E+000   0.1046701260E+001   0.8698190643E+000   0.1016368704E+001
 0.1515152   0.4541034860E+000   0.1024980019E+001   0.8718288330E+000   0.1001333049E+001
 0.1616162   0.4266174490E+000   0.1044731975E+001   0.8710877634E+000   0.1013318411E+001
 0.1717172   0.4045838798E+000   0.9814410939E+000   0.8677831066E+000   0.1002601592E+001
 0.1818182   0.3891254299E+000   0.1012868762E+001   0.8759661892E+000   0.9925901039E+000
 0.1919192   0.3787910652E+000   0.1023757382E+001   0.8746665141E+000   0.9815679922E+000
 0.2020202   0.3784816297E+000   0.1022236086E+001   0.8855136794E+000   0.1022169262E+001
 0.2121212   0.3636771501E+000   0.9662436915E+000   0.8785847133E+000   0.9921163741E+000
 0.2222222   0.3703949057E+000   0.9681507555E+000   0.8844304491E+000   0.1026614426E+001
 0.2323232   0.3813011569E+000   0.9879742659E+000   0.8946333950E+000   0.1008060011E+001
 0.2424242   0.3793959666E+000   0.9742141613E+000   0.9033160568E+000   0.1015242280E+001
 0.2525253   0.3888603528E+000   0.9445908929E+000   0.9054591034E+000   0.1028661991E+001
 0.2626263   0.3950427812E+000   0.9759407853E+000   0.8945567401E+000   0.9832892102E+000
 0.2727273   0.4117743607E+000   0.9767620984E+000   0.9194944373E+000   0.1007965265E+001
 0.2828283   0.4244402167E+000   0.9846641254E+000   0.9207670507E+000   0.1025964363E+001
 0.2929293   0.4437780026E+000   0.1005196952E+001   0.9342068322E+000   0.9892134636E+000
 0.3030303   0.4505008492E+000   0.9792851472E+000   0.9091072847E+000   0.9909741591E+000
 0.3131313   0.4720663757E+000   0.9626597800E+000   0.9414631847E+000   0.1000846160E+001
 0.3232323   0.4976820871E+000   0.9837930358E+000   0.9386730377E+000   0.1000809315E+001
 0.3333333   0.5190672735E+000   0.1001756148E+001   0.9372924977E+000   0.9831207730E+000
 0.3434343   0.5516532309E+000   0.9669778956E+000   0.9574207714E+000   0.9853973075E+000
 0.3535354   0.5692264330E+000   0.9959789571E+000   0.9637157054E+000   0.9909004678E+000
 0.3636364   0.5974955063E+000   0.9974318101E+000   0.9678955760E+000   0.1016081835E+001
 0.3737374   0.6279312956E+000   0.9621744587E+000   0.9861901684E+000   0.1015134375E+001
 0.3838384   0.6709575692E+000   0.1003504549E+001   0.9863495322E+000   0.1030612178E+001
 0.3939394   0.7041911838E+000   0.9928834780E+000   0.9902493842E+000   0.9902609327E+000
 0.4040404   0.7435324749E+000   0.9937141241E+000   0.9959267515E+000   0.1007167820E+001
 0.4141414   0.7755142384E+000   0.9915675105E+000   0.1009022526E+001   0.1031496474E+001
 0.4242424   0.8370637221E+000   0.9972824805E+000   0.1010887057E+001   0.1018566284E+001
 0.4343434   0.8964717845E+000   0.9932941345E+000   0.1023700610E+001   0.1013352625E+001
 0.4444444   0.9474329439E+000   0.1008983080E+001   0.1026617973E+001   0.1013828987E+001
 0.4545455   0.1001949513E+001   0.9978860211E+000   0.1031472481E+001   0.9930533063E+000
 0.4646465   0.1060168603E+001   0.1022712075E+001   0.1053041399E+001   0.1019650599E+001
 0.4747475   0.1121719337E+001   0.9995348693E+000   0.1057573541E+001   0.1021353394E+001
 0.4848485   0.1210609685E+001   0.9946536565E+000   0.1051584475E+001   0.9933585987E+000
 0.4949495   0.1284503838E+001   0.1028809702E+001   0.1072469751E+001   0.1002369991E+001
 0.5050505   0.1324116459E+001   0.1005305838E+001   0.1090715768E+001   0.1025919622E+001
 0.5151515   0.1302777668E+001   0.9667010135E+000   0.1078303936E+001   0.1020616481E+001
 0.5252525   0.1332566988E+001   0.1014993599E+001   0.1071179669E+001   0.9969826311E+000
 0.5353535   0.1313251608E+001   0.9886338052E+000   0.1057951499E+001   0.9733935226E+000
 0.5454545   0.1331244179E+001   0.9994788706E+000   0.1068929255E+001   0.1008412677E+001
 0.5555556   0.1330206540E+001   0.1020014808E+001   0.1078615440E+001   0.1006733568E+001
 0.5656566   0.1328725894E+001   0.1005921823E+001   0.1083423706E+001   0.9873896042E+000
 0.5757576   0.1336361293E+001   0.1014455390E+001   0.1069999735E+001   0.9835418661E+000
 0.5858586   0.1323578855E+001   0.9875791645E+000   0.1064780709E+001   0.9851078060E+000
 0.5959596   0.1315099345E+001   0.9778727376E+000   0.1079612819E+001   0.9992828521E+000
 0.6060606   0.1311951703E+001   0.1016290900E+001   0.1061356489E+001   0.1001514646E+001
 0.6161616   0.1327268658E+001   0.1009054634E+001   0.1060193955E+001   0.9670508080E+000
 0.6262626   0.1329953521E+001   0.1002642793E+001   0.1079494307E+001   0.1007157293E+001
 0.6363636   0.1319460462E+001   0.9747959247E+000   0.1066850636E+001   0.9956798744E+000
 0.6464646   0.1298181699E+001   0.9502436422E+000   0.1070445482E+001   0.9875027730E+000
 0.6565657   0.1332591201E+001   0.1002969451E+001   0.1070069343E+001   0.9893740054E+000
 0.6666667   0.1326790651E+001   0.9955091909E+000   0.1066510480E+001   0.9907846672E+000
 0.6767677   0.1323095985E+001   0.9732684069E+000   0.1070484954E+001   0.9860078925E+000
 0.6868687   0.1304198621E+001   0.9676343238E+000   0.1064046938E+001   0.1008723233E+001
 0.6969697   0.1335474673E+001   0.9920403877E+000   0.1073872372E+001   0.9999723921E+000
 0.7070707   0.1307795794E+001   0.9941745572E+000   0.1077234459E+001   0.1007096761E+001
 0.7171717   0.1303122582E+001   0.9816868656E+000   0.1076466225E+001   0.9956667152E+000
 0.7272727   0.1307023823E+001   0.9750541406E+000   0.1082521747E+001   0.9902898829E+000
 0.7373737   0.1304267036E+001   0.9861854212E+000   0.1070232647E+001   0.9996565723E+000
 0.7474747   0.1315739915E+001   0.1003237000E+001   0.1071635845E+001   0.1003270077E+001
 0.7575758   0.1311088339E+001   0.9886618045E+000   0.1073394372E+001   0.1004683371E+001
 0.7676768   0.1302943111E+001   0.9849814509E+000   0.1065389203E+001   0.9955851285E+000
 0.7777778   0.1284709892E+001   0.9682191982E+000   0.1062068182E+001   0.9897293027E+000
 0.7878788   0.1312316355E+001   0.9823588490E+000   0.1065495548E+001   0.9864658312E+000
 0.7979798   0.1306563504E+001   0.9973975887E+000   0.1071471272E+001   0.9856762817E+000
 0.8080808   0.1319871774E+001   0.9866707425E+000   0.1084235661E+001   0.9910846961E+000
 0.8181818   0.1303356438E+001   0.9745625971E+000   0.1072890941E+001   0.1004157005E+001
 0.8282828   0.1300674920E+001   0.9783549479E+000   0.1067836618E+001   0.9862631802E+000
 0.8383838   0.1305431855E+001   0.9883849224E+000   0.1072034100E+001   0.9939849747E+000
 0.8484848   0.1309064705E+001   0.9771043121E+000   0.1073153428E+001   0.9814127142E+000
 0.8585859   0.1290712654E+001   0.9717284449E+000   0.1067744613E+001   0.9876133099E+000
 0.8686869   0.1314017260E+001   0.9862320867E+000   0.1074336627E+001   0.9944902864E+000
 0.8787879   0.1305909916E+001   0.9909701919E+000   0.1071539327E+001   0.9984959344E+000
 0.8888889   0.1297665973E+001   0.9622117911E+000   0.1066506416E+001   0.9961851861E+000
 0.8989899   0.1287425266E+001   0.9555510667E+000   0.1068977502E+001   0.9886239333E+000
 0.9090909   0.1298464080E+001   0.9731128552E+000   0.1071869164E+001   0.9835418661E+000
 0.9191919   0.1301297688E+001   0.9730350793E+000   0.1077418054E+001   0.9928164414E+000
 0.9292929   0.1311729161E+001   0.9815313139E+000   0.1088050010E+001   0.1016810852E+001
 0.9393939   0.1317437709E+001   0.1011020808E+001   0.1087006892E+001   0.1020079587E+001
 0.9494949   0.1298391691E+001   0.9700018209E+000   0.1071005291E+001   0.9953824774E+000
 0.9595960   0.1312495771E+001   0.1005993376E+001   0.1087601206E+001   0.1032712380E+001
 0.9696970   0.1307808735E+001   0.9643055171E+000   0.1067932820E+001   0.9988670227E+000
 0.9797980   0.1285704531E+001   0.9529875744E+000   0.1059633115E+001   0.9715933497E+000
 0.9898990   0.1301665296E+001   0.9855632143E+000   0.1071066679E+001   0.9847103994E+000
 1.0000000   0.1311740501E+001   0.9651921619E+000   0.1077896343E+001   0.9628609317E+000


 0.0000000   0.1127512708E+001   0.1098736427E+001   0.8810475742E+000   0.1018652616E+001
 0.0101010   0.1132078151E+001   0.1102833591E+001   0.8821941869E+000   0.1022020745E+001
 0.0202020   0.1135766878E+001   0.1054922678E+001   0.8900530379E+000   0.9733150922E+000
 0.0303030   0.1093964002E+001   0.1053440897E+001   0.8762681156E+000   0.9895549491E+000
 0.0404040   0.1048603077E+001   0.1080776920E+001   0.8768724458E+000   0.1015291445E+001
 0.0505051   0.9975253250E+000   0.1055959115E+001   0.8709350090E+000   0.9908168377E+000
 0.0606061   0.9539040159E+000   0.1083932114E+001   0.8819117508E+000   0.1029689502E+001
 0.0707071   0.8887410671E+000   0.1067967208E+001   0.8689247305E+000   0.9840736204E+000
 0.0808081   0.8258100671E+000   0.1078652764E+001   0.8713111208E+000   0.1004342706E+001
 0.0909091   0.7582756932E+000   0.1037859257E+001   0.8644010477E+000   0.9906683802E+000
 0.1010101   0.6980284284E+000   0.1066040083E+001   0.8622743246E+000   0.1001090559E+001
 0.1111111   0.6380857121E+000   0.1053813367E+001   0.8610578563E+000   0.1003883416E+001
 0.1212121   0.5764112596E+000   0.1023888952E+001   0.8690289429E+000   0.9963979111E+000
 0.1313131   0.5372213443E+000   0.1048571804E+001   0.8634206677E+000   0.9975600549E+000
 0.1414141   0.4929055477E+000   0.1052587996E+001   0.8723535024E+000   0.1019265003E+001
 0.1515152   0.4560902072E+000   0.1028480043E+001   0.8707301827E+000   0.1000007284E+001
 0.1616162   0.4278803567E+000   0.1046822816E+001   0.8709411805E+000   0.1013083140E+001
 0.1717172   0.4101007559E+000   0.9938727688E+000   0.8687955057E+000   0.1003707123E+001
 0.1818182   0.3911138627E+000   0.1017071141E+001   0.8770182503E+000   0.9937187175E+000
 0.1919192   0.3817323218E+000   0.1030720258E+001   0.8745491439E+000   0.9813735500E+000
 0.2020202   0.3802426302E+000   0.1026010409E+001   0.8864665358E+000   0.1023203765E+001
 0.2121212   0.3672319178E+000   0.9747553672E+000   0.8799592799E+000   0.9936050548E+000
 0.2222222   0.3710171015E+000   0.9688498363E+000   0.8863249388E+000   0.1028747724E+001
 0.2323232   0.3827154259E+000   0.9906905838E+000   0.8990252646E+000   0.1012943962E+001
 0.2424242   0.3821331935E+000   0.9803046228E+000   0.9017229586E+000   0.1013387014E+001
 0.2525253   0.3915424541E+000   0.9501966720E+000   0.9058333991E+000   0.1029021443E+001
 0.2626263   0.3996013690E+000   0.9862587366E+000   0.8999727041E+000   0.9891791661E+000
 0.2727273   0.4133899590E+000   0.9796568498E+000   0.9204257442E+000   0.1008921692E+001
 0.2828283   0.4276981632E+000   0.9912735795E+000   0.9204009949E+000   0.1025490938E+001
 0.2929293   0.4444298014E+000   0.1005710821E+001   0.9354610005E+000   0.9904781690E+000
 0.3030303   0.4524193206E+000   0.9825151483E+000   0.9131837245E+000   0.9953540695E+000
 0.3131313   0.4748331808E+000   0.9673761527E+000   0.9431236681E+000   0.1002547298E+001
 0.3232323   0.5005563377E+000   0.9885286413E+000   0.9405525110E+000   0.1002749108E+001
 0.3333333   0.5204448557E+000   0.1003454412E+001   0.9408153617E+000   0.9867528141E+000
 0.3434343   0.5524718012E+000   0.9674868139E+000   0.9571694791E+000   0.9850757084E+000
 0.3535354   0.5751933914E+000   0.1005457110E+001   0.9622023888E+000   0.9892812306E+000
 0.3636364   0.5952924356E+000   0.9928039433E+000   0.9686784129E+000   0.1016838651E+001
 0.3737374   0.6314647507E+000   0.9666636023E+000   0.9862412884E+000   0.1015122111E+001
 0.3838384   0.6682803958E+000   0.9985448319E+000   0.9859757249E+000   0.1030155751E+001
 0.3939394   0.7027124463E+000   0.9898511779E+000   0.9888040179E+000   0.9887523508E+000
 0.4040404   0.7443143733E+000   0.9938079915E+000   0.9937517724E+000   0.1004904061E+001
 0.4141414   0.7790309882E+000   0.9951116348E+000   0.1013378211E+001   0.1035882962E+001
 0.4242424   0.8424129705E+000   0.1002695977E+001   0.1014028054E+001   0.1021665839E+001
 0.4343434   0.8943145195E+000   0.9899564410E+000   0.1022525929E+001   0.1012125126E+001
 0.4444444   0.9483362007E+000   0.1008979376E+001   0.1029632757E+001   0.1016741226E+001
 0.4545455   0.1000773823E+001   0.9957621069E+000   0.1030786292E+001   0.9923292483E+000
 0.4646465   0.1061743445E+001   0.1023251975E+001   0.1052394218E+001   0.1018958809E+001
 0.4747475   0.1119797949E+001   0.9968687191E+000   0.1058219303E+001   0.1021911721E+001
 0.4848485   0.1212658352E+001   0.9953842393E+000   0.1055890959E+001   0.9973628848E+000
 0.4949495   0.1282727282E+001   0.1026404470E+001   0.1072129851E+001   0.1001988263E+001
 0.5050505   0.1323675834E+001   0.1004010417E+001   0.1088914033E+001   0.1024159460E+001
 0.5151515   0.1308029953E+001   0.9696703488E+000   0.1075101812E+001   0.1017520627E+001
 0.5252525   0.1330415023E+001   0.1012385582E+001   0.1069969334E+001   0.9957924830E+000
 0.5353535   0.1314953586E+001   0.9889685872E+000   0.1057343884E+001   0.9727722946E+000
 0.5454545   0.1327044834E+001   0.9953734430E+000   0.1067370786E+001   0.1006878082E+001
 0.5555556   0.1325199018E+001   0.1015203395E+001   0.1084279836E+001   0.1011955791E+001
 0.5656566   0.1334632535E+001   0.1009427419E+001   0.1081778564E+001   0.9858272745E+000
 0.5757576   0.1336686949E+001   0.1013732410E+001   0.1070040970E+001   0.9835169049E+000
 0.5858586   0.1327824713E+001   0.9897998959E+000   0.1064859205E+001   0.9851174621E+000
 0.5959596   0.1308408311E+001   0.9719672441E+000   0.1076792843E+001   0.9966089991E+000
 0.6060606   0.1306996162E+001   0.1011484098E+001   0.1063003060E+001   0.1003004269E+001
 0.6161616   0.1324605473E+001   0.1006067096E+001   0.1061829704E+001   0.9684809455E+000
 0.6262626   0.1328118328E+001   0.1000301916E+001   0.1076593616E+001   0.1004386779E+001
 0.6363636   0.1314696627E+001   0.9703478115E+000   0.1067066834E+001   0.9958179991E+000
 0.6464646   0.1303290656E+001   0.9530711648E+000   0.1074501352E+001   0.9911810224E+000
 0.6565657   0.1333574648E+001   0.1002749958E+001   0.1069563190E+001   0.9888428171E+000
 0.6666667   0.1317581422E+001   0.9876541477E+000   0.1068745803E+001   0.9927978172E+000
 0.6767677   0.1318125704E+001   0.9686851940E+000   0.1069808228E+001   0.9853215912E+000
 0.6868687   0.1303485392E+001   0.9661804716E+000   0.1064060028E+001   0.1008671170E+001
 0.6969697   0.1331897130E+001   0.9884368735E+000   0.1070373668E+001   0.9966507528E+000
 0.7070707   0.1303372516E+001   0.9898646732E+000   0.1073392022E+001   0.1003440363E+001
 0.7171717   0.1304225848E+001   0.9815785765E+000   0.1074667080E+001   0.9939390841E+000
 0.7272727   0.1302800186E+001   0.9709739921E+000   0.1080970960E+001   0.9888080223E+000
 0.7373737   0.1308381425E+001   0.9883505037E+000   0.1071242805E+001   0.1000536163E+001
 0.7474747   0.1307806534E+001   0.9962344414E+000   0.1068221466E+001   0.1000009603E+001
 0.7575758   0.1307566158E+001   0.9850630556E+000   0.1068042958E+001   0.9996106239E+000
 0.7676768   0.1305034334E+001   0.9856190608E+000   0.1068007741E+001   0.9979683130E+000
 0.7777778   0.1284038256E+001   0.9667877588E+000   0.1061097600E+001   0.9887616294E+000
 0.7878788   0.1310190276E+001   0.9798295893E+000   0.1066773173E+001   0.9875855678E+000
 0.7979798   0.1303163799E+001   0.9938511764E+000   0.1071320603E+001   0.9854746879E+000
 0.8080808   0.1314164845E+001   0.9814652162E+000   0.1079766118E+001   0.9869360663E+000
 0.8181818   0.1300222639E+001   0.9712897814E+000   0.1071973179E+001   0.1003233914E+001
 0.8282828   0.1303695299E+001   0.9796892384E+000   0.1064577118E+001   0.9831898345E+000
 0.8383838   0.1309261944E+001   0.9903370077E+000   0.1074592604E+001   0.9962935270E+000
 0.8484848   0.1302824171E+001   0.9715165020E+000   0.1073087874E+001   0.9812900426E+000
 0.8585859   0.1293162542E+001   0.9726420076E+000   0.1071590034E+001   0.9911067937E+000
 0.8686869   0.1311052104E+001   0.9830657554E+000   0.1073301072E+001   0.9934681955E+000
 0.8787879   0.1297890303E+001   0.9839429480E+000   0.1067879901E+001   0.9950223598E+000
 0.8888889   0.1296227727E+001   0.9602263578E+000   0.1065952966E+001   0.9956045915E+000
 0.8989899   0.1284177331E+001   0.9522290599E+000   0.1066076853E+001   0.9858783067E+000
 0.9090909   0.1296622960E+001   0.9708039517E+000   0.1070312695E+001   0.9820508872E+000
 0.9191919   0.1299336020E+001   0.9706393093E+000   0.1075256365E+001   0.9907611661E+000
 0.9292929   0.1310206310E+001   0.9794544207E+000   0.1084882565E+001   0.1013785994E+001
 0.9393939   0.1314803717E+001   0.1008034707E+001   0.1086729878E+001   0.1019754449E+001
 0.9494949   0.1291766007E+001   0.9641291903E+000   0.1070396704E+001   0.9947532806E+000
 0.9595960   0.1313100915E+001   0.1005494897E+001   0.1086392588E+001   0.1031498827E+001
 0.9696970   0.1305428131E+001   0.9616298661E+000   0.1065638856E+001   0.9966577117E+000
 0.9797980   0.1291516494E+001   0.9563802054E+000   0.1058370678E+001   0.9703737784E+000
 0.9898990   0.1307612758E+001   0.9891197342E+000   0.1072418166E+001   0.9858899050E+000
 1.0000000   0.1309574542E+001   0.9626770991E+000   0.1075905307E+001   0.9610209570E+000


 0.0000000   0.1131343747E+001   0.1103035986E+001   0.8840082154E+000   0.1021933962E+001
 0.0101010   0.1133640289E+001   0.1104922639E+001   0.8837698033E+000   0.1023704151E+001
 0.0202020   0.1134066984E+001   0.1053884845E+001   0.8884985471E+000   0.9714804808E+000
 0.0303030   0.1101107081E+001   0.1060864024E+001   0.8813043824E+000   0.9951043433E+000
 0.0404040   0.1053030893E+001   0.1085898090E+001   0.8778394501E+000   0.1016270184E+001
 0.0505051   0.9988231029E+000   0.1057876026E+001   0.8722936789E+000   0.9922249463E+000
 0.0606061   0.9577464727E+000   0.1088857358E+001   0.8851752211E+000   0.1033356534E+001
 0.0707071   0.8881716925E+000   0.1067831233E+001   0.8692792369E+000   0.9843386206E+000
 0.0808081   0.8286511380E+000   0.1082919668E+001   0.8720743347E+000   0.1005083086E+001
 0.0909091   0.7633997199E+000   0.1045409272E+001   0.8691526829E+000   0.9959760116E+000
 0.1010101   0.6991368589E+000   0.1068281348E+001   0.8634008384E+000   0.1002259459E+001
 0.1111111   0.6396415650E+000   0.1056925516E+001   0.8646303883E+000   0.1007908778E+001
 0.1212121   0.5760215831E+000   0.1023722339E+001   0.8700678871E+000   0.9974508247E+000
 0.1313131   0.5395999975E+000   0.1053755556E+001   0.8643791992E+000   0.9985290495E+000
 0.1414141   0.4928661392E+000   0.1053044470E+001   0.8733993849E+000   0.1020345543E+001
 0.1515152   0.4561169434E+000   0.1029068654E+001   0.8723373305E+000   0.1001714150E+001
 0.1616162   0.4285562540E+000   0.1049014982E+001   0.8715662205E+000   0.1013669638E+001
 0.1717172   0.4111178685E+000   0.9968495050E+000   0.8737639646E+000   0.1009307166E+001
 0.1818182   0.3917136738E+000   0.1019154149E+001   0.8781386660E+000   0.9948502789E+000
 0.1919192   0.3826212766E+000   0.1033651210E+001   0.8766208810E+000   0.9835619683E+000
 0.2020202   0.3798233424E+000   0.1025405483E+001   0.8919305980E+000   0.1029367929E+001
 0.2121212   0.3654486184E+000   0.9705201610E+000   0.8829497737E+000   0.9968435487E+000
 0.2222222   0.3708785322E+000   0.9689854598E+000   0.8861136833E+000   0.1028359934E+001
 0.2323232   0.3815597395E+000   0.9882063358E+000   0.8991981807E+000   0.1012998330E+001
 0.2424242   0.3817124927E+000   0.9797283684E+000   0.9061509354E+000   0.1018222143E+001
 0.2525253   0.3891775337E+000   0.9449426052E+000   0.9103903159E+000   0.1034054695E+001
 0.2626263   0.3973944957E+000   0.9813157427E+000   0.9016717082E+000   0.9909091816E+000
 0.2727273   0.4131876936E+000   0.9796804838E+000   0.9187641184E+000   0.1006960684E+001
 0.2828283   0.4260309290E+000   0.9879166340E+000   0.9235229960E+000   0.1028826751E+001
 0.2929293   0.4408598703E+000   0.9981447832E+000   0.9395937157E+000   0.9947160172E+000
 0.3030303   0.4496989930E+000   0.9771090811E+000   0.9136933855E+000   0.9957715207E+000
 0.3131313   0.4732188382E+000   0.9645824714E+000   0.9452729507E+000   0.1004692694E+001
 0.3232323   0.4972474646E+000   0.9824984922E+000   0.9418066960E+000   0.1003947025E+001
 0.3333333   0.5166184795E+000   0.9965885339E+000   0.9395083782E+000   0.9852454034E+000
 0.3434343   0.5478166672E+000   0.9598275312E+000   0.9563711066E+000   0.9841176052E+000
 0.3535354   0.5697396197E+000   0.9964353032E+000   0.9631719533E+000   0.9901407916E+000
 0.3636364   0.5910677990E+000   0.9862646155E+000   0.9700816749E+000   0.1018170503E+001
 0.3737374   0.6302741857E+000   0.9653366537E+000   0.9857354024E+000   0.1014460749E+001
 0.3838384   0.6614974254E+000   0.9889174220E+000   0.9841343779E+000   0.1028089345E+001
 0.3939394   0.6989811878E+000   0.9851010199E+000   0.9901459576E+000   0.9899569563E+000
 0.4040404   0.7405240298E+000   0.9892550084E+000   0.9883770807E+000   0.9993304885E+000
 0.4141414   0.7757495122E+000   0.9914289689E+000   0.1013003139E+001   0.1035356001E+001
 0.4242424   0.8359733791E+000   0.9955422556E+000   0.1016809183E+001   0.1024325886E+001
 0.4343434   0.8890065164E+000   0.9845862605E+000   0.1023489483E+001   0.1012938428E+001
 0.4444444   0.9458266607E+000   0.1006826260E+001   0.1034403030E+001   0.1021310162E+001
 0.4545455   0.9967611083E+000   0.9922789205E+000   0.1029717859E+001   0.9911632461E+000
 0.4646465   0.1059784165E+001   0.1021888359E+001   0.1054555058E+001   0.1020909442E+001
 0.4747475   0.1117938071E+001   0.9957242170E+000   0.1055954601E+001   0.1019583350E+001
 0.4848485   0.1206977644E+001   0.9912302479E+000   0.1058969310E+001   0.1000131928E+001
 0.4949495   0.1282522563E+001   0.1026767799E+001   0.1070537312E+001   0.1000361205E+001
 0.5050505   0.1324479370E+001   0.1005135934E+001   0.1086590853E+001   0.1021832749E+001
 0.5151515   0.1306138034E+001   0.9687651906E+000   0.1074826606E+001   0.1017119131E+001
 0.5252525   0.1327568519E+001   0.1010738431E+001   0.1072863177E+001   0.9983472798E+000
 0.5353535   0.1316425019E+001   0.9905838059E+000   0.1058917691E+001   0.9740851578E+000
 0.5454545   0.1326636336E+001   0.9955781690E+000   0.1065635392E+001   0.1005101676E+001
 0.5555556   0.1319477354E+001   0.1011339383E+001   0.1083732314E+001   0.1011304567E+001
 0.5656566   0.1329620866E+001   0.1006153482E+001   0.1079975151E+001   0.9840473760E+000
 0.5757576   0.1340722704E+001   0.1017315380E+001   0.1067329988E+001   0.9808891277E+000
 0.5858586   0.1324056107E+001   0.9874976438E+000   0.1065004488E+001   0.9851152729E+000
 0.5959596   0.1311265846E+001   0.9745903515E+000   0.1071631071E+001   0.9916940962E+000
 0.6060606   0.1308389327E+001   0.1013082382E+001   0.1061962503E+001   0.1001883526E+001
 0.6161616   0.1325907447E+001   0.1007573260E+001   0.1057300135E+001   0.9642158901E+000
 0.6262626   0.1324113185E+001   0.9977976199E+000   0.1076342319E+001   0.1004013124E+001
 0.6363636   0.1312497780E+001   0.9692224885E+000   0.1064406760E+001   0.9931978272E+000
 0.6464646   0.1302123950E+001   0.9527070921E+000   0.1071578613E+001   0.9883478815E+000
 0.6565657   0.1330791307E+001   0.1001171090E+001   0.1071799369E+001   0.9907728543E+000
 0.6666667   0.1315955669E+001   0.9869421825E+000   0.1070025186E+001   0.9938484801E+000
 0.6767677   0.1316854432E+001   0.9682480370E+000   0.1069129160E+001   0.9845596360E+000
 0.6868687   0.1304855137E+001   0.9676925757E+000   0.1063651638E+001   0.1008144253E+001
 0.6969697   0.1334565903E+001   0.9909261807E+000   0.1070971002E+001   0.9970686953E+000
 0.7070707   0.1308076801E+001   0.9939476986E+000   0.1071428864E+001   0.1001466282E+001
 0.7171717   0.1306208743E+001   0.9835758955E+000   0.1072978108E+001   0.9922394052E+000
 0.7272727   0.1303946871E+001   0.9723278044E+000   0.1079474994E+001   0.9873027058E+000
 0.7373737   0.1312375285E+001   0.9918766899E+000   0.1073002219E+001   0.1002040509E+001
 0.7474747   0.1310719127E+001   0.9989660040E+000   0.1067043803E+001   0.9987686550E+000
 0.7575758   0.1310531440E+001   0.9878041052E+000   0.1068079313E+001   0.9995060615E+000
 0.7676768   0.1302544432E+001   0.9842438856E+000   0.1063816992E+001   0.9939145781E+000
 0.7777778   0.1287771124E+001   0.9700963824E+000   0.1061448009E+001   0.9889510264E+000
 0.7878788   0.1310790273E+001   0.9807818295E+000   0.1065751913E+001   0.9865033323E+000
 0.7979798   0.1306534049E+001   0.9969333030E+000   0.1072035085E+001   0.9859952034E+000
 0.8080808   0.1312489071E+001   0.9807171853E+000   0.1076800202E+001   0.9840886872E+000
 0.8181818   0.1304647086E+001   0.9750955340E+000   0.1068837731E+001   0.1000160846E+001
 0.8282828   0.1304425041E+001   0.9807411276E+000   0.1061228877E+001   0.9799616891E+000
 0.8383838   0.1313439879E+001   0.9940075543E+000   0.1071406605E+001   0.9932019583E+000
 0.8484848   0.1308415732E+001   0.9761873027E+000   0.1073957106E+001   0.9819487623E+000
 0.8585859   0.1297127093E+001   0.9761250527E+000   0.1072349130E+001   0.9916713749E+000
 0.8686869   0.1316104596E+001   0.9873611727E+000   0.1073137671E+001   0.9931792371E+000
 0.8787879   0.1300941401E+001   0.9867626153E+000   0.1063007731E+001   0.9903452825E+000
 0.8888889   0.1297763483E+001   0.9618578380E+000   0.1063216143E+001   0.9929107137E+000
 0.8989899   0.1290255343E+001   0.9572273977E+000   0.1065095642E+001   0.9848343561E+000
 0.9090909   0.1300168085E+001   0.9739582748E+000   0.1070153899E+001   0.9817690582E+000
 0.9191919   0.1302228636E+001   0.9732998617E+000   0.1074454069E+001   0.9898846616E+000
 0.9292929   0.1309403753E+001   0.9793572628E+000   0.1080626277E+001   0.1009668639E+001
 0.9393939   0.1316348741E+001   0.1009737643E+001   0.1083999120E+001   0.1017050967E+001
 0.9494949   0.1298667291E+001   0.9697779498E+000   0.1070322738E+001   0.9945466409E+000
 0.9595960   0.1316605228E+001   0.1008696154E+001   0.1083269465E+001   0.1028390917E+001
 0.9696970   0.1308185840E+001   0.9641562985E+000   0.1065243173E+001   0.9961495190E+000
 0.9797980   0.1288180441E+001   0.9543998125E+000   0.1058607076E+001   0.9704559608E+000
 0.9898990   0.1304823445E+001   0.9875167976E+000   0.1068726411E+001   0.9823598097E+000
 1.0000000   0.1307166539E+001   0.9614005401E+000   0.1069103936E+001   0.9548134400E+000


 0.0000000   0.1140415117E+001   0.1111153930E+001   0.8859590112E+000   0.1024116568E+001
 0.0101010   0.1141548481E+001   0.1111903561E+001   0.8866753320E+000   0.1026996972E+001
 0.0202020   0.1142330437E+001   0.1060870471E+001   0.8897864247E+000   0.9728197160E+000
 0.0303030   0.1107722202E+001   0.1066540097E+001   0.8824817608E+000   0.9963631599E+000
 0.0404040   0.1060369510E+001   0.1092751343E+001   0.8789964720E+000   0.1017537569E+001
 0.0505051   0.1004138960E+001   0.1062811327E+001   0.8732291839E+000   0.9932187034E+000
 0.0606061   0.9613013296E+000   0.1092184811E+001   0.8847664232E+000   0.1032806128E+001
 0.0707071   0.8982036382E+000   0.1079186894E+001   0.8715340234E+000   0.9868219380E+000
 0.0808081   0.8342881419E+000   0.1089574027E+001   0.8756515293E+000   0.1009134376E+001
 0.0909091   0.7698637079E+000   0.1053572337E+001   0.8725868777E+000   0.9998404714E+000
 0.1010101   0.7039961982E+000   0.1075003607E+001   0.8686030777E+000   0.1008226928E+001
 0.1111111   0.6425426838E+000   0.1061025568E+001   0.8652852458E+000   0.1008600693E+001
 0.1212121   0.5795639808E+000   0.1029345028E+001   0.8709829265E+000   0.9984290920E+000
 0.1313131   0.5420786039E+000   0.1057904258E+001   0.8640641394E+000   0.9980943775E+000
 0.1414141   0.4963259963E+000   0.1059743870E+001   0.8728053512E+000   0.1019579328E+001
 0.1515152   0.4591526442E+000   0.1035240836E+001   0.8738200419E+000   0.1003345676E+001
 0.1616162   0.4302274762E+000   0.1052417732E+001   0.8709021477E+000   0.1012825533E+001
 0.1717172   0.4144067941E+000   0.1004167756E+001   0.8723770728E+000   0.1007633740E+001
 0.1818182   0.3920227021E+000   0.1019291783E+001   0.8780393349E+000   0.9946672733E+000
 0.1919192   0.3842812712E+000   0.1037457418E+001   0.8781500399E+000   0.9852078704E+000
 0.2020202   0.3796308065E+000   0.1024216085E+001   0.8908126087E+000   0.1028004835E+001
 0.2121212   0.3665788754E+000   0.9728857279E+000   0.8863654356E+000   0.1000628910E+001
 0.2222222   0.3709012298E+000   0.9684116353E+000   0.8892419596E+000   0.1031917275E+001
 0.2323232   0.3827244830E+000   0.9905753035E+000   0.8967314243E+000   0.1010147818E+001
 0.2424242   0.3820783228E+000   0.9800266123E+000   0.9041296327E+000   0.1015878873E+001
 0.2525253   0.3895313857E+000   0.9451838353E+000   0.9094308041E+000   0.1032891666E+001
 0.2626263   0.3978808645E+000   0.9818748413E+000   0.8990060935E+000   0.9879097600E+000
 0.2727273   0.4133357177E+000   0.9793911490E+000   0.9185067419E+000   0.1006607282E+001
 0.2828283   0.4261246912E+000   0.9874884596E+000   0.9268769720E+000   0.1032490008E+001
 0.2929293   0.4430807867E+000   0.1002517706E+001   0.9388518744E+000   0.9938602395E+000
 0.3030303   0.4525231070E+000   0.9826029314E+000   0.9179577856E+000   0.1000348122E+001
 0.3131313   0.4721319188E+000   0.9617381934E+000   0.9478220290E+000   0.1007330637E+001
 0.3232323   0.4956126979E+000   0.9786285930E+000   0.9438615334E+000   0.1006066161E+001
 0.3333333   0.5185054876E+000   0.9995751874E+000   0.9392359106E+000   0.9848898917E+000
 0.3434343   0.5460932094E+000   0.9561827361E+000   0.9597267754E+000   0.9875006645E+000
 0.3535354   0.5689494100E+000   0.9944031622E+000   0.9610806306E+000   0.9879209172E+000
 0.3636364   0.5927526723E+000   0.9884298070E+000   0.9714219123E+000   0.1019504947E+001
 0.3737374   0.6309895200E+000   0.9658008504E+000   0.9845740020E+000   0.1013193719E+001
 0.3838384   0.6631520618E+000   0.9907433243E+000   0.9863501677E+000   0.1030331100E+001
 0.3939394   0.6965449199E+000   0.9810261208E+000   0.9887580014E+000   0.9884992294E+000
 0.4040404   0.7393202597E+000   0.9870016301E+000   0.9891998383E+000   0.1000091507E+001
 0.4141414   0.7746387317E+000   0.9893625379E+000   0.1014999494E+001   0.1037322913E+001
 0.4242424   0.8349618500E+000   0.9936879967E+000   0.1015170776E+001   0.1022602915E+001
 0.4343434   0.8927665412E+000   0.9881045359E+000   0.1026946668E+001   0.1016287969E+001
 0.4444444   0.9435895656E+000   0.1003788632E+001   0.1033657386E+001   0.1020501652E+001
 0.4545455   0.9923247004E+000   0.9872170414E+000   0.1033481633E+001   0.9947156209E+000
 0.4646465   0.1059311452E+001   0.1020765196E+001   0.1051901460E+001   0.1018268362E+001
 0.4747475   0.1113336847E+001   0.9909781226E+000   0.1055647755E+001   0.1019214861E+001
 0.4848485   0.1200018558E+001   0.9848712124E+000   0.1055945557E+001   0.9972055247E+000
 0.4949495   0.1272024346E+001   0.1017697740E+001   0.1072621112E+001   0.1002237399E+001
 0.5050505   0.1318583945E+001   0.1000008164E+001   0.1084255617E+001   0.1019564451E+001
 0.5151515   0.1309017189E+001   0.9702663266E+000   0.1072267518E+001   0.1014625553E+001
 0.5252525   0.1327838242E+001   0.1010283283E+001   0.1071564242E+001   0.9970679198E+000
 0.5353535   0.1312585085E+001   0.9870490206E+000   0.1061249809E+001   0.9761612821E+000
 0.5454545   0.1321211985E+001   0.9908596464E+000   0.1063687326E+001   0.1003193195E+001
 0.5555556   0.1319065276E+001   0.1010362985E+001   0.1079117814E+001   0.1006927121E+001
 0.5656566   0.1325688061E+001   0.1002522014E+001   0.1075267867E+001   0.9796888007E+000
 0.5757576   0.1333652197E+001   0.1011289254E+001   0.1068794764E+001   0.9821656878E+000
 0.5858586   0.1316496153E+001   0.9812178368E+000   0.1066687909E+001   0.9866025141E+000
 0.5959596   0.1307977834E+001   0.9715114038E+000   0.1071742949E+001   0.9917273645E+000
 0.6060606   0.1303475431E+001   0.1008618154E+001   0.1061096120E+001   0.1000995236E+001
 0.6161616   0.1325342040E+001   0.1006485582E+001   0.1060523334E+001   0.9670868009E+000
 0.6262626   0.1320193885E+001   0.9941942132E+000   0.1076033939E+001   0.1003654357E+001
 0.6363636   0.1313430526E+001   0.9692775887E+000   0.1064624128E+001   0.9933302749E+000
 0.6464646   0.1304479203E+001   0.9538067495E+000   0.1073768365E+001   0.9902973899E+000
 0.6565657   0.1329005708E+001   0.9991745224E+000   0.1067828304E+001   0.9870320643E+000
 0.6666667   0.1309569248E+001   0.9815107962E+000   0.1068910339E+001   0.9927426651E+000
 0.6767677   0.1316941266E+001   0.9676792369E+000   0.1071437554E+001   0.9866155307E+000
 0.6868687   0.1303362081E+001   0.9659537924E+000   0.1062077820E+001   0.1006581249E+001
 0.6969697   0.1329760420E+001   0.9867129789E+000   0.1072498226E+001   0.9984197944E+000
 0.7070707   0.1305356088E+001   0.9912323079E+000   0.1069820970E+001   0.9998925381E+000
 0.7171717   0.1301261195E+001   0.9792102035E+000   0.1067302008E+001   0.9869204928E+000
 0.7272727   0.1302767228E+001   0.9708134712E+000   0.1077612665E+001   0.9855295682E+000
 0.7373737   0.1312434321E+001   0.9912732361E+000   0.1072257569E+001   0.1001274165E+001
 0.7474747   0.1309259179E+001   0.9972013549E+000   0.1063923453E+001   0.9957774096E+000
 0.7575758   0.1310946314E+001   0.9874712267E+000   0.1068679294E+001   0.9999966715E+000
 0.7676768   0.1301730719E+001   0.9829863635E+000   0.1063384359E+001   0.9934399869E+000
 0.7777778   0.1288355209E+001   0.9699022815E+000   0.1062018289E+001   0.9894122561E+000
 0.7878788   0.1310804337E+001   0.9801515509E+000   0.1065922525E+001   0.9865913569E+000
 0.7979798   0.1304965682E+001   0.9950860160E+000   0.1071196306E+001   0.9851539442E+000
 0.8080808   0.1310694403E+001   0.9787362987E+000   0.1075254440E+001   0.9826063952E+000
 0.8181818   0.1305520643E+001   0.9751109266E+000   0.1069312344E+001   0.1000534074E+001
 0.8282828   0.1303306263E+001   0.9792597481E+000   0.1060666167E+001   0.9793726815E+000
 0.8383838   0.1310321478E+001   0.9909996637E+000   0.1069921790E+001   0.9917552574E+000
 0.8484848   0.1311776921E+001   0.9780555990E+000   0.1073361309E+001   0.9813344802E+000
 0.8585859   0.1295727207E+001   0.9744345351E+000   0.1070524980E+001   0.9899143278E+000
 0.8686869   0.1314184033E+001   0.9852761856E+000   0.1072350123E+001   0.9923800577E+000
 0.8787879   0.1300646551E+001   0.9858944160E+000   0.1066305241E+001   0.9933470106E+000
 0.8888889   0.1301629154E+001   0.9640926388E+000   0.1064423801E+001   0.9939680919E+000
 0.8989899   0.1287551445E+001   0.9545973089E+000   0.1064943567E+001   0.9846239796E+000
 0.9090909   0.1302189507E+001   0.9748352001E+000   0.1070011397E+001   0.9815687803E+000
 0.9191919   0.1300884564E+001   0.9716600376E+000   0.1071688005E+001   0.9872663644E+000
 0.9292929   0.1309685531E+001   0.9789280147E+000   0.1078879059E+001   0.1007964735E+001
 0.9393939   0.1315361172E+001   0.1008320886E+001   0.1080503600E+001   0.1013699510E+001
 0.9494949   0.1296646295E+001   0.9676361546E+000   0.1069597777E+001   0.9938025942E+000
 0.9595960   0.1312423606E+001   0.1004835531E+001   0.1080185295E+001   0.1025390343E+001
 0.9696970   0.1307001004E+001   0.9626536914E+000   0.1060915570E+001   0.9920323266E+000
 0.9797980   0.1288073250E+001   0.9536968897E+000   0.1058161060E+001   0.9699783620E+000
 0.9898990   0.1302930472E+001   0.9854398982E+000   0.1068576765E+001   0.9821526711E+000
 1.0000000   0.1311695559E+001   0.9641012553E+000   0.1071855938E+001   0.9572034264E+000


