# Lambda, (Probability, Probability_biased(/observed)) per Fractional
 0.0000000   0.9538169802E+000   0.8926669636E+000   0.8769056304E+000   0.1055219926E+001
 0.0101010   0.9582631223E+000   0.9088947795E+000   0.8393816605E+000   0.1023171869E+001
 0.0202020   0.9785092380E+000   0.9334678397E+000   0.8777626402E+000   0.1064707680E+001
 0.0303030   0.9339589891E+000   0.9301091788E+000   0.8623781691E+000   0.1071542687E+001
 0.0404040   0.8736453114E+000   0.8773644930E+000   0.8358067160E+000   0.1019324190E+001
 0.0505051   0.8646791727E+000   0.9110367826E+000   0.8312565723E+000   0.1014640059E+001
 0.0606061   0.8221569470E+000   0.8973108264E+000   0.8630173210E+000   0.1052758367E+001
 0.0707071   0.7963154797E+000   0.9229291842E+000   0.8378703094E+000   0.1021307776E+001
 0.0808081   0.7225161514E+000   0.8965225693E+000   0.8405551447E+000   0.1023769334E+001
 0.0909091   0.6762616953E+000   0.9335706559E+000   0.8080527703E+000   0.1018965710E+001
 0.1010101   0.6412482975E+000   0.9519747470E+000   0.8450128221E+000   0.1058111660E+001
 0.1111111   0.6040284450E+000   0.9571840987E+000   0.8256961052E+000   0.1032468434E+001
 0.1212121   0.5563229795E+000   0.9718868083E+000   0.8389171346E+000   0.1054789751E+001
 0.1313131   0.5141774410E+000   0.9668316809E+000   0.8410101921E+000   0.1041119737E+001
 0.1414141   0.4939353255E+000   0.9871550068E+000   0.8197195503E+000   0.1028620755E+001
 0.1515152   0.4554510592E+000   0.9750227009E+000   0.8395153826E+000   0.1050105620E+001
 0.1616162   0.4450274904E+000   0.1022917892E+001   0.8522563239E+000   0.1068340272E+001
 0.1717172   0.4292831058E+000   0.1017400091E+001   0.8260800634E+000   0.1032707420E+001
 0.1818182   0.4108086333E+000   0.1006227403E+001   0.8236350520E+000   0.1012297994E+001
 0.1919192   0.4037011404E+000   0.9976936624E+000   0.8427195828E+000   0.1040474474E+001
 0.2020202   0.3897424722E+000   0.9773874724E+000   0.8164642846E+000   0.9953777668E+000
 0.2121212   0.3923440848E+000   0.1001720628E+001   0.8483683874E+000   0.1025322745E+001
 0.2222222   0.4167640038E+000   0.1041818927E+001   0.8494723522E+000   0.1019300291E+001
 0.2323232   0.3964609033E+000   0.1005490554E+001   0.8346516673E+000   0.1004029069E+001
 0.2424242   0.4253564811E+000   0.1041407663E+001   0.8797264666E+000   0.1042505857E+001
 0.2525253   0.4269368408E+000   0.1032205617E+001   0.8456390842E+000   0.9971462651E+000
 0.2626263   0.4397917874E+000   0.1049632955E+001   0.8469992116E+000   0.9972896568E+000
 0.2727273   0.4522214224E+000   0.1032668290E+001   0.8542393785E+000   0.9905502444E+000
 0.2828283   0.4493591769E+000   0.1004856521E+001   0.8714814115E+000   0.9890446309E+000
 0.2929293   0.4752877637E+000   0.1023911781E+001   0.9122914731E+000   0.1034619310E+001
 0.3030303   0.5058364859E+000   0.1050763933E+001   0.8806344400E+000   0.9856988233E+000
 0.3131313   0.5055402869E+000   0.1009243343E+001   0.8921159438E+000   0.9904785485E+000
 0.3232323   0.5419501769E+000   0.1054242546E+001   0.9261354357E+000   0.1015906686E+001
 0.3333333   0.5565025843E+000   0.1028898364E+001   0.9069447771E+000   0.9988669661E+000
 0.3434343   0.5826450782E+000   0.1043703890E+001   0.9381606945E+000   0.1022526606E+001
 0.3535354   0.6092452353E+000   0.1027527482E+001   0.9232059571E+000   0.9943023286E+000
 0.3636364   0.6668870293E+000   0.1078147301E+001   0.9699726908E+000   0.1016528051E+001
 0.3737374   0.6655455795E+000   0.1015360904E+001   0.9481772739E+000   0.9926772221E+000
 0.3838384   0.6863083537E+000   0.1017280139E+001   0.9710588701E+000   0.9948280984E+000
 0.3939394   0.7110986728E+000   0.1004839385E+001   0.1019917267E+001   0.1028692451E+001
 0.4040404   0.7776475642E+000   0.1019901951E+001   0.9834262217E+000   0.9890446309E+000
 0.4141414   0.8302960748E+000   0.1042058832E+001   0.1001626506E+001   0.1012608676E+001
 0.4242424   0.8631890643E+000   0.1030526287E+001   0.1010456963E+001   0.9899766773E+000
 0.4343434   0.9321502837E+000   0.1032051393E+001   0.1018180706E+001   0.1004196360E+001
 0.4444444   0.9823966219E+000   0.1036506760E+001   0.1023597149E+001   0.9763305620E+000
 0.4545455   0.1046944634E+001   0.1042624321E+001   0.1039253276E+001   0.9838108319E+000
 0.4646465   0.1074648687E+001   0.1011471027E+001   0.1088369451E+001   0.1019873858E+001
 0.4747475   0.1139012705E+001   0.1011985107E+001   0.1075247101E+001   0.1003790083E+001
 0.4848485   0.1258503070E+001   0.1054996531E+001   0.1063253282E+001   0.9738212063E+000
 0.4949495   0.1295301614E+001   0.1022712259E+001   0.1075404634E+001   0.9688741907E+000
 0.5050505   0.1319289033E+001   0.1006347355E+001   0.1086755262E+001   0.9693043660E+000
 0.5151515   0.1321262330E+001   0.1005062153E+001   0.1118893549E+001   0.1002260571E+001
 0.5252525   0.1322104920E+001   0.1016491882E+001   0.1106781235E+001   0.9771670139E+000
 0.5353535   0.1366082056E+001   0.1031777217E+001   0.1058221313E+001   0.9484408656E+000
 0.5454545   0.1310113355E+001   0.9940950971E+000   0.1073847276E+001   0.9556104534E+000
 0.5555556   0.1326914844E+001   0.1014692599E+001   0.1045902710E+001   0.9424184119E+000
 0.5656566   0.1352120563E+001   0.1023466244E+001   0.1128340145E+001   0.1001687004E+001
 0.5757576   0.1327514429E+001   0.1018274029E+001   0.1120080971E+001   0.1002380064E+001
 0.5858586   0.1262788166E+001   0.9619136416E+000   0.1134785325E+001   0.1019587075E+001
 0.5959596   0.1302585463E+001   0.9847730993E+000   0.1114345671E+001   0.9998468098E+000
 0.6060606   0.1320447578E+001   0.1008592174E+001   0.1114764043E+001   0.9996317222E+000
 0.6161616   0.1312589549E+001   0.1000966643E+001   0.1112493686E+001   0.9992015469E+000
 0.6262626   0.1305597256E+001   0.9865381099E+000   0.1144230015E+001   0.1031655881E+001
 0.6363636   0.1280239120E+001   0.9686309635E+000   0.1135121684E+001   0.1019013508E+001
 0.6464646   0.1334265320E+001   0.1010888402E+001   0.1111150094E+001   0.1004363650E+001
 0.6565657   0.1327170342E+001   0.1014247063E+001   0.1134700172E+001   0.1024677482E+001
 0.6666667   0.1321843114E+001   0.1002680246E+001   0.1074420648E+001   0.9571877627E+000
 0.6767677   0.1311725027E+001   0.1006107451E+001   0.1083689443E+001   0.9619674878E+000
 0.6868687   0.1368195506E+001   0.1046719831E+001   0.1147362569E+001   0.1019563176E+001
 0.6969697   0.1306512887E+001   0.9779015532E+000   0.1089754898E+001   0.9892119213E+000
 0.7070707   0.1339381115E+001   0.1013390261E+001   0.1106894745E+001   0.9916017839E+000
 0.7171717   0.1287907103E+001   0.9721781208E+000   0.1091165725E+001   0.9693521632E+000
 0.7272727   0.1299816748E+001   0.9934096560E+000   0.1059116952E+001   0.9533878812E+000
 0.7373737   0.1336745117E+001   0.1015018184E+001   0.1075543703E+001   0.9593147404E+000
 0.7474747   0.1307827128E+001   0.1002080485E+001   0.1086683772E+001   0.9803455311E+000
 0.7575758   0.1305119735E+001   0.1005541962E+001   0.1100030547E+001   0.1002045483E+001
 0.7676768   0.1328247322E+001   0.1022215315E+001   0.1089266110E+001   0.9824008129E+000
 0.7777778   0.1295461198E+001   0.9865038379E+000   0.1073391610E+001   0.9669145034E+000
 0.7878788   0.1353955600E+001   0.1027424666E+001   0.1109143260E+001   0.9918407701E+000
 0.7979798   0.1346516350E+001   0.1027613162E+001   0.1094698942E+001   0.9802738352E+000
 0.8080808   0.1340545353E+001   0.1017571452E+001   0.1074453172E+001   0.9619196906E+000
 0.8181818   0.1334235174E+001   0.1015378040E+001   0.1052779570E+001   0.9466006714E+000
 0.8282828   0.1281189758E+001   0.9658377914E+000   0.1067752235E+001   0.9513325993E+000
 0.8383838   0.1318392560E+001   0.1001926261E+001   0.1083788591E+001   0.9692326701E+000
 0.8484848   0.1323798704E+001   0.1010100145E+001   0.1096703787E+001   0.9882081790E+000
 0.8585859   0.1324091538E+001   0.1011830883E+001   0.1098553507E+001   0.9813731720E+000
 0.8686869   0.1340553928E+001   0.1019850543E+001   0.1111932718E+001   0.9899766773E+000
 0.8787879   0.1339729809E+001   0.1017657132E+001   0.1140205006E+001   0.1023912726E+001
 0.8888889   0.1315270784E+001   0.1006227403E+001   0.1097309486E+001   0.9868698560E+000
 0.8989899   0.1319848788E+001   0.1009483248E+001   0.1073289584E+001   0.9644768435E+000
 0.9090909   0.1340894032E+001   0.1019045150E+001   0.1117845766E+001   0.1002451760E+001
 0.9191919   0.1307292817E+001   0.9873777752E+000   0.1062440434E+001   0.9491339257E+000
 0.9292929   0.1309862762E+001   0.9978650226E+000   0.1098116193E+001   0.9884471653E+000
 0.9393939   0.1293598508E+001   0.9734290506E+000   0.1062593686E+001   0.9411278861E+000
 0.9494949   0.1341989485E+001   0.1024477270E+001   0.1105269076E+001   0.9904068526E+000
 0.9595960   0.1321986685E+001   0.9980021108E+000   0.1112968608E+001   0.9979349197E+000
 0.9696970   0.1287898163E+001   0.9860925733E+000   0.1068434001E+001   0.9617762988E+000
 0.9797980   0.1316188956E+001   0.1008335134E+001   0.1108773029E+001   0.9942306327E+000
 0.9898990   0.1301878993E+001   0.9830937688E+000   0.1076976443E+001   0.9580003159E+000
 1.0000000   0.1310393181E+001   0.9967683170E+000   0.1126217533E+001   0.1007470471E+001


 0.0000000   0.9629511789E+000   0.9009936105E+000   0.8680646232E+000   0.1044406967E+001
 0.0101010   0.9616957752E+000   0.9119259435E+000   0.8464701155E+000   0.1031640356E+001
 0.0202020   0.9721465369E+000   0.9271696190E+000   0.8646558696E+000   0.1048634559E+001
 0.0303030   0.9562043015E+000   0.9520282728E+000   0.8552166939E+000   0.1062467051E+001
 0.0404040   0.9128251526E+000   0.9164853593E+000   0.8475591069E+000   0.1033484688E+001
 0.0505051   0.8826766510E+000   0.9297701113E+000   0.8397807318E+000   0.1024873813E+001
 0.0606061   0.8389445777E+000   0.9154075237E+000   0.8706108356E+000   0.1061844289E+001
 0.0707071   0.7970558168E+000   0.9235597250E+000   0.8488466242E+000   0.1034514640E+001
 0.0808081   0.7339938256E+000   0.9105401548E+000   0.8363309737E+000   0.1018454579E+001
 0.0909091   0.7070139868E+000   0.9757834283E+000   0.8288220804E+000   0.1044981824E+001
 0.1010101   0.6346009971E+000   0.9418743767E+000   0.8280373310E+000   0.1036682329E+001
 0.1111111   0.6046215046E+000   0.9578879349E+000   0.8373084464E+000   0.1046814180E+001
 0.1212121   0.5514913054E+000   0.9632086791E+000   0.8212043955E+000   0.1032346951E+001
 0.1313131   0.5186245764E+000   0.9749536659E+000   0.8335111380E+000   0.1031664309E+001
 0.1414141   0.4893675082E+000   0.9777851230E+000   0.8300903611E+000   0.1041460826E+001
 0.1515152   0.4533527257E+000   0.9702915990E+000   0.8345529616E+000   0.1043724325E+001
 0.1616162   0.4450326535E+000   0.1022677833E+001   0.8566371767E+000   0.1073652805E+001
 0.1717172   0.4288399950E+000   0.1016099614E+001   0.8296470774E+000   0.1036993710E+001
 0.1818182   0.4120908049E+000   0.1009119345E+001   0.8345616798E+000   0.1025556455E+001
 0.1919192   0.3951924352E+000   0.9764249971E+000   0.8355098144E+000   0.1031400833E+001
 0.2020202   0.3935079618E+000   0.9865874475E+000   0.8485901431E+000   0.1034370926E+001
 0.2121212   0.3922393801E+000   0.1001206663E+001   0.8395653955E+000   0.1014514415E+001
 0.2222222   0.4146294586E+000   0.1036227767E+001   0.8514546261E+000   0.1021508506E+001
 0.2323232   0.3994741824E+000   0.1012883215E+001   0.8413181619E+000   0.1011879655E+001
 0.2424242   0.4166734891E+000   0.1019897701E+001   0.8706622846E+000   0.1031592451E+001
 0.2525253   0.4243282463E+000   0.1025646158E+001   0.8656010504E+000   0.1020514482E+001
 0.2626263   0.4303312686E+000   0.1026800982E+001   0.8708971674E+000   0.1025257051E+001
 0.2727273   0.4528990117E+000   0.1033960890E+001   0.8578835125E+000   0.9946099992E+000
 0.2828283   0.4527961785E+000   0.1012292972E+001   0.8663042040E+000   0.9830050781E+000
 0.2929293   0.4753164756E+000   0.1023721452E+001   0.8835488857E+000   0.1001855590E+001
 0.3030303   0.5067919353E+000   0.1052489398E+001   0.8983966778E+000   0.1005412516E+001
 0.3131313   0.5170933723E+000   0.1032053292E+001   0.8968603889E+000   0.9955800700E+000
 0.3232323   0.5397878907E+000   0.1049777701E+001   0.9067735822E+000   0.9945022136E+000
 0.3333333   0.5579346236E+000   0.1031291964E+001   0.9115393373E+000   0.1003759803E+001
 0.3434343   0.5900013841E+000   0.1056621102E+001   0.9355256064E+000   0.1019484531E+001
 0.3535354   0.6145095316E+000   0.1036150779E+001   0.9352789336E+000   0.1007137086E+001
 0.3636364   0.6575595166E+000   0.1062805825E+001   0.9624864914E+000   0.1008514347E+001
 0.3737374   0.6680166170E+000   0.1018879746E+001   0.9576071969E+000   0.1002382542E+001
 0.3838384   0.6976299589E+000   0.1033806914E+001   0.9623090530E+000   0.9856997193E+000
 0.3939394   0.7247969164E+000   0.1023943862E+001   0.9883801877E+000   0.9967178074E+000
 0.4040404   0.7712466576E+000   0.1011257908E+001   0.9763810602E+000   0.9817954837E+000
 0.4141414   0.8201334219E+000   0.1029050750E+001   0.9950889373E+000   0.1005831682E+001
 0.4242424   0.8609614076E+000   0.1027613636E+001   0.1011932168E+001   0.9912566680E+000
 0.4343434   0.9247848881E+000   0.1023644463E+001   0.1006418642E+001   0.9924303339E+000
 0.4444444   0.9685795673E+000   0.1021676986E+001   0.1026735527E+001   0.9791607235E+000
 0.4545455   0.1024943185E+001   0.1020462282E+001   0.1038967540E+001   0.9833763398E+000
 0.4646465   0.1077623257E+001   0.1014020931E+001   0.1092890560E+001   0.1023939671E+001
 0.4747475   0.1149347306E+001   0.1020915657E+001   0.1055583112E+001   0.9852685767E+000
 0.4848485   0.1261384339E+001   0.1057151465E+001   0.1050494220E+001   0.9619749013E+000
 0.4949495   0.1299153274E+001   0.1025500736E+001   0.1069373997E+001   0.9632803052E+000
 0.5050505   0.1337416122E+001   0.1019923364E+001   0.1086949886E+001   0.9693163013E+000
 0.5151515   0.1311917568E+001   0.9977079739E+000   0.1091402411E+001   0.9774720817E+000
 0.5252525   0.1322131725E+001   0.1016262145E+001   0.1114976761E+001   0.9842386250E+000
 0.5353535   0.1320710397E+001   0.9972631529E+000   0.1086558139E+001   0.9736756318E+000
 0.5454545   0.1319066455E+001   0.1000642082E+001   0.1081489057E+001   0.9622503535E+000
 0.5555556   0.1309691308E+001   0.1001275097E+001   0.1075521488E+001   0.9689450396E+000
 0.5656566   0.1336694038E+001   0.1011540198E+001   0.1095026984E+001   0.9719510615E+000
 0.5757576   0.1312490250E+001   0.1006501744E+001   0.1120886233E+001   0.1002933446E+001
 0.5858586   0.1285715019E+001   0.9791366947E+000   0.1135127058E+001   0.1019724054E+001
 0.5959596   0.1296931705E+001   0.9802573016E+000   0.1097306582E+001   0.9843943153E+000
 0.6060606   0.1329069338E+001   0.1014927682E+001   0.1097687594E+001   0.9841547917E+000
 0.6161616   0.1314271186E+001   0.1002002208E+001   0.1116234810E+001   0.1002394518E+001
 0.6262626   0.1317228517E+001   0.9950818188E+000   0.1121672578E+001   0.1011149108E+001
 0.6363636   0.1308737829E+001   0.9899492682E+000   0.1135288707E+001   0.1018993507E+001
 0.6464646   0.1311885014E+001   0.9936874759E+000   0.1107937385E+001   0.1001292709E+001
 0.6565657   0.1337479445E+001   0.1021873733E+001   0.1108671080E+001   0.1001005281E+001
 0.6666667   0.1317315398E+001   0.9989996659E+000   0.1072001160E+001   0.9548730249E+000
 0.6767677   0.1327387953E+001   0.1017870344E+001   0.1060561184E+001   0.9412800575E+000
 0.6868687   0.1335991627E+001   0.1021830962E+001   0.1117271069E+001   0.9926578814E+000
 0.6969697   0.1309834265E+001   0.9801460963E+000   0.1114094344E+001   0.1011137131E+001
 0.7070707   0.1336699817E+001   0.1011112485E+001   0.1109368213E+001   0.9936519046E+000
 0.7171717   0.1296946362E+001   0.9787603077E+000   0.1100395149E+001   0.9773882484E+000
 0.7272727   0.1298093517E+001   0.9918483119E+000   0.1073119186E+001   0.9658312321E+000
 0.7373737   0.1335140973E+001   0.1013550447E+001   0.1083285470E+001   0.9660587796E+000
 0.7474747   0.1322128706E+001   0.1012789119E+001   0.1094301300E+001   0.9870530279E+000
 0.7575758   0.1311229432E+001   0.1010000433E+001   0.1108881394E+001   0.1009939513E+001
 0.7676768   0.1319714265E+001   0.1015398165E+001   0.1091153809E+001   0.9839392204E+000
 0.7777778   0.1303867756E+001   0.9926609658E+000   0.1086090594E+001   0.9781906527E+000
 0.7878788   0.1338098255E+001   0.1015141538E+001   0.1099901343E+001   0.9834122684E+000
 0.7979798   0.1329616309E+001   0.1014465752E+001   0.1097825060E+001   0.9829092687E+000
 0.8080808   0.1318612480E+001   0.1000676299E+001   0.1077236144E+001   0.9642503760E+000
 0.8181818   0.1315161887E+001   0.1000616419E+001   0.1062636514E+001   0.9553041675E+000
 0.8282828   0.1308684841E+001   0.9863222657E+000   0.1084582360E+001   0.9661665652E+000
 0.8383838   0.1322465193E+001   0.1004773785E+001   0.1088281949E+001   0.9730887988E+000
 0.8484848   0.1326943285E+001   0.1012250201E+001   0.1097625074E+001   0.9888734077E+000
 0.8585859   0.1309156505E+001   0.1000171598E+001   0.1099289982E+001   0.9818673408E+000
 0.8686869   0.1329159306E+001   0.1010932846E+001   0.1108699256E+001   0.9869332661E+000
 0.8787879   0.1340813699E+001   0.1018229622E+001   0.1132742126E+001   0.1017041389E+001
 0.8888889   0.1314577809E+001   0.1005449571E+001   0.1099920405E+001   0.9890530504E+000
 0.8989899   0.1318075901E+001   0.1007878979E+001   0.1095850119E+001   0.9845859343E+000
 0.9090909   0.1320538250E+001   0.1003328117E+001   0.1098774326E+001   0.9851847434E+000
 0.9191919   0.1309321064E+001   0.9886661305E+000   0.1083403014E+001   0.9676995166E+000
 0.9292929   0.1327601665E+001   0.1011129594E+001   0.1104361952E+001   0.9939034044E+000
 0.9393939   0.1284755056E+001   0.9665362828E+000   0.1075033312E+001   0.9519867649E+000
 0.9494949   0.1316716560E+001   0.1004936316E+001   0.1089585812E+001   0.9761906302E+000
 0.9595960   0.1317672360E+001   0.9945001298E+000   0.1122136391E+001   0.1005987373E+001
 0.9696970   0.1309915875E+001   0.1002703657E+001   0.1080755491E+001   0.9727055610E+000
 0.9797980   0.1324171279E+001   0.1014200570E+001   0.1111237868E+001   0.9962746886E+000
 0.9898990   0.1280562362E+001   0.9667586933E+000   0.1083146628E+001   0.9633282099E+000
 1.0000000   0.1308397059E+001   0.9950048306E+000   0.1101448560E+001   0.9851488148E+000


 0.0000000   0.9459732660E+000   0.8860115617E+000   0.8587540040E+000   0.1033060226E+001
 0.0101010   0.9505163654E+000   0.9022451283E+000   0.8506044012E+000   0.1036533832E+001
 0.0202020   0.9602129715E+000   0.9167229663E+000   0.8760864424E+000   0.1062348467E+001
 0.0303030   0.9315642616E+000   0.9284425934E+000   0.8562335304E+000   0.1063581305E+001
 0.0404040   0.8931624634E+000   0.8976591873E+000   0.8408389442E+000   0.1025146737E+001
 0.0505051   0.8628843229E+000   0.9098495933E+000   0.8466413902E+000   0.1033101876E+001
 0.0606061   0.8217130696E+000   0.8975207229E+000   0.8554833229E+000   0.1043247803E+001
 0.0707071   0.7896993540E+000   0.9159697199E+000   0.8556606554E+000   0.1042673033E+001
 0.0808081   0.7279748925E+000   0.9039953184E+000   0.8398440547E+000   0.1022589430E+001
 0.0909091   0.7010674822E+000   0.9685640388E+000   0.8437055588E+000   0.1063597965E+001
 0.1010101   0.6292189699E+000   0.9348396488E+000   0.8342432680E+000   0.1044305711E+001
 0.1111111   0.5929256374E+000   0.9403173006E+000   0.8311675361E+000   0.1038991178E+001
 0.1212121   0.5486794673E+000   0.9592758467E+000   0.8274405133E+000   0.1040040757E+001
 0.1313131   0.5108740438E+000   0.9613638899E+000   0.8286441362E+000   0.1025496596E+001
 0.1414141   0.4845987817E+000   0.9692452837E+000   0.8381851243E+000   0.1051469502E+001
 0.1515152   0.4475781324E+000   0.9589103007E+000   0.8334294628E+000   0.1042173234E+001
 0.1616162   0.4408339944E+000   0.1014063442E+001   0.8471847921E+000   0.1061657078E+001
 0.1717172   0.4261828283E+000   0.1010834452E+001   0.8273757274E+000   0.1034009845E+001
 0.1818182   0.4083213071E+000   0.1000909323E+001   0.8221147335E+000   0.1010119437E+001
 0.1919192   0.3956464318E+000   0.9785445530E+000   0.8376596622E+000   0.1033909885E+001
 0.2020202   0.3938721203E+000   0.9885084515E+000   0.8614262464E+000   0.1049870144E+001
 0.2121212   0.3974086964E+000   0.1015437009E+001   0.8468490718E+000   0.1023172530E+001
 0.2222222   0.4063720479E+000   0.1016627802E+001   0.8399267700E+000   0.1007537141E+001
 0.2323232   0.3962236919E+000   0.1005666960E+001   0.8380327792E+000   0.1007787040E+001
 0.2424242   0.4128073263E+000   0.1011465850E+001   0.8585298170E+000   0.1017074978E+001
 0.2525253   0.4275299549E+000   0.1034439863E+001   0.8653625847E+000   0.1020090434E+001
 0.2626263   0.4284970033E+000   0.1023467944E+001   0.8785896716E+000   0.1034168115E+001
 0.2727273   0.4545177516E+000   0.1038715644E+001   0.8651959096E+000   0.1002947317E+001
 0.2828283   0.4565210883E+000   0.1021662368E+001   0.8698985920E+000   0.9869454081E+000
 0.2929293   0.4778457557E+000   0.1030219468E+001   0.8926001326E+000   0.1011977025E+001
 0.3030303   0.5050925742E+000   0.1050030955E+001   0.8956047610E+000   0.1002147638E+001
 0.3131313   0.5173364715E+000   0.1033592461E+001   0.9083518713E+000   0.1008195210E+001
 0.3232323   0.5384571507E+000   0.1048258611E+001   0.9127103596E+000   0.1000873149E+001
 0.3333333   0.5596177570E+000   0.1035458961E+001   0.9193043573E+000   0.1012168614E+001
 0.3434343   0.5930643242E+000   0.1063190612E+001   0.9323825777E+000   0.1015917109E+001
 0.3535354   0.6067330079E+000   0.1024082726E+001   0.9517810923E+000   0.1024763557E+001
 0.3636364   0.6476615831E+000   0.1047876449E+001   0.9611876803E+000   0.1007012351E+001
 0.3737374   0.6730322385E+000   0.1027577567E+001   0.9527812945E+000   0.9971912944E+000
 0.3838384   0.6978418455E+000   0.1035176494E+001   0.9663604709E+000   0.9897109644E+000
 0.3939394   0.7379968405E+000   0.1043656054E+001   0.9778683110E+000   0.9859791294E+000
 0.4040404   0.7693611458E+000   0.1009815354E+001   0.9864123650E+000   0.9917434817E+000
 0.4141414   0.8235833456E+000   0.1034434325E+001   0.9962729302E+000   0.1006887401E+001
 0.4242424   0.8535124054E+000   0.1019762637E+001   0.1017767478E+001   0.9968331048E+000
 0.4343434   0.9176742657E+000   0.1016810575E+001   0.1010628002E+001   0.9964415954E+000
 0.4444444   0.9832827049E+000   0.1038244865E+001   0.1034300874E+001   0.9862373590E+000
 0.4545455   0.1015682664E+001   0.1012274482E+001   0.1032489141E+001   0.9771076913E+000
 0.4646465   0.1081755649E+001   0.1018948466E+001   0.1078415216E+001   0.1010236057E+001
 0.4747475   0.1152341357E+001   0.1024619968E+001   0.1057054679E+001   0.9865039187E+000
 0.4848485   0.1243411122E+001   0.1043152044E+001   0.1052785402E+001   0.9639379789E+000
 0.4949495   0.1289928764E+001   0.1019258626E+001   0.1072658688E+001   0.9661037760E+000
 0.5050505   0.1338772920E+001   0.1022000221E+001   0.1085741394E+001   0.9681029733E+000
 0.5151515   0.1314814145E+001   0.1000931478E+001   0.1084478708E+001   0.9711350893E+000
 0.5252525   0.1325311337E+001   0.1019746021E+001   0.1100315092E+001   0.9711600792E+000
 0.5353535   0.1323645240E+001   0.1000499469E+001   0.1083363544E+001   0.9706769399E+000
 0.5454545   0.1331872826E+001   0.1011388309E+001   0.1086608816E+001   0.9666702152E+000
 0.5555556   0.1317517789E+001   0.1008286707E+001   0.1074404431E+001   0.9678030937E+000
 0.5656566   0.1325801060E+001   0.1004321086E+001   0.1095396682E+001   0.9721430179E+000
 0.5757576   0.1325634400E+001   0.1017619208E+001   0.1108898644E+001   0.9920683512E+000
 0.5858586   0.1300308436E+001   0.9912611238E+000   0.1123155531E+001   0.1008828289E+001
 0.5959596   0.1317949164E+001   0.9971597074E+000   0.1090924787E+001   0.9785321194E+000
 0.6060606   0.1318714876E+001   0.1008048548E+001   0.1101028689E+001   0.9870120480E+000
 0.6161616   0.1321840548E+001   0.1008801794E+001   0.1103341370E+001   0.9906772431E+000
 0.6262626   0.1320617937E+001   0.9986606615E+000   0.1108358786E+001   0.9990072319E+000
 0.6363636   0.1317196589E+001   0.9973646347E+000   0.1127638682E+001   0.1011985355E+001
 0.6464646   0.1331189676E+001   0.1009339036E+001   0.1096390956E+001   0.9907188930E+000
 0.6565657   0.1327561882E+001   0.1015331776E+001   0.1094156363E+001   0.9877617470E+000
 0.6666667   0.1326856088E+001   0.1007262070E+001   0.1085163642E+001   0.9664619655E+000
 0.6767677   0.1329747846E+001   0.1020720810E+001   0.1067487496E+001   0.9472946612E+000
 0.6868687   0.1341549066E+001   0.1027128943E+001   0.1128119514E+001   0.1002155968E+001
 0.6969697   0.1302707891E+001   0.9758084964E+000   0.1097450423E+001   0.9958918161E+000
 0.7070707   0.1340704203E+001   0.1015176696E+001   0.1111280628E+001   0.9952254170E+000
 0.7171717   0.1303960239E+001   0.9850579186E+000   0.1097503915E+001   0.9746836645E+000
 0.7272727   0.1303120306E+001   0.9967055441E+000   0.1077561981E+001   0.9696940012E+000
 0.7373737   0.1342982098E+001   0.1020543576E+001   0.1088906112E+001   0.9709351695E+000
 0.7474747   0.1338874382E+001   0.1026663702E+001   0.1106905983E+001   0.9982825229E+000
 0.7575758   0.1322545986E+001   0.1019757098E+001   0.1109289201E+001   0.1010169417E+001
 0.7676768   0.1320698557E+001   0.1017192737E+001   0.1092645278E+001   0.9851461305E+000
 0.7777778   0.1308513959E+001   0.9972150932E+000   0.1093624279E+001   0.9848379209E+000
 0.7878788   0.1326168502E+001   0.1007118067E+001   0.1087654522E+001   0.9723262777E+000
 0.7979798   0.1325768493E+001   0.1012562488E+001   0.1089302061E+001   0.9751418139E+000
 0.8080808   0.1319820198E+001   0.1002615205E+001   0.1086857265E+001   0.9727261171E+000
 0.8181818   0.1316292504E+001   0.1002498895E+001   0.1070639081E+001   0.9623636110E+000
 0.8282828   0.1314197700E+001   0.9914882054E+000   0.1095989372E+001   0.9761913925E+000
 0.8383838   0.1323274149E+001   0.1006414668E+001   0.1085019219E+001   0.9700355307E+000
 0.8484848   0.1336994725E+001   0.1020958969E+001   0.1099910798E+001   0.9907938629E+000
 0.8585859   0.1311936549E+001   0.1003318604E+001   0.1094953849E+001   0.9778573903E+000
 0.8686869   0.1336025955E+001   0.1017192737E+001   0.1112312343E+001   0.9900108440E+000
 0.8787879   0.1318702208E+001   0.1002460125E+001   0.1114222636E+001   0.1000273390E+001
 0.8888889   0.1318621246E+001   0.1009571656E+001   0.1103178108E+001   0.9918434415E+000
 0.8989899   0.1331265797E+001   0.1019003852E+001   0.1101597355E+001   0.9896110045E+000
 0.9090909   0.1325500121E+001   0.1008126088E+001   0.1101691283E+001   0.9876617871E+000
 0.9191919   0.1325582968E+001   0.1001967191E+001   0.1091002005E+001   0.9743504650E+000
 0.9292929   0.1331984880E+001   0.1015503472E+001   0.1108836976E+001   0.9977910536E+000
 0.9393939   0.1284578418E+001   0.9673898607E+000   0.1075519982E+001   0.9522843245E+000
 0.9494949   0.1319838994E+001   0.1008347631E+001   0.1088019006E+001   0.9746503446E+000
 0.9595960   0.1318829949E+001   0.9963898453E+000   0.1114841000E+001   0.9993071115E+000
 0.9696970   0.1318959938E+001   0.1010657217E+001   0.1084549067E+001   0.9759831428E+000
 0.9797980   0.1314522409E+001   0.1007838082E+001   0.1104963465E+001   0.9905106433E+000
 0.9898990   0.1295900134E+001   0.9793365694E+000   0.1090747325E+001   0.9699522308E+000
 1.0000000   0.1315634018E+001   0.1001529644E+001   0.1093225970E+001   0.9776574705E+000


 0.0000000   0.9424578880E+000   0.8836326745E+000   0.8419829720E+000   0.1013138098E+001
 0.0101010   0.9480683177E+000   0.9008528724E+000   0.8439350019E+000   0.1028663494E+001
 0.0202020   0.9712970875E+000   0.9282648733E+000   0.8759195535E+000   0.1062411418E+001
 0.0303030   0.9298460185E+000   0.9276893263E+000   0.8540891549E+000   0.1061182657E+001
 0.0404040   0.9098738166E+000   0.9154011880E+000   0.8515382177E+000   0.1038450576E+001
 0.0505051   0.8613651299E+000   0.9091878011E+000   0.8365115181E+000   0.1020996025E+001
 0.0606061   0.8243336285E+000   0.9013149904E+000   0.8531400107E+000   0.1040650059E+001
 0.0707071   0.7880132549E+000   0.9149600753E+000   0.8457575660E+000   0.1030862977E+001
 0.0808081   0.7296926054E+000   0.9070662593E+000   0.8349057572E+000   0.1016830525E+001
 0.0909091   0.6946998221E+000   0.9607601724E+000   0.8362002532E+000   0.1054399896E+001
 0.1010101   0.6282208605E+000   0.9343228204E+000   0.8265226217E+000   0.1034899457E+001
 0.1111111   0.5873193032E+000   0.9323903269E+000   0.8274221669E+000   0.1034567691E+001
 0.1212121   0.5510078090E+000   0.9643436876E+000   0.8293213392E+000   0.1042665227E+001
 0.1313131   0.5084530537E+000   0.9577984160E+000   0.8287472066E+000   0.1025880350E+001
 0.1414141   0.4812739810E+000   0.9635916955E+000   0.8294853727E+000   0.1040815942E+001
 0.1515152   0.4453256038E+000   0.9550719196E+000   0.8309278151E+000   0.1039304565E+001
 0.1616162   0.4393181753E+000   0.1011622562E+001   0.8482710239E+000   0.1063283838E+001
 0.1717172   0.4207853500E+000   0.9990655553E+000   0.8221943191E+000   0.1027791074E+001
 0.1818182   0.4035010387E+000   0.9901172700E+000   0.8204463669E+000   0.1008321354E+001
 0.1919192   0.3947905729E+000   0.9774384319E+000   0.8310063912E+000   0.1025954076E+001
 0.2020202   0.3910434532E+000   0.9824251055E+000   0.8566566074E+000   0.1044317911E+001
 0.2121212   0.3923693735E+000   0.1003598513E+001   0.8462346442E+000   0.1022685572E+001
 0.2222222   0.4030993437E+000   0.1009484216E+001   0.8407341554E+000   0.1008757565E+001
 0.2323232   0.3972271236E+000   0.1009257358E+001   0.8363778642E+000   0.1006048146E+001
 0.2424242   0.4124923404E+000   0.1011740192E+001   0.8606237414E+000   0.1019810271E+001
 0.2525253   0.4250215891E+000   0.1029435112E+001   0.8636062129E+000   0.1018274319E+001
 0.2626263   0.4249288363E+000   0.1015995879E+001   0.8848462858E+000   0.1041792807E+001
 0.2727273   0.4493134125E+000   0.1027884916E+001   0.8654339784E+000   0.1003473892E+001
 0.2828283   0.4556949638E+000   0.1020869124E+001   0.8725413006E+000   0.9901909845E+000
 0.2929293   0.4779868263E+000   0.1031590262E+001   0.8889097952E+000   0.1008044883E+001
 0.3030303   0.4990560942E+000   0.1038555641E+001   0.8946777504E+000   0.1001360423E+001
 0.3131313   0.5168213140E+000   0.1033631983E+001   0.9073808795E+000   0.1007369065E+001
 0.3232323   0.5387979497E+000   0.1050007766E+001   0.9152847796E+000   0.1003946965E+001
 0.3333333   0.5584451315E+000   0.1034358769E+001   0.9276648971E+000   0.1021628837E+001
 0.3434343   0.5927742291E+000   0.1063770481E+001   0.9311726449E+000   0.1014852220E+001
 0.3535354   0.6030972222E+000   0.1018999646E+001   0.9487182295E+000   0.1021720994E+001
 0.3636364   0.6466088640E+000   0.1047256063E+001   0.9525173397E+000   0.9981779316E+000
 0.3737374   0.6629800914E+000   0.1013277785E+001   0.9579753878E+000   0.1002877943E+001
 0.3838384   0.6955369710E+000   0.1032825377E+001   0.9779826892E+000   0.1001864215E+001
 0.3939394   0.7370198740E+000   0.1043353266E+001   0.9804783592E+000   0.9888577787E+000
 0.4040404   0.7719650593E+000   0.1014281841E+001   0.9895402062E+000   0.9951367479E+000
 0.4141414   0.8131757021E+000   0.1022419320E+001   0.9988404378E+000   0.1009734430E+001
 0.4242424   0.8526593276E+000   0.1019797850E+001   0.1010557793E+001   0.9900189579E+000
 0.4343434   0.9166537206E+000   0.1016731067E+001   0.1009750247E+001   0.9958248541E+000
 0.4444444   0.9775004032E+000   0.1033207675E+001   0.1030728455E+001   0.9830764578E+000
 0.4545455   0.1012686291E+001   0.1010332833E+001   0.1042268773E+001   0.9866091459E+000
 0.4646465   0.1072604835E+001   0.1011374699E+001   0.1071866791E+001   0.1004352456E+001
 0.4747475   0.1155738360E+001   0.1028704125E+001   0.1067677403E+001   0.9966665555E+000
 0.4848485   0.1225181826E+001   0.1028922581E+001   0.1077525311E+001   0.9868364667E+000
 0.4949495   0.1285967834E+001   0.1017180582E+001   0.1083681325E+001   0.9762752651E+000
 0.5050505   0.1344913433E+001   0.1027750481E+001   0.1093600003E+001   0.9753536943E+000
 0.5151515   0.1321827716E+001   0.1007312262E+001   0.1092031722E+001   0.9781429820E+000
 0.5252525   0.1332456941E+001   0.1026305312E+001   0.1095082451E+001   0.9667830856E+000
 0.5353535   0.1327671573E+001   0.1004581564E+001   0.1101370776E+001   0.9870576437E+000
 0.5454545   0.1332832102E+001   0.1013164356E+001   0.1092215632E+001   0.9719008756E+000
 0.5555556   0.1316879624E+001   0.1008841452E+001   0.1078118159E+001   0.9713909397E+000
 0.5656566   0.1327516044E+001   0.1006661095E+001   0.1097771020E+001   0.9744935615E+000
 0.5757576   0.1322517507E+001   0.1016277351E+001   0.1098243856E+001   0.9827815551E+000
 0.5858586   0.1310737930E+001   0.1000246057E+001   0.1117831675E+001   0.1004297162E+001
 0.5959596   0.1330396129E+001   0.1007618940E+001   0.1103941536E+001   0.9904551681E+000
 0.6060606   0.1324371747E+001   0.1013420622E+001   0.1116200585E+001   0.1000862775E+001
 0.6161616   0.1315670071E+001   0.1005131905E+001   0.1105103385E+001   0.9925071992E+000
 0.6262626   0.1321424474E+001   0.1000304872E+001   0.1108075301E+001   0.9990012015E+000
 0.6363636   0.1324441487E+001   0.1003888387E+001   0.1115883585E+001   0.1001686045E+001
 0.6464646   0.1325216787E+001   0.1005850288E+001   0.1100943824E+001   0.9950814537E+000
 0.6565657   0.1326529849E+001   0.1015592576E+001   0.1102132103E+001   0.9952104736E+000
 0.6666667   0.1321685897E+001   0.1004375712E+001   0.1093301523E+001   0.9739529066E+000
 0.6767677   0.1329336811E+001   0.1021461475E+001   0.1075236432E+001   0.9544094614E+000
 0.6868687   0.1334576076E+001   0.1022847829E+001   0.1112249561E+001   0.9883048362E+000
 0.6969697   0.1310145754E+001   0.9823956980E+000   0.1096432484E+001   0.9952166174E+000
 0.7070707   0.1339744669E+001   0.1015500153E+001   0.1113050840E+001   0.9970597590E+000
 0.7171717   0.1311691113E+001   0.9919237314E+000   0.1095978386E+001   0.9735719907E+000
 0.7272727   0.1323466881E+001   0.1013315595E+001   0.1082351982E+001   0.9742478093E+000
 0.7373737   0.1343241946E+001   0.1021797561E+001   0.1104975131E+001   0.9855094047E+000
 0.7474747   0.1337685338E+001   0.1026813642E+001   0.1104327399E+001   0.9962057701E+000
 0.7575758   0.1327452447E+001   0.1024599677E+001   0.1105297041E+001   0.1006785403E+001
 0.7676768   0.1318854047E+001   0.1016823491E+001   0.1096855917E+001   0.9891895442E+000
 0.7777778   0.1304266998E+001   0.9950073189E+000   0.1089444879E+001   0.9813193294E+000
 0.7878788   0.1326611109E+001   0.1008496964E+001   0.1088961528E+001   0.9737378734E+000
 0.7979798   0.1330130266E+001   0.1016945322E+001   0.1092752216E+001   0.9784747475E+000
 0.8080808   0.1327134819E+001   0.1009215348E+001   0.1090598463E+001   0.9763182717E+000
 0.8181818   0.1315877862E+001   0.1003220416E+001   0.1075150519E+001   0.9666602095E+000
 0.8282828   0.1307129693E+001   0.9871765190E+000   0.1089520610E+001   0.9706721145E+000
 0.8383838   0.1324436789E+001   0.1008341524E+001   0.1088847197E+001   0.9737010106E+000
 0.8484848   0.1341578627E+001   0.1025519712E+001   0.1104824289E+001   0.9954685134E+000
 0.8585859   0.1310797489E+001   0.1003485084E+001   0.1090942212E+001   0.9745181367E+000
 0.8686869   0.1331602392E+001   0.1014874193E+001   0.1102071642E+001   0.9811411590E+000
 0.8787879   0.1318773924E+001   0.1003552301E+001   0.1104358283E+001   0.9916654978E+000
 0.8888889   0.1323655659E+001   0.1014475091E+001   0.1091794444E+001   0.9818538405E+000
 0.8989899   0.1331292869E+001   0.1020079322E+001   0.1099007128E+001   0.9875307167E+000
 0.9090909   0.1328159210E+001   0.1011194053E+001   0.1101448123E+001   0.9876904557E+000
 0.9191919   0.1326956841E+001   0.1004043827E+001   0.1096144248E+001   0.9791874289E+000
 0.9292929   0.1338249221E+001   0.1021335443E+001   0.1107099126E+001   0.9964760975E+000
 0.9393939   0.1298808791E+001   0.9791188611E+000   0.1084130234E+001   0.9601477757E+000
 0.9494949   0.1324316520E+001   0.1012815667E+001   0.1088449974E+001   0.9752799686E+000
 0.9595960   0.1317721325E+001   0.9965827212E+000   0.1108897075E+001   0.9942274647E+000
 0.9696970   0.1311351254E+001   0.1005867092E+001   0.1075313218E+001   0.9679135458E+000
 0.9797980   0.1322544393E+001   0.1015038035E+001   0.1101309276E+001   0.9874815663E+000
 0.9898990   0.1301852651E+001   0.9848533256E+000   0.1081883546E+001   0.9623103953E+000
 1.0000000   0.1309375226E+001   0.9977968313E+000   0.1087870546E+001   0.9731112053E+000


 0.0000000   0.9598539748E+000   0.8997282292E+000   0.8354588155E+000   0.1005326054E+001
 0.0101010   0.9734650547E+000   0.9247641091E+000   0.8471564486E+000   0.1032629441E+001
 0.0202020   0.9956426127E+000   0.9513047649E+000   0.8719031812E+000   0.1057580231E+001
 0.0303030   0.9475052326E+000   0.9450820338E+000   0.8471419152E+000   0.1052591019E+001
 0.0404040   0.9353276614E+000   0.9407851396E+000   0.8517706738E+000   0.1038773650E+001
 0.0505051   0.8799942561E+000   0.9286295883E+000   0.8349346912E+000   0.1019110288E+001
 0.0606061   0.8469416236E+000   0.9258133106E+000   0.8497492788E+000   0.1036553593E+001
 0.0707071   0.8008363005E+000   0.9296270199E+000   0.8403978953E+000   0.1024369314E+001
 0.0808081   0.7449570335E+000   0.9258202133E+000   0.8338347241E+000   0.1015564824E+001
 0.0909091   0.7039924250E+000   0.9733794117E+000   0.8284874462E+000   0.1044714314E+001
 0.1010101   0.6365074130E+000   0.9464211462E+000   0.8296796339E+000   0.1038891990E+001
 0.1111111   0.5975261266E+000   0.9483676910E+000   0.8347784939E+000   0.1043805464E+001
 0.1212121   0.5582166993E+000   0.9767271927E+000   0.8239356052E+000   0.1035933492E+001
 0.1313131   0.5146356994E+000   0.9692136677E+000   0.8241873652E+000   0.1020274753E+001
 0.1414141   0.4859957936E+000   0.9728133951E+000   0.8249403688E+000   0.1035152448E+001
 0.1515152   0.4502664382E+000   0.9654379229E+000   0.8259304306E+000   0.1033093334E+001
 0.1616162   0.4403244244E+000   0.1013697739E+001   0.8420270695E+000   0.1055497448E+001
 0.1717172   0.4210422046E+000   0.9994368825E+000   0.8319100800E+000   0.1039975984E+001
 0.1818182   0.4036540365E+000   0.9902563696E+000   0.8209089504E+000   0.1008928321E+001
 0.1919192   0.3954786689E+000   0.9789084274E+000   0.8332299086E+000   0.1028738424E+001
 0.2020202   0.3891787887E+000   0.9775071912E+000   0.8462752046E+000   0.1031701656E+001
 0.2121212   0.3907154647E+000   0.9991297150E+000   0.8472783167E+000   0.1023985893E+001
 0.2222222   0.4002839729E+000   0.1002194488E+001   0.8418425036E+000   0.1010125921E+001
 0.2323232   0.3979069482E+000   0.1010743409E+001   0.8423842519E+000   0.1013311632E+001
 0.2424242   0.4104108933E+000   0.1006394745E+001   0.8669068314E+000   0.1027294677E+001
 0.2525253   0.4198696993E+000   0.1016714194E+001   0.8684372130E+000   0.1024009561E+001
 0.2626263   0.4243893749E+000   0.1014463933E+001   0.8886446753E+000   0.1046304803E+001
 0.2727273   0.4444715966E+000   0.1016565787E+001   0.8687904260E+000   0.1007404103E+001
 0.2828283   0.4511841060E+000   0.1010522524E+001   0.8750497422E+000   0.9930755050E+000
 0.2929293   0.4769520172E+000   0.1029111337E+001   0.8924514944E+000   0.1012099831E+001
 0.3030303   0.4938263298E+000   0.1027427093E+001   0.8969475212E+000   0.1003939110E+001
 0.3131313   0.5122102829E+000   0.1024165595E+001   0.9090918180E+000   0.1009307009E+001
 0.3232323   0.5351080238E+000   0.1042568037E+001   0.9112121565E+000   0.9995179305E+000
 0.3333333   0.5504999480E+000   0.1019399321E+001   0.9259100638E+000   0.1019735123E+001
 0.3434343   0.5878597482E+000   0.1054699429E+001   0.9313132311E+000   0.1015044128E+001
 0.3535354   0.6028198614E+000   0.1018287996E+001   0.9491456452E+000   0.1022220261E+001
 0.3636364   0.6430068431E+000   0.1041173703E+001   0.9550334507E+000   0.1000852805E+001
 0.3737374   0.6621482740E+000   0.1011765000E+001   0.9581386232E+000   0.1003087063E+001
 0.3838384   0.6936591980E+000   0.1029791248E+001   0.9772169024E+000   0.1001117886E+001
 0.3939394   0.7335244484E+000   0.1038157249E+001   0.9879456753E+000   0.9964268917E+000
 0.4040404   0.7754355514E+000   0.1018598615E+001   0.9997894300E+000   0.1005482263E+001
 0.4141414   0.8124169572E+000   0.1021221618E+001   0.9948350360E+000   0.1005723676E+001
 0.4242424   0.8532366840E+000   0.1020244895E+001   0.1007184076E+001   0.9867514195E+000
 0.4343434   0.9139378851E+000   0.1013476855E+001   0.1014939416E+001   0.1000980612E+001
 0.4444444   0.9804154461E+000   0.1036041589E+001   0.1037316354E+001   0.9893975002E+000
 0.4545455   0.1013087009E+001   0.1010491463E+001   0.1047919842E+001   0.9919962449E+000
 0.4646465   0.1078286949E+001   0.1016489858E+001   0.1073572167E+001   0.1005988758E+001
 0.4747475   0.1154614013E+001   0.1027458155E+001   0.1069788544E+001   0.9986753502E+000
 0.4848485   0.1215278626E+001   0.1020362240E+001   0.1084875240E+001   0.9936056679E+000
 0.4949495   0.1288696376E+001   0.1019095605E+001   0.1084565535E+001   0.9771090825E+000
 0.5050505   0.1349658364E+001   0.1031130360E+001   0.1093419461E+001   0.9752298445E+000
 0.5151515   0.1326746373E+001   0.1010819338E+001   0.1100289915E+001   0.9855774875E+000
 0.5252525   0.1323613994E+001   0.1019250914E+001   0.1099900590E+001   0.9710737464E+000
 0.5353535   0.1324431383E+001   0.1001890771E+001   0.1113361917E+001   0.9978422372E+000
 0.5454545   0.1328956459E+001   0.1009977216E+001   0.1104319555E+001   0.9827089277E+000
 0.5555556   0.1317297910E+001   0.1008921112E+001   0.1076033415E+001   0.9695495282E+000
 0.5656566   0.1327231148E+001   0.1006204922E+001   0.1098441263E+001   0.9751257054E+000
 0.5757576   0.1327498812E+001   0.1019861798E+001   0.1103034805E+001   0.9871064393E+000
 0.5858586   0.1306253524E+001   0.9965860917E+000   0.1117538073E+001   0.1004071651E+001
 0.5959596   0.1333135280E+001   0.1009452615E+001   0.1101544151E+001   0.9883419081E+000
 0.6060606   0.1324256044E+001   0.1013090307E+001   0.1121066846E+001   0.1005264517E+001
 0.6161616   0.1310299096E+001   0.1000789800E+001   0.1104086544E+001   0.9916317580E+000
 0.6262626   0.1325326582E+001   0.1003019353E+001   0.1106380096E+001   0.9975108854E+000
 0.6363636   0.1323574335E+001   0.1002991743E+001   0.1108158075E+001   0.9947890671E+000
 0.6464646   0.1321584068E+001   0.1002853690E+001   0.1099075366E+001   0.9934305248E+000
 0.6565657   0.1325908465E+001   0.1014874640E+001   0.1102912953E+001   0.9959535320E+000
 0.6666667   0.1319171190E+001   0.1002225550E+001   0.1087583813E+001   0.9688962918E+000
 0.6767677   0.1327742456E+001   0.1019992948E+001   0.1080071780E+001   0.9587379928E+000
 0.6868687   0.1328713930E+001   0.1018111979E+001   0.1109617329E+001   0.9860035112E+000
 0.6969697   0.1302059069E+001   0.9760990524E+000   0.1095742374E+001   0.9946281248E+000
 0.7070707   0.1339197981E+001   0.1014843578E+001   0.1102864603E+001   0.9879726875E+000
 0.7171717   0.1314514417E+001   0.9938215838E+000   0.1096955597E+001   0.9744772026E+000
 0.7272727   0.1322221456E+001   0.1012120486E+001   0.1089948702E+001   0.9811231727E+000
 0.7373737   0.1336333814E+001   0.1016300035E+001   0.1105057112E+001   0.9856200898E+000
 0.7474747   0.1332444775E+001   0.1022546926E+001   0.1099587603E+001   0.9919678434E+000
 0.7575758   0.1320278771E+001   0.1018819499E+001   0.1106303081E+001   0.1007740188E+001
 0.7676768   0.1318821034E+001   0.1016555433E+001   0.1099065409E+001   0.9912199350E+000
 0.7777778   0.1307213873E+001   0.9970175068E+000   0.1092758967E+001   0.9843420187E+000
 0.7878788   0.1319679686E+001   0.1002988291E+001   0.1089699164E+001   0.9744346002E+000
 0.7979798   0.1323729102E+001   0.1011809867E+001   0.1095356303E+001   0.9808438905E+000
 0.8080808   0.1321349138E+001   0.1004575899E+001   0.1091715186E+001   0.9773552296E+000
 0.8181818   0.1309176839E+001   0.9978734343E+000   0.1079439117E+001   0.9705530507E+000
 0.8282828   0.1302666618E+001   0.9835711615E+000   0.1086083280E+001   0.9676466222E+000
 0.8383838   0.1324820578E+001   0.1008393060E+001   0.1091028696E+001   0.9756890034E+000
 0.8484848   0.1326650965E+001   0.1013866854E+001   0.1096200556E+001   0.9877360077E+000
 0.8585859   0.1309487209E+001   0.1002242806E+001   0.1090457389E+001   0.9741221828E+000
 0.8686869   0.1319301554E+001   0.1005259260E+001   0.1093061203E+001   0.9731565291E+000
 0.8787879   0.1316718712E+001   0.1001749267E+001   0.1102929158E+001   0.9904199571E+000
 0.8888889   0.1325087559E+001   0.1015330214E+001   0.1093693152E+001   0.9835988439E+000
 0.8989899   0.1319518108E+001   0.1010815887E+001   0.1091381632E+001   0.9807160834E+000
 0.9090909   0.1320506929E+001   0.1005128110E+001   0.1097402980E+001   0.9841006052E+000
 0.9191919   0.1319951629E+001   0.9985050260E+000   0.1090464224E+001   0.9741505844E+000
 0.9292929   0.1320950349E+001   0.1007892618E+001   0.1099629294E+001   0.9897903888E+000
 0.9393939   0.1299430278E+001   0.9793536477E+000   0.1083480559E+001   0.9596089746E+000
 0.9494949   0.1325741072E+001   0.1013663226E+001   0.1094411777E+001   0.9806592802E+000
 0.9595960   0.1307409396E+001   0.9885479659E+000   0.1097555115E+001   0.9840958716E+000
 0.9696970   0.1306636557E+001   0.1002011568E+001   0.1076542775E+001   0.9690572341E+000
 0.9797980   0.1314888073E+001   0.1008921112E+001   0.1090924350E+001   0.9782072770E+000
 0.9898990   0.1298925682E+001   0.9824046152E+000   0.1087016523E+001   0.9669129147E+000
 1.0000000   0.1305294369E+001   0.9944497242E+000   0.1079243808E+001   0.9654312988E+000


 0.0000000   0.9594208102E+000   0.9001242389E+000   0.8362943803E+000   0.1006568451E+001
 0.0101010   0.9699852685E+000   0.9222801936E+000   0.8441242137E+000   0.1029175606E+001
 0.0202020   0.9885775384E+000   0.9453966915E+000   0.8649019271E+000   0.1049335028E+001
 0.0303030   0.9490131375E+000   0.9474302741E+000   0.8496336838E+000   0.1055935657E+001
 0.0404040   0.9316769550E+000   0.9379488755E+000   0.8519795262E+000   0.1039272997E+001
 0.0505051   0.8794663188E+000   0.9289001540E+000   0.8367650534E+000   0.1021584883E+001
 0.0606061   0.8450668669E+000   0.9245878051E+000   0.8469188773E+000   0.1033344218E+001
 0.0707071   0.7925729292E+000   0.9208552435E+000   0.8316870176E+000   0.1013990230E+001
 0.0808081   0.7386390890E+000   0.9187870467E+000   0.8303495669E+000   0.1011558213E+001
 0.0909091   0.7015829884E+000   0.9709131054E+000   0.8276353678E+000   0.1043885580E+001
 0.1010101   0.6379828510E+000   0.9494609722E+000   0.8325553676E+000   0.1042738328E+001
 0.1111111   0.5940249254E+000   0.9436515604E+000   0.8308637815E+000   0.1039155129E+001
 0.1212121   0.5533979921E+000   0.9691593207E+000   0.8191177971E+000   0.1030118553E+001
 0.1313131   0.5149241534E+000   0.9706217695E+000   0.8265999080E+000   0.1023502208E+001
 0.1414141   0.4856609606E+000   0.9730101473E+000   0.8235559201E+000   0.1033658533E+001
 0.1515152   0.4502538545E+000   0.9662719218E+000   0.8250540990E+000   0.1032240184E+001
 0.1616162   0.4375003431E+000   0.1008094495E+001   0.8338210650E+000   0.1045457158E+001
 0.1717172   0.4168127613E+000   0.9902797347E+000   0.8321323924E+000   0.1040498828E+001
 0.1818182   0.4019787597E+000   0.9870260025E+000   0.8250538601E+000   0.1014261327E+001
 0.1919192   0.3950519915E+000   0.9787243703E+000   0.8318352035E+000   0.1027258281E+001
 0.2020202   0.3873701960E+000   0.9738322339E+000   0.8414300231E+000   0.1026036378E+001
 0.2121212   0.3891320178E+000   0.9959679970E+000   0.8430678100E+000   0.1019137149E+001
 0.2222222   0.3960647847E+000   0.9925152333E+000   0.8389290215E+000   0.1006867051E+001
 0.2323232   0.3967896123E+000   0.1008804086E+001   0.8451435187E+000   0.1016870147E+001
 0.2424242   0.4065961129E+000   0.9979294668E+000   0.8637351854E+000   0.1023777234E+001
 0.2525253   0.4186300259E+000   0.1014616382E+001   0.8621461375E+000   0.1016830858E+001
 0.2626263   0.4227740756E+000   0.1011503991E+001   0.8815805872E+000   0.1038231827E+001
 0.2727273   0.4435780609E+000   0.1015426931E+001   0.8688816779E+000   0.1007747135E+001
 0.2828283   0.4503680798E+000   0.1009594443E+001   0.8736124106E+000   0.9916777460E+000
 0.2929293   0.4731717187E+000   0.1021865167E+001   0.8971187527E+000   0.1017632363E+001
 0.3030303   0.4906045765E+000   0.1021634406E+001   0.8982953406E+000   0.1005684438E+001
 0.3131313   0.5105323447E+000   0.1021720941E+001   0.9048267318E+000   0.1004808283E+001
 0.3232323   0.5334149701E+000   0.1040196255E+001   0.9131194191E+000   0.1001845858E+001
 0.3333333   0.5509819100E+000   0.1021201728E+001   0.9209014515E+000   0.1014457775E+001
 0.3434343   0.5847514775E+000   0.1050058410E+001   0.9269377285E+000   0.1010513113E+001
 0.3535354   0.6008395955E+000   0.1015848070E+001   0.9420737669E+000   0.1014842811E+001
 0.3636364   0.6391450295E+000   0.1035843523E+001   0.9580948800E+000   0.1004297520E+001
 0.3737374   0.6612027771E+000   0.1011221309E+001   0.9533884876E+000   0.9983490962E+000
 0.3838384   0.6894443597E+000   0.1024446807E+001   0.9740394257E+000   0.9980976437E+000
 0.3939394   0.7303619160E+000   0.1034603182E+001   0.9877452138E+000   0.9964592732E+000
 0.4040404   0.7754695935E+000   0.1019551786E+001   0.9944783551E+000   0.1000376432E+001
 0.4141414   0.8109481836E+000   0.1020284453E+001   0.9879256274E+000   0.9989737986E+000
 0.4242424   0.8567875561E+000   0.1025404466E+001   0.1005719540E+001   0.9855485903E+000
 0.4343434   0.9121126966E+000   0.1012354923E+001   0.1016708722E+001   0.1002961679E+001
 0.4444444   0.9829354249E+000   0.1039630891E+001   0.1039124596E+001   0.9913555724E+000
 0.4545455   0.1012822925E+001   0.1011129004E+001   0.1041851200E+001   0.9864836794E+000
 0.4646465   0.1073643839E+001   0.1013015477E+001   0.1065449326E+001   0.9986123356E+000
 0.4747475   0.1153750479E+001   0.1027605350E+001   0.1070298155E+001   0.9993863379E+000
 0.4848485   0.1214614647E+001   0.1020714246E+001   0.1087198754E+001   0.9959681550E+000
 0.4949495   0.1286859861E+001   0.1018550860E+001   0.1085047218E+001   0.9777732062E+000
 0.5050505   0.1342122059E+001   0.1026287127E+001   0.1093432215E+001   0.9754708439E+000
 0.5151515   0.1331368175E+001   0.1015245206E+001   0.1105010949E+001   0.9900393755E+000
 0.5252525   0.1326313021E+001   0.1022240154E+001   0.1104064798E+001   0.9749797257E+000
 0.5353535   0.1319288002E+001   0.9988900100E+000   0.1111833243E+001   0.9967067968E+000
 0.5454545   0.1328846632E+001   0.1010794401E+001   0.1104800088E+001   0.9833680253E+000
 0.5555556   0.1323926077E+001   0.1014901949E+001   0.1077681268E+001   0.9712629428E+000
 0.5656566   0.1328964513E+001   0.1008417561E+001   0.1097788204E+001   0.9747754205E+000
 0.5757576   0.1323834597E+001   0.1017953765E+001   0.1099235128E+001   0.9839377224E+000
 0.5858586   0.1313368710E+001   0.1002908139E+001   0.1118208361E+001   0.1004910436E+001
 0.5959596   0.1334581837E+001   0.1011449185E+001   0.1110557481E+001   0.9966635784E+000
 0.6060606   0.1325852674E+001   0.1015216361E+001   0.1118901276E+001   0.1003558879E+001
 0.6161616   0.1316004070E+001   0.1006043606E+001   0.1105587864E+001   0.9932139638E+000
 0.6262626   0.1322178617E+001   0.1001529341E+001   0.1106513254E+001   0.9978658358E+000
 0.6363636   0.1319325955E+001   0.1000663986E+001   0.1106519332E+001   0.9935518532E+000
 0.6464646   0.1320181947E+001   0.1002683146E+001   0.1097586284E+001   0.9923181642E+000
 0.6565657   0.1326592565E+001   0.1016303823E+001   0.1105657879E+001   0.9986673408E+000
 0.6666667   0.1323490939E+001   0.1006404170E+001   0.1095010215E+001   0.9757419412E+000
 0.6767677   0.1331714142E+001   0.1023956440E+001   0.1082998610E+001   0.9615623752E+000
 0.6868687   0.1326642936E+001   0.1017431668E+001   0.1114851715E+001   0.9908880278E+000
 0.6969697   0.1306039326E+001   0.9799560579E+000   0.1096536270E+001   0.9955831182E+000
 0.7070707   0.1332966577E+001   0.1011022277E+001   0.1097948390E+001   0.9838002093E+000
 0.7171717   0.1316061474E+001   0.9958785771E+000   0.1099221748E+001   0.9767202487E+000
 0.7272727   0.1324707628E+001   0.1014927910E+001   0.1091779569E+001   0.9830026333E+000
 0.7373737   0.1334280284E+001   0.1015643269E+001   0.1106205398E+001   0.9868765740E+000
 0.7474747   0.1332998690E+001   0.1023884327E+001   0.1102721381E+001   0.9950291369E+000
 0.7575758   0.1319464131E+001   0.1019098918E+001   0.1106744549E+001   0.1008379695E+001
 0.7676768   0.1319664059E+001   0.1018112414E+001   0.1097794161E+001   0.9903065438E+000
 0.7777778   0.1311660897E+001   0.1001301464E+001   0.1089554357E+001   0.9816864364E+000
 0.7878788   0.1322000757E+001   0.1005648427E+001   0.1095099284E+001   0.9794940846E+000
 0.7979798   0.1325837238E+001   0.1014325046E+001   0.1095416251E+001   0.9811285261E+000
 0.8080808   0.1319826145E+001   0.1004312897E+001   0.1094882241E+001   0.9804213158E+000
 0.8181818   0.1312666356E+001   0.1001425498E+001   0.1081376723E+001   0.9725241344E+000
 0.8282828   0.1308959275E+001   0.9892038109E+000   0.1087315281E+001   0.9689723673E+000
 0.8383838   0.1323808586E+001   0.1008521403E+001   0.1094156074E+001   0.9787161533E+000
 0.8484848   0.1332554079E+001   0.1019286411E+001   0.1097303750E+001   0.9889628443E+000
 0.8585859   0.1313266886E+001   0.1006032068E+001   0.1091340710E+001   0.9751408124E+000
 0.8686869   0.1321594028E+001   0.1007904117E+001   0.1098049955E+001   0.9778282115E+000
 0.8787879   0.1317563596E+001   0.1003286010E+001   0.1110049451E+001   0.9970486151E+000
 0.8888889   0.1326225734E+001   0.1017108603E+001   0.1089134629E+001   0.9797298213E+000
 0.8989899   0.1317388877E+001   0.1010084810E+001   0.1090560723E+001   0.9802091527E+000
 0.9090909   0.1317874071E+001   0.1004018677E+001   0.1097186455E+001   0.9841380987E+000
 0.9191919   0.1322000308E+001   0.1000946669E+001   0.1095360997E+001   0.9787554427E+000
 0.9292929   0.1322632548E+001   0.1010076157E+001   0.1100415046E+001   0.9907308700E+000
 0.9393939   0.1301709468E+001   0.9819463728E+000   0.1087293278E+001   0.9632125325E+000
 0.9494949   0.1333860093E+001   0.1020780589E+001   0.1098140797E+001   0.9842323934E+000
 0.9595960   0.1312024132E+001   0.9929219499E+000   0.1095508244E+001   0.9824918703E+000
 0.9696970   0.1309823505E+001   0.1005351322E+001   0.1078612596E+001   0.9711490034E+000
 0.9797980   0.1324783038E+001   0.1017420130E+001   0.1103058277E+001   0.9893203784E+000
 0.9898990   0.1306993986E+001   0.9893884198E+000   0.1088033201E+001   0.9680451360E+000
 1.0000000   0.1324877414E+001   0.1010269419E+001   0.1097213982E+001   0.9817375127E+000


 0.0000000   0.9841590883E+000   0.9230185652E+000   0.8394243396E+000   0.1010643831E+001
 0.0101010   0.9901324041E+000   0.9411152783E+000   0.8397864469E+000   0.1024199178E+001
 0.0202020   0.1000891884E+001   0.9568465902E+000   0.8509648807E+000   0.1032740904E+001
 0.0303030   0.9716189212E+000   0.9696674193E+000   0.8468932085E+000   0.1052850772E+001
 0.0404040   0.9518735561E+000   0.9579545005E+000   0.8520852137E+000   0.1039718927E+001
 0.0505051   0.8952397704E+000   0.9452376172E+000   0.8354895780E+000   0.1020338787E+001
 0.0606061   0.8613356802E+000   0.9420660022E+000   0.8448958056E+000   0.1031190232E+001
 0.0707071   0.8067683124E+000   0.9370284330E+000   0.8297633404E+000   0.1011953432E+001
 0.0808081   0.7533733759E+000   0.9367951887E+000   0.8306800279E+000   0.1012269430E+001
 0.0909091   0.7112065946E+000   0.9838953198E+000   0.8246021133E+000   0.1040376985E+001
 0.1010101   0.6507654164E+000   0.9681538668E+000   0.8311005977E+000   0.1041233764E+001
 0.1111111   0.6030156569E+000   0.9576071693E+000   0.8285092486E+000   0.1036526367E+001
 0.1212121   0.5584387615E+000   0.9776535003E+000   0.8171018273E+000   0.1027896683E+001
 0.1313131   0.5175695403E+000   0.9752754228E+000   0.8199668928E+000   0.1015598814E+001
 0.1414141   0.4879578014E+000   0.9772782812E+000   0.8171171594E+000   0.1025889932E+001
 0.1515152   0.4541658812E+000   0.9743348399E+000   0.8247809435E+000   0.1032213154E+001
 0.1616162   0.4414050317E+000   0.1016744733E+001   0.8339968970E+000   0.1045996542E+001
 0.1717172   0.4163014627E+000   0.9887275326E+000   0.8258429076E+000   0.1032949398E+001
 0.1818182   0.4038606177E+000   0.9913084311E+000   0.8237494082E+000   0.1012966581E+001
 0.1919192   0.3959787483E+000   0.9806856758E+000   0.8267897518E+000   0.1021338905E+001
 0.2020202   0.3877528356E+000   0.9744616031E+000   0.8352712041E+000   0.1018836981E+001
 0.2121212   0.3898158522E+000   0.9973778527E+000   0.8413501898E+000   0.1017371010E+001
 0.2222222   0.3946019284E+000   0.9885120352E+000   0.8354341937E+000   0.1002978430E+001
 0.2323232   0.3976513101E+000   0.1010649959E+001   0.8456971699E+000   0.1017846636E+001
 0.2424242   0.4056296640E+000   0.9952178079E+000   0.8574285168E+000   0.1016611963E+001
 0.2525253   0.4167036311E+000   0.1009602895E+001   0.8591518178E+000   0.1013608350E+001
 0.2626263   0.4221839190E+000   0.1009747405E+001   0.8793525139E+000   0.1035923690E+001
 0.2727273   0.4417095490E+000   0.1010804610E+001   0.8649276162E+000   0.1003467087E+001
 0.2828283   0.4494654931E+000   0.1007227353E+001   0.8708468725E+000   0.9888399519E+000
 0.2929293   0.4705809059E+000   0.1015923307E+001   0.8979269568E+000   0.1018859785E+001
 0.3030303   0.4870347230E+000   0.1013854532E+001   0.8949651622E+000   0.1002261733E+001
 0.3131313   0.5073511616E+000   0.1015008077E+001   0.8992934640E+000   0.9989681843E+000
 0.3232323   0.5305536005E+000   0.1034263406E+001   0.9119316982E+000   0.1000847885E+001
 0.3333333   0.5478886487E+000   0.1015122164E+001   0.9207337738E+000   0.1014582407E+001
 0.3434343   0.5794612335E+000   0.1040203529E+001   0.9294606231E+000   0.1013572516E+001
 0.3535354   0.5995396343E+000   0.1013304380E+001   0.9420981168E+000   0.1015178568E+001
 0.3636364   0.6344303095E+000   0.1027851724E+001   0.9598535800E+000   0.1006447895E+001
 0.3737374   0.6581311622E+000   0.1006180289E+001   0.9458546013E+000   0.9907620031E+000
 0.3838384   0.6863719290E+000   0.1019533523E+001   0.9699229349E+000   0.9941826026E+000
 0.3939394   0.7283821686E+000   0.1031446728E+001   0.9900626221E+000   0.9991017506E+000
 0.4040404   0.7704214578E+000   0.1012569153E+001   0.9912831254E+000   0.9974663782E+000
 0.4141414   0.8055299789E+000   0.1013121841E+001   0.9863821100E+000   0.9977172222E+000
 0.4242424   0.8528169667E+000   0.1020304243E+001   0.1004895543E+001   0.9850414575E+000
 0.4343434   0.9087599842E+000   0.1008289628E+001   0.1017056168E+001   0.1003610427E+001
 0.4444444   0.9733699620E+000   0.1029162455E+001   0.1039715101E+001   0.9922214589E+000
 0.4545455   0.1008725586E+001   0.1006694947E+001   0.1049404133E+001   0.9939382741E+000
 0.4646465   0.1071663585E+001   0.1010802075E+001   0.1064496361E+001   0.9980234473E+000
 0.4747475   0.1148085362E+001   0.1022210762E+001   0.1074822107E+001   0.1003916652E+001
 0.4848485   0.1213243424E+001   0.1019214080E+001   0.1092640292E+001   0.1001258357E+001
 0.4949495   0.1283747505E+001   0.1015740768E+001   0.1090296765E+001   0.9828034081E+000
 0.5050505   0.1338481220E+001   0.1023153880E+001   0.1095854377E+001   0.9779298681E+000
 0.5151515   0.1326476192E+001   0.1011169688E+001   0.1107944806E+001   0.9929707331E+000
 0.5252525   0.1323999685E+001   0.1020109028E+001   0.1112035492E+001   0.9823180087E+000
 0.5353535   0.1313335660E+001   0.9940439808E+000   0.1118658909E+001   0.1003131543E+001
 0.5454545   0.1321715078E+001   0.1005026744E+001   0.1103053407E+001   0.9821127727E+000
 0.5555556   0.1317459702E+001   0.1009600360E+001   0.1082485747E+001   0.9758905393E+000
 0.5656566   0.1327364362E+001   0.1006859739E+001   0.1099270108E+001   0.9763889695E+000
 0.5757576   0.1320467463E+001   0.1015018218E+001   0.1101009508E+001   0.9858265665E+000
 0.5858586   0.1307243116E+001   0.9978899760E+000   0.1115504438E+001   0.1002786225E+001
 0.5959596   0.1329297490E+001   0.1007100589E+001   0.1105074680E+001   0.9920455423E+000
 0.6060606   0.1328613214E+001   0.1016983048E+001   0.1112063577E+001   0.9977302530E+000
 0.6161616   0.1312050584E+001   0.1002679089E+001   0.1105868276E+001   0.9937688730E+000
 0.6262626   0.1317636183E+001   0.9977480012E+000   0.1101973689E+001   0.9940750981E+000
 0.6363636   0.1319036682E+001   0.1000103261E+001   0.1107667642E+001   0.9948862688E+000
 0.6464646   0.1316065827E+001   0.9992159190E+000   0.1101326858E+001   0.9960036647E+000
 0.6565657   0.1329696678E+001   0.1018334343E+001   0.1108884376E+001   0.1001887096E+001
 0.6666667   0.1323918258E+001   0.1006385645E+001   0.1096330563E+001   0.9772164288E+000
 0.6767677   0.1321447055E+001   0.1015715416E+001   0.1090526122E+001   0.9685411368E+000
 0.6868687   0.1324675214E+001   0.1015575976E+001   0.1112750497E+001   0.9893220935E+000
 0.6969697   0.1309036268E+001   0.9818696440E+000   0.1103817375E+001   0.1002499546E+001
 0.7070707   0.1331375626E+001   0.1009471061E+001   0.1100615865E+001   0.9864911402E+000
 0.7171717   0.1313287706E+001   0.9934405880E+000   0.1095724678E+001   0.9739098492E+000
 0.7272727   0.1322397759E+001   0.1012812539E+001   0.1095475578E+001   0.9866312219E+000
 0.7373737   0.1329889429E+001   0.1011955620E+001   0.1104359310E+001   0.9855301146E+000
 0.7474747   0.1329936833E+001   0.1021183980E+001   0.1103533410E+001   0.9960655612E+000
 0.7575758   0.1317430141E+001   0.1017180798E+001   0.1105016688E+001   0.1007112469E+001
 0.7676768   0.1314396310E+001   0.1013702416E+001   0.1095682537E+001   0.9887031279E+000
 0.7777778   0.1313146362E+001   0.1002093443E+001   0.1092800107E+001   0.9849111489E+000
 0.7878788   0.1319283986E+001   0.1003239383E+001   0.1098919306E+001   0.9832106223E+000
 0.7979798   0.1326065674E+001   0.1014153693E+001   0.1100031434E+001   0.9855626917E+000
 0.8080808   0.1320028508E+001   0.1004124190E+001   0.1096545874E+001   0.9822105042E+000
 0.8181818   0.1316416969E+001   0.1003944186E+001   0.1088384961E+001   0.9791254491E+000
 0.8282828   0.1305221637E+001   0.9860426882E+000   0.1087621933E+001   0.9695412549E+000
 0.8383838   0.1322497952E+001   0.1007179183E+001   0.1097589435E+001   0.9820867110E+000
 0.8484848   0.1324814298E+001   0.1013020430E+001   0.1099954930E+001   0.9916546167E+000
 0.8585859   0.1312902203E+001   0.1005409568E+001   0.1092149291E+001   0.9761609295E+000
 0.8686869   0.1319019110E+001   0.1005597178E+001   0.1099464017E+001   0.9793860662E+000
 0.8787879   0.1316689723E+001   0.1002278518E+001   0.1108573354E+001   0.9960264687E+000
 0.8888889   0.1322662046E+001   0.1014029465E+001   0.1092410202E+001   0.9829760669E+000
 0.8989899   0.1315020034E+001   0.1007924550E+001   0.1095204327E+001   0.9846831090E+000
 0.9090909   0.1316318562E+001   0.1002491480E+001   0.1101416950E+001   0.9882340171E+000
 0.9191919   0.1325976364E+001   0.1003614602E+001   0.1107078560E+001   0.9895273295E+000
 0.9292929   0.1316141023E+001   0.1004775752E+001   0.1100200915E+001   0.9908401882E+000
 0.9393939   0.1303611942E+001   0.9830460064E+000   0.1092166188E+001   0.9678244397E+000
 0.9494949   0.1332141725E+001   0.1019117740E+001   0.1104264222E+001   0.9900225020E+000
 0.9595960   0.1309062313E+001   0.9903424956E+000   0.1093938228E+001   0.9813830448E+000
 0.9696970   0.1307266928E+001   0.1003046703E+001   0.1083385570E+001   0.9757439421E+000
 0.9797980   0.1323975670E+001   0.1016453178E+001   0.1103453725E+001   0.9899768940E+000
 0.9898990   0.1298717055E+001   0.9827874095E+000   0.1080345014E+001   0.9614979594E+000
 1.0000000   0.1318628206E+001   0.1005161113E+001   0.1095497019E+001   0.9805002044E+000


 0.0000000   0.9855329949E+000   0.9241888019E+000   0.8393569340E+000   0.1010884971E+001
 0.0101010   0.9941118758E+000   0.9447767916E+000   0.8385999305E+000   0.1023078291E+001
 0.0202020   0.1000811156E+001   0.9566469431E+000   0.8471239366E+000   0.1028407371E+001
 0.0303030   0.9743541788E+000   0.9722727108E+000   0.8443185611E+000   0.1049984752E+001
 0.0404040   0.9508486462E+000   0.9568005516E+000   0.8500902659E+000   0.1037615499E+001
 0.0505051   0.8961556964E+000   0.9460835769E+000   0.8340929627E+000   0.1018958045E+001
 0.0606061   0.8603256460E+000   0.9408408524E+000   0.8400878792E+000   0.1025649189E+001
 0.0707071   0.8107372184E+000   0.9415176202E+000   0.8290974802E+000   0.1011463849E+001
 0.0808081   0.7565894836E+000   0.9406738867E+000   0.8256200592E+000   0.1006424208E+001
 0.0909091   0.7098623578E+000   0.9819099737E+000   0.8225671074E+000   0.1038140461E+001
 0.1010101   0.6511452918E+000   0.9685950120E+000   0.8282949155E+000   0.1038049657E+001
 0.1111111   0.6047341949E+000   0.9602133315E+000   0.8250385279E+000   0.1032513430E+001
 0.1212121   0.5581007176E+000   0.9769366207E+000   0.8095666445E+000   0.1018742384E+001
 0.1313131   0.5173749076E+000   0.9747838756E+000   0.8140525808E+000   0.1008595000E+001
 0.1414141   0.4879119117E+000   0.9770612884E+000   0.8138203124E+000   0.1022076606E+001
 0.1515152   0.4554244915E+000   0.9769099062E+000   0.8193518426E+000   0.1025745669E+001
 0.1616162   0.4417664434E+000   0.1017446963E+001   0.8302737829E+000   0.1041659129E+001
 0.1717172   0.4170040379E+000   0.9902693921E+000   0.8219176652E+000   0.1028367644E+001
 0.1818182   0.4015478144E+000   0.9855053028E+000   0.8166848829E+000   0.1004599609E+001
 0.1919192   0.3988325031E+000   0.9876268809E+000   0.8259428025E+000   0.1020618061E+001
 0.2020202   0.3885278640E+000   0.9762843412E+000   0.8338319981E+000   0.1017405858E+001
 0.2121212   0.3911744780E+000   0.1000725900E+001   0.8394404521E+000   0.1015385461E+001
 0.2222222   0.3973484952E+000   0.9952650073E+000   0.8349015730E+000   0.1002658666E+001
 0.2323232   0.3976060057E+000   0.1010405461E+001   0.8464166758E+000   0.1019037498E+001
 0.2424242   0.4070212053E+000   0.9985041427E+000   0.8544366700E+000   0.1013387766E+001
 0.2525253   0.4173639613E+000   0.1011073324E+001   0.8560148216E+000   0.1010229478E+001
 0.2626263   0.4235092225E+000   0.1012787506E+001   0.8722026696E+000   0.1027828493E+001
 0.2727273   0.4412627943E+000   0.1009653002E+001   0.8650115469E+000   0.1003884524E+001
 0.2828283   0.4491967392E+000   0.1006496236E+001   0.8710258998E+000   0.9893586680E+000
 0.2929293   0.4707024287E+000   0.1016055582E+001   0.8914671766E+000   0.1011852605E+001
 0.3030303   0.4866753439E+000   0.1012976734E+001   0.8930051817E+000   0.1000385720E+001
 0.3131313   0.5042515845E+000   0.1008677922E+001   0.9006195242E+000   0.1000760288E+001
 0.3232323   0.5295503727E+000   0.1032175568E+001   0.9144431174E+000   0.1003924251E+001
 0.3333333   0.5493627182E+000   0.1017723013E+001   0.9179559923E+000   0.1011844092E+001
 0.3434343   0.5760587102E+000   0.1033963215E+001   0.9298715700E+000   0.1014344049E+001
 0.3535354   0.5997913627E+000   0.1013600072E+001   0.9415553247E+000   0.1014917252E+001
 0.3636364   0.6340336175E+000   0.1027077548E+001   0.9542521430E+000   0.1000893657E+001
 0.3737374   0.6598230866E+000   0.1008637850E+001   0.9451101379E+000   0.9902979253E+000
 0.3838384   0.6866917283E+000   0.1019877985E+001   0.9696690944E+000   0.9942394012E+000
 0.3939394   0.7312951580E+000   0.1035439192E+001   0.9846181150E+000   0.9939244236E+000
 0.4040404   0.7675285419E+000   0.1008637850E+001   0.9928496879E+000   0.9993613334E+000
 0.4141414   0.8073446434E+000   0.1015274182E+001   0.9841784994E+000   0.9958057760E+000
 0.4242424   0.8479117149E+000   0.1014305781E+001   0.1003893386E+001   0.9843729423E+000
 0.4343434   0.9083975622E+000   0.1007758498E+001   0.1018478577E+001   0.1005334556E+001
 0.4444444   0.9682732019E+000   0.1023642506E+001   0.1037654013E+001   0.9905703384E+000
 0.4545455   0.1015187916E+001   0.1013014579E+001   0.1050444633E+001   0.9952410865E+000
 0.4646465   0.1065759753E+001   0.1005104855E+001   0.1059616892E+001   0.9937655160E+000
 0.4747475   0.1139397821E+001   0.1014345853E+001   0.1071656997E+001   0.1001279575E+001
 0.4848485   0.1211273749E+001   0.1017429154E+001   0.1093807172E+001   0.1002647315E+001
 0.4949495   0.1281200353E+001   0.1013595620E+001   0.1087976342E+001   0.9810245323E+000
 0.5050505   0.1337186003E+001   0.1022032956E+001   0.1103733566E+001   0.9852753104E+000
 0.5151515   0.1328371349E+001   0.1012484741E+001   0.1107180365E+001   0.9926020854E+000
 0.5252525   0.1319950751E+001   0.1016859244E+001   0.1107567785E+001   0.9786834829E+000
 0.5353535   0.1314864246E+001   0.9950735532E+000   0.1115576503E+001   0.1000686509E+001
 0.5454545   0.1319893452E+001   0.1003513115E+001   0.1103260871E+001   0.9826107706E+000
 0.5555556   0.1322860008E+001   0.1013608977E+001   0.1086659905E+001   0.9799660942E+000
 0.5656566   0.1324157942E+001   0.1004298967E+001   0.1102591160E+001   0.9796511167E+000
 0.5757576   0.1321157819E+001   0.1015418886E+001   0.1098069240E+001   0.9835074634E+000
 0.5858586   0.1306990113E+001   0.9975691346E+000   0.1112343615E+001   0.1000263701E+001
 0.5959596   0.1325833917E+001   0.1004347944E+001   0.1106444928E+001   0.9935924202E+000
 0.6060606   0.1324805263E+001   0.1013938456E+001   0.1113845778E+001   0.9996479346E+000
 0.6161616   0.1319023367E+001   0.1007878713E+001   0.1103175991E+001   0.9916656657E+000
 0.6262626   0.1316363090E+001   0.9966563885E+000   0.1102241536E+001   0.9946338325E+000
 0.6363636   0.1317980094E+001   0.9991742319E+000   0.1105394367E+001   0.9931610996E+000
 0.6464646   0.1311645734E+001   0.9957325113E+000   0.1102228097E+001   0.9971366271E+000
 0.6565657   0.1330455321E+001   0.1018784915E+001   0.1108637291E+001   0.1001983309E+001
 0.6666667   0.1328535944E+001   0.1009766539E+001   0.1100496994E+001   0.9812430302E+000
 0.6767677   0.1317398096E+001   0.1012473610E+001   0.1096615080E+001   0.9742596091E+000
 0.6868687   0.1322630203E+001   0.1013878349E+001   0.1120126299E+001   0.9961973697E+000
 0.6969697   0.1312303186E+001   0.9841940651E+000   0.1105367851E+001   0.1004227878E+001
 0.7070707   0.1329803931E+001   0.1008150310E+001   0.1101988361E+001   0.9880363298E+000
 0.7171717   0.1311258690E+001   0.9917787625E+000   0.1096036806E+001   0.9744979705E+000
 0.7272727   0.1321098276E+001   0.1011687758E+001   0.1098515897E+001   0.9896849961E+000
 0.7373737   0.1332978900E+001   0.1014176661E+001   0.1110654667E+001   0.9914641936E+000
 0.7474747   0.1324152199E+001   0.1016612135E+001   0.1099282785E+001   0.9925453327E+000
 0.7575758   0.1315498192E+001   0.1015559137E+001   0.1104700028E+001   0.1007144968E+001
 0.7676768   0.1316022566E+001   0.1014826714E+001   0.1098153130E+001   0.9912485333E+000
 0.7777778   0.1314235584E+001   0.1002796276E+001   0.1096440589E+001   0.9885073773E+000
 0.7878788   0.1317514497E+001   0.1001765540E+001   0.1102182153E+001   0.9864444162E+000
 0.7979798   0.1322204249E+001   0.1011071098E+001   0.1102443943E+001   0.9880391674E+000
 0.8080808   0.1322742524E+001   0.1006059899E+001   0.1100446485E+001   0.9860187709E+000
 0.8181818   0.1320431522E+001   0.1006876918E+001   0.1094203400E+001   0.9846737316E+000
 0.8282828   0.1304541736E+001   0.9854028971E+000   0.1094233970E+001   0.9757465301E+000
 0.8383838   0.1325030144E+001   0.1008978461E+001   0.1100798799E+001   0.9852724727E+000
 0.8484848   0.1321321966E+001   0.1010220686E+001   0.1101608245E+001   0.9934618890E+000
 0.8585859   0.1312291452E+001   0.1004813222E+001   0.1095346097E+001   0.9793304639E+000
 0.8686869   0.1322814730E+001   0.1008361800E+001   0.1105700378E+001   0.9852554469E+000
 0.8787879   0.1317611676E+001   0.1002851931E+001   0.1107867014E+001   0.9957092964E+000
 0.8888889   0.1319230568E+001   0.1011269231E+001   0.1094628927E+001   0.9852866609E+000
 0.8989899   0.1310733512E+001   0.1004510457E+001   0.1093693101E+001   0.9836379947E+000
 0.9090909   0.1319810835E+001   0.1005022485E+001   0.1107194072E+001   0.9937343020E+000
 0.9191919   0.1327215150E+001   0.1004423635E+001   0.1111484789E+001   0.9937825418E+000
 0.9292929   0.1314949957E+001   0.1003737962E+001   0.1104549379E+001   0.9950736660E+000
 0.9393939   0.1303249445E+001   0.9826468492E+000   0.1094368656E+001   0.9700854472E+000
 0.9494949   0.1334324779E+001   0.1020657158E+001   0.1110000019E+001   0.9954822855E+000
 0.9595960   0.1308656486E+001   0.9899087461E+000   0.1095106169E+001   0.9827441395E+000
 0.9696970   0.1311901609E+001   0.1006473974E+001   0.1091490452E+001   0.9833570687E+000
 0.9797980   0.1329836349E+001   0.1020821898E+001   0.1110216598E+001   0.9963619526E+000
 0.9898990   0.1299877385E+001   0.9835395594E+000   0.1082293192E+001   0.9635390219E+000
 1.0000000   0.1319561491E+001   0.1005743778E+001   0.1100509720E+001   0.9853008491E+000


 0.0000000   0.9992815651E+000   0.9362623135E+000   0.8392937177E+000   0.1010873502E+001
 0.0101010   0.1009062631E+001   0.9581471478E+000   0.8383948383E+000   0.1022893517E+001
 0.0202020   0.1012870454E+001   0.9673276166E+000   0.8483564714E+000   0.1029969554E+001
 0.0303030   0.9897366774E+000   0.9867588780E+000   0.8440018042E+000   0.1049657983E+001
 0.0404040   0.9633488510E+000   0.9685314818E+000   0.8507504870E+000   0.1038487793E+001
 0.0505051   0.9083409178E+000   0.9581092779E+000   0.8337624182E+000   0.1018619400E+001
 0.0606061   0.8693891994E+000   0.9499214000E+000   0.8411733807E+000   0.1027040159E+001
 0.0707071   0.8157262508E+000   0.9464832088E+000   0.8248913501E+000   0.1006396927E+001
 0.0808081   0.7663003885E+000   0.9519145543E+000   0.8272261283E+000   0.1008446504E+001
 0.0909091   0.7185392975E+000   0.9930432935E+000   0.8264612100E+000   0.1043121835E+001
 0.1010101   0.6594975692E+000   0.9801615372E+000   0.8263100377E+000   0.1035628384E+001
 0.1111111   0.6124766448E+000   0.9716567477E+000   0.8265559528E+000   0.1034478622E+001
 0.1212121   0.5611783415E+000   0.9814650601E+000   0.8098163459E+000   0.1019121797E+001
 0.1313131   0.5203550882E+000   0.9795416662E+000   0.8130777979E+000   0.1007451709E+001
 0.1414141   0.4918478762E+000   0.9840820717E+000   0.8164445567E+000   0.1025437991E+001
 0.1515152   0.4585092239E+000   0.9826669322E+000   0.8210680690E+000   0.1027959969E+001
 0.1616162   0.4439999052E+000   0.1021696880E+001   0.8285476840E+000   0.1039560071E+001
 0.1717172   0.4177282439E+000   0.9911218927E+000   0.8207981769E+000   0.1027032661E+001
 0.1818182   0.4034483950E+000   0.9893041360E+000   0.8130568018E+000   0.1000200709E+001
 0.1919192   0.4003218349E+000   0.9904482066E+000   0.8260666819E+000   0.1020836442E+001
 0.2020202   0.3893396292E+000   0.9774687857E+000   0.8322823649E+000   0.1015580029E+001
 0.2121212   0.3910555364E+000   0.9995469560E+000   0.8380578346E+000   0.1013777901E+001
 0.2222222   0.3982523748E+000   0.9966568823E+000   0.8320856668E+000   0.9993408863E+000
 0.2323232   0.4004378002E+000   0.1016712001E+001   0.8436009514E+000   0.1015712501E+001
 0.2424242   0.4068457115E+000   0.9972010134E+000   0.8538406175E+000   0.1012745615E+001
 0.2525253   0.4194667394E+000   0.1015278923E+001   0.8517110542E+000   0.1005214672E+001
 0.2626263   0.4227019293E+000   0.1009973146E+001   0.8706083801E+000   0.1026015371E+001
 0.2727273   0.4415666401E+000   0.1009464892E+001   0.8610478321E+000   0.9993483847E+000
 0.2828283   0.4513085053E+000   0.1010343873E+001   0.8715108446E+000   0.9899728231E+000
 0.2929293   0.4704205832E+000   0.1014559394E+001   0.8885570136E+000   0.1008613969E+001
 0.3030303   0.4879437195E+000   0.1014728812E+001   0.8932090447E+000   0.1000678110E+001
 0.3131313   0.5044303866E+000   0.1008153396E+001   0.8988662673E+000   0.9988759824E+000
 0.3232323   0.5291946376E+000   0.1030580369E+001   0.9131855018E+000   0.1002607711E+001
 0.3333333   0.5520786968E+000   0.1021860319E+001   0.9149194396E+000   0.1008561480E+001
 0.3434343   0.5752577163E+000   0.1031622788E+001   0.9301958461E+000   0.1014762698E+001
 0.3535354   0.6004074746E+000   0.1013754160E+001   0.9410224706E+000   0.1014407771E+001
 0.3636364   0.6326419769E+000   0.1023927220E+001   0.9527918000E+000   0.9994258687E+000
 0.3737374   0.6608793304E+000   0.1009369220E+001   0.9485034002E+000   0.9939170077E+000
 0.3838384   0.6875418786E+000   0.1020247857E+001   0.9669672279E+000   0.9915325007E+000
 0.3939394   0.7313450863E+000   0.1034604547E+001   0.9847458569E+000   0.9941169663E+000
 0.4040404   0.7658274045E+000   0.1005522433E+001   0.9923586446E+000   0.9989309710E+000
 0.4141414   0.8085577592E+000   0.1015910753E+001   0.9884119473E+000   0.1000153218E+001
 0.4242424   0.8495596191E+000   0.1015388546E+001   0.1005864237E+001   0.9863685683E+000
 0.4343434   0.9086802018E+000   0.1007190703E+001   0.1018904725E+001   0.1005819547E+001
 0.4444444   0.9685956215E+000   0.1023088102E+001   0.1034979840E+001   0.9880807143E+000
 0.4545455   0.1014822899E+001   0.1011764992E+001   0.1049167298E+001   0.9940944710E+000
 0.4646465   0.1059351272E+001   0.9981876248E+000   0.1063129746E+001   0.9971238446E+000
 0.4747475   0.1138219315E+001   0.1012410774E+001   0.1075082960E+001   0.1004544810E+001
 0.4848485   0.1210099288E+001   0.1015553978E+001   0.1092101688E+001   0.1001148013E+001
 0.4949495   0.1280572866E+001   0.1012213452E+001   0.1090221354E+001   0.9831117416E+000
 0.5050505   0.1333497222E+001   0.1018322470E+001   0.1104218426E+001   0.9857711918E+000
 0.5151515   0.1325154735E+001   0.1009149974E+001   0.1113477149E+001   0.9983110992E+000
 0.5252525   0.1320818673E+001   0.1016638254E+001   0.1109187421E+001   0.9801773483E+000
 0.5353535   0.1311861492E+001   0.9919331066E+000   0.1109942733E+001   0.9956966397E+000
 0.5454545   0.1320054288E+001   0.1002757928E+001   0.1101395532E+001   0.9810121757E+000
 0.5555556   0.1324207230E+001   0.1013754160E+001   0.1085993200E+001   0.9794275034E+000
 0.5656566   0.1324761235E+001   0.1003878080E+001   0.1098938408E+001   0.9764681152E+000
 0.5757576   0.1317579039E+001   0.1011782930E+001   0.1099415649E+001   0.9847763975E+000
 0.5858586   0.1304368315E+001   0.9946976116E+000   0.1116352016E+001   0.1003932437E+001
 0.5959596   0.1321019479E+001   0.9998259976E+000   0.1109566091E+001   0.9964589821E+000
 0.6060606   0.1323189994E+001   0.1011816814E+001   0.1113914200E+001   0.9997732969E+000
 0.6161616   0.1319130191E+001   0.1007079086E+001   0.1099403983E+001   0.9883381611E+000
 0.6262626   0.1312633314E+001   0.9929635673E+000   0.1101343463E+001   0.9938870139E+000
 0.6363636   0.1319657058E+001   0.9995708739E+000   0.1104659998E+001   0.9925647872E+000
 0.6464646   0.1311266142E+001   0.9945740360E+000   0.1102555106E+001   0.9974962676E+000
 0.6565657   0.1327044797E+001   0.1015284902E+001   0.1108798143E+001   0.1002192797E+001
 0.6666667   0.1325849841E+001   0.1006843894E+001   0.1101656134E+001   0.9823394013E+000
 0.6767677   0.1313861699E+001   0.1008872925E+001   0.1090225295E+001   0.9686447327E+000
 0.6868687   0.1322558449E+001   0.1012936967E+001   0.1119213445E+001   0.9954491909E+000
 0.6969697   0.1314650663E+001   0.9850926010E+000   0.1110256714E+001   0.1008733944E+001
 0.7070707   0.1325622069E+001   0.1004101314E+001   0.1100807736E+001   0.9870409293E+000
 0.7171717   0.1308704203E+001   0.9889812450E+000   0.1095289853E+001   0.9738961470E+000
 0.7272727   0.1317280696E+001   0.1007882327E+001   0.1101722339E+001   0.9926372722E+000
 0.7373737   0.1331685973E+001   0.1012307130E+001   0.1114145863E+001   0.9946443573E+000
 0.7474747   0.1318989310E+001   0.1011762999E+001   0.1099247850E+001   0.9925772846E+000
 0.7575758   0.1311978377E+001   0.1011956335E+001   0.1107082165E+001   0.1009381310E+001
 0.7676768   0.1311953338E+001   0.1010804292E+001   0.1099247498E+001   0.9922998420E+000
 0.7777778   0.1309024018E+001   0.9979464531E+000   0.1095123781E+001   0.9873833585E+000
 0.7878788   0.1317313314E+001   0.1000736869E+001   0.1104911624E+001   0.9889505345E+000
 0.7979798   0.1316239642E+001   0.1005630063E+001   0.1104963087E+001   0.9903602430E+000
 0.8080808   0.1318513581E+001   0.1001966645E+001   0.1102180667E+001   0.9876358063E+000
 0.8181818   0.1318090330E+001   0.1004212930E+001   0.1097380316E+001   0.9875958146E+000
 0.8282828   0.1298471614E+001   0.9799602286E+000   0.1097125697E+001   0.9783877183E+000
 0.8383838   0.1321261950E+001   0.1005229439E+001   0.1103759587E+001   0.9879857339E+000
 0.8484848   0.1318717783E+001   0.1007348162E+001   0.1101873350E+001   0.9937645392E+000
 0.8585859   0.1308833066E+001   0.1001288973E+001   0.1097942351E+001   0.9817145305E+000
 0.8686869   0.1320804236E+001   0.1005948968E+001   0.1106544986E+001   0.9860711298E+000
 0.8787879   0.1315262543E+001   0.1000188752E+001   0.1107095193E+001   0.9950792674E+000
 0.8888889   0.1317206738E+001   0.1008835055E+001   0.1094067020E+001   0.9848438835E+000
 0.8989899   0.1309263711E+001   0.1002506790E+001   0.1095730857E+001   0.9855337409E+000
 0.9090909   0.1312697435E+001   0.9987317559E+000   0.1105213223E+001   0.9920198999E+000
 0.9191919   0.1320917417E+001   0.9987835779E+000   0.1110429162E+001   0.9929022175E+000
 0.9292929   0.1310127113E+001   0.9991822088E+000   0.1104607007E+001   0.9951892446E+000
 0.9393939   0.1298738715E+001   0.9783896230E+000   0.1092199781E+001   0.9682248195E+000
 0.9494949   0.1323745174E+001   0.1011679286E+001   0.1105179568E+001   0.9912225647E+000
 0.9595960   0.1306295825E+001   0.9872591597E+000   0.1099954771E+001   0.9871584050E+000
 0.9696970   0.1303541935E+001   0.9991861951E+000   0.1088901275E+001   0.9810871602E+000
 0.9797980   0.1324139245E+001   0.1015559958E+001   0.1111902362E+001   0.9979386762E+000
 0.9898990   0.1298829671E+001   0.9818876088E+000   0.1084951888E+001   0.9659677862E+000
 1.0000000   0.1313225168E+001   0.1000039265E+001   0.1095920271E+001   0.9812546256E+000


 0.0000000   0.1006729947E+001   0.9432095698E+000   0.8380051997E+000   0.1009424937E+001
 0.0101010   0.1013745447E+001   0.9625616363E+000   0.8394777233E+000   0.1024319598E+001
 0.0202020   0.1016400887E+001   0.9706669963E+000   0.8458589271E+000   0.1027042518E+001
 0.0303030   0.9947030988E+000   0.9916773469E+000   0.8434328359E+000   0.1049057804E+001
 0.0404040   0.9616527299E+000   0.9667940541E+000   0.8451078255E+000   0.1031705602E+001
 0.0505051   0.9164886199E+000   0.9666712182E+000   0.8339527452E+000   0.1018956272E+001
 0.0606061   0.8750384993E+000   0.9560621744E+000   0.8392190382E+000   0.1024758923E+001
 0.0707071   0.8190583481E+000   0.9503177917E+000   0.8223281796E+000   0.1003372518E+001
 0.0808081   0.7719291109E+000   0.9588747542E+000   0.8284762196E+000   0.1010073889E+001
 0.0909091   0.7180832875E+000   0.9923800403E+000   0.8210230984E+000   0.1036364226E+001
 0.1010101   0.6616392765E+000   0.9833118639E+000   0.8242825165E+000   0.1033193061E+001
 0.1111111   0.6159952045E+000   0.9772061993E+000   0.8261586892E+000   0.1034087320E+001
 0.1212121   0.5631960494E+000   0.9849611159E+000   0.8090047759E+000   0.1018204737E+001
 0.1313131   0.5214597968E+000   0.9815885491E+000   0.8137608638E+000   0.1008401334E+001
 0.1414141   0.4925591276E+000   0.9854723298E+000   0.8176667347E+000   0.1027078199E+001
 0.1515152   0.4592974394E+000   0.9843234533E+000   0.8192805864E+000   0.1025827128E+001
 0.1616162   0.4443252919E+000   0.1022411601E+001   0.8290811918E+000   0.1040335986E+001
 0.1717172   0.4190612205E+000   0.9942514807E+000   0.8206524992E+000   0.1026955545E+001
 0.1818182   0.4028074700E+000   0.9876996329E+000   0.8109167335E+000   0.9976702199E+000
 0.1919192   0.3989474736E+000   0.9870150036E+000   0.8237029505E+000   0.1018019641E+001
 0.2020202   0.3899423522E+000   0.9789493846E+000   0.8325205108E+000   0.1015974663E+001
 0.2121212   0.3923445967E+000   0.1002808443E+001   0.8380237424E+000   0.1013840483E+001
 0.2222222   0.3969030840E+000   0.9932471169E+000   0.8331977097E+000   0.1000778942E+001
 0.2323232   0.4001560105E+000   0.1015962718E+001   0.8418710192E+000   0.1013733439E+001
 0.2424242   0.4072573800E+000   0.9981768088E+000   0.8511888172E+000   0.1009703697E+001
 0.2525253   0.4185309997E+000   0.1012980336E+001   0.8521867598E+000   0.1005879121E+001
 0.2626263   0.4241258461E+000   0.1013341618E+001   0.8711844663E+000   0.1026799440E+001
 0.2727273   0.4421582575E+000   0.1010783742E+001   0.8599096611E+000   0.9981296150E+000
 0.2828283   0.4517048052E+000   0.1011197410E+001   0.8716564408E+000   0.9902396149E+000
 0.2929293   0.4686955789E+000   0.1010805419E+001   0.8868328999E+000   0.1006760000E+001
 0.3030303   0.4863260714E+000   0.1011331084E+001   0.8960518063E+000   0.1003965717E+001
 0.3131313   0.5041761235E+000   0.1007611686E+001   0.9002195989E+000   0.1000482343E+001
 0.3232323   0.5280990296E+000   0.1028412493E+001   0.9121190561E+000   0.1001539397E+001
 0.3333333   0.5499598581E+000   0.1017904609E+001   0.9173991425E+000   0.1011398552E+001
 0.3434343   0.5723957281E+000   0.1026456152E+001   0.9308108130E+000   0.1015537569E+001
 0.3535354   0.5994245587E+000   0.1012060873E+001   0.9383603384E+000   0.1011641630E+001
 0.3636364   0.6296181736E+000   0.1018999293E+001   0.9523790577E+000   0.9990952369E+000
 0.3737374   0.6593767969E+000   0.1007040861E+001   0.9470826764E+000   0.9925299004E+000
 0.3838384   0.6852977880E+000   0.1016883987E+001   0.9624586590E+000   0.9870104685E+000
 0.3939394   0.7299049780E+000   0.1032532914E+001   0.9844094093E+000   0.9938790949E+000
 0.4040404   0.7666888305E+000   0.1006619967E+001   0.9915363363E+000   0.9982054375E+000
 0.4141414   0.8058554718E+000   0.1012481767E+001   0.9868201341E+000   0.9986447620E+000
 0.4242424   0.8501287726E+000   0.1016034975E+001   0.1005522102E+001   0.9861340496E+000
 0.4343434   0.9064679476E+000   0.1004705173E+001   0.1018009139E+001   0.1005038383E+001
 0.4444444   0.9674161490E+000   0.1021808260E+001   0.1034061234E+001   0.9873048382E+000
 0.4545455   0.1012089492E+001   0.1009006235E+001   0.1048783153E+001   0.9938322634E+000
 0.4646465   0.1063987745E+001   0.1002523030E+001   0.1063501130E+001   0.9975743267E+000
 0.4747475   0.1135544460E+001   0.1009997954E+001   0.1070892861E+001   0.1000732111E+001
 0.4848485   0.1209061738E+001   0.1014649458E+001   0.1092487290E+001   0.1001604070E+001
 0.4949495   0.1280911532E+001   0.1012447445E+001   0.1089823486E+001   0.9828536114E+000
 0.5050505   0.1333164723E+001   0.1018034670E+001   0.1104399365E+001   0.9860336963E+000
 0.5151515   0.1324813202E+001   0.1008856303E+001   0.1115065829E+001   0.9998378514E+000
 0.5252525   0.1322336616E+001   0.1017772741E+001   0.1107466668E+001   0.9787569664E+000
 0.5353535   0.1313002755E+001   0.9927629991E+000   0.1109070893E+001   0.9950164324E+000
 0.5454545   0.1316414499E+001   0.9999597351E+000   0.1106839784E+001   0.9859623339E+000
 0.5555556   0.1320791122E+001   0.1011105283E+001   0.1086456393E+001   0.9799455956E+000
 0.5656566   0.1325379531E+001   0.1004313182E+001   0.1101381455E+001   0.9787391258E+000
 0.5757576   0.1313976285E+001   0.1008982751E+001   0.1101104891E+001   0.9863905080E+000
 0.5858586   0.1304362056E+001   0.9946597292E+000   0.1113420747E+001   0.1001398903E+001
 0.5959596   0.1319569401E+001   0.9986952484E+000   0.1109497502E+001   0.9964994313E+000
 0.6060606   0.1319612754E+001   0.1009047782E+001   0.1116063305E+001   0.1001804776E+001
 0.6161616   0.1318168078E+001   0.1006311071E+001   0.1102946660E+001   0.9916244906E+000
 0.6262626   0.1307385045E+001   0.9889605068E+000   0.1105321179E+001   0.9975787869E+000
 0.6363636   0.1319720703E+001   0.9995858083E+000   0.1108533326E+001   0.9961470797E+000
 0.6464646   0.1317000681E+001   0.9988903406E+000   0.1102903105E+001   0.9979132979E+000
 0.6565657   0.1329911114E+001   0.1017443974E+001   0.1112140931E+001   0.1005317142E+001
 0.6666667   0.1324033822E+001   0.1005431350E+001   0.1098856531E+001   0.9799433655E+000
 0.6767677   0.1313636765E+001   0.1008666630E+001   0.1094672531E+001   0.9726956266E+000
 0.6868687   0.1318885263E+001   0.1010090080E+001   0.1118053239E+001   0.9945191260E+000
 0.6969697   0.1314125983E+001   0.9846666711E+000   0.1110245735E+001   0.1008827278E+001
 0.7070707   0.1323308200E+001   0.1002315293E+001   0.1103016094E+001   0.9891223481E+000
 0.7171717   0.1307632656E+001   0.9881385904E+000   0.1095136732E+001   0.9738597249E+000
 0.7272727   0.1318014380E+001   0.1008410119E+001   0.1105395738E+001   0.9960489564E+000
 0.7373737   0.1333858789E+001   0.1013925088E+001   0.1115919679E+001   0.9963299457E+000
 0.7474747   0.1319395649E+001   0.1012041003E+001   0.1098761778E+001   0.9922399909E+000
 0.7575758   0.1312604916E+001   0.1012405898E+001   0.1105607929E+001   0.1008140415E+001
 0.7676768   0.1309867165E+001   0.1009163392E+001   0.1100550738E+001   0.9935780350E+000
 0.7777778   0.1311789103E+001   0.1000021153E+001   0.1099393555E+001   0.9913345810E+000
 0.7878788   0.1315454318E+001   0.9992913636E+000   0.1103191691E+001   0.9875122350E+000
 0.7979798   0.1315890949E+001   0.1005330191E+001   0.1106372288E+001   0.9917248439E+000
 0.8080808   0.1316116121E+001   0.1000111474E+001   0.1103696717E+001   0.9890955872E+000
 0.8181818   0.1319157330E+001   0.1004992392E+001   0.1098235543E+001   0.9884667065E+000
 0.8282828   0.1300126728E+001   0.9811766877E+000   0.1098532568E+001   0.9797426589E+000
 0.8383838   0.1319645689E+001   0.1003966352E+001   0.1103376705E+001   0.9877441627E+000
 0.8484848   0.1317415805E+001   0.1006320103E+001   0.1101269412E+001   0.9933215765E+000
 0.8585859   0.1309906536E+001   0.1002076847E+001   0.1100131189E+001   0.9837724017E+000
 0.8686869   0.1322471649E+001   0.1007185374E+001   0.1110068016E+001   0.9893119043E+000
 0.8787879   0.1315596662E+001   0.1000409531E+001   0.1105418443E+001   0.9936739282E+000
 0.8888889   0.1314407843E+001   0.1006657902E+001   0.1095982601E+001   0.9866692672E+000
 0.8989899   0.1309040676E+001   0.1002302648E+001   0.1097825580E+001   0.9875189252E+000
 0.9090909   0.1314903673E+001   0.1000377016E+001   0.1105270695E+001   0.9921730887E+000
 0.9191919   0.1315949291E+001   0.9949939150E+000   0.1106874143E+001   0.9898248213E+000
 0.9292929   0.1309700373E+001   0.9988235035E+000   0.1106618706E+001   0.9971037812E+000
 0.9393939   0.1301174804E+001   0.9801921944E+000   0.1092927512E+001   0.9689691737E+000
 0.9494949   0.1320168619E+001   0.1008912301E+001   0.1101680757E+001   0.9881857172E+000
 0.9595960   0.1305459316E+001   0.9865941102E+000   0.1100730792E+001   0.9879560196E+000
 0.9696970   0.1304142031E+001   0.9996129045E+000   0.1088676180E+001   0.9809848098E+000
 0.9797980   0.1319955346E+001   0.1012317384E+001   0.1111894387E+001   0.9980337219E+000
 0.9898990   0.1301325676E+001   0.9837417893E+000   0.1086197900E+001   0.9671761946E+000
 1.0000000   0.1311560828E+001   0.9987386022E+000   0.1094117077E+001   0.9797404288E+000


