# Lambda, (Probability, Probability_biased(/observed)) per Fractional
 0.0000000   0.1546974500E+000   0.9923844554E+000   0.6070935051E+000   0.1027248517E+001
 0.0101010   0.1432405109E+000   0.9623167182E+000   0.5635571926E+000   0.9893359304E+000
 0.0202020   0.1416106858E+000   0.9466956619E+000   0.5889398579E+000   0.1003190672E+001
 0.0303030   0.1360377321E+000   0.9379344490E+000   0.5628304189E+000   0.9779728945E+000
 0.0404040   0.1290291176E+000   0.9119117824E+000   0.5573592156E+000   0.9737412914E+000
 0.0505051   0.1250117168E+000   0.9416626247E+000   0.5680672510E+000   0.9884122810E+000
 0.0606061   0.1141881607E+000   0.9308136333E+000   0.5683831233E+000   0.9946415445E+000
 0.0707071   0.1116162424E+000   0.1001145668E+001   0.5837482073E+000   0.1018785311E+001
 0.0808081   0.9607959635E-001   0.9337961739E+000   0.5426564084E+000   0.9735479694E+000
 0.0909091   0.9167224120E-001   0.9570599904E+000   0.5646344551E+000   0.9871879085E+000
 0.1010101   0.8884292317E-001   0.1020699950E+001   0.5746753116E+000   0.1004350604E+001
 0.1111111   0.8023678586E-001   0.9801933208E+000   0.5742283187E+000   0.1007594117E+001
 0.1212121   0.7693212013E-001   0.9749925157E+000   0.5849729049E+000   0.9940400984E+000
 0.1313131   0.7331793065E-001   0.1015685554E+001   0.5806432372E+000   0.1014961832E+001
 0.1414141   0.6908472619E-001   0.9835859607E+000   0.5843994586E+000   0.1008947370E+001
 0.1515152   0.7081009702E-001   0.1034587405E+001   0.5993116766E+000   0.9935675336E+000
 0.1616162   0.6689180617E-001   0.9715439531E+000   0.5970851144E+000   0.9872093887E+000
 0.1717172   0.6906096994E-001   0.1019190039E+001   0.6150945614E+000   0.1016959492E+001
 0.1818182   0.7073631681E-001   0.1001276155E+001   0.5933299269E+000   0.9779084539E+000
 0.1919192   0.7243214391E-001   0.1022974137E+001   0.6123990195E+000   0.9798416736E+000
 0.2020202   0.7658993649E-001   0.1052464007E+001   0.6012115538E+000   0.9258189226E+000
 0.2121212   0.7445610017E-001   0.9754771785E+000   0.6398037133E+000   0.1008281484E+001
 0.2222222   0.8113015088E-001   0.1023924822E+001   0.6656382115E+000   0.1031136437E+001
 0.2323232   0.8677584006E-001   0.1054589067E+001   0.6785861898E+000   0.1024348688E+001
 0.2424242   0.9269500053E-001   0.1037458100E+001   0.6740124965E+000   0.1020868892E+001
 0.2525253   0.9944652157E-001   0.1032369140E+001   0.6879105386E+000   0.1016035843E+001
 0.2626263   0.1056591538E+000   0.1042919877E+001   0.6643981277E+000   0.9571585623E+000
 0.2727273   0.1158260485E+000   0.1087098760E+001   0.7113716120E+000   0.9967036456E+000
 0.2828283   0.1222198524E+000   0.1052780902E+001   0.7027205060E+000   0.9421438891E+000
 0.2929293   0.1340410930E+000   0.1057254713E+001   0.7044505911E+000   0.9478576274E+000
 0.3030303   0.1454331444E+000   0.1035407603E+001   0.7252577573E+000   0.9430245781E+000
 0.3131313   0.1617536431E+000   0.1049444185E+001   0.7736995747E+000   0.9938467764E+000
 0.3232323   0.1758428801E+000   0.1055111012E+001   0.7863738906E+000   0.1011804240E+001
 0.3333333   0.1879379846E+000   0.1023924822E+001   0.7827742220E+000   0.9666528191E+000
 0.3434343   0.2093058659E+000   0.1038744321E+001   0.8285890594E+000   0.1032317849E+001
 0.3535354   0.2267277514E+000   0.1052799543E+001   0.8125004028E+000   0.9676838696E+000
 0.3636364   0.2364037978E+000   0.9441791433E+000   0.8213177460E+000   0.9544735349E+000
 0.3737374   0.2758918933E+000   0.9977343876E+000   0.8437999484E+000   0.9523469932E+000
 0.3838384   0.3074026445E+000   0.9982563322E+000   0.8898462191E+000   0.9790254253E+000
 0.3939394   0.3411535063E+000   0.1040403359E+001   0.8670146967E+000   0.9385566925E+000
 0.4040404   0.3734800584E+000   0.1027932611E+001   0.9269109545E+000   0.1009076252E+001
 0.4141414   0.4126108954E+000   0.1010428826E+001   0.9254788012E+000   0.9751804661E+000
 0.4242424   0.4501938473E+000   0.9674056781E+000   0.9676737550E+000   0.9816245318E+000
 0.4343434   0.5069523813E+000   0.1006439678E+001   0.9765836149E+000   0.9753308276E+000
 0.4444444   0.5404495466E+000   0.9736690133E+000   0.9918610476E+000   0.9591991831E+000
 0.4545455   0.6190182542E+000   0.1002226839E+001   0.1054874408E+001   0.1014016702E+001
 0.4646465   0.6900245155E+000   0.9881156942E+000   0.1042174287E+001   0.9507144965E+000
 0.4747475   0.7705020213E+000   0.9837350878E+000   0.1118243938E+001   0.1018720870E+001
 0.4848485   0.8787895147E+000   0.9960753494E+000   0.1108037823E+001   0.9776292110E+000
 0.4949495   0.9679175442E+000   0.1018276636E+001   0.1144030321E+001   0.9829777856E+000
 0.5050505   0.1018834793E+001   0.9729979417E+000   0.1184293027E+001   0.1013630058E+001
 0.5151515   0.1006026290E+001   0.9417185473E+000   0.1220525650E+001   0.1036893135E+001
 0.5252525   0.1024607006E+001   0.9902034726E+000   0.1155185531E+001   0.9512085416E+000
 0.5353535   0.1039661491E+001   0.1000232265E+001   0.1127956401E+001   0.9542372525E+000
 0.5454545   0.1011715932E+001   0.9469939160E+000   0.1171189066E+001   0.1005145372E+001
 0.5555556   0.1032591509E+001   0.9960380677E+000   0.1210879834E+001   0.1026775952E+001
 0.5656566   0.1058480762E+001   0.1000567801E+001   0.1186943753E+001   0.1007271913E+001
 0.5757576   0.1097984175E+001   0.1040943944E+001   0.1163598370E+001   0.1001450774E+001
 0.5858586   0.1094877979E+001   0.9964108852E+000   0.1188686576E+001   0.9998612378E+000
 0.5959596   0.1110098093E+001   0.1007781821E+001   0.1184155576E+001   0.1006434185E+001
 0.6060606   0.1134245819E+001   0.1025900755E+001   0.1158565771E+001   0.9807008824E+000
 0.6161616   0.1125796043E+001   0.1021091409E+001   0.1207294198E+001   0.1011847200E+001
 0.6262626   0.1133494270E+001   0.1009030760E+001   0.1180518127E+001   0.1002245542E+001
 0.6363636   0.1151224345E+001   0.9832317840E+000   0.1206080895E+001   0.9973265719E+000
 0.6464646   0.1128894166E+001   0.9750297974E+000   0.1230466632E+001   0.1029160257E+001
 0.6565657   0.1160138704E+001   0.9831945023E+000   0.1197596867E+001   0.9856842932E+000
 0.6666667   0.1184371784E+001   0.9940621345E+000   0.1181308691E+001   0.9955007533E+000
 0.6767677   0.1235302062E+001   0.1008005512E+001   0.1199712469E+001   0.9981857807E+000
 0.6868687   0.1248326300E+001   0.1005451711E+001   0.1226495625E+001   0.1012727889E+001
 0.6969697   0.1299097199E+001   0.1009347655E+001   0.1219107681E+001   0.1048879098E+001
 0.7070707   0.1306356733E+001   0.9940434936E+000   0.1235454174E+001   0.1019558599E+001
 0.7171717   0.1339075623E+001   0.1002506453E+001   0.1233172645E+001   0.1002159621E+001
 0.7272727   0.1362098343E+001   0.1016058371E+001   0.1234612996E+001   0.1025809342E+001
 0.7373737   0.1406808527E+001   0.9986105089E+000   0.1232967170E+001   0.1003878039E+001
 0.7474747   0.1425623000E+001   0.9868853963E+000   0.1233487444E+001   0.1002288503E+001
 0.7575758   0.1484056217E+001   0.9897188098E+000   0.1268592234E+001   0.1020546689E+001
 0.7676768   0.1559733831E+001   0.1020084801E+001   0.1237532304E+001   0.9878108349E+000
 0.7777778   0.1585545476E+001   0.1016561675E+001   0.1283367884E+001   0.1034573272E+001
 0.7878788   0.1609749191E+001   0.9971378795E+000   0.1284400377E+001   0.1029095816E+001
 0.7979798   0.1636160394E+001   0.9888426885E+000   0.1258784209E+001   0.1005746818E+001
 0.8080808   0.1667035734E+001   0.9746756208E+000   0.1270977976E+001   0.1019429717E+001
 0.8181818   0.1782054492E+001   0.1003718110E+001   0.1319356679E+001   0.1049179821E+001
 0.8282828   0.1836600910E+001   0.9920302788E+000   0.1294019683E+001   0.1018892712E+001
 0.8383838   0.1930453514E+001   0.1001779458E+001   0.1305345746E+001   0.1022673230E+001
 0.8484848   0.2026741751E+001   0.1029069705E+001   0.1328354981E+001   0.1045549664E+001
 0.8585859   0.2070593556E+001   0.1000567801E+001   0.1329001486E+001   0.1034057747E+001
 0.8686869   0.2122939020E+001   0.1012199709E+001   0.1307514320E+001   0.1029826143E+001
 0.8787879   0.2192384368E+001   0.9937265987E+000   0.1291558226E+001   0.1008689608E+001
 0.8888889   0.2388442599E+001   0.1018761299E+001   0.1329089567E+001   0.1006906750E+001
 0.8989899   0.2420234747E+001   0.1000418674E+001   0.1339801950E+001   0.1028365489E+001
 0.9090909   0.2470897558E+001   0.9820574087E+000   0.1334410433E+001   0.1007443755E+001
 0.9191919   0.2711729452E+001   0.1025900755E+001   0.1406134482E+001   0.1060456936E+001
 0.9292929   0.2747674319E+001   0.9783851556E+000   0.1384237574E+001   0.1011804240E+001
 0.9393939   0.2820301207E+001   0.9682631585E+000   0.1341648096E+001   0.9957370357E+000
 0.9494949   0.3023159969E+001   0.9920489196E+000   0.1409601712E+001   0.1050361233E+001
 0.9595960   0.3114542856E+001   0.9864193743E+000   0.1376572655E+001   0.1020782971E+001
 0.9696970   0.3343625766E+001   0.9892714287E+000   0.1385153936E+001   0.1014510747E+001
 0.9797980   0.3557115596E+001   0.1001854022E+001   0.1431472667E+001   0.1015112193E+001
 0.9898990   0.3619027931E+001   0.9809762377E+000   0.1372185697E+001   0.9831496273E+000
 1.0000000   0.3695307933E+001   0.9820946904E+000   0.1400074786E+001   0.1006434185E+001


 0.0000000   0.1440207305E+000   0.9261811760E+000   0.5985895585E+000   0.1008408277E+001
 0.0101010   0.1416743623E+000   0.9541520301E+000   0.5842660684E+000   0.1021183476E+001
 0.0202020   0.1404818309E+000   0.9414747189E+000   0.5979699820E+000   0.1014096420E+001
 0.0303030   0.1348077830E+000   0.9317560323E+000   0.5692009837E+000   0.9846961214E+000
 0.0404040   0.1293923386E+000   0.9167434270E+000   0.5741799069E+000   0.9987199367E+000
 0.0505051   0.1238432550E+000   0.9351711806E+000   0.5792277521E+000   0.1003402249E+001
 0.0606061   0.1136733233E+000   0.9289115387E+000   0.5754490713E+000   0.1002581399E+001
 0.0707071   0.1109960809E+000   0.9980485369E+000   0.5910716867E+000   0.1027033476E+001
 0.0808081   0.9936334581E-001   0.9681023400E+000   0.5706140182E+000   0.1019206499E+001
 0.0909091   0.9254952284E-001   0.9686115394E+000   0.5787927636E+000   0.1007494937E+001
 0.1010101   0.8686787340E-001   0.1000480403E+001   0.5890585750E+000   0.1024964010E+001
 0.1111111   0.8060476396E-001   0.9871270860E+000   0.5898756014E+000   0.1030501856E+001
 0.1212121   0.7428354437E-001   0.9437573373E+000   0.5886877748E+000   0.9959567942E+000
 0.1313131   0.7182004152E-001   0.9973988686E+000   0.5889467779E+000   0.1024952449E+001
 0.1414141   0.6940945128E-001   0.9906563652E+000   0.5956983210E+000   0.1023935057E+001
 0.1515152   0.7034451132E-001   0.1030330028E+001   0.6192485048E+000   0.1022108377E+001
 0.1616162   0.6837869804E-001   0.9955991118E+000   0.6030187920E+000   0.9926387109E+000
 0.1717172   0.7006765669E-001   0.1036607228E+001   0.6205511523E+000   0.1021472508E+001
 0.1818182   0.7041331753E-001   0.9991722875E+000   0.6082369745E+000   0.9980725058E+000
 0.1919192   0.7132052572E-001   0.1009768904E+001   0.6226999911E+000   0.9919450350E+000
 0.2020202   0.7431472811E-001   0.1023727993E+001   0.6177148695E+000   0.9470526403E+000
 0.2121212   0.7603352390E-001   0.9986104122E+000   0.6484338677E+000   0.1017391381E+001
 0.2222222   0.8008774125E-001   0.1013271845E+001   0.6662832099E+000   0.1027599978E+001
 0.2323232   0.8334740327E-001   0.1015431554E+001   0.6928296833E+000   0.1041253833E+001
 0.2424242   0.9157406131E-001   0.1027450417E+001   0.6864729378E+000   0.1035172607E+001
 0.2525253   0.9813853978E-001   0.1021313685E+001   0.6928042564E+000   0.1018767171E+001
 0.2626263   0.1031924327E+000   0.1021094203E+001   0.6911484990E+000   0.9913207266E+000
 0.2727273   0.1128599098E+000   0.1061882837E+001   0.7213357894E+000   0.1006223198E+001
 0.2828283   0.1212476838E+000   0.1046993142E+001   0.7241805597E+000   0.9666489856E+000
 0.2929293   0.1327364177E+000   0.1049556698E+001   0.7296221327E+000   0.9774125240E+000
 0.3030303   0.1405651586E+000   0.1003228325E+001   0.7426713701E+000   0.9614232935E+000
 0.3131313   0.1541902506E+000   0.1002850815E+001   0.7857071688E+000   0.1004835846E+001
 0.3232323   0.1733802564E+000   0.1042910767E+001   0.7925727407E+000   0.1015298792E+001
 0.3333333   0.1877286380E+000   0.1025317047E+001   0.8004158160E+000   0.9840949356E+000
 0.3434343   0.2044911578E+000   0.1017363000E+001   0.8416593866E+000   0.1043993853E+001
 0.3535354   0.2286508520E+000   0.1064358600E+001   0.8438010905E+000   0.1000546617E+001
 0.3636364   0.2414243488E+000   0.9666186380E+000   0.8561001064E+000   0.9905229993E+000
 0.3737374   0.2738634135E+000   0.9928511905E+000   0.8746254923E+000   0.9828000738E+000
 0.3838384   0.3063664046E+000   0.9973549721E+000   0.9044813018E+000   0.9907542246E+000
 0.3939394   0.3365563692E+000   0.1028925340E+001   0.9051883651E+000   0.9755742828E+000
 0.4040404   0.3711544871E+000   0.1024061607E+001   0.9556873919E+000   0.1035831600E+001
 0.4141414   0.4123420436E+000   0.1012271005E+001   0.9636175864E+000   0.1010905511E+001
 0.4242424   0.4455212412E+000   0.9597356658E+000   0.1009751509E+001   0.1019807685E+001
 0.4343434   0.5001163347E+000   0.9953269535E+000   0.9935335107E+000   0.9878985920E+000
 0.4444444   0.5574160052E+000   0.1006722487E+001   0.1006329914E+001   0.9689149937E+000
 0.4545455   0.6288864497E+000   0.1020725472E+001   0.1059649950E+001   0.1014131104E+001
 0.4646465   0.6959608338E+000   0.9990844945E+000   0.1082305396E+001   0.9829850541E+000
 0.4747475   0.7816407588E+000   0.1000427728E+001   0.1134103669E+001   0.1028628931E+001
 0.4848485   0.8758364203E+000   0.9951864847E+000   0.1099375741E+001   0.9657240844E+000
 0.4949495   0.9740419571E+000   0.1027257273E+001   0.1153142801E+001   0.9864534338E+000
 0.5050505   0.1043391770E+001   0.9989176877E+000   0.1185915913E+001   0.1010558673E+001
 0.5151515   0.1041807891E+001   0.9776278819E+000   0.1210893259E+001   0.1024189405E+001
 0.5252525   0.1033752998E+001   0.1001516361E+001   0.1185901815E+001   0.9722099544E+000
 0.5353535   0.1037113877E+001   0.1000252142E+001   0.1167615362E+001   0.9834475047E+000
 0.5454545   0.1018856756E+001   0.9560395799E+000   0.1172410610E+001   0.1001772111E+001
 0.5555556   0.1032555646E+001   0.9984699434E+000   0.1198178943E+001   0.1011541380E+001
 0.5656566   0.1057080119E+001   0.1001718285E+001   0.1193486608E+001   0.1008373594E+001
 0.5757576   0.1100666855E+001   0.1046071315E+001   0.1170768849E+001   0.1003194146E+001
 0.5858586   0.1107815980E+001   0.1010681952E+001   0.1182948085E+001   0.9906617345E+000
 0.5959596   0.1106635622E+001   0.1007126334E+001   0.1204243980E+001   0.1019009958E+001
 0.6060606   0.1129493052E+001   0.1024131841E+001   0.1191124003E+001   0.1003830016E+001
 0.6161616   0.1125692731E+001   0.1023526069E+001   0.1217202798E+001   0.1015668752E+001
 0.6262626   0.1126346687E+001   0.1005150992E+001   0.1166512062E+001   0.9860025444E+000
 0.6363636   0.1149648858E+001   0.9843177096E+000   0.1186583735E+001   0.9768922670E+000
 0.6464646   0.1184853723E+001   0.1025896481E+001   0.1225013446E+001   0.1020096717E+001
 0.6565657   0.1167791951E+001   0.9921312878E+000   0.1182912165E+001   0.9693196380E+000
 0.6666667   0.1196023421E+001   0.1006327418E+001   0.1170778692E+001   0.9822913781E+000
 0.6767677   0.1244194174E+001   0.1017775627E+001   0.1208443940E+001   0.1001032190E+001
 0.6868687   0.1243858988E+001   0.1004334517E+001   0.1194083736E+001   0.9816323860E+000
 0.6969697   0.1302436720E+001   0.1014448272E+001   0.1204600155E+001   0.1031842963E+001
 0.7070707   0.1298355626E+001   0.9904017654E+000   0.1210633573E+001   0.9946850549E+000
 0.7171717   0.1360394240E+001   0.1020988851E+001   0.1212702074E+001   0.9811930579E+000
 0.7272727   0.1385801866E+001   0.1036299953E+001   0.1221654323E+001   0.1010581795E+001
 0.7373737   0.1388010137E+001   0.9877065199E+000   0.1217626923E+001   0.9870314970E+000
 0.7474747   0.1454115006E+001   0.1009101677E+001   0.1225074402E+001   0.9910779400E+000
 0.7575758   0.1491956609E+001   0.9974515444E+000   0.1233270369E+001   0.9877714181E+000
 0.7676768   0.1525189314E+001   0.9999624246E+000   0.1220395654E+001   0.9698514562E+000
 0.7777778   0.1572535388E+001   0.1010717069E+001   0.1253277335E+001   0.1005876360E+001
 0.7878788   0.1607592667E+001   0.9982680194E+000   0.1250657042E+001   0.9976563002E+000
 0.7979798   0.1675178541E+001   0.1014931133E+001   0.1253079476E+001   0.9967892053E+000
 0.8080808   0.1714448176E+001   0.1004878833E+001   0.1254490439E+001   0.1001783672E+001
 0.8181818   0.1797215968E+001   0.1014764327E+001   0.1293600988E+001   0.1024177844E+001
 0.8282828   0.1814658987E+001   0.9826057458E+000   0.1245962432E+001   0.9767419706E+000
 0.8383838   0.1925634727E+001   0.1001753402E+001   0.1260773894E+001   0.9834128209E+000
 0.8484848   0.2006359548E+001   0.1021243451E+001   0.1296352827E+001   0.1015876855E+001
 0.8585859   0.2064591455E+001   0.1000138011E+001   0.1295279260E+001   0.1003390688E+001
 0.8686869   0.2147838612E+001   0.1026607604E+001   0.1294051739E+001   0.1014743851E+001
 0.8787879   0.2239701921E+001   0.1017687834E+001   0.1299380174E+001   0.1010339009E+001
 0.8888889   0.2359089585E+001   0.1008732947E+001   0.1300757423E+001   0.9811121290E+000
 0.8989899   0.2418917882E+001   0.1002350395E+001   0.1309251372E+001   0.1000500372E+001
 0.9090909   0.2458502043E+001   0.9795505489E+000   0.1314866526E+001   0.9883263588E+000
 0.9191919   0.2653629395E+001   0.1006406432E+001   0.1332150606E+001   0.1000246024E+001
 0.9292929   0.2684976854E+001   0.9584275499E+000   0.1336861180E+001   0.9728805078E+000
 0.9393939   0.2805291019E+001   0.9654948875E+000   0.1319328396E+001   0.9748690455E+000
 0.9494949   0.3010551451E+001   0.9903578689E+000   0.1354333274E+001   0.1004743356E+001
 0.9595960   0.3136867932E+001   0.9959502839E+000   0.1353030450E+001   0.9989164782E+000
 0.9696970   0.3350069859E+001   0.9936325483E+000   0.1363032993E+001   0.9939220114E+000
 0.9797980   0.3479129712E+001   0.9823160289E+000   0.1384852117E+001   0.9777362394E+000
 0.9898990   0.3612046195E+001   0.9815083331E+000   0.1371609649E+001   0.9784183541E+000
 1.0000000   0.3683352688E+001   0.9813415264E+000   0.1381114562E+001   0.9884419715E+000


 0.0000000   0.1442943511E+000   0.9234081081E+000   0.5931985746E+000   0.1000511442E+001
 0.0101010   0.1432209627E+000   0.9598565083E+000   0.5860935540E+000   0.1025592307E+001
 0.0202020   0.1390618517E+000   0.9274060511E+000   0.5890465795E+000   0.1000147839E+001
 0.0303030   0.1357815105E+000   0.9339019790E+000   0.5658705928E+000   0.9800955254E+000
 0.0404040   0.1293378396E+000   0.9118811921E+000   0.5703216098E+000   0.9931852304E+000
 0.0505051   0.1225051635E+000   0.9205482656E+000   0.5750550088E+000   0.9973550596E+000
 0.0606061   0.1142657948E+000   0.9291919935E+000   0.5762817791E+000   0.1005222808E+001
 0.0707071   0.1087924121E+000   0.9734553509E+000   0.5826502727E+000   0.1013601147E+001
 0.0808081   0.1001539842E+000   0.9710390759E+000   0.5646449482E+000   0.1009740767E+001
 0.0909091   0.9297407586E-001   0.9683017981E+000   0.5842123209E+000   0.1018134579E+001
 0.1010101   0.8682454316E-001   0.9950967709E+000   0.5813453112E+000   0.1012742425E+001
 0.1111111   0.7982109695E-001   0.9727549814E+000   0.5874580421E+000   0.1027495420E+001
 0.1212121   0.7470191243E-001   0.9444367047E+000   0.5821477654E+000   0.9860601605E+000
 0.1313131   0.7220027035E-001   0.9977815210E+000   0.5878216773E+000   0.1024207522E+001
 0.1414141   0.7020210390E-001   0.9970753150E+000   0.5890418286E+000   0.1013693982E+001
 0.1515152   0.7075756111E-001   0.1031317551E+001   0.6132967914E+000   0.1013485104E+001
 0.1616162   0.6820273827E-001   0.9881864578E+000   0.6027065828E+000   0.9933012739E+000
 0.1717172   0.6978707559E-001   0.1027412991E+001   0.6142465874E+000   0.1012293724E+001
 0.1818182   0.7142469127E-001   0.1008573049E+001   0.6126364379E+000   0.1006483814E+001
 0.1919192   0.7136700972E-001   0.1005491423E+001   0.6218426826E+000   0.9917540274E+000
 0.2020202   0.7473076641E-001   0.1024430583E+001   0.6175839236E+000   0.9479746892E+000
 0.2121212   0.7743472244E-001   0.1012045715E+001   0.6422833206E+000   0.1008936199E+001
 0.2222222   0.8109180743E-001   0.1020963754E+001   0.6596496427E+000   0.1018575545E+001
 0.2323232   0.8467114432E-001   0.1026520019E+001   0.6765465145E+000   0.1017987591E+001
 0.2424242   0.9192925822E-001   0.1026397455E+001   0.6729704736E+000   0.1016014852E+001
 0.2525253   0.9898210872E-001   0.1025060916E+001   0.7013330516E+000   0.1032531708E+001
 0.2626263   0.1052736362E+000   0.1036599505E+001   0.6985725169E+000   0.1003157234E+001
 0.2727273   0.1141681612E+000   0.1068944907E+001   0.7144584261E+000   0.9978114973E+000
 0.2828283   0.1225065503E+000   0.1052696332E+001   0.7233293321E+000   0.9666576901E+000
 0.2929293   0.1340480861E+000   0.1054750750E+001   0.7365092141E+000   0.9878085490E+000
 0.3030303   0.1422394241E+000   0.1010218917E+001   0.7351937152E+000   0.9528717242E+000
 0.3131313   0.1551855771E+000   0.1004394177E+001   0.7708257034E+000   0.9869730359E+000
 0.3232323   0.1726562702E+000   0.1033482860E+001   0.7832710081E+000   0.1004572964E+001
 0.3333333   0.1893471874E+000   0.1029105550E+001   0.8008443377E+000   0.9857893924E+000
 0.3434343   0.2078715020E+000   0.1029128896E+001   0.8310963633E+000   0.1032113951E+001
 0.3535354   0.2305793553E+000   0.1068092790E+001   0.8306121613E+000   0.9860756330E+000
 0.3636364   0.2495607871E+000   0.9943146916E+000   0.8531034555E+000   0.9882263055E+000
 0.3737374   0.2790220673E+000   0.1006612014E+001   0.8733998008E+000   0.9825865922E+000
 0.3838384   0.3144337168E+000   0.1018617516E+001   0.9012601405E+000   0.9883965026E+000
 0.3939394   0.3399903962E+000   0.1034346649E+001   0.9145725164E+000   0.9868569924E+000
 0.4040404   0.3781443916E+000   0.1038251210E+001   0.9497963403E+000   0.1030667276E+001
 0.4141414   0.4187534206E+000   0.1022988989E+001   0.9645271535E+000   0.1013059611E+001
 0.4242424   0.4581731561E+000   0.9821691158E+000   0.9907804932E+000   0.1001834338E+001
 0.4343434   0.5069756815E+000   0.1004049829E+001   0.9913959228E+000   0.9869420910E+000
 0.4444444   0.5672545712E+000   0.1019487142E+001   0.1007507234E+001   0.9711988584E+000
 0.4545455   0.6369342352E+000   0.1028737856E+001   0.1051834804E+001   0.1007845390E+001
 0.4646465   0.7072244738E+000   0.1010294791E+001   0.1076697210E+001   0.9790511341E+000
 0.4747475   0.7817044239E+000   0.9956220481E+000   0.1120718068E+001   0.1017693614E+001
 0.4848485   0.8828951813E+000   0.9983067982E+000   0.1114045160E+001   0.9797706037E+000
 0.4949495   0.9833260140E+000   0.1031982902E+001   0.1167089030E+001   0.9995676220E+000
 0.5050505   0.1053398022E+001   0.1003571243E+001   0.1187760094E+001   0.1013330379E+001
 0.5151515   0.1047722319E+001   0.9783754472E+000   0.1197284316E+001   0.1013879652E+001
 0.5252525   0.1045856331E+001   0.1008292901E+001   0.1182237947E+001   0.9703556091E+000
 0.5353535   0.1053945622E+001   0.1011520438E+001   0.1171523261E+001   0.9879091200E+000
 0.5454545   0.1041271578E+001   0.9722997411E+000   0.1170624463E+001   0.1001432054E+001
 0.5555556   0.1062583031E+001   0.1022487058E+001   0.1195654581E+001   0.1010607225E+001
 0.5656566   0.1074223302E+001   0.1012991214E+001   0.1194119087E+001   0.1010104370E+001
 0.5757576   0.1110686408E+001   0.1050437641E+001   0.1172792949E+001   0.1006120211E+001
 0.5858586   0.1112814555E+001   0.1010283118E+001   0.1180819812E+001   0.9900520563E+000
 0.5959596   0.1112028256E+001   0.1007090600E+001   0.1202414446E+001   0.1018668379E+001
 0.6060606   0.1138525041E+001   0.1027278753E+001   0.1189080875E+001   0.1003296486E+001
 0.6161616   0.1136262517E+001   0.1028090015E+001   0.1216897695E+001   0.1016618278E+001
 0.6262626   0.1127211405E+001   0.1001009057E+001   0.1172493554E+001   0.9922336738E+000
 0.6363636   0.1151475601E+001   0.9810660337E+000   0.1173765859E+001   0.9674854669E+000
 0.6464646   0.1189022611E+001   0.1024477275E+001   0.1211335849E+001   0.1009903228E+001
 0.6565657   0.1177943167E+001   0.9958671775E+000   0.1187375561E+001   0.9741308904E+000
 0.6666667   0.1206744198E+001   0.1010388173E+001   0.1168748775E+001   0.9817510791E+000
 0.6767677   0.1261502540E+001   0.1026893550E+001   0.1218464614E+001   0.1010529863E+001
 0.6868687   0.1271292866E+001   0.1021471522E+001   0.1203660560E+001   0.9906786911E+000
 0.6969697   0.1288840220E+001   0.9989546400E+000   0.1212483093E+001   0.1039826975E+001
 0.7070707   0.1302356318E+001   0.9886008431E+000   0.1215530202E+001   0.9998925437E+000
 0.7171717   0.1350791427E+001   0.1008829851E+001   0.1213243864E+001   0.9827954705E+000
 0.7272727   0.1392512719E+001   0.1036231811E+001   0.1225525050E+001   0.1014985933E+001
 0.7373737   0.1408960493E+001   0.9977173204E+000   0.1235167778E+001   0.1002437764E+001
 0.7474747   0.1454097890E+001   0.1004160721E+001   0.1239100490E+001   0.1003613671E+001
 0.7575758   0.1503565939E+001   0.1000302851E+001   0.1243558420E+001   0.9971925987E+000
 0.7676768   0.1513901924E+001   0.9877137083E+000   0.1232564324E+001   0.9806834791E+000
 0.7777778   0.1569100185E+001   0.1003582916E+001   0.1255369762E+001   0.1008750530E+001
 0.7878788   0.1605364841E+001   0.9920151448E+000   0.1255327320E+001   0.1002569280E+001
 0.7979798   0.1668334879E+001   0.1005847444E+001   0.1260290554E+001   0.1003714242E+001
 0.8080808   0.1707573439E+001   0.9959605601E+000   0.1264669809E+001   0.1011110080E+001
 0.8181818   0.1784808053E+001   0.1002835855E+001   0.1284200833E+001   0.1017941174E+001
 0.8282828   0.1825409919E+001   0.9835990370E+000   0.1250346468E+001   0.9813410588E+000
 0.8383838   0.1910942916E+001   0.9892545214E+000   0.1284563728E+001   0.1003157234E+001
 0.8484848   0.1996217179E+001   0.1011117725E+001   0.1286749936E+001   0.1009547362E+001
 0.8585859   0.2048250136E+001   0.9873751963E+000   0.1292586243E+001   0.1002491918E+001
 0.8686869   0.2123704495E+001   0.1010113862E+001   0.1304139701E+001   0.1023867127E+001
 0.8787879   0.2210776127E+001   0.9996375004E+000   0.1291557274E+001   0.1005447158E+001
 0.8888889   0.2335440329E+001   0.9937427231E+000   0.1316003388E+001   0.9937886565E+000
 0.8989899   0.2413752812E+001   0.9953243911E+000   0.1329930347E+001   0.1017507945E+001
 0.9090909   0.2469828966E+001   0.9792567456E+000   0.1315304181E+001   0.9898277056E+000
 0.9191919   0.2622259664E+001   0.9896513975E+000   0.1335453918E+001   0.1003915384E+001
 0.9292929   0.2673162799E+001   0.9495494026E+000   0.1329550713E+001   0.9687077916E+000
 0.9393939   0.2767748946E+001   0.9479210434E+000   0.1322780927E+001   0.9785792239E+000
 0.9494949   0.2975514226E+001   0.9740506651E+000   0.1342542421E+001   0.9971771262E+000
 0.9595960   0.3092021726E+001   0.9769163439E+000   0.1348917728E+001   0.9970610827E+000
 0.9696970   0.3299971315E+001   0.9739923010E+000   0.1370444409E+001   0.1000511442E+001
 0.9797980   0.3474205748E+001   0.9761342646E+000   0.1403524500E+001   0.9920944216E+000
 0.9898990   0.3599714661E+001   0.9733794776E+000   0.1384227323E+001   0.9885899084E+000
 1.0000000   0.3683575318E+001   0.9766070140E+000   0.1405565018E+001   0.1007133657E+001


 0.0000000   0.1445338143E+000   0.9266123379E+000   0.5943502674E+000   0.1000532822E+001
 0.0101010   0.1444208783E+000   0.9696476913E+000   0.5946546926E+000   0.1038579095E+001
 0.0202020   0.1392797018E+000   0.9305377712E+000   0.5921480888E+000   0.1003487140E+001
 0.0303030   0.1379888569E+000   0.9507994843E+000   0.5830603661E+000   0.1007933127E+001
 0.0404040   0.1328766300E+000   0.9385242996E+000   0.5865403240E+000   0.1019471798E+001
 0.0505051   0.1232367567E+000   0.9277195114E+000   0.5837754692E+000   0.1010539195E+001
 0.0606061   0.1162714975E+000   0.9472110168E+000   0.5846792745E+000   0.1017916283E+001
 0.0707071   0.1083519888E+000   0.9712668778E+000   0.5871434430E+000   0.1019460190E+001
 0.0808081   0.9980165210E-001   0.9693719919E+000   0.5755484465E+000   0.1027266786E+001
 0.0909091   0.9372511999E-001   0.9778880381E+000   0.5916420255E+000   0.1029106705E+001
 0.1010101   0.8667957124E-001   0.9952308391E+000   0.5903042437E+000   0.1026378749E+001
 0.1111111   0.8073842941E-001   0.9857126478E+000   0.5961553491E+000   0.1040709222E+001
 0.1212121   0.7461169250E-001   0.9450010459E+000   0.5877338747E+000   0.9936142624E+000
 0.1313131   0.7178114381E-001   0.9937823236E+000   0.5954889130E+000   0.1035578344E+001
 0.1414141   0.6977296386E-001   0.9927714260E+000   0.5915328297E+000   0.1016029931E+001
 0.1515152   0.6973373786E-001   0.1018232041E+001   0.6140783005E+000   0.1012831838E+001
 0.1616162   0.6774223169E-001   0.9832882441E+000   0.6128331648E+000   0.1008055014E+001
 0.1717172   0.6961697398E-001   0.1026761215E+001   0.6235691038E+000   0.1025688054E+001
 0.1818182   0.7042845997E-001   0.9963030032E+000   0.6117161872E+000   0.1003046024E+001
 0.1919192   0.7055284209E-001   0.9958172472E+000   0.6242527070E+000   0.9936897165E+000
 0.2020202   0.7424113229E-001   0.1019558023E+001   0.6290793041E+000   0.9637692684E+000
 0.2121212   0.7597301033E-001   0.9947363308E+000   0.6515357423E+000   0.1021509059E+001
 0.2222222   0.8118725447E-001   0.1024012974E+001   0.6653956933E+000   0.1025479104E+001
 0.2323232   0.8450184821E-001   0.1026319221E+001   0.6763255696E+000   0.1015704898E+001
 0.2424242   0.9168363377E-001   0.1025505252E+001   0.6749544182E+000   0.1017057267E+001
 0.2525253   0.9797362708E-001   0.1016450936E+001   0.7091295942E+000   0.1042009354E+001
 0.2626263   0.1044066600E+000   0.1029920817E+001   0.6973457235E+000   0.9994764647E+000
 0.2727273   0.1135052439E+000   0.1064658934E+001   0.7238993058E+000   0.1009059134E+001
 0.2828283   0.1209305405E+000   0.1041031938E+001   0.7314035802E+000   0.9755749311E+000
 0.2929293   0.1332922196E+000   0.1050698920E+001   0.7414842983E+000   0.9925753177E+000
 0.3030303   0.1408535989E+000   0.1002184589E+001   0.7436296667E+000   0.9619583702E+000
 0.3131313   0.1535888643E+000   0.9958566328E+000   0.7714029380E+000   0.9858192747E+000
 0.3232323   0.1745560156E+000   0.1046742853E+001   0.7890413132E+000   0.1010034233E+001
 0.3333333   0.1877174278E+000   0.1022091832E+001   0.8041779592E+000   0.9879958349E+000
 0.3434343   0.2077946581E+000   0.1030607878E+001   0.8307342146E+000   0.1029687121E+001
 0.3535354   0.2285237388E+000   0.1060484058E+001   0.8371977277E+000   0.9919890975E+000
 0.3636364   0.2487502017E+000   0.9928764543E+000   0.8583825727E+000   0.9924360178E+000
 0.3737374   0.2777089546E+000   0.1003685619E+001   0.8784054937E+000   0.9863242367E+000
 0.3838384   0.3096133492E+000   0.1004814673E+001   0.9013466571E+000   0.9865970322E+000
 0.3939394   0.3360639656E+000   0.1024249288E+001   0.9171542847E+000   0.9877462560E+000
 0.4040404   0.3749395162E+000   0.1031312443E+001   0.9505757157E+000   0.1029536213E+001
 0.4141414   0.4153729199E+000   0.1016564716E+001   0.9692568741E+000   0.1016076364E+001
 0.4242424   0.4559093500E+000   0.9790827352E+000   0.9962702182E+000   0.1005454750E+001
 0.4343434   0.5041217060E+000   0.1000202180E+001   0.1000441072E+001   0.9940379662E+000
 0.4444444   0.5649118149E+000   0.1017111739E+001   0.1016053312E+001   0.9775599541E+000
 0.4545455   0.6326080525E+000   0.1023597237E+001   0.1057642257E+001   0.1011467861E+001
 0.4646465   0.7099535240E+000   0.1016026446E+001   0.1068583788E+001   0.9698113996E+000
 0.4747475   0.7798571453E+000   0.9950645443E+000   0.1115911116E+001   0.1011386602E+001
 0.4848485   0.8835858994E+000   0.1000893616E+001   0.1110809281E+001   0.9750525567E+000
 0.4949495   0.9854178398E+000   0.1036047469E+001   0.1159540885E+001   0.9911997316E+000
 0.5050505   0.1057183715E+001   0.1008998301E+001   0.1177267631E+001   0.1002453999E+001
 0.5151515   0.1050512839E+001   0.9827543501E+000   0.1197787226E+001   0.1012361701E+001
 0.5252525   0.1042447841E+001   0.1006823340E+001   0.1174115779E+001   0.9618422870E+000
 0.5353535   0.1041187256E+001   0.1001081792E+001   0.1162055723E+001   0.9780475036E+000
 0.5454545   0.1053431976E+001   0.9854325723E+000   0.1173871924E+001   0.1002285678E+001
 0.5555556   0.1045166364E+001   0.1007545409E+001   0.1189248913E+001   0.1003266582E+001
 0.5656566   0.1071667147E+001   0.1012407345E+001   0.1190416581E+001   0.1005042655E+001
 0.5757576   0.1100972319E+001   0.1043132505E+001   0.1161137355E+001   0.9942120910E+000
 0.5858586   0.1111597880E+001   0.1011002592E+001   0.1198427282E+001   0.1002889311E+001
 0.5959596   0.1107498926E+001   0.1004801545E+001   0.1189734528E+001   0.1005994537E+001
 0.6060606   0.1129149548E+001   0.1020660821E+001   0.1187861752E+001   0.1000347089E+001
 0.6161616   0.1127334436E+001   0.1021855518E+001   0.1209597735E+001   0.1008583193E+001
 0.6262626   0.1129376667E+001   0.1004744654E+001   0.1168009553E+001   0.9865447948E+000
 0.6363636   0.1147253964E+001   0.9792359015E+000   0.1171763437E+001   0.9639840223E+000
 0.6464646   0.1181533221E+001   0.1019864356E+001   0.1205427976E+001   0.1003051828E+001
 0.6565657   0.1183059866E+001   0.1002000789E+001   0.1189058546E+001   0.9736421456E+000
 0.6666667   0.1203040443E+001   0.1009107706E+001   0.1169919192E+001   0.9808509132E+000
 0.6767677   0.1260078494E+001   0.1027588313E+001   0.1204491721E+001   0.9970271089E+000
 0.6868687   0.1262887048E+001   0.1016551588E+001   0.1212215982E+001   0.9958082352E+000
 0.6969697   0.1286763301E+001   0.9991475202E+000   0.1208023506E+001   0.1034017025E+001
 0.7070707   0.1308840125E+001   0.9953183627E+000   0.1203317438E+001   0.9879494016E+000
 0.7171717   0.1349860406E+001   0.1009956685E+001   0.1208466091E+001   0.9770491879E+000
 0.7272727   0.1383196058E+001   0.1031159276E+001   0.1216228459E+001   0.1005356079E+001
 0.7373737   0.1417169563E+001   0.1005344191E+001   0.1235216361E+001   0.1000556039E+001
 0.7474747   0.1458587127E+001   0.1009081449E+001   0.1233324849E+001   0.9970213048E+000
 0.7575758   0.1491470345E+001   0.9940492705E+000   0.1239553405E+001   0.9920761599E+000
 0.7676768   0.1526882934E+001   0.9979834563E+000   0.1237107896E+001   0.9824122324E+000
 0.7777778   0.1566374867E+001   0.1003650609E+001   0.1247606143E+001   0.1000590864E+001
 0.7878788   0.1604135474E+001   0.9930471253E+000   0.1241078812E+001   0.9892901628E+000
 0.7979798   0.1671179165E+001   0.1009383405E+001   0.1258949035E+001   0.1000724359E+001
 0.8080808   0.1711092703E+001   0.9998170757E+000   0.1255508587E+001   0.1001861975E+001
 0.8181818   0.1786634954E+001   0.1005676781E+001   0.1281411634E+001   0.1013783721E+001
 0.8282828   0.1822951372E+001   0.9840496994E+000   0.1249002182E+001   0.9784073615E+000
 0.8383838   0.1911179721E+001   0.9911653680E+000   0.1284139718E+001   0.1000904288E+001
 0.8484848   0.1991431434E+001   0.1010516836E+001   0.1284320358E+001   0.1005710133E+001
 0.8585859   0.2052067701E+001   0.9910034493E+000   0.1291929918E+001   0.1000062685E+001
 0.8686869   0.2111865180E+001   0.1006298198E+001   0.1295990218E+001   0.1015519165E+001
 0.8787879   0.2210429908E+001   0.1001287472E+001   0.1288705819E+001   0.1001304775E+001
 0.8888889   0.2330980852E+001   0.9936379096E+000   0.1304830160E+001   0.9834627855E+000
 0.8989899   0.2407222262E+001   0.9944256220E+000   0.1322924709E+001   0.1010208358E+001
 0.9090909   0.2496742207E+001   0.9917167666E+000   0.1319254527E+001   0.9908979153E+000
 0.9191919   0.2620271264E+001   0.9906883644E+000   0.1321055215E+001   0.9911881233E+000
 0.9292929   0.2700407677E+001   0.9609609741E+000   0.1329702257E+001   0.9669615567E+000
 0.9393939   0.2794217714E+001   0.9587159938E+000   0.1330197515E+001   0.9821800660E+000
 0.9494949   0.2989413149E+001   0.9803693321E+000   0.1335726146E+001   0.9902130243E+000
 0.9595960   0.3084162398E+001   0.9761944564E+000   0.1336426942E+001   0.9859353579E+000
 0.9696970   0.3298667926E+001   0.9753673584E+000   0.1364231579E+001   0.9940669870E+000
 0.9797980   0.3454531947E+001   0.9723609228E+000   0.1386909505E+001   0.9784712073E+000
 0.9898990   0.3625032559E+001   0.9819972710E+000   0.1374212380E+001   0.9795565853E+000
 1.0000000   0.3709169105E+001   0.9851700015E+000   0.1383922156E+001   0.9897254748E+000


 0.0000000   0.1446522843E+000   0.9250316534E+000   0.5929868930E+000   0.9979166185E+000
 0.0101010   0.1442473788E+000   0.9660388657E+000   0.5942725373E+000   0.1037577799E+001
 0.0202020   0.1399906114E+000   0.9329272341E+000   0.5917325009E+000   0.1002460309E+001
 0.0303030   0.1377743738E+000   0.9469260182E+000   0.5848678567E+000   0.1010732511E+001
 0.0404040   0.1340807111E+000   0.9446390708E+000   0.5893817773E+000   0.1024081048E+001
 0.0505051   0.1247320741E+000   0.9366066940E+000   0.5875170350E+000   0.1016688867E+001
 0.0606061   0.1166933080E+000   0.9482483789E+000   0.5864614780E+000   0.1020690649E+001
 0.0707071   0.1090256541E+000   0.9748394042E+000   0.5863708286E+000   0.1017791210E+001
 0.0808081   0.1000391981E+000   0.9692272633E+000   0.5772215379E+000   0.1029921612E+001
 0.0909091   0.9391095049E-001   0.9773543449E+000   0.5917043818E+000   0.1028884113E+001
 0.1010101   0.8678844326E-001   0.9939662820E+000   0.5908270479E+000   0.1026957329E+001
 0.1111111   0.8179786671E-001   0.9961269563E+000   0.5992318948E+000   0.1045743473E+001
 0.1212121   0.7579045549E-001   0.9575084115E+000   0.5894574212E+000   0.9962075241E+000
 0.1313131   0.7261562021E-001   0.1002798389E+001   0.5949736738E+000   0.1034349510E+001
 0.1414141   0.6997262412E-001   0.9930999078E+000   0.5950633123E+000   0.1021765202E+001
 0.1515152   0.7034193605E-001   0.1024520882E+001   0.6108789859E+000   0.1007230952E+001
 0.1616162   0.6819518292E-001   0.9873650013E+000   0.6170668827E+000   0.1014692608E+001
 0.1717172   0.7039065695E-001   0.1035552246E+001   0.6250064146E+000   0.1027721558E+001
 0.1818182   0.7092426947E-001   0.1000785033E+001   0.6112081485E+000   0.1001890610E+001
 0.1919192   0.7114721696E-001   0.1001672453E+001   0.6252062721E+000   0.9948874918E+000
 0.2020202   0.7485961407E-001   0.1025457408E+001   0.6362571844E+000   0.9744524657E+000
 0.2121212   0.7673685215E-001   0.1002202099E+001   0.6539123791E+000   0.1024905489E+001
 0.2222222   0.8172268758E-001   0.1028165266E+001   0.6623063299E+000   0.1020389589E+001
 0.2323232   0.8531098129E-001   0.1033531876E+001   0.6730460600E+000   0.1010454609E+001
 0.2424242   0.9144977722E-001   0.1020308269E+001   0.6795914117E+000   0.1023715144E+001
 0.2525253   0.9830951425E-001   0.1017361895E+001   0.7089043862E+000   0.1041343365E+001
 0.2626263   0.1053097771E+000   0.1036208165E+001   0.7011170108E+000   0.1004558465E+001
 0.2727273   0.1134729074E+000   0.1061669747E+001   0.7199484646E+000   0.1003229170E+001
 0.2828283   0.1223331667E+000   0.1050448973E+001   0.7331591436E+000   0.9776020164E+000
 0.2929293   0.1332202409E+000   0.1047481554E+001   0.7431599652E+000   0.9944984296E+000
 0.3030303   0.1413720411E+000   0.1003335050E+001   0.7463851095E+000   0.9652122397E+000
 0.3131313   0.1561386705E+000   0.1009834611E+001   0.7677387736E+000   0.9808210425E+000
 0.3232323   0.1755761695E+000   0.1050203442E+001   0.7930332265E+000   0.1014817663E+001
 0.3333333   0.1887771373E+000   0.1025267998E+001   0.8043308744E+000   0.9878658464E+000
 0.3434343   0.2086362950E+000   0.1032170932E+001   0.8329476044E+000   0.1032098507E+001
 0.3535354   0.2281690932E+000   0.1056166342E+001   0.8396129308E+000   0.9945308515E+000
 0.3636364   0.2496241626E+000   0.9938505316E+000   0.8604992750E+000   0.9945632733E+000
 0.3737374   0.2786265977E+000   0.1004460986E+001   0.8818357909E+000   0.9898574740E+000
 0.3838384   0.3091951753E+000   0.1000925337E+001   0.8997739812E+000   0.9845588181E+000
 0.3939394   0.3357401111E+000   0.1020680073E+001   0.9173582717E+000   0.9876481568E+000
 0.4040404   0.3777529725E+000   0.1036429143E+001   0.9507883562E+000   0.1029435284E+001
 0.4141414   0.4174299363E+000   0.1019020984E+001   0.9674262613E+000   0.1013831113E+001
 0.4242424   0.4572334275E+000   0.9794483750E+000   0.9900556383E+000   0.9988614837E+000
 0.4343434   0.5044367410E+000   0.9983016609E+000   0.9980743474E+000   0.9913674057E+000
 0.4444444   0.5696207899E+000   0.1023002096E+001   0.1016457680E+001   0.9776344382E+000
 0.4545455   0.6307167466E+000   0.1017961692E+001   0.1059253014E+001   0.1012682453E+001
 0.4646465   0.7078617431E+000   0.1010476499E+001   0.1072771848E+001   0.9732991743E+000
 0.4747475   0.7840042069E+000   0.9978316441E+000   0.1112010739E+001   0.1007527380E+001
 0.4848485   0.8845982801E+000   0.9995117788E+000   0.1126903506E+001   0.9888616602E+000
 0.4949495   0.9883717437E+000   0.1036530863E+001   0.1162771445E+001   0.9936415666E+000
 0.5050505   0.1065419570E+001   0.1014292755E+001   0.1172408580E+001   0.9979953573E+000
 0.5151515   0.1050766586E+001   0.9805111741E+000   0.1195964840E+001   0.1010496295E+001
 0.5252525   0.1037004151E+001   0.9990382544E+000   0.1172573937E+001   0.9602702240E+000
 0.5353535   0.1043862990E+001   0.1001121762E+001   0.1166265512E+001   0.9812749483E+000
 0.5454545   0.1052179744E+001   0.9817774134E+000   0.1169858095E+001   0.9985372653E+000
 0.5555556   0.1051179718E+001   0.1010785167E+001   0.1193925938E+001   0.1006888206E+001
 0.5656566   0.1089384824E+001   0.1026548268E+001   0.1187975955E+001   0.1002659471E+001
 0.5757576   0.1097985949E+001   0.1037677845E+001   0.1168825779E+001   0.1000473313E+001
 0.5858586   0.1105076745E+001   0.1002535320E+001   0.1195714515E+001   0.1000297308E+001
 0.5959596   0.1100734746E+001   0.9961444942E+000   0.1192456754E+001   0.1007972022E+001
 0.6060606   0.1126429441E+001   0.1015632654E+001   0.1188911050E+001   0.1000908692E+001
 0.6161616   0.1131210161E+001   0.1022781118E+001   0.1212548781E+001   0.1010718616E+001
 0.6262626   0.1135645477E+001   0.1007772149E+001   0.1162242923E+001   0.9813583188E+000
 0.6363636   0.1154109633E+001   0.9826016966E+000   0.1178589905E+001   0.9692881288E+000
 0.6464646   0.1189515124E+001   0.1024163108E+001   0.1206374242E+001   0.1003516334E+001
 0.6565657   0.1181329634E+001   0.9980105311E+000   0.1189735093E+001   0.9738827675E+000
 0.6666667   0.1209992153E+001   0.1012377612E+001   0.1180257013E+001   0.9891997737E+000
 0.6767677   0.1259447934E+001   0.1024482298E+001   0.1205019483E+001   0.9971431259E+000
 0.6868687   0.1262451747E+001   0.1013636836E+001   0.1203233420E+001   0.9881113261E+000
 0.6969697   0.1287472809E+001   0.9971757251E+000   0.1206370386E+001   0.1032269880E+001
 0.7070707   0.1316033393E+001   0.9982630775E+000   0.1201322966E+001   0.9859946427E+000
 0.7171717   0.1349897036E+001   0.1007435420E+001   0.1216243677E+001   0.9830210963E+000
 0.7272727   0.1384404876E+001   0.1029456058E+001   0.1214634463E+001   0.1003715497E+001
 0.7373737   0.1410162839E+001   0.9978491821E+000   0.1231639339E+001   0.9973376570E+000
 0.7474747   0.1463871776E+001   0.1010181862E+001   0.1226662464E+001   0.9913164571E+000
 0.7575758   0.1490264718E+001   0.9907393010E+000   0.1235749337E+001   0.9887134460E+000
 0.7676768   0.1525606250E+001   0.9946327238E+000   0.1230705746E+001   0.9770137915E+000
 0.7777778   0.1561414180E+001   0.9979473945E+000   0.1244591189E+001   0.9978517748E+000
 0.7878788   0.1609523193E+001   0.9938680696E+000   0.1235005952E+001   0.9841327024E+000
 0.7979798   0.1662683815E+001   0.1001718052E+001   0.1259795922E+001   0.1001075433E+001
 0.8080808   0.1711870618E+001   0.9977474620E+000   0.1257847082E+001   0.1003405174E+001
 0.8181818   0.1781230521E+001   0.1000104561E+001   0.1270739341E+001   0.1005017003E+001
 0.8282828   0.1834332654E+001   0.9876947145E+000   0.1255106431E+001   0.9828728821E+000
 0.8383838   0.1903569345E+001   0.9847272950E+000   0.1282085736E+001   0.9989819077E+000
 0.8484848   0.1984809901E+001   0.1004615319E+001   0.1280144312E+001   0.1002117563E+001
 0.8585859   0.2054133130E+001   0.9894976148E+000   0.1290206775E+001   0.9984075779E+000
 0.8686869   0.2110523399E+001   0.1003121087E+001   0.1292573024E+001   0.1012515712E+001
 0.8787879   0.2208210622E+001   0.9977579848E+000   0.1287227118E+001   0.9998341391E+000
 0.8888889   0.2326068187E+001   0.9890416284E+000   0.1295301649E+001   0.9759670290E+000
 0.8989899   0.2401761304E+001   0.9896659791E+000   0.1321907341E+001   0.1009106787E+001
 0.9090909   0.2495182325E+001   0.9885961647E+000   0.1313654644E+001   0.9863744415E+000
 0.9191919   0.2595877940E+001   0.9789888809E+000   0.1307164583E+001   0.9804505071E+000
 0.9292929   0.2706999083E+001   0.9608756960E+000   0.1335076205E+001   0.9705572125E+000
 0.9393939   0.2800402450E+001   0.9584133692E+000   0.1330610346E+001   0.9821688649E+000
 0.9494949   0.2990257547E+001   0.9781716129E+000   0.1335294925E+001   0.9895749408E+000
 0.9595960   0.3067841932E+001   0.9685783595E+000   0.1328440174E+001   0.9797279631E+000
 0.9696970   0.3288002585E+001   0.9697604167E+000   0.1367583664E+001   0.9961889973E+000
 0.9797980   0.3436693837E+001   0.9648988996E+000   0.1375714355E+001   0.9702607842E+000
 0.9898990   0.3632857509E+001   0.9816336023E+000   0.1382207388E+001   0.9849386169E+000
 1.0000000   0.3704595525E+001   0.9814722533E+000   0.1392643762E+001   0.9956424576E+000


 0.0000000   0.1449789614E+000   0.9291675956E+000   0.5945628446E+000   0.1001011719E+001
 0.0101010   0.1450031385E+000   0.9732442463E+000   0.5955434406E+000   0.1040257104E+001
 0.0202020   0.1401267801E+000   0.9358964007E+000   0.5869757223E+000   0.9948420566E+000
 0.0303030   0.1379603731E+000   0.9502978300E+000   0.5812383754E+000   0.1004904976E+001
 0.0404040   0.1345500829E+000   0.9500388008E+000   0.5882927358E+000   0.1022641342E+001
 0.0505051   0.1257017365E+000   0.9459717443E+000   0.5863195735E+000   0.1015065886E+001
 0.0606061   0.1167855081E+000   0.9510927818E+000   0.5842009970E+000   0.1017206612E+001
 0.0707071   0.1087098035E+000   0.9741612693E+000   0.5854209155E+000   0.1016592284E+001
 0.0808081   0.9995992534E-001   0.9705973845E+000   0.5758435396E+000   0.1027917779E+001
 0.0909091   0.9377587578E-001   0.9781032773E+000   0.5897517967E+000   0.1025942884E+001
 0.1010101   0.8684733816E-001   0.9968367470E+000   0.5870888051E+000   0.1020911425E+001
 0.1111111   0.8130624614E-001   0.9923260657E+000   0.5952867897E+000   0.1039318652E+001
 0.1212121   0.7573993745E-001   0.9589827523E+000   0.5905756861E+000   0.9985393315E+000
 0.1313131   0.7259089453E-001   0.1004670148E+001   0.5910275505E+000   0.1027944161E+001
 0.1414141   0.6989029468E-001   0.9941214062E+000   0.5937851847E+000   0.1020021968E+001
 0.1515152   0.6970229452E-001   0.1017445946E+001   0.6058719261E+000   0.9994174813E+000
 0.1616162   0.6772697116E-001   0.9827509165E+000   0.6149840412E+000   0.1011715349E+001
 0.1717172   0.7013031142E-001   0.1033999997E+001   0.6224962222E+000   0.1024047136E+001
 0.1818182   0.7054799591E-001   0.9976733817E+000   0.6126769558E+000   0.1004742914E+001
 0.1919192   0.7119090989E-001   0.1004500439E+001   0.6267783942E+000   0.9978307813E+000
 0.2020202   0.7469301121E-001   0.1025434169E+001   0.6365314755E+000   0.9753041640E+000
 0.2121212   0.7619429095E-001   0.9973131226E+000   0.6498836538E+000   0.1019042058E+001
 0.2222222   0.8116123947E-001   0.1023355980E+001   0.6581436124E+000   0.1014425176E+001
 0.2323232   0.8463806173E-001   0.1027643360E+001   0.6707746963E+000   0.1007490430E+001
 0.2424242   0.9050692561E-001   0.1012018241E+001   0.6827670785E+000   0.1028954222E+001
 0.2525253   0.9776460073E-001   0.1013956495E+001   0.7045816887E+000   0.1035451778E+001
 0.2626263   0.1043300329E+000   0.1028834299E+001   0.7039012355E+000   0.1008994215E+001
 0.2727273   0.1129192491E+000   0.1058822142E+001   0.7167929513E+000   0.9992742638E+000
 0.2828283   0.1218233262E+000   0.1048380585E+001   0.7329372750E+000   0.9777388628E+000
 0.2929293   0.1318506929E+000   0.1039001941E+001   0.7459085181E+000   0.9986184780E+000
 0.3030303   0.1402721600E+000   0.9977269739E+000   0.7494098503E+000   0.9695528476E+000
 0.3131313   0.1550659306E+000   0.1005110795E+001   0.7696908305E+000   0.9837502322E+000
 0.3232323   0.1736222891E+000   0.1040809191E+001   0.7949251246E+000   0.1017689029E+001
 0.3333333   0.1877813572E+000   0.1022111449E+001   0.8078029307E+000   0.9925694198E+000
 0.3434343   0.2065075031E+000   0.1023894880E+001   0.8289480330E+000   0.1027597424E+001
 0.3535354   0.2273526176E+000   0.1054710426E+001   0.8391414159E+000   0.9944124039E+000
 0.3636364   0.2485578942E+000   0.9917901432E+000   0.8598608780E+000   0.9942654174E+000
 0.3737374   0.2767151096E+000   0.9997724116E+000   0.8823670027E+000   0.9908922666E+000
 0.3838384   0.3062737122E+000   0.9936569400E+000   0.9032023251E+000   0.9887477718E+000
 0.3939394   0.3347774593E+000   0.1020000510E+001   0.9188794774E+000   0.9897239127E+000
 0.4040404   0.3730251048E+000   0.1025717017E+001   0.9490466707E+000   0.1028004464E+001
 0.4141414   0.4134935454E+000   0.1011640118E+001   0.9603176736E+000   0.1006827107E+001
 0.4242424   0.4537357106E+000   0.9741017224E+000   0.9834210054E+000   0.9926071087E+000
 0.4343434   0.5057978267E+000   0.1003205293E+001   0.9922808955E+000   0.9860492512E+000
 0.4444444   0.5672160740E+000   0.1020932419E+001   0.1016182967E+001   0.9778029338E+000
 0.4545455   0.6316314257E+000   0.1021688666E+001   0.1057859810E+001   0.1011798264E+001
 0.4646465   0.7056755982E+000   0.1009579794E+001   0.1074036826E+001   0.9748782801E+000
 0.4747475   0.7860114166E+000   0.1002594937E+001   0.1111918602E+001   0.1007889932E+001
 0.4848485   0.8839656116E+000   0.1001002056E+001   0.1132701858E+001   0.9943897906E+000
 0.4949495   0.9828884886E+000   0.1033056178E+001   0.1153772944E+001   0.9863884507E+000
 0.5050505   0.1062454853E+001   0.1013703420E+001   0.1175418409E+001   0.1001000412E+001
 0.5151515   0.1051375248E+001   0.9832451562E+000   0.1183434886E+001   0.1000352164E+001
 0.5252525   0.1027521094E+001   0.9920878780E+000   0.1169911213E+001   0.9585137875E+000
 0.5353535   0.1043207639E+001   0.1002702121E+001   0.1162282838E+001   0.9783569597E+000
 0.5454545   0.1051291311E+001   0.9831141529E+000   0.1175446764E+001   0.1003751698E+001
 0.5555556   0.1056881800E+001   0.1018511836E+001   0.1189385260E+001   0.1003502951E+001
 0.5656566   0.1088280119E+001   0.1027771386E+001   0.1181999418E+001   0.9980569144E+000
 0.5757576   0.1091555262E+001   0.1033877926E+001   0.1162885693E+001   0.9958295041E+000
 0.5858586   0.1099858971E+001   0.1000004645E+001   0.1188689781E+001   0.9948609011E+000
 0.5959596   0.1101929115E+001   0.9994270393E+000   0.1187838757E+001   0.1004513012E+001
 0.6060606   0.1121239710E+001   0.1013185362E+001   0.1184618617E+001   0.9977365593E+000
 0.6161616   0.1131422607E+001   0.1025231709E+001   0.1202374203E+001   0.1002681335E+001
 0.6262626   0.1133709948E+001   0.1008275716E+001   0.1159018826E+001   0.9790692787E+000
 0.6363636   0.1156508512E+001   0.9868179731E+000   0.1190011265E+001   0.9791145053E+000
 0.6464646   0.1189582284E+001   0.1026482195E+001   0.1206394914E+001   0.1003977831E+001
 0.6565657   0.1178160264E+001   0.9975304690E+000   0.1191482711E+001   0.9757451234E+000
 0.6666667   0.1208140797E+001   0.1013060313E+001   0.1187331277E+001   0.9955694512E+000
 0.6767677   0.1252421293E+001   0.1021015785E+001   0.1201738534E+001   0.9948684388E+000
 0.6868687   0.1255624183E+001   0.1010380700E+001   0.1204452717E+001   0.9895505440E+000
 0.6969697   0.1282799897E+001   0.9957500152E+000   0.1204076606E+001   0.1030763286E+001
 0.7070707   0.1311187552E+001   0.9967831548E+000   0.1202188916E+001   0.9871422274E+000
 0.7171717   0.1339181842E+001   0.1001645163E+001   0.1214598279E+001   0.9821258433E+000
 0.7272727   0.1380500865E+001   0.1028819413E+001   0.1219670614E+001   0.1008323353E+001
 0.7373737   0.1405884831E+001   0.9970183652E+000   0.1233210317E+001   0.9990518996E+000
 0.7474747   0.1456603631E+001   0.1007385489E+001   0.1228289347E+001   0.9930706813E+000
 0.7575758   0.1490668165E+001   0.9931954512E+000   0.1237858557E+001   0.9908395022E+000
 0.7676768   0.1527587122E+001   0.9981229611E+000   0.1235852681E+001   0.9815341286E+000
 0.7777778   0.1560479715E+001   0.9995520879E+000   0.1241852816E+001   0.9960970949E+000
 0.7878788   0.1610875611E+001   0.9968992713E+000   0.1244276255E+001   0.9919588607E+000
 0.7979798   0.1662776105E+001   0.1003985358E+001   0.1261163636E+001   0.1002605957E+001
 0.8080808   0.1710735295E+001   0.9992871039E+000   0.1252303207E+001   0.9994250191E+000
 0.8181818   0.1784885801E+001   0.1004369436E+001   0.1273584027E+001   0.1007712794E+001
 0.8282828   0.1828782935E+001   0.9868804974E+000   0.1261400340E+001   0.9882389725E+000
 0.8383838   0.1911976769E+001   0.9912601754E+000   0.1286762063E+001   0.1003069530E+001
 0.8484848   0.1982065764E+001   0.1005441281E+001   0.1280846275E+001   0.1003110987E+001
 0.8585859   0.2047375455E+001   0.9884197860E+000   0.1292084328E+001   0.1000303169E+001
 0.8686869   0.2117339092E+001   0.1008582382E+001   0.1298828352E+001   0.1017866167E+001
 0.8787879   0.2218097370E+001   0.1004437915E+001   0.1294279096E+001   0.1005756744E+001
 0.8888889   0.2323145875E+001   0.9899799160E+000   0.1302303795E+001   0.9816773462E+000
 0.8989899   0.2394015105E+001   0.9886520191E+000   0.1316560747E+001   0.1005470308E+001
 0.9090909   0.2497181991E+001   0.9915727969E+000   0.1308536347E+001   0.9829663044E+000
 0.9191919   0.2604035723E+001   0.9842336355E+000   0.1307542998E+001   0.9811685469E+000
 0.9292929   0.2720119750E+001   0.9676646973E+000   0.1338747713E+001   0.9736571618E+000
 0.9393939   0.2804313378E+001   0.9618707793E+000   0.1332806001E+001   0.9842251115E+000
 0.9494949   0.2999627150E+001   0.9834029556E+000   0.1348035195E+001   0.9994589391E+000
 0.9595960   0.3073533785E+001   0.9725177736E+000   0.1329937559E+001   0.9812665379E+000
 0.9696970   0.3289755277E+001   0.9724195211E+000   0.1365714572E+001   0.9952679405E+000
 0.9797980   0.3473626599E+001   0.9774214647E+000   0.1391093417E+001   0.9815416664E+000
 0.9898990   0.3656741281E+001   0.9902687187E+000   0.1392542794E+001   0.9927427885E+000
 1.0000000   0.3713461613E+001   0.9859932479E+000   0.1401626265E+001   0.1002507966E+001


 0.0000000   0.1473625088E+000   0.9467511848E+000   0.5990304149E+000   0.1008110908E+001
 0.0101010   0.1457627335E+000   0.9807328586E+000   0.5959519162E+000   0.1040534560E+001
 0.0202020   0.1431557220E+000   0.9584624999E+000   0.5955439606E+000   0.1008941223E+001
 0.0303030   0.1400985196E+000   0.9673835612E+000   0.5862455515E+000   0.1013137337E+001
 0.0404040   0.1358988120E+000   0.9619063964E+000   0.5923905210E+000   0.1029333257E+001
 0.0505051   0.1269641212E+000   0.9578062736E+000   0.5875557383E+000   0.1016779908E+001
 0.0606061   0.1176244931E+000   0.9602658306E+000   0.5835206881E+000   0.1015596470E+001
 0.0707071   0.1100582074E+000   0.9886540790E+000   0.5885949515E+000   0.1021675905E+001
 0.0808081   0.1005845267E+000   0.9790483721E+000   0.5771348790E+000   0.1029791362E+001
 0.0909091   0.9437035127E-001   0.9867086521E+000   0.5918718322E+000   0.1029199643E+001
 0.1010101   0.8723739045E-001   0.1003760203E+001   0.5874964463E+000   0.1021192350E+001
 0.1111111   0.8157956156E-001   0.9980944375E+000   0.5958519864E+000   0.1039869672E+001
 0.1212121   0.7582293468E-001   0.9623791894E+000   0.5916113276E+000   0.9998713807E+000
 0.1313131   0.7267687178E-001   0.1008317617E+001   0.5900650263E+000   0.1025840207E+001
 0.1414141   0.7010313904E-001   0.9995851564E+000   0.5978577876E+000   0.1026587809E+001
 0.1515152   0.6920608676E-001   0.1012670930E+001   0.6071033966E+000   0.1001029368E+001
 0.1616162   0.6713773971E-001   0.9765810644E+000   0.6150308560E+000   0.1011368543E+001
 0.1717172   0.6970126287E-001   0.1030184939E+001   0.6211138563E+000   0.1021345052E+001
 0.1818182   0.7014404930E-001   0.9943844335E+000   0.6176043940E+000   0.1012399279E+001
 0.1919192   0.7115502769E-001   0.1006447114E+001   0.6306823476E+000   0.1003625296E+001
 0.2020202   0.7398867194E-001   0.1018246270E+001   0.6400373416E+000   0.9802651238E+000
 0.2121212   0.7541855138E-001   0.9895712457E+000   0.6497640995E+000   0.1018427814E+001
 0.2222222   0.8004244618E-001   0.1011715010E+001   0.6599229886E+000   0.1016741733E+001
 0.2323232   0.8374609944E-001   0.1019297783E+001   0.6707528642E+000   0.1007035634E+001
 0.2424242   0.8975543142E-001   0.1006067329E+001   0.6810599266E+000   0.1025951552E+001
 0.2525253   0.9680155648E-001   0.1006421278E+001   0.7018704227E+000   0.1031035244E+001
 0.2626263   0.1031931143E+000   0.1020109023E+001   0.7007599794E+000   0.1004070676E+001
 0.2727273   0.1117830879E+000   0.1050729474E+001   0.7182226888E+000   0.1000848035E+001
 0.2828283   0.1210308170E+000   0.1044105205E+001   0.7336216096E+000   0.9782418268E+000
 0.2929293   0.1296995339E+000   0.1024547593E+001   0.7464940859E+000   0.9989838023E+000
 0.3030303   0.1387411545E+000   0.9892482997E+000   0.7530529438E+000   0.9738580167E+000
 0.3131313   0.1531862980E+000   0.9953532716E+000   0.7713119507E+000   0.9854092610E+000
 0.3232323   0.1714023598E+000   0.1030011840E+001   0.7962755722E+000   0.1018990901E+001
 0.3333333   0.1860007143E+000   0.1014892799E+001   0.8096522608E+000   0.9944250215E+000
 0.3434343   0.2036757965E+000   0.1012322148E+001   0.8276770384E+000   0.1025592066E+001
 0.3535354   0.2252496844E+000   0.1047507765E+001   0.8395171440E+000   0.9944409279E+000
 0.3636364   0.2463425989E+000   0.9853522787E+000   0.8589775943E+000   0.9928280166E+000
 0.3737374   0.2733517923E+000   0.9900337045E+000   0.8806380967E+000   0.9885364637E+000
 0.3838384   0.3021245448E+000   0.9825904442E+000   0.9002507769E+000   0.9851038576E+000
 0.3939394   0.3308833130E+000   0.1010598908E+001   0.9200201997E+000   0.9905374917E+000
 0.4040404   0.3688564153E+000   0.1016732299E+001   0.9464053984E+000   0.1024714032E+001
 0.4141414   0.4073492508E+000   0.9990426071E+000   0.9595469879E+000   0.1005597693E+001
 0.4242424   0.4506798323E+000   0.9699051239E+000   0.9781178151E+000   0.9868408390E+000
 0.4343434   0.5001000026E+000   0.9943275950E+000   0.9887728160E+000   0.9821516256E+000
 0.4444444   0.5635516011E+000   0.1016814973E+001   0.1017759700E+001   0.9789098966E+000
 0.4545455   0.6280518492E+000   0.1018380616E+001   0.1053005468E+001   0.1006733412E+001
 0.4646465   0.7015137339E+000   0.1006077664E+001   0.1070206699E+001   0.9709948605E+000
 0.4747475   0.7790969937E+000   0.9962032655E+000   0.1108443203E+001   0.1004318817E+001
 0.4848485   0.8782688264E+000   0.9969809196E+000   0.1142798328E+001   0.1002833157E+001
 0.4949495   0.9781282505E+000   0.1030564724E+001   0.1153803028E+001   0.9860009799E+000
 0.5050505   0.1052421798E+001   0.1006584043E+001   0.1176288811E+001   0.1001322046E+001
 0.5151515   0.1040075580E+001   0.9750541755E+000   0.1186419056E+001   0.1002454584E+001
 0.5252525   0.1025577073E+001   0.9926301906E+000   0.1171618423E+001   0.9595104232E+000
 0.5353535   0.1039974731E+001   0.1002036963E+001   0.1158731143E+001   0.9749587411E+000
 0.5454545   0.1048280621E+001   0.9826937869E+000   0.1180248769E+001   0.1007430113E+001
 0.5555556   0.1052225813E+001   0.1016502362E+001   0.1193238844E+001   0.1006332570E+001
 0.5656566   0.1085852007E+001   0.1027983739E+001   0.1184682208E+001   0.9999031935E+000
 0.5757576   0.1085013518E+001   0.1030192690E+001   0.1165995076E+001   0.9980739549E+000
 0.5858586   0.1096939181E+001   0.9997866748E+000   0.1189203068E+001   0.9948735826E+000
 0.5959596   0.1098448354E+001   0.9987041597E+000   0.1195370259E+001   0.1010458696E+001
 0.6060606   0.1110249703E+001   0.1005705630E+001   0.1180425835E+001   0.9937887645E+000
 0.6161616   0.1128065492E+001   0.1024687106E+001   0.1199285718E+001   0.9996868662E+000
 0.6262626   0.1130480877E+001   0.1007860326E+001   0.1157213461E+001   0.9771347398E+000
 0.6363636   0.1152803862E+001   0.9860601764E+000   0.1193734752E+001   0.9817666901E+000
 0.6464646   0.1180459083E+001   0.1021098530E+001   0.1202908619E+001   0.1000657158E+001
 0.6565657   0.1175517965E+001   0.9977249873E+000   0.1196236764E+001   0.9792280250E+000
 0.6666667   0.1207462340E+001   0.1014965138E+001   0.1192035397E+001   0.9990951472E+000
 0.6767677   0.1244775405E+001   0.1017261931E+001   0.1202140704E+001   0.9947845066E+000
 0.6868687   0.1251178548E+001   0.1009263203E+001   0.1206531123E+001   0.9908428950E+000
 0.6969697   0.1280431843E+001   0.9963401947E+000   0.1209984877E+001   0.1035387242E+001
 0.7070707   0.1314126563E+001   0.1001458243E+001   0.1205321607E+001   0.9892999720E+000
 0.7171717   0.1338573393E+001   0.1003636192E+001   0.1209790201E+001   0.9778282598E+000
 0.7272727   0.1379216521E+001   0.1030373540E+001   0.1218993015E+001   0.1007341037E+001
 0.7373737   0.1406116155E+001   0.9996187428E+000   0.1227879809E+001   0.9943168578E+000
 0.7474747   0.1456827721E+001   0.1010002104E+001   0.1226645796E+001   0.9913264503E+000
 0.7575758   0.1494714166E+001   0.9983243751E+000   0.1236194701E+001   0.9890931885E+000
 0.7676768   0.1530147286E+001   0.1002238481E+001   0.1233101075E+001   0.9789385281E+000
 0.7777778   0.1559661115E+001   0.1001468578E+001   0.1241926457E+001   0.9957388920E+000
 0.7878788   0.1614169215E+001   0.1001378153E+001   0.1244974167E+001   0.9920995024E+000
 0.7979798   0.1667434689E+001   0.1009258036E+001   0.1257446233E+001   0.9992319425E+000
 0.8080808   0.1714981419E+001   0.1004214911E+001   0.1251078538E+001   0.9980294169E+000
 0.8181818   0.1782212767E+001   0.1005315511E+001   0.1268104954E+001   0.1002957227E+001
 0.8282828   0.1834281072E+001   0.9922659075E+000   0.1266342715E+001   0.9916954793E+000
 0.8383838   0.1903659431E+001   0.9893593931E+000   0.1280616616E+001   0.9978608088E+000
 0.8484848   0.1993657327E+001   0.1013792198E+001   0.1280837120E+001   0.1002683636E+001
 0.8585859   0.2051485875E+001   0.9928239582E+000   0.1292976336E+001   0.1000574445E+001
 0.8686869   0.2126719476E+001   0.1015525773E+001   0.1293327853E+001   0.1013130975E+001
 0.8787879   0.2218580075E+001   0.1007111091E+001   0.1287994094E+001   0.1000453556E+001
 0.8888889   0.2322659748E+001   0.9921909840E+000   0.1296879848E+001   0.9771792778E+000
 0.8989899   0.2390082468E+001   0.9894394837E+000   0.1306052586E+001   0.9970273123E+000
 0.9090909   0.2501015167E+001   0.9955212035E+000   0.1303919755E+001   0.9790880485E+000
 0.9191919   0.2615970150E+001   0.9911601402E+000   0.1312171126E+001   0.9842290044E+000
 0.9292929   0.2733008796E+001   0.9746253032E+000   0.1337747089E+001   0.9725218771E+000
 0.9393939   0.2810273242E+001   0.9662700433E+000   0.1325879366E+001   0.9786999318E+000
 0.9494949   0.3007673454E+001   0.9884499771E+000   0.1347134802E+001   0.9983729956E+000
 0.9595960   0.3115620406E+001   0.9882432916E+000   0.1336185307E+001   0.9854633428E+000
 0.9696970   0.3289251158E+001   0.9746459717E+000   0.1358740506E+001   0.9897708021E+000
 0.9797980   0.3480975930E+001   0.9818825465E+000   0.1387845684E+001   0.9788399083E+000
 0.9898990   0.3689704117E+001   0.1001636510E+001   0.1390937892E+001   0.9911832925E+000
 1.0000000   0.3722308922E+001   0.9907571036E+000   0.1399664938E+001   0.1000685790E+001


 0.0000000   0.1479643882E+000   0.9518727104E+000   0.5964548912E+000   0.1004305417E+001
 0.0101010   0.1469486711E+000   0.9900171269E+000   0.5949532217E+000   0.1039338153E+001
 0.0202020   0.1447632842E+000   0.9705047466E+000   0.5937669420E+000   0.1006460690E+001
 0.0303030   0.1402798386E+000   0.9699140196E+000   0.5832619891E+000   0.1008512292E+001
 0.0404040   0.1372069071E+000   0.9724470203E+000   0.5939243827E+000   0.1032542223E+001
 0.0505051   0.1276215594E+000   0.9640366304E+000   0.5881768713E+000   0.1018391082E+001
 0.0606061   0.1175055874E+000   0.9605612247E+000   0.5786078927E+000   0.1007576521E+001
 0.0707071   0.1107234577E+000   0.9959427856E+000   0.5866716318E+000   0.1018873972E+001
 0.0808081   0.1009743282E+000   0.9841397378E+000   0.5762598903E+000   0.1028771859E+001
 0.0909091   0.9481401195E-001   0.9926558609E+000   0.5909457664E+000   0.1028130733E+001
 0.1010101   0.8713915637E-001   0.1003953228E+001   0.5871999563E+000   0.1021214762E+001
 0.1111111   0.8177446554E-001   0.1001799488E+001   0.5934916753E+000   0.1036296217E+001
 0.1212121   0.7601310154E-001   0.9660662490E+000   0.5912163142E+000   0.9997302362E+000
 0.1313131   0.7285014583E-001   0.1012055612E+001   0.5898665593E+000   0.1026035480E+001
 0.1414141   0.7020221088E-001   0.1002318960E+001   0.5976835679E+000   0.1026829385E+001
 0.1515152   0.6886453903E-001   0.1009003140E+001   0.6030674727E+000   0.9948986050E+000
 0.1616162   0.6699171569E-001   0.9757431392E+000   0.6129792487E+000   0.1008525933E+001
 0.1717172   0.6953588112E-001   0.1029097053E+001   0.6150264833E+000   0.1011867970E+001
 0.1818182   0.6975429099E-001   0.9901642341E+000   0.6166657757E+000   0.1011393265E+001
 0.1919192   0.7078372249E-001   0.1002516635E+001   0.6271447625E+000   0.9985216464E+000
 0.2020202   0.7305176659E-001   0.1006679307E+001   0.6399349451E+000   0.9806246953E+000
 0.2121212   0.7516588357E-001   0.9875576798E+000   0.6469107523E+000   0.1014489764E+001
 0.2222222   0.7956576129E-001   0.1007017194E+001   0.6566810322E+000   0.1012279928E+001
 0.2323232   0.8360237671E-001   0.1018891496E+001   0.6661429364E+000   0.1000641453E+001
 0.2424242   0.8940309657E-001   0.1003440652E+001   0.6773304263E+000   0.1020871010E+001
 0.2525253   0.9670912475E-001   0.1006787339E+001   0.7014049833E+000   0.1030894394E+001
 0.2626263   0.1030439301E+000   0.1019978710E+001   0.6991578585E+000   0.1002302923E+001
 0.2727273   0.1111535899E+000   0.1046191360E+001   0.7156084406E+000   0.9977304702E+000
 0.2828283   0.1197706200E+000   0.1034597480E+001   0.7312546394E+000   0.9755993623E+000
 0.2929293   0.1292284724E+000   0.1022173824E+001   0.7474490425E+000   0.1000788775E+001
 0.3030303   0.1377229893E+000   0.9832846777E+000   0.7510060044E+000   0.9717225990E+000
 0.3131313   0.1522638508E+000   0.9906653177E+000   0.7696193168E+000   0.9837648463E+000
 0.3232323   0.1704731903E+000   0.1025780247E+001   0.7951278226E+000   0.1018058242E+001
 0.3333333   0.1849123156E+000   0.1010285730E+001   0.8106569487E+000   0.9961835843E+000
 0.3434343   0.2030175481E+000   0.1010382269E+001   0.8263027105E+000   0.1024428574E+001
 0.3535354   0.2234478942E+000   0.1040500153E+001   0.8381030705E+000   0.9932889707E+000
 0.3636364   0.2455217516E+000   0.9833651269E+000   0.8551114791E+000   0.9888802096E+000
 0.3737374   0.2725026914E+000   0.9882610357E+000   0.8775800311E+000   0.9856227462E+000
 0.3838384   0.3007501854E+000   0.9794116230E+000   0.8990022123E+000   0.9842559212E+000
 0.3939394   0.3293564394E+000   0.1007263138E+001   0.9201170438E+000   0.9911637078E+000
 0.4040404   0.3673537085E+000   0.1013926631E+001   0.9445732042E+000   0.1023269092E+001
 0.4141414   0.4051747427E+000   0.9950210676E+000   0.9566826237E+000   0.1003124109E+001
 0.4242424   0.4493880655E+000   0.9684015745E+000   0.9805824577E+000   0.9898487184E+000
 0.4343434   0.4996702260E+000   0.9947843171E+000   0.9914483319E+000   0.9853281013E+000
 0.4444444   0.5607762421E+000   0.1013142826E+001   0.1020601750E+001   0.9821606684E+000
 0.4545455   0.6261668673E+000   0.1016664203E+001   0.1056127394E+001   0.1010250151E+001
 0.4646465   0.6995178566E+000   0.1004539358E+001   0.1064716573E+001   0.9665226617E+000
 0.4747475   0.7745525913E+000   0.9916996646E+000   0.1107342134E+001   0.1003849809E+001
 0.4848485   0.8745699997E+000   0.9940924539E+000   0.1140470862E+001   0.1001318045E+001
 0.4949495   0.9746307984E+000   0.1028235097E+001   0.1154396329E+001   0.9870277660E+000
 0.5050505   0.1049965243E+001   0.1005559914E+001   0.1177987011E+001   0.1003295985E+001
 0.5151515   0.1034274504E+001   0.9708954999E+000   0.1186870250E+001   0.1003364190E+001
 0.5252525   0.1023729967E+001   0.9921501802E+000   0.1173289785E+001   0.9613854728E+000
 0.5353535   0.1036308907E+001   0.9998227359E+000   0.1161130992E+001   0.9774927288E+000
 0.5454545   0.1044516443E+001   0.9804574627E+000   0.1180319387E+001   0.1008021217E+001
 0.5555556   0.1044507294E+001   0.1010377672E+001   0.1190867664E+001   0.1004861969E+001
 0.5656566   0.1081075461E+001   0.1024812558E+001   0.1181789153E+001   0.9979869204E+000
 0.5757576   0.1077617351E+001   0.1024520642E+001   0.1170140541E+001   0.1002150144E+001
 0.5858586   0.1092031986E+001   0.9966277532E+000   0.1191465199E+001   0.9972912310E+000
 0.5959596   0.1097820142E+001   0.9994503710E+000   0.1194797417E+001   0.1010506602E+001
 0.6060606   0.1108777676E+001   0.1005697827E+001   0.1175706438E+001   0.9903370651E+000
 0.6161616   0.1121260484E+001   0.1019849991E+001   0.1197571072E+001   0.9987835530E+000
 0.6262626   0.1129248754E+001   0.1008090616E+001   0.1162214031E+001   0.9818742080E+000
 0.6363636   0.1150389334E+001   0.9852936093E+000   0.1196741250E+001   0.9847579088E+000
 0.6464646   0.1177944611E+001   0.1020268327E+001   0.1200981198E+001   0.9995801855E+000
 0.6565657   0.1173862060E+001   0.9976345175E+000   0.1196149581E+001   0.9796725556E+000
 0.6666667   0.1207654566E+001   0.1016466527E+001   0.1196316259E+001   0.1003211411E+001
 0.6767677   0.1238741385E+001   0.1013666895E+001   0.1204584720E+001   0.9973321539E+000
 0.6868687   0.1252269410E+001   0.1011476378E+001   0.1205087566E+001   0.9901788298E+000
 0.6969697   0.1283747698E+001   0.1000238773E+001   0.1213286866E+001   0.1038759776E+001
 0.7070707   0.1316022497E+001   0.1004226755E+001   0.1209351666E+001   0.9931307355E+000
 0.7171717   0.1337565010E+001   0.1004203770E+001   0.1211565295E+001   0.9797789552E+000
 0.7272727   0.1375744405E+001   0.1029136128E+001   0.1216764987E+001   0.1006029636E+001
 0.7373737   0.1405666550E+001   0.1000618034E+001   0.1230338617E+001   0.9968328944E+000
 0.7474747   0.1451213633E+001   0.1007437828E+001   0.1227752137E+001   0.9927433320E+000
 0.7575758   0.1490396135E+001   0.9967541733E+000   0.1239626245E+001   0.9923613848E+000
 0.7676768   0.1527506613E+001   0.1001829369E+001   0.1233554443E+001   0.9798144217E+000
 0.7777778   0.1563242941E+001   0.1005093308E+001   0.1244986260E+001   0.9987180763E+000
 0.7878788   0.1612642142E+001   0.1001751218E+001   0.1242419444E+001   0.9905853307E+000
 0.7979798   0.1670417815E+001   0.1012398096E+001   0.1255122053E+001   0.9979105310E+000
 0.8080808   0.1714830590E+001   0.1005451882E+001   0.1252396838E+001   0.9996074675E+000
 0.8181818   0.1777805812E+001   0.1004153202E+001   0.1264469351E+001   0.1000608715E+001
 0.8282828   0.1840157760E+001   0.9967587704E+000   0.1269133696E+001   0.9944048020E+000
 0.8383838   0.1901539567E+001   0.9895620143E+000   0.1283575422E+001   0.1000693289E+001
 0.8484848   0.1999464232E+001   0.1018087004E+001   0.1286806635E+001   0.1007887536E+001
 0.8585859   0.2048662597E+001   0.9927661913E+000   0.1293104337E+001   0.1001200733E+001
 0.8686869   0.2128744113E+001   0.1017834164E+001   0.1294028885E+001   0.1014214217E+001
 0.8787879   0.2210675531E+001   0.1004847363E+001   0.1284686055E+001   0.9984097904E+000
 0.8888889   0.2330121226E+001   0.9966921125E+000   0.1300752668E+001   0.9806137825E+000
 0.8989899   0.2401739051E+001   0.9955773164E+000   0.1318040574E+001   0.1006708956E+001
 0.9090909   0.2499658646E+001   0.9962944636E+000   0.1306636637E+001   0.9816450397E+000
 0.9191919   0.2625455397E+001   0.9960669073E+000   0.1316496366E+001   0.9879935466E+000
 0.9292929   0.2736798172E+001   0.9772647785E+000   0.1338438031E+001   0.9735368479E+000
 0.9393939   0.2819489761E+001   0.9707185116E+000   0.1326106541E+001   0.9793833671E+000
 0.9494949   0.3010629613E+001   0.9907273785E+000   0.1347920983E+001   0.9994819706E+000
 0.9595960   0.3132506349E+001   0.9949107372E+000   0.1342326765E+001   0.9905143977E+000
 0.9696970   0.3299157049E+001   0.9788714641E+000   0.1358936694E+001   0.9904352800E+000
 0.9797980   0.3505383709E+001   0.9900722921E+000   0.1398025824E+001   0.9865394193E+000
 0.9898990   0.3688932579E+001   0.1002748788E+001   0.1392577159E+001   0.9928742853E+000
 1.0000000   0.3736911388E+001   0.9959565769E+000   0.1397954360E+001   0.9999894146E+000


 0.0000000   0.1485973072E+000   0.9560836364E+000   0.5973270371E+000   0.1005750379E+001
 0.0101010   0.1478424050E+000   0.9961834813E+000   0.5962414160E+000   0.1041564142E+001
 0.0202020   0.1450957851E+000   0.9728755877E+000   0.5928668719E+000   0.1004911502E+001
 0.0303030   0.1409005997E+000   0.9743479894E+000   0.5844387164E+000   0.1010523297E+001
 0.0404040   0.1375089810E+000   0.9747299514E+000   0.5936064168E+000   0.1031965273E+001
 0.0505051   0.1284279862E+000   0.9702696214E+000   0.5907720789E+000   0.1022860569E+001
 0.0606061   0.1181336378E+000   0.9658359877E+000   0.5769401086E+000   0.1004648750E+001
 0.0707071   0.1112972254E+000   0.1001249611E+001   0.5861520846E+000   0.1017947837E+001
 0.0808081   0.1014915155E+000   0.9893245945E+000   0.5779852288E+000   0.1031827870E+001
 0.0909091   0.9520024286E-001   0.9968447273E+000   0.5904507148E+000   0.1027245386E+001
 0.1010101   0.8734325105E-001   0.1006451276E+001   0.5853324032E+000   0.1017943016E+001
 0.1111111   0.8176527327E-001   0.1001832822E+001   0.5911218021E+000   0.1032134012E+001
 0.1212121   0.7630702672E-001   0.9699431055E+000   0.5927418448E+000   0.1002286397E+001
 0.1313131   0.7334617369E-001   0.1019095038E+001   0.5907242484E+000   0.1027503317E+001
 0.1414141   0.7042039286E-001   0.1005580567E+001   0.5982049035E+000   0.1027700983E+001
 0.1515152   0.6893443236E-001   0.1010174378E+001   0.6012225623E+000   0.9918317765E+000
 0.1616162   0.6725876947E-001   0.9797755456E+000   0.6123336717E+000   0.1007440185E+001
 0.1717172   0.6924916574E-001   0.1025003127E+001   0.6130220858E+000   0.1008546634E+001
 0.1818182   0.6973098515E-001   0.9899776263E+000   0.6177665491E+000   0.1013174919E+001
 0.1919192   0.7085996091E-001   0.1003742632E+001   0.6281235485E+000   0.1000056624E+001
 0.2020202   0.7294814283E-001   0.1005397800E+001   0.6402349023E+000   0.9810613722E+000
 0.2121212   0.7522938753E-001   0.9885360279E+000   0.6458414919E+000   0.1012789228E+001
 0.2222222   0.7927503936E-001   0.1003483883E+001   0.6565811228E+000   0.1012102217E+001
 0.2323232   0.8347700224E-001   0.1017511744E+001   0.6645575798E+000   0.9982366476E+000
 0.2424242   0.8914567627E-001   0.1000697204E+001   0.6745078999E+000   0.1016593100E+001
 0.2525253   0.9663021670E-001   0.1006112439E+001   0.7031521659E+000   0.1033438128E+001
 0.2626263   0.1030678511E+000   0.1020364137E+001   0.6992232367E+000   0.1002373177E+001
 0.2727273   0.1108564605E+000   0.1043546764E+001   0.7189396316E+000   0.1002351482E+001
 0.2828283   0.1191803088E+000   0.1029648277E+001   0.7330386301E+000   0.9779565646E+000
 0.2929293   0.1283903371E+000   0.1015692291E+001   0.7446422155E+000   0.9970072595E+000
 0.3030303   0.1375842080E+000   0.9824369579E+000   0.7535594223E+000   0.9750036225E+000
 0.3131313   0.1523483747E+000   0.9913596714E+000   0.7696118585E+000   0.9837322782E+000
 0.3232323   0.1694842393E+000   0.1019978068E+001   0.7919706127E+000   0.1013992100E+001
 0.3333333   0.1838458099E+000   0.1004605126E+001   0.8076994712E+000   0.9925260192E+000
 0.3434343   0.2016466291E+000   0.1003705668E+001   0.8227667700E+000   0.1020020923E+001
 0.3535354   0.2221743546E+000   0.1034720568E+001   0.8366083760E+000   0.9914942974E+000
 0.3636364   0.2445058116E+000   0.9794387619E+000   0.8545528980E+000   0.9882111079E+000
 0.3737374   0.2715044252E+000   0.9847841758E+000   0.8745586497E+000   0.9822063906E+000
 0.3838384   0.3006453498E+000   0.9792128705E+000   0.8973317627E+000   0.9824040569E+000
 0.3939394   0.3277734579E+000   0.1002567996E+001   0.9214346088E+000   0.9925597671E+000
 0.4040404   0.3679517147E+000   0.1015725148E+001   0.9452062095E+000   0.1023930860E+001
 0.4141414   0.4041116113E+000   0.9925548427E+000   0.9560670083E+000   0.1002455136E+001
 0.4242424   0.4494652007E+000   0.9687089166E+000   0.9800792173E+000   0.9893175572E+000
 0.4343434   0.5004145961E+000   0.9964114263E+000   0.9942949100E+000   0.9881339698E+000
 0.4444444   0.5584585032E+000   0.1009102420E+001   0.1025377497E+001   0.9867334316E+000
 0.4545455   0.6225988801E+000   0.1011018391E+001   0.1060263180E+001   0.1014182535E+001
 0.4646465   0.6986396071E+000   0.1003424330E+001   0.1070459511E+001   0.9717132013E+000
 0.4747475   0.7743105588E+000   0.9915342239E+000   0.1111841898E+001   0.1007905424E+001
 0.4848485   0.8753895854E+000   0.9951690232E+000   0.1139571499E+001   0.1000504989E+001
 0.4949495   0.9751158116E+000   0.1028896675E+001   0.1155421136E+001   0.9878808605E+000
 0.5050505   0.1053463522E+001   0.1009057242E+001   0.1183868276E+001   0.1008281472E+001
 0.5151515   0.1031845158E+001   0.9687561485E+000   0.1188788266E+001   0.1004962124E+001
 0.5252525   0.1022307659E+001   0.9909161027E+000   0.1176416202E+001   0.9639246659E+000
 0.5353535   0.1031547921E+001   0.9953743791E+000   0.1163587622E+001   0.9795378952E+000
 0.5454545   0.1040982396E+001   0.9772825251E+000   0.1184572449E+001   0.1011629747E+001
 0.5555556   0.1042313183E+001   0.1008402157E+001   0.1191325642E+001   0.1005224875E+001
 0.5656566   0.1076819492E+001   0.1020926813E+001   0.1181969823E+001   0.9981161194E+000
 0.5757576   0.1074369768E+001   0.1021581898E+001   0.1179576187E+001   0.1010207513E+001
 0.5858586   0.1087624483E+001   0.9927499308E+000   0.1193593165E+001   0.9990490080E+000
 0.5959596   0.1095612709E+001   0.9975860620E+000   0.1192804350E+001   0.1008797333E+001
 0.6060606   0.1112348781E+001   0.1009083938E+001   0.1174068570E+001   0.9889342774E+000
 0.6161616   0.1116903668E+001   0.1016035235E+001   0.1194726401E+001   0.9963877443E+000
 0.6262626   0.1132834926E+001   0.1011439370E+001   0.1168529527E+001   0.9871866178E+000
 0.6363636   0.1151405838E+001   0.9863079165E+000   0.1199099802E+001   0.9866755780E+000
 0.6464646   0.1173566786E+001   0.1016624607E+001   0.1201961186E+001   0.1000372408E+001
 0.6565657   0.1178647160E+001   0.1001847197E+001   0.1198547345E+001   0.9816133916E+000
 0.6666667   0.1207317578E+001   0.1016330948E+001   0.1203957067E+001   0.1009595230E+001
 0.6767677   0.1237608161E+001   0.1012887129E+001   0.1208491773E+001   0.1000543558E+001
 0.6868687   0.1246964674E+001   0.1007338413E+001   0.1204492960E+001   0.9896670892E+000
 0.6969697   0.1282641610E+001   0.9995225681E+000   0.1211452348E+001   0.1037164861E+001
 0.7070707   0.1314986556E+001   0.1003582454E+001   0.1212574166E+001   0.9957537657E+000
 0.7171717   0.1340937642E+001   0.1006882523E+001   0.1215465851E+001   0.9829102756E+000
 0.7272727   0.1375218444E+001   0.1028892568E+001   0.1215289484E+001   0.1004786153E+001
 0.7373737   0.1406481567E+001   0.1001344075E+001   0.1227842386E+001   0.9947871292E+000
 0.7474747   0.1453917317E+001   0.1009461793E+001   0.1228451225E+001   0.9932853472E+000
 0.7575758   0.1491981479E+001   0.9979598098E+000   0.1240201206E+001   0.9927984131E+000
 0.7676768   0.1527921740E+001   0.1002247641E+001   0.1233399065E+001   0.9796680657E+000
 0.7777778   0.1568783510E+001   0.1008802601E+001   0.1247994263E+001   0.1001107630E+001
 0.7878788   0.1613163280E+001   0.1002220944E+001   0.1245091278E+001   0.9926923482E+000
 0.7979798   0.1671729942E+001   0.1013340966E+001   0.1253887984E+001   0.9969060158E+000
 0.8080808   0.1719450743E+001   0.1008307693E+001   0.1254909793E+001   0.1001589743E+001
 0.8181818   0.1784406695E+001   0.1008028409E+001   0.1263158497E+001   0.9995479950E+000
 0.8282828   0.1840336439E+001   0.9970007977E+000   0.1267716188E+001   0.9932708838E+000
 0.8383838   0.1901816451E+001   0.9898503056E+000   0.1282501256E+001   0.9998324416E+000
 0.8484848   0.2004325948E+001   0.1020711189E+001   0.1286231749E+001   0.1007413668E+001
 0.8585859   0.2043301178E+001   0.9903123564E+000   0.1285716447E+001   0.9954572662E+000
 0.8686869   0.2127394760E+001   0.1017337192E+001   0.1289771226E+001   0.1010853545E+001
 0.8787879   0.2215286440E+001   0.1007089933E+001   0.1283841959E+001   0.9977304290E+000
 0.8888889   0.2333378665E+001   0.9982308795E+000   0.1298578942E+001   0.9789521279E+000
 0.8989899   0.2401503974E+001   0.9956249133E+000   0.1312656614E+001   0.1002573254E+001
 0.9090909   0.2503369138E+001   0.9979187386E+000   0.1304638920E+001   0.9801212519E+000
 0.9191919   0.2625574979E+001   0.9962574094E+000   0.1313906899E+001   0.9860271361E+000
 0.9292929   0.2737328932E+001   0.9775967196E+000   0.1333025771E+001   0.9695774407E+000
 0.9393939   0.2820804988E+001   0.9713128293E+000   0.1323849846E+001   0.9776938130E+000
 0.9494949   0.3006459212E+001   0.9894991470E+000   0.1343217088E+001   0.9959707166E+000
 0.9595960   0.3133729387E+001   0.9954442001E+000   0.1335176078E+001   0.9852147757E+000
 0.9696970   0.3296657458E+001   0.9782723405E+000   0.1358900125E+001   0.9903854375E+000
 0.9797980   0.3510397254E+001   0.9916327948E+000   0.1395641619E+001   0.9848339064E+000
 0.9898990   0.3686589582E+001   0.1002257909E+001   0.1383391367E+001   0.9863019405E+000
 1.0000000   0.3739760557E+001   0.9968611557E+000   0.1394374081E+001   0.9974050027E+000


 0.0000000   0.1479067262E+000   0.9535111186E+000   0.5962315091E+000   0.1003716803E+001
 0.0101010   0.1472010321E+000   0.9938116046E+000   0.5948431440E+000   0.1038925917E+001
 0.0202020   0.1448474826E+000   0.9731198963E+000   0.5929959772E+000   0.1004941127E+001
 0.0303030   0.1404362842E+000   0.9730462276E+000   0.5852060949E+000   0.1011659659E+001
 0.0404040   0.1366735906E+000   0.9707127701E+000   0.5921980279E+000   0.1029323035E+001
 0.0505051   0.1282255592E+000   0.9706446266E+000   0.5927980294E+000   0.1026175085E+001
 0.0606061   0.1169839053E+000   0.9583161624E+000   0.5760241889E+000   0.1002865005E+001
 0.0707071   0.1106083948E+000   0.9970088280E+000   0.5856571260E+000   0.1016896802E+001
 0.0808081   0.1011960995E+000   0.9883840599E+000   0.5792367286E+000   0.1033867412E+001
 0.0909091   0.9484250687E-001   0.9950510812E+000   0.5894969493E+000   0.1025392999E+001
 0.1010101   0.8694888886E-001   0.1003876597E+001   0.5849348751E+000   0.1017060190E+001
 0.1111111   0.8142073992E-001   0.9995725003E+000   0.5905188953E+000   0.1030887207E+001
 0.1212121   0.7616800508E-001   0.9700792189E+000   0.5940861100E+000   0.1004370357E+001
 0.1313131   0.7314906940E-001   0.1018354346E+001   0.5910776180E+000   0.1027924430E+001
 0.1414141   0.6994341086E-001   0.1000732783E+001   0.5979428346E+000   0.1027057383E+001
 0.1515152   0.6833615203E-001   0.1003375649E+001   0.5997290924E+000   0.9891817700E+000
 0.1616162   0.6693756369E-001   0.9770132894E+000   0.6139956448E+000   0.1009984383E+001
 0.1717172   0.6873167971E-001   0.1019343349E+001   0.6127414645E+000   0.1007895190E+001
 0.1818182   0.6939074610E-001   0.9870838066E+000   0.6194697642E+000   0.1015777047E+001
 0.1919192   0.7036392851E-001   0.9986755833E+000   0.6293669379E+000   0.1001847640E+001
 0.2020202   0.7275448198E-001   0.1004699845E+001   0.6402168004E+000   0.9808489610E+000
 0.2121212   0.7517278488E-001   0.9897340396E+000   0.6468210795E+000   0.1014134448E+001
 0.2222222   0.7887936383E-001   0.1000438108E+001   0.6585916005E+000   0.1015010210E+001
 0.2323232   0.8333712928E-001   0.1017803673E+001   0.6655277350E+000   0.9995057392E+000
 0.2424242   0.8892678362E-001   0.1000202368E+001   0.6761896249E+000   0.1018935889E+001
 0.2525253   0.9617900710E-001   0.1003383016E+001   0.7033750689E+000   0.1033571134E+001
 0.2626263   0.1023199115E+000   0.1014950850E+001   0.7025312127E+000   0.1006925752E+001
 0.2727273   0.1110330562E+000   0.1047263803E+001   0.7213328596E+000   0.1005498826E+001
 0.2828283   0.1185036769E+000   0.1025815148E+001   0.7344141382E+000   0.9796072090E+000
 0.2929293   0.1274517187E+000   0.1010248943E+001   0.7469173441E+000   0.9998651937E+000
 0.3030303   0.1376371034E+000   0.9847466657E+000   0.7544274254E+000   0.9759429516E+000
 0.3131313   0.1514303902E+000   0.9873232300E+000   0.7702058925E+000   0.9843062598E+000
 0.3232323   0.1681051333E+000   0.1013667173E+001   0.7925832034E+000   0.1014585400E+001
 0.3333333   0.1832504696E+000   0.1003320398E+001   0.8076899958E+000   0.9923275416E+000
 0.3434343   0.2006080273E+000   0.1000498885E+001   0.8241922842E+000   0.1021595853E+001
 0.3535354   0.2221503546E+000   0.1036642612E+001   0.8368274516E+000   0.9915672408E+000
 0.3636364   0.2434796215E+000   0.9772453459E+000   0.8557360966E+000   0.9893930857E+000
 0.3737374   0.2700061806E+000   0.9812750262E+000   0.8774489820E+000   0.9852669836E+000
 0.3838384   0.3004689987E+000   0.9805622811E+000   0.9003749427E+000   0.9855501902E+000
 0.3939394   0.3273638741E+000   0.1003283563E+001   0.9213378548E+000   0.9922687217E+000
 0.4040404   0.3648823717E+000   0.1009232314E+001   0.9471786678E+000   0.1025874450E+001
 0.4141414   0.4032629339E+000   0.9924174236E+000   0.9597613659E+000   0.1006139309E+001
 0.4242424   0.4488827625E+000   0.9693554235E+000   0.9833886495E+000   0.9924713234E+000
 0.4343434   0.4980327777E+000   0.9936182241E+000   0.9966460550E+000   0.9902840972E+000
 0.4444444   0.5576014211E+000   0.1009534356E+001   0.1026331022E+001   0.9874651024E+000
 0.4545455   0.6208637295E+000   0.1010182641E+001   0.1057159647E+001   0.1011023533E+001
 0.4646465   0.6956366400E+000   0.1001075343E+001   0.1070801662E+001   0.9718408132E+000
 0.4747475   0.7713309557E+000   0.9896603709E+000   0.1112585563E+001   0.1008389712E+001
 0.4848485   0.8749477806E+000   0.9966220671E+000   0.1136590300E+001   0.9976997526E+000
 0.4949495   0.9703959862E+000   0.1025929335E+001   0.1158541765E+001   0.9903625236E+000
 0.5050505   0.1052605784E+001   0.1010217634E+001   0.1184596925E+001   0.1008712132E+001
 0.5151515   0.1030246358E+001   0.9691565179E+000   0.1186791228E+001   0.1003085035E+001
 0.5252525   0.1020935670E+001   0.9915315570E+000   0.1176203547E+001   0.9635690025E+000
 0.5353535   0.1033616708E+001   0.9993312351E+000   0.1163348093E+001   0.9791519000E+000
 0.5454545   0.1041815873E+001   0.9799876649E+000   0.1183235874E+001   0.1010298088E+001
 0.5555556   0.1041029634E+001   0.1009140228E+001   0.1192966991E+001   0.1006420337E+001
 0.5656566   0.1073202827E+001   0.1019498054E+001   0.1180176842E+001   0.9964144304E+000
 0.5757576   0.1072937608E+001   0.1022225639E+001   0.1181239780E+001   0.1011441807E+001
 0.5858586   0.1084259139E+001   0.9916236429E+000   0.1193499396E+001   0.9987824731E+000
 0.5959596   0.1090327266E+001   0.9947250970E+000   0.1189184713E+001   0.1005546753E+001
 0.6060606   0.1111685205E+001   0.1010464424E+001   0.1176528798E+001   0.9908200112E+000
 0.6161616   0.1113815668E+001   0.1015217900E+001   0.1195874262E+001   0.9971573030E+000
 0.6262626   0.1133252965E+001   0.1013801618E+001   0.1168344172E+001   0.9868442264E+000
 0.6363636   0.1148636779E+001   0.9858701140E+000   0.1199935711E+001   0.9871775388E+000
 0.6464646   0.1168306876E+001   0.1014057617E+001   0.1199339555E+001   0.9980025658E+000
 0.6565657   0.1182088902E+001   0.1006747836E+001   0.1198581730E+001   0.9814567659E+000
 0.6666667   0.1209909090E+001   0.1020514682E+001   0.1202143050E+001   0.1007884297E+001
 0.6767677   0.1236789349E+001   0.1014206796E+001   0.1213737086E+001   0.1004697134E+001
 0.6868687   0.1247260781E+001   0.1009558298E+001   0.1205213589E+001   0.9900727815E+000
 0.6969697   0.1282722413E+001   0.1001550506E+001   0.1211073121E+001   0.1036645015E+001
 0.7070707   0.1310091425E+001   0.1001812030E+001   0.1209321944E+001   0.9928961332E+000
 0.7171717   0.1341361522E+001   0.1009180746E+001   0.1213999340E+001   0.9815395493E+000
 0.7272727   0.1371658147E+001   0.1028246217E+001   0.1212688232E+001   0.1002446731E+001
 0.7373737   0.1411645890E+001   0.1006996468E+001   0.1231134033E+001   0.9972662287E+000
 0.7474747   0.1454624005E+001   0.1011937799E+001   0.1229742486E+001   0.9941422422E+000
 0.7575758   0.1501735479E+001   0.1006458686E+001   0.1244258594E+001   0.9958589098E+000
 0.7676768   0.1529899276E+001   0.1005517568E+001   0.1235645016E+001   0.9812672353E+000
 0.7777778   0.1564946248E+001   0.1008313297E+001   0.1244659195E+001   0.9982443806E+000
 0.7878788   0.1616341508E+001   0.1006169536E+001   0.1243348546E+001   0.9911162888E+000
 0.7979798   0.1674730514E+001   0.1017155388E+001   0.1256750517E+001   0.9989937888E+000
 0.8080808   0.1721465628E+001   0.1011473686E+001   0.1253388981E+001   0.1000187613E+001
 0.8181818   0.1781457942E+001   0.1008340922E+001   0.1261789900E+001   0.9982770583E+000
 0.8282828   0.1839607633E+001   0.9985650802E+000   0.1265354607E+001   0.9912339285E+000
 0.8383838   0.1905087898E+001   0.9935021958E+000   0.1283248702E+001   0.1000226827E+001
 0.8484848   0.2003968009E+001   0.1022535048E+001   0.1281371867E+001   0.1003418347E+001
 0.8585859   0.2040449058E+001   0.9908740634E+000   0.1284524277E+001   0.9943470223E+000
 0.8686869   0.2129126041E+001   0.1020166597E+001   0.1288296020E+001   0.1009507289E+001
 0.8787879   0.2215166434E+001   0.1009014991E+001   0.1283497466E+001   0.9972749427E+000
 0.8888889   0.2335612832E+001   0.1001150853E+001   0.1297836968E+001   0.9782086042E+000
 0.8989899   0.2411837537E+001   0.1001874649E+001   0.1312786570E+001   0.1002483765E+001
 0.9090909   0.2510487690E+001   0.1002723681E+001   0.1307248465E+001   0.9818968253E+000
 0.9191919   0.2626760014E+001   0.9986663747E+000   0.1309895086E+001   0.9828314070E+000
 0.9292929   0.2741872337E+001   0.9811442642E+000   0.1332476760E+001   0.9689956763E+000
 0.9393939   0.2828195229E+001   0.9757719711E+000   0.1321170271E+001   0.9755312128E+000
 0.9494949   0.3003987274E+001   0.9906291149E+000   0.1340010300E+001   0.9934059051E+000
 0.9595960   0.3135488745E+001   0.9979609965E+000   0.1333702864E+001   0.9839424482E+000
 0.9696970   0.3303298858E+001   0.9821701014E+000   0.1357680515E+001   0.9893103022E+000
 0.9797980   0.3511123409E+001   0.9937876622E+000   0.1388116261E+001   0.9793392520E+000
 0.9898990   0.3688071112E+001   0.1004631701E+001   0.1378529467E+001   0.9826505905E+000
 1.0000000   0.3749250222E+001   0.1001355284E+001   0.1391234986E+001   0.9949722553E+000


