# Evolution of the weightfunction during equilibration phase for fractional: cd
# Weightfunction after cycle        219
 0.0000000    0.2300000000E+001    0.7000000000E+000
 0.0101010    0.2500000000E+001    0.1500000000E+001
 0.0202020    0.3000000000E+001    0.1700000000E+001
 0.0303030    0.2700000000E+001    0.1500000000E+001
 0.0404040    0.3300000000E+001    0.2400000000E+001
 0.0505051    0.2500000000E+001    0.1100000000E+001
 0.0606061    0.2100000000E+001    0.5000000000E+000
 0.0707071    0.2100000000E+001    0.1500000000E+001
 0.0808081    0.3500000000E+001    0.1600000000E+001
 0.0909091    0.2300000000E+001    0.1100000000E+001
 0.1010101    0.3400000000E+001    0.1200000000E+001
 0.1111111    0.3200000000E+001    0.2100000000E+001
 0.1212121    0.3100000000E+001    0.1200000000E+001
 0.1313131    0.3700000000E+001    0.1200000000E+001
 0.1414141    0.3600000000E+001    0.1700000000E+001
 0.1515152    0.4000000000E+001    0.1400000000E+001
 0.1616162    0.4300000000E+001    0.1700000000E+001
 0.1717172    0.4100000000E+001    0.1800000000E+001
 0.1818182    0.3600000000E+001    0.1300000000E+001
 0.1919192    0.4400000000E+001    0.2200000000E+001
 0.2020202    0.3700000000E+001    0.2000000000E+001
 0.2121212    0.3800000000E+001    0.2100000000E+001
 0.2222222    0.4000000000E+001    0.2200000000E+001
 0.2323232    0.4000000000E+001    0.6000000000E+000
 0.2424242    0.3300000000E+001    0.3100000000E+001
 0.2525253    0.4400000000E+001    0.2600000000E+001
 0.2626263    0.3300000000E+001    0.1700000000E+001
 0.2727273    0.3300000000E+001    0.1100000000E+001
 0.2828283    0.3600000000E+001    0.2100000000E+001
 0.2929293    0.4500000000E+001    0.2300000000E+001
 0.3030303    0.3400000000E+001    0.2000000000E+001
 0.3131313    0.3300000000E+001    0.1700000000E+001
 0.3232323    0.3300000000E+001    0.1600000000E+001
 0.3333333    0.4000000000E+001    0.1300000000E+001
 0.3434343    0.3700000000E+001    0.2100000000E+001
 0.3535354    0.3000000000E+001    0.1600000000E+001
 0.3636364    0.3400000000E+001    0.1600000000E+001
 0.3737374    0.4000000000E+001    0.1200000000E+001
 0.3838384    0.2400000000E+001    0.2300000000E+001
 0.3939394    0.3000000000E+001    0.1900000000E+001
 0.4040404    0.2200000000E+001    0.1900000000E+001
 0.4141414    0.3000000000E+001    0.2200000000E+001
 0.4242424    0.2200000000E+001    0.1900000000E+001
 0.4343434    0.3200000000E+001    0.2000000000E+001
 0.4444444    0.2900000000E+001    0.1500000000E+001
 0.4545455    0.3000000000E+001    0.1100000000E+001
 0.4646465    0.2900000000E+001    0.7000000000E+000
 0.4747475    0.2900000000E+001    0.1100000000E+001
 0.4848485    0.2200000000E+001    0.1200000000E+001
 0.4949495    0.3200000000E+001    0.1800000000E+001
 0.5050505    0.1000000000E+001    0.1900000000E+001
 0.5151515    0.2200000000E+001    0.1700000000E+001
 0.5252525    0.2300000000E+001    0.1700000000E+001
 0.5353535    0.2800000000E+001    0.1500000000E+001
 0.5454545    0.2800000000E+001    0.1700000000E+001
 0.5555556    0.1900000000E+001    0.1500000000E+001
 0.5656566    0.2700000000E+001    0.1400000000E+001
 0.5757576    0.2800000000E+001    0.2300000000E+001
 0.5858586    0.1700000000E+001    0.2300000000E+001
 0.5959596    0.1800000000E+001    0.1600000000E+001
 0.6060606    0.2400000000E+001    0.1900000000E+001
 0.6161616    0.1600000000E+001    0.1600000000E+001
 0.6262626    0.1100000000E+001    0.7000000000E+000
 0.6363636    0.2700000000E+001    0.1300000000E+001
 0.6464646    0.2700000000E+001    0.1800000000E+001
 0.6565657    0.2900000000E+001    0.9000000000E+000
 0.6666667    0.1800000000E+001    0.1800000000E+001
 0.6767677    0.2000000000E+001    0.2500000000E+001
 0.6868687    0.1800000000E+001    0.3200000000E+001
 0.6969697    0.1800000000E+001    0.2500000000E+001
 0.7070707    0.1700000000E+001    0.1800000000E+001
 0.7171717    0.2000000000E+001    0.2200000000E+001
 0.7272727    0.1500000000E+001    0.1600000000E+001
 0.7373737    0.2100000000E+001    0.1900000000E+001
 0.7474747    0.2100000000E+001    0.1900000000E+001
 0.7575758    0.1300000000E+001    0.1100000000E+001
 0.7676768    0.1400000000E+001    0.1700000000E+001
 0.7777778    0.2000000000E+001    0.2300000000E+001
 0.7878788    0.1900000000E+001    0.2100000000E+001
 0.7979798    0.1500000000E+001    0.1700000000E+001
 0.8080808    0.2900000000E+001    0.2300000000E+001
 0.8181818    0.1800000000E+001    0.2700000000E+001
 0.8282828    0.1300000000E+001    0.2100000000E+001
 0.8383838    0.1500000000E+001    0.1600000000E+001
 0.8484848    0.2400000000E+001    0.2300000000E+001
 0.8585859    0.1100000000E+001    0.1800000000E+001
 0.8686869    0.1500000000E+001    0.2300000000E+001
 0.8787879    0.1300000000E+001    0.1600000000E+001
 0.8888889    0.1300000000E+001    0.1800000000E+001
 0.8989899    0.1300000000E+001    0.1700000000E+001
 0.9090909    0.1100000000E+001    0.1600000000E+001
 0.9191919    0.1000000000E+001    0.1600000000E+001
 0.9292929    0.2000000000E+001    0.2400000000E+001
 0.9393939    0.6000000000E+000    0.1500000000E+001
 0.9494949    0.1100000000E+001    0.1900000000E+001
 0.9595960    0.1000000000E+001    0.1800000000E+001
 0.9696970    0.1000000000E+001    0.2000000000E+001
 0.9797980    0.4000000000E+000    0.1500000000E+001
 0.9898990    0.9000000000E+000    0.1900000000E+001
 1.0000000    0.0000000000E+000    0.1500000000E+001


# Weightfunction after cycle        847
 0.0000000    0.2950000000E+001    0.1800000000E+001
 0.0101010    0.3000000000E+001    0.1650000000E+001
 0.0202020    0.3300000000E+001    0.2225000000E+001
 0.0303030    0.3175000000E+001    0.1875000000E+001
 0.0404040    0.3125000000E+001    0.1700000000E+001
 0.0505051    0.3175000000E+001    0.1325000000E+001
 0.0606061    0.2975000000E+001    0.1475000000E+001
 0.0707071    0.3275000000E+001    0.1525000000E+001
 0.0808081    0.3600000000E+001    0.1750000000E+001
 0.0909091    0.3575000000E+001    0.1775000000E+001
 0.1010101    0.3925000000E+001    0.1725000000E+001
 0.1111111    0.3525000000E+001    0.1750000000E+001
 0.1212121    0.3925000000E+001    0.2000000000E+001
 0.1313131    0.3900000000E+001    0.1475000000E+001
 0.1414141    0.3700000000E+001    0.1575000000E+001
 0.1515152    0.4600000000E+001    0.1550000000E+001
 0.1616162    0.3950000000E+001    0.1650000000E+001
 0.1717172    0.4075000000E+001    0.1850000000E+001
 0.1818182    0.4025000000E+001    0.1850000000E+001
 0.1919192    0.4025000000E+001    0.1925000000E+001
 0.2020202    0.4100000000E+001    0.2350000000E+001
 0.2121212    0.4375000000E+001    0.1650000000E+001
 0.2222222    0.4475000000E+001    0.2000000000E+001
 0.2323232    0.4300000000E+001    0.1625000000E+001
 0.2424242    0.4125000000E+001    0.1875000000E+001
 0.2525253    0.3950000000E+001    0.1325000000E+001
 0.2626263    0.3750000000E+001    0.1625000000E+001
 0.2727273    0.3725000000E+001    0.2100000000E+001
 0.2828283    0.3075000000E+001    0.1600000000E+001
 0.2929293    0.3350000000E+001    0.1350000000E+001
 0.3030303    0.4050000000E+001    0.1350000000E+001
 0.3131313    0.3750000000E+001    0.1575000000E+001
 0.3232323    0.2950000000E+001    0.1575000000E+001
 0.3333333    0.3000000000E+001    0.1850000000E+001
 0.3434343    0.2800000000E+001    0.1600000000E+001
 0.3535354    0.3325000000E+001    0.1900000000E+001
 0.3636364    0.3050000000E+001    0.1625000000E+001
 0.3737374    0.2400000000E+001    0.1850000000E+001
 0.3838384    0.2425000000E+001    0.1775000000E+001
 0.3939394    0.2275000000E+001    0.1800000000E+001
 0.4040404    0.2550000000E+001    0.1625000000E+001
 0.4141414    0.2200000000E+001    0.1725000000E+001
 0.4242424    0.1850000000E+001    0.1450000000E+001
 0.4343434    0.1625000000E+001    0.1650000000E+001
 0.4444444    0.1975000000E+001    0.1600000000E+001
 0.4545455    0.1650000000E+001    0.1325000000E+001
 0.4646465    0.1900000000E+001    0.1375000000E+001
 0.4747475    0.2100000000E+001    0.1500000000E+001
 0.4848485    0.1575000000E+001    0.1100000000E+001
 0.4949495    0.2025000000E+001    0.1375000000E+001
 0.5050505    0.1575000000E+001    0.1050000000E+001
 0.5151515    0.1475000000E+001    0.1600000000E+001
 0.5252525    0.1725000000E+001    0.1450000000E+001
 0.5353535    0.1575000000E+001    0.1250000000E+001
 0.5454545    0.1475000000E+001    0.1350000000E+001
 0.5555556    0.1125000000E+001    0.1425000000E+001
 0.5656566    0.1600000000E+001    0.1775000000E+001
 0.5757576    0.1575000000E+001    0.1450000000E+001
 0.5858586    0.1600000000E+001    0.1525000000E+001
 0.5959596    0.1300000000E+001    0.1575000000E+001
 0.6060606    0.2075000000E+001    0.1250000000E+001
 0.6161616    0.1850000000E+001    0.1400000000E+001
 0.6262626    0.1425000000E+001    0.1525000000E+001
 0.6363636    0.1550000000E+001    0.1650000000E+001
 0.6464646    0.1625000000E+001    0.1350000000E+001
 0.6565657    0.1400000000E+001    0.1575000000E+001
 0.6666667    0.1675000000E+001    0.1325000000E+001
 0.6767677    0.1300000000E+001    0.1600000000E+001
 0.6868687    0.9000000000E+000    0.1425000000E+001
 0.6969697    0.8250000000E+000    0.1225000000E+001
 0.7070707    0.1200000000E+001    0.1175000000E+001
 0.7171717    0.1250000000E+001    0.1350000000E+001
 0.7272727    0.1525000000E+001    0.1925000000E+001
 0.7373737    0.1275000000E+001    0.1425000000E+001
 0.7474747    0.1175000000E+001    0.1250000000E+001
 0.7575758    0.1350000000E+001    0.1375000000E+001
 0.7676768    0.1100000000E+001    0.1400000000E+001
 0.7777778    0.1125000000E+001    0.1450000000E+001
 0.7878788    0.1000000000E+001    0.1375000000E+001
 0.7979798    0.1150000000E+001    0.1350000000E+001
 0.8080808    0.8500000000E+000    0.1450000000E+001
 0.8181818    0.7750000000E+000    0.1150000000E+001
 0.8282828    0.7500000000E+000    0.1225000000E+001
 0.8383838    0.7250000000E+000    0.1300000000E+001
 0.8484848    0.3250000000E+000    0.9000000000E+000
 0.8585859    0.7000000000E+000    0.1225000000E+001
 0.8686869    0.8250000000E+000    0.1400000000E+001
 0.8787879    0.8000000000E+000    0.1350000000E+001
 0.8888889    0.1025000000E+001    0.1525000000E+001
 0.8989899    0.8500000000E+000    0.1575000000E+001
 0.9090909    0.6750000000E+000    0.1600000000E+001
 0.9191919    0.7250000000E+000    0.1275000000E+001
 0.9292929    0.4500000000E+000    0.1075000000E+001
 0.9393939    0.1200000000E+001    0.1875000000E+001
 0.9494949    0.2500000000E+000    0.1225000000E+001
 0.9595960    0.0000000000E+000    0.9000000000E+000
 0.9696970    0.3250000000E+000    0.1225000000E+001
 0.9797980    0.3750000000E+000    0.1325000000E+001
 0.9898990    0.1250000000E+000    0.9750000000E+000
 1.0000000    0.4250000000E+000    0.1475000000E+001


# Weightfunction after cycle       1964
 0.0000000    0.3225000000E+001    0.1981250000E+001
 0.0101010    0.3306250000E+001    0.1943750000E+001
 0.0202020    0.3281250000E+001    0.1906250000E+001
 0.0303030    0.3468750000E+001    0.1875000000E+001
 0.0404040    0.3537500000E+001    0.2000000000E+001
 0.0505051    0.3256250000E+001    0.1812500000E+001
 0.0606061    0.3481250000E+001    0.1887500000E+001
 0.0707071    0.3443750000E+001    0.1800000000E+001
 0.0808081    0.3581250000E+001    0.1943750000E+001
 0.0909091    0.3675000000E+001    0.2000000000E+001
 0.1010101    0.3650000000E+001    0.1881250000E+001
 0.1111111    0.3612500000E+001    0.1725000000E+001
 0.1212121    0.3781250000E+001    0.2056250000E+001
 0.1313131    0.4012500000E+001    0.1843750000E+001
 0.1414141    0.3862500000E+001    0.1793750000E+001
 0.1515152    0.4018750000E+001    0.1887500000E+001
 0.1616162    0.3987500000E+001    0.2037500000E+001
 0.1717172    0.3900000000E+001    0.1875000000E+001
 0.1818182    0.3993750000E+001    0.1900000000E+001
 0.1919192    0.3987500000E+001    0.1887500000E+001
 0.2020202    0.3581250000E+001    0.1887500000E+001
 0.2121212    0.3743750000E+001    0.1831250000E+001
 0.2222222    0.3487500000E+001    0.1775000000E+001
 0.2323232    0.3700000000E+001    0.1800000000E+001
 0.2424242    0.3631250000E+001    0.1831250000E+001
 0.2525253    0.3418750000E+001    0.1775000000E+001
 0.2626263    0.3293750000E+001    0.1568750000E+001
 0.2727273    0.3468750000E+001    0.1762500000E+001
 0.2828283    0.3331250000E+001    0.1606250000E+001
 0.2929293    0.2793750000E+001    0.1662500000E+001
 0.3030303    0.3106250000E+001    0.1762500000E+001
 0.3131313    0.3012500000E+001    0.1531250000E+001
 0.3232323    0.2787500000E+001    0.1562500000E+001
 0.3333333    0.2662500000E+001    0.1450000000E+001
 0.3434343    0.2850000000E+001    0.1418750000E+001
 0.3535354    0.2612500000E+001    0.1418750000E+001
 0.3636364    0.2618750000E+001    0.1543750000E+001
 0.3737374    0.2425000000E+001    0.1425000000E+001
 0.3838384    0.2200000000E+001    0.1343750000E+001
 0.3939394    0.2368750000E+001    0.1331250000E+001
 0.4040404    0.2281250000E+001    0.1393750000E+001
 0.4141414    0.1918750000E+001    0.1218750000E+001
 0.4242424    0.1950000000E+001    0.1112500000E+001
 0.4343434    0.1843750000E+001    0.1425000000E+001
 0.4444444    0.1606250000E+001    0.1312500000E+001
 0.4545455    0.1650000000E+001    0.1231250000E+001
 0.4646465    0.1287500000E+001    0.1187500000E+001
 0.4747475    0.1337500000E+001    0.1118750000E+001
 0.4848485    0.1306250000E+001    0.9500000000E+000
 0.4949495    0.1093750000E+001    0.1093750000E+001
 0.5050505    0.1056250000E+001    0.1081250000E+001
 0.5151515    0.1262500000E+001    0.1106250000E+001
 0.5252525    0.1225000000E+001    0.1181250000E+001
 0.5353535    0.9500000000E+000    0.9875000000E+000
 0.5454545    0.1193750000E+001    0.1168750000E+001
 0.5555556    0.1075000000E+001    0.1062500000E+001
 0.5656566    0.1025000000E+001    0.1168750000E+001
 0.5757576    0.1062500000E+001    0.1050000000E+001
 0.5858586    0.1181250000E+001    0.1075000000E+001
 0.5959596    0.1043750000E+001    0.8250000000E+000
 0.6060606    0.1306250000E+001    0.9937500000E+000
 0.6161616    0.1056250000E+001    0.1250000000E+001
 0.6262626    0.1181250000E+001    0.1006250000E+001
 0.6363636    0.1062500000E+001    0.8062500000E+000
 0.6464646    0.1193750000E+001    0.1125000000E+001
 0.6565657    0.1037500000E+001    0.1037500000E+001
 0.6666667    0.1112500000E+001    0.1118750000E+001
 0.6767677    0.9812500000E+000    0.1231250000E+001
 0.6868687    0.1143750000E+001    0.9125000000E+000
 0.6969697    0.1075000000E+001    0.1025000000E+001
 0.7070707    0.1075000000E+001    0.1068750000E+001
 0.7171717    0.1012500000E+001    0.1068750000E+001
 0.7272727    0.9562500000E+000    0.1056250000E+001
 0.7373737    0.9125000000E+000    0.1012500000E+001
 0.7474747    0.8562500000E+000    0.1012500000E+001
 0.7575758    0.8062500000E+000    0.9000000000E+000
 0.7676768    0.7750000000E+000    0.8375000000E+000
 0.7777778    0.8625000000E+000    0.1081250000E+001
 0.7878788    0.9250000000E+000    0.1112500000E+001
 0.7979798    0.8750000000E+000    0.1006250000E+001
 0.8080808    0.8125000000E+000    0.9937500000E+000
 0.8181818    0.6062500000E+000    0.8187500000E+000
 0.8282828    0.6250000000E+000    0.9812500000E+000
 0.8383838    0.6937500000E+000    0.1012500000E+001
 0.8484848    0.4500000000E+000    0.1012500000E+001
 0.8585859    0.5625000000E+000    0.9375000000E+000
 0.8686869    0.6437500000E+000    0.9437500000E+000
 0.8787879    0.3875000000E+000    0.9250000000E+000
 0.8888889    0.5000000000E+000    0.1012500000E+001
 0.8989899    0.5250000000E+000    0.9812500000E+000
 0.9090909    0.3062500000E+000    0.7687500000E+000
 0.9191919    0.2687500000E+000    0.6937500000E+000
 0.9292929    0.2437500000E+000    0.7875000000E+000
 0.9393939    0.4250000000E+000    0.9687500000E+000
 0.9494949    0.1687500000E+000    0.8187500000E+000
 0.9595960    0.9375000000E-001    0.7375000000E+000
 0.9696970    0.1187500000E+000    0.9062500000E+000
 0.9797980    0.0000000000E+000    0.7812500000E+000
 0.9898990    0.4375000000E-001    0.9500000000E+000
 1.0000000    0.1187500000E+000    0.9812500000E+000


# Weightfunction after cycle       4162
 0.0000000    0.3243750000E+001    0.1964062500E+001
 0.0101010    0.3048437500E+001    0.1807812500E+001
 0.0202020    0.3157812500E+001    0.1826562500E+001
 0.0303030    0.3089062500E+001    0.1828125000E+001
 0.0404040    0.3140625000E+001    0.1817187500E+001
 0.0505051    0.3201562500E+001    0.1754687500E+001
 0.0606061    0.3257812500E+001    0.1857812500E+001
 0.0707071    0.3310937500E+001    0.1834375000E+001
 0.0808081    0.3498437500E+001    0.1887500000E+001
 0.0909091    0.3356250000E+001    0.1828125000E+001
 0.1010101    0.3539062500E+001    0.1875000000E+001
 0.1111111    0.3553125000E+001    0.1867187500E+001
 0.1212121    0.3775000000E+001    0.1918750000E+001
 0.1313131    0.3607812500E+001    0.1826562500E+001
 0.1414141    0.3668750000E+001    0.1801562500E+001
 0.1515152    0.3685937500E+001    0.1821875000E+001
 0.1616162    0.3809375000E+001    0.1903125000E+001
 0.1717172    0.3787500000E+001    0.1884375000E+001
 0.1818182    0.3671875000E+001    0.1828125000E+001
 0.1919192    0.3720312500E+001    0.1762500000E+001
 0.2020202    0.3693750000E+001    0.1876562500E+001
 0.2121212    0.3612500000E+001    0.1782812500E+001
 0.2222222    0.3606250000E+001    0.1770312500E+001
 0.2323232    0.3610937500E+001    0.1696875000E+001
 0.2424242    0.3326562500E+001    0.1757812500E+001
 0.2525253    0.3420312500E+001    0.1650000000E+001
 0.2626263    0.3375000000E+001    0.1596875000E+001
 0.2727273    0.3184375000E+001    0.1670312500E+001
 0.2828283    0.3292187500E+001    0.1671875000E+001
 0.2929293    0.3118750000E+001    0.1609375000E+001
 0.3030303    0.3006250000E+001    0.1543750000E+001
 0.3131313    0.2881250000E+001    0.1587500000E+001
 0.3232323    0.2806250000E+001    0.1587500000E+001
 0.3333333    0.2732812500E+001    0.1565625000E+001
 0.3434343    0.2593750000E+001    0.1489062500E+001
 0.3535354    0.2503125000E+001    0.1401562500E+001
 0.3636364    0.2489062500E+001    0.1506250000E+001
 0.3737374    0.2310937500E+001    0.1420312500E+001
 0.3838384    0.2229687500E+001    0.1343750000E+001
 0.3939394    0.2214062500E+001    0.1321875000E+001
 0.4040404    0.2148437500E+001    0.1253125000E+001
 0.4141414    0.2045312500E+001    0.1343750000E+001
 0.4242424    0.1950000000E+001    0.1181250000E+001
 0.4343434    0.1682812500E+001    0.1393750000E+001
 0.4444444    0.1760937500E+001    0.1079687500E+001
 0.4545455    0.1607812500E+001    0.1096875000E+001
 0.4646465    0.1484375000E+001    0.1120312500E+001
 0.4747475    0.1450000000E+001    0.1103125000E+001
 0.4848485    0.1340625000E+001    0.1087500000E+001
 0.4949495    0.1225000000E+001    0.1054687500E+001
 0.5050505    0.1015625000E+001    0.1078125000E+001
 0.5151515    0.1231250000E+001    0.1023437500E+001
 0.5252525    0.1146875000E+001    0.1081250000E+001
 0.5353535    0.1128125000E+001    0.1004687500E+001
 0.5454545    0.1154687500E+001    0.1014062500E+001
 0.5555556    0.1170312500E+001    0.1060937500E+001
 0.5656566    0.1125000000E+001    0.9171875000E+000
 0.5757576    0.1131250000E+001    0.1085937500E+001
 0.5858586    0.1189062500E+001    0.9578125000E+000
 0.5959596    0.1076562500E+001    0.1023437500E+001
 0.6060606    0.1082812500E+001    0.1035937500E+001
 0.6161616    0.1067187500E+001    0.1026562500E+001
 0.6262626    0.1020312500E+001    0.1057812500E+001
 0.6363636    0.1143750000E+001    0.9578125000E+000
 0.6464646    0.1170312500E+001    0.8562500000E+000
 0.6565657    0.1093750000E+001    0.9125000000E+000
 0.6666667    0.1185937500E+001    0.1084375000E+001
 0.6767677    0.1068750000E+001    0.9765625000E+000
 0.6868687    0.1009375000E+001    0.9593750000E+000
 0.6969697    0.1078125000E+001    0.9640625000E+000
 0.7070707    0.1021875000E+001    0.8968750000E+000
 0.7171717    0.1004687500E+001    0.9703125000E+000
 0.7272727    0.9500000000E+000    0.9109375000E+000
 0.7373737    0.8906250000E+000    0.8656250000E+000
 0.7474747    0.9468750000E+000    0.9203125000E+000
 0.7575758    0.8546875000E+000    0.9000000000E+000
 0.7676768    0.8937500000E+000    0.8921875000E+000
 0.7777778    0.9109375000E+000    0.9296875000E+000
 0.7878788    0.7312500000E+000    0.8343750000E+000
 0.7979798    0.8031250000E+000    0.9578125000E+000
 0.8080808    0.6796875000E+000    0.7593750000E+000
 0.8181818    0.7484375000E+000    0.8281250000E+000
 0.8282828    0.7625000000E+000    0.9015625000E+000
 0.8383838    0.6593750000E+000    0.8062500000E+000
 0.8484848    0.6859375000E+000    0.9031250000E+000
 0.8585859    0.6656250000E+000    0.8671875000E+000
 0.8686869    0.6015625000E+000    0.7937500000E+000
 0.8787879    0.5234375000E+000    0.7656250000E+000
 0.8888889    0.5062500000E+000    0.7812500000E+000
 0.8989899    0.4437500000E+000    0.7968750000E+000
 0.9090909    0.4171875000E+000    0.7296875000E+000
 0.9191919    0.3875000000E+000    0.7500000000E+000
 0.9292929    0.3765625000E+000    0.7656250000E+000
 0.9393939    0.3906250000E+000    0.8515625000E+000
 0.9494949    0.2812500000E+000    0.6796875000E+000
 0.9595960    0.3187500000E+000    0.8515625000E+000
 0.9696970    0.1968750000E+000    0.7296875000E+000
 0.9797980    0.0000000000E+000    0.6093750000E+000
 0.9898990    0.1625000000E+000    0.7453125000E+000
 1.0000000    0.5468750000E-001    0.6609375000E+000


# Weightfunction after cycle       8658
 0.0000000    0.3078906250E+001    0.1809375000E+001
 0.0101010    0.3090625000E+001    0.1826171875E+001
 0.0202020    0.3075781250E+001    0.1796093750E+001
 0.0303030    0.3115625000E+001    0.1816015625E+001
 0.0404040    0.3221484375E+001    0.1870703125E+001
 0.0505051    0.3141015625E+001    0.1746875000E+001
 0.0606061    0.3276953125E+001    0.1861328125E+001
 0.0707071    0.3353515625E+001    0.1851562500E+001
 0.0808081    0.3436328125E+001    0.1855468750E+001
 0.0909091    0.3398437500E+001    0.1786718750E+001
 0.1010101    0.3467187500E+001    0.1805468750E+001
 0.1111111    0.3553906250E+001    0.1822656250E+001
 0.1212121    0.3667187500E+001    0.1862500000E+001
 0.1313131    0.3604687500E+001    0.1753125000E+001
 0.1414141    0.3653906250E+001    0.1786718750E+001
 0.1515152    0.3666406250E+001    0.1800390625E+001
 0.1616162    0.3660546875E+001    0.1800390625E+001
 0.1717172    0.3682031250E+001    0.1739843750E+001
 0.1818182    0.3651562500E+001    0.1740234375E+001
 0.1919192    0.3605468750E+001    0.1721484375E+001
 0.2020202    0.3595312500E+001    0.1728906250E+001
 0.2121212    0.3588671875E+001    0.1662890625E+001
 0.2222222    0.3458984375E+001    0.1627343750E+001
 0.2323232    0.3408203125E+001    0.1636328125E+001
 0.2424242    0.3338281250E+001    0.1602343750E+001
 0.2525253    0.3336718750E+001    0.1533984375E+001
 0.2626263    0.3288671875E+001    0.1549218750E+001
 0.2727273    0.3119140625E+001    0.1525000000E+001
 0.2828283    0.3125000000E+001    0.1490625000E+001
 0.2929293    0.2972265625E+001    0.1445312500E+001
 0.3030303    0.2905468750E+001    0.1449218750E+001
 0.3131313    0.2854687500E+001    0.1387500000E+001
 0.3232323    0.2734375000E+001    0.1446093750E+001
 0.3333333    0.2686718750E+001    0.1353515625E+001
 0.3434343    0.2631250000E+001    0.1330078125E+001
 0.3535354    0.2484375000E+001    0.1317968750E+001
 0.3636364    0.2404687500E+001    0.1325000000E+001
 0.3737374    0.2314843750E+001    0.1275781250E+001
 0.3838384    0.2188671875E+001    0.1210937500E+001
 0.3939394    0.2124609375E+001    0.1205859375E+001
 0.4040404    0.2039843750E+001    0.1168750000E+001
 0.4141414    0.1947265625E+001    0.1137109375E+001
 0.4242424    0.1876171875E+001    0.1115625000E+001
 0.4343434    0.1761718750E+001    0.1101171875E+001
 0.4444444    0.1608593750E+001    0.1040625000E+001
 0.4545455    0.1524609375E+001    0.9812500000E+000
 0.4646465    0.1455078125E+001    0.1010156250E+001
 0.4747475    0.1375781250E+001    0.9636718750E+000
 0.4848485    0.1249609375E+001    0.9988281250E+000
 0.4949495    0.1195312500E+001    0.8789062500E+000
 0.5050505    0.1075000000E+001    0.8824218750E+000
 0.5151515    0.1131640625E+001    0.8871093750E+000
 0.5252525    0.1116015625E+001    0.9011718750E+000
 0.5353535    0.1103906250E+001    0.9234375000E+000
 0.5454545    0.1058203125E+001    0.8570312500E+000
 0.5555556    0.1083984375E+001    0.8871093750E+000
 0.5656566    0.1076953125E+001    0.9253906250E+000
 0.5757576    0.1036718750E+001    0.8972656250E+000
 0.5858586    0.1039062500E+001    0.8816406250E+000
 0.5959596    0.1005859375E+001    0.8730468750E+000
 0.6060606    0.1029296875E+001    0.8949218750E+000
 0.6161616    0.9957031250E+000    0.8886718750E+000
 0.6262626    0.1030859375E+001    0.9089843750E+000
 0.6363636    0.9773437500E+000    0.8488281250E+000
 0.6464646    0.9937500000E+000    0.8574218750E+000
 0.6565657    0.9714843750E+000    0.8511718750E+000
 0.6666667    0.1007812500E+001    0.9175781250E+000
 0.6767677    0.9429687500E+000    0.8710937500E+000
 0.6868687    0.8933593750E+000    0.8632812500E+000
 0.6969697    0.9257812500E+000    0.8488281250E+000
 0.7070707    0.9167968750E+000    0.8480468750E+000
 0.7171717    0.8992187500E+000    0.8707031250E+000
 0.7272727    0.8847656250E+000    0.8281250000E+000
 0.7373737    0.8550781250E+000    0.8328125000E+000
 0.7474747    0.8335937500E+000    0.8253906250E+000
 0.7575758    0.8148437500E+000    0.8101562500E+000
 0.7676768    0.7589843750E+000    0.8058593750E+000
 0.7777778    0.7464843750E+000    0.7886718750E+000
 0.7878788    0.7765625000E+000    0.8214843750E+000
 0.7979798    0.6941406250E+000    0.8378906250E+000
 0.8080808    0.6828125000E+000    0.7769531250E+000
 0.8181818    0.6730468750E+000    0.8117187500E+000
 0.8282828    0.6640625000E+000    0.8269531250E+000
 0.8383838    0.5703125000E+000    0.7707031250E+000
 0.8484848    0.6195312500E+000    0.8359375000E+000
 0.8585859    0.5308593750E+000    0.7496093750E+000
 0.8686869    0.5207031250E+000    0.7828125000E+000
 0.8787879    0.4566406250E+000    0.7757812500E+000
 0.8888889    0.4421875000E+000    0.7480468750E+000
 0.8989899    0.3898437500E+000    0.7609375000E+000
 0.9090909    0.3488281250E+000    0.7429687500E+000
 0.9191919    0.3292968750E+000    0.7121093750E+000
 0.9292929    0.3023437500E+000    0.7628906250E+000
 0.9393939    0.2304687500E+000    0.7503906250E+000
 0.9494949    0.2078125000E+000    0.7164062500E+000
 0.9595960    0.1539062500E+000    0.7304687500E+000
 0.9696970    0.1468750000E+000    0.6894531250E+000
 0.9797980    0.6601562500E-001    0.6843750000E+000
 0.9898990    0.0000000000E+000    0.6566406250E+000
 1.0000000    0.2695312500E-001    0.6843750000E+000


# Weightfunction after cycle      27594
 0.0000000    0.3186718750E+001    0.1787011719E+001
 0.0101010    0.3199804688E+001    0.1782519531E+001
 0.0202020    0.3216894531E+001    0.1802441406E+001
 0.0303030    0.3234960938E+001    0.1765234375E+001
 0.0404040    0.3278710938E+001    0.1791503906E+001
 0.0505051    0.3321386719E+001    0.1773437500E+001
 0.0606061    0.3399414063E+001    0.1799609375E+001
 0.0707071    0.3460058594E+001    0.1786718750E+001
 0.0808081    0.3550585938E+001    0.1821093750E+001
 0.0909091    0.3589746094E+001    0.1768359375E+001
 0.1010101    0.3674414063E+001    0.1778808594E+001
 0.1111111    0.3715527344E+001    0.1780761719E+001
 0.1212121    0.3823828125E+001    0.1793750000E+001
 0.1313131    0.3869531250E+001    0.1768359375E+001
 0.1414141    0.3867773438E+001    0.1746191406E+001
 0.1515152    0.3896777344E+001    0.1762792969E+001
 0.1616162    0.3915429688E+001    0.1765429687E+001
 0.1717172    0.3925390625E+001    0.1732910156E+001
 0.1818182    0.3881054688E+001    0.1730761719E+001
 0.1919192    0.3876562500E+001    0.1703808594E+001
 0.2020202    0.3862304688E+001    0.1703710937E+001
 0.2121212    0.3790625000E+001    0.1654589844E+001
 0.2222222    0.3775000000E+001    0.1638281250E+001
 0.2323232    0.3689160156E+001    0.1635742187E+001
 0.2424242    0.3608203125E+001    0.1598437500E+001
 0.2525253    0.3563769531E+001    0.1572558594E+001
 0.2626263    0.3492089844E+001    0.1554101562E+001
 0.2727273    0.3395996094E+001    0.1525585937E+001
 0.2828283    0.3342968750E+001    0.1485742187E+001
 0.2929293    0.3248339844E+001    0.1497460937E+001
 0.3030303    0.3157812500E+001    0.1466210937E+001
 0.3131313    0.3075878906E+001    0.1443457031E+001
 0.3232323    0.3037792969E+001    0.1412109375E+001
 0.3333333    0.2915332031E+001    0.1367578125E+001
 0.3434343    0.2849023438E+001    0.1350488281E+001
 0.3535354    0.2733984375E+001    0.1336523437E+001
 0.3636364    0.2644531250E+001    0.1299414062E+001
 0.3737374    0.2568457031E+001    0.1261718750E+001
 0.3838384    0.2472070312E+001    0.1226660156E+001
 0.3939394    0.2340527344E+001    0.1216210937E+001
 0.4040404    0.2264355469E+001    0.1175878906E+001
 0.4141414    0.2156542969E+001    0.1161132812E+001
 0.4242424    0.2062890625E+001    0.1138964844E+001
 0.4343434    0.1941210937E+001    0.1095312500E+001
 0.4444444    0.1791406250E+001    0.1055175781E+001
 0.4545455    0.1725488281E+001    0.1048242187E+001
 0.4646465    0.1613281250E+001    0.1034472656E+001
 0.4747475    0.1505371094E+001    0.9891601562E+000
 0.4848485    0.1400195312E+001    0.9427734375E+000
 0.4949495    0.1306347656E+001    0.9052734375E+000
 0.5050505    0.1221972656E+001    0.8961914062E+000
 0.5151515    0.1264257812E+001    0.8943359375E+000
 0.5252525    0.1249511719E+001    0.8829101562E+000
 0.5353535    0.1232812500E+001    0.9042968750E+000
 0.5454545    0.1204296875E+001    0.8728515625E+000
 0.5555556    0.1214550781E+001    0.8930664062E+000
 0.5656566    0.1202148437E+001    0.9049804687E+000
 0.5757576    0.1164257812E+001    0.8799804687E+000
 0.5858586    0.1162207031E+001    0.8810546875E+000
 0.5959596    0.1168554687E+001    0.8582031250E+000
 0.6060606    0.1157714844E+001    0.8822265625E+000
 0.6161616    0.1133496094E+001    0.8923828125E+000
 0.6262626    0.1134277344E+001    0.8992187500E+000
 0.6363636    0.1105664062E+001    0.8589843750E+000
 0.6464646    0.1123730469E+001    0.8810546875E+000
 0.6565657    0.1079687500E+001    0.8741210937E+000
 0.6666667    0.1070703125E+001    0.8674804687E+000
 0.6767677    0.1052343750E+001    0.8605468750E+000
 0.6868687    0.1017773437E+001    0.8591796875E+000
 0.6969697    0.1010839844E+001    0.8625976562E+000
 0.7070707    0.1012988281E+001    0.8637695312E+000
 0.7171717    0.9723632812E+000    0.8296875000E+000
 0.7272727    0.9423828125E+000    0.8382812500E+000
 0.7373737    0.9290039062E+000    0.8273437500E+000
 0.7474747    0.9196289062E+000    0.8546875000E+000
 0.7575758    0.8843750000E+000    0.8412109375E+000
 0.7676768    0.8566406250E+000    0.8222656250E+000
 0.7777778    0.8330078125E+000    0.8253906250E+000
 0.7878788    0.7981445312E+000    0.8315429687E+000
 0.7979798    0.7744140625E+000    0.8261718750E+000
 0.8080808    0.7652343750E+000    0.8232421875E+000
 0.8181818    0.7080078125E+000    0.8191406250E+000
 0.8282828    0.6885742187E+000    0.8045898437E+000
 0.8383838    0.6370117187E+000    0.7977539062E+000
 0.8484848    0.6246093750E+000    0.8177734375E+000
 0.8585859    0.5707031250E+000    0.8054687500E+000
 0.8686869    0.5377929687E+000    0.7766601562E+000
 0.8787879    0.4982421875E+000    0.7637695312E+000
 0.8888889    0.4729492187E+000    0.7723632812E+000
 0.8989899    0.4145507812E+000    0.7528320312E+000
 0.9090909    0.3947265625E+000    0.7791992187E+000
 0.9191919    0.3558593750E+000    0.7594726562E+000
 0.9292929    0.3243164062E+000    0.7651367187E+000
 0.9393939    0.2863281250E+000    0.7544921875E+000
 0.9494949    0.2090820312E+000    0.7222656250E+000
 0.9595960    0.1842773437E+000    0.7508789062E+000
 0.9696970    0.1337890625E+000    0.7168945312E+000
 0.9797980    0.8515625000E-001    0.7151367187E+000
 0.9898990    0.2753906250E-001    0.6980468750E+000
 1.0000000    0.0000000000E+000    0.6955078125E+000


# Weightfunction after cycle      31968
 0.0000000    0.3187792969E+001    0.1783691406E+001
 0.0101010    0.3205493164E+001    0.1784106445E+001
 0.0202020    0.3217578125E+001    0.1797167969E+001
 0.0303030    0.3243579102E+001    0.1768383789E+001
 0.0404040    0.3286791992E+001    0.1795483398E+001
 0.0505051    0.3320410156E+001    0.1768872070E+001
 0.0606061    0.3400317383E+001    0.1794335937E+001
 0.0707071    0.3464770508E+001    0.1788671875E+001
 0.0808081    0.3554370117E+001    0.1823120117E+001
 0.0909091    0.3596069336E+001    0.1771459961E+001
 0.1010101    0.3682153320E+001    0.1780810547E+001
 0.1111111    0.3730712891E+001    0.1789404297E+001
 0.1212121    0.3829833984E+001    0.1794189453E+001
 0.1313131    0.3876000977E+001    0.1771215820E+001
 0.1414141    0.3876196289E+001    0.1754150391E+001
 0.1515152    0.3911499023E+001    0.1763208008E+001
 0.1616162    0.3921948242E+001    0.1768994141E+001
 0.1717172    0.3936059570E+001    0.1732617187E+001
 0.1818182    0.3894750977E+001    0.1728417969E+001
 0.1919192    0.3887133789E+001    0.1706787109E+001
 0.2020202    0.3864868164E+001    0.1701098633E+001
 0.2121212    0.3800195313E+001    0.1657885742E+001
 0.2222222    0.3779760742E+001    0.1640747070E+001
 0.2323232    0.3699658203E+001    0.1634619141E+001
 0.2424242    0.3617968750E+001    0.1600439453E+001
 0.2525253    0.3573339844E+001    0.1576879883E+001
 0.2626263    0.3496459961E+001    0.1554956055E+001
 0.2727273    0.3409692383E+001    0.1529833984E+001
 0.2828283    0.3351196289E+001    0.1487768555E+001
 0.2929293    0.3259814453E+001    0.1496899414E+001
 0.3030303    0.3172412109E+001    0.1466699219E+001
 0.3131313    0.3089477539E+001    0.1443798828E+001
 0.3232323    0.3044873047E+001    0.1411132812E+001
 0.3333333    0.2931811523E+001    0.1367138672E+001
 0.3434343    0.2855151367E+001    0.1350732422E+001
 0.3535354    0.2744384766E+001    0.1341186523E+001
 0.3636364    0.2653002930E+001    0.1304394531E+001
 0.3737374    0.2578466797E+001    0.1266894531E+001
 0.3838384    0.2487084961E+001    0.1227709961E+001
 0.3939394    0.2353027344E+001    0.1217749023E+001
 0.4040404    0.2275415039E+001    0.1179809570E+001
 0.4141414    0.2165258789E+001    0.1164599609E+001
 0.4242424    0.2072949219E+001    0.1136791992E+001
 0.4343434    0.1951708984E+001    0.1101538086E+001
 0.4444444    0.1806591797E+001    0.1059692383E+001
 0.4545455    0.1737036133E+001    0.1050927734E+001
 0.4646465    0.1628442383E+001    0.1034350586E+001
 0.4747475    0.1522875977E+001    0.9980957031E+000
 0.4848485    0.1407592773E+001    0.9506347656E+000
 0.4949495    0.1308544922E+001    0.9144042969E+000
 0.5050505    0.1228881836E+001    0.9043457031E+000
 0.5151515    0.1272241211E+001    0.9009033203E+000
 0.5252525    0.1257006836E+001    0.8916992187E+000
 0.5353535    0.1243066406E+001    0.9098632812E+000
 0.5454545    0.1216333008E+001    0.8765136719E+000
 0.5555556    0.1225952148E+001    0.9026123047E+000
 0.5656566    0.1208593750E+001    0.9063964844E+000
 0.5757576    0.1178784180E+001    0.8901123047E+000
 0.5858586    0.1176123047E+001    0.8874755859E+000
 0.5959596    0.1183593750E+001    0.8688232422E+000
 0.6060606    0.1164941406E+001    0.8828369141E+000
 0.6161616    0.1145727539E+001    0.8971435547E+000
 0.6262626    0.1140576172E+001    0.9024169922E+000
 0.6363636    0.1116455078E+001    0.8693115234E+000
 0.6464646    0.1131201172E+001    0.8886474609E+000
 0.6565657    0.1089672852E+001    0.8833007812E+000
 0.6666667    0.1085253906E+001    0.8718261719E+000
 0.6767677    0.1060034180E+001    0.8692871094E+000
 0.6868687    0.1026367187E+001    0.8666015625E+000
 0.6969697    0.1025756836E+001    0.8660644531E+000
 0.7070707    0.1023657227E+001    0.8703369141E+000
 0.7171717    0.9798339844E+000    0.8379150391E+000
 0.7272727    0.9568603516E+000    0.8487548828E+000
 0.7373737    0.9368652344E+000    0.8361328125E+000
 0.7474747    0.9243652344E+000    0.8583740234E+000
 0.7575758    0.8971435547E+000    0.8485839844E+000
 0.7676768    0.8647705078E+000    0.8324707031E+000
 0.7777778    0.8418457031E+000    0.8332275391E+000
 0.7878788    0.8078857422E+000    0.8385742187E+000
 0.7979798    0.7846435547E+000    0.8326171875E+000
 0.8080808    0.7742919922E+000    0.8336914062E+000
 0.8181818    0.7197753906E+000    0.8287109375E+000
 0.8282828    0.6979003906E+000    0.8166748047E+000
 0.8383838    0.6481445312E+000    0.8099365234E+000
 0.8484848    0.6314697266E+000    0.8210937500E+000
 0.8585859    0.5813232422E+000    0.8129882812E+000
 0.8686869    0.5446533203E+000    0.7857421875E+000
 0.8787879    0.5052978516E+000    0.7734375000E+000
 0.8888889    0.4826171875E+000    0.7797607422E+000
 0.8989899    0.4250000000E+000    0.7652099609E+000
 0.9090909    0.4068359375E+000    0.7881591797E+000
 0.9191919    0.3633789062E+000    0.7709228516E+000
 0.9292929    0.3272949219E+000    0.7715332031E+000
 0.9393939    0.2915039062E+000    0.7641357422E+000
 0.9494949    0.2180419922E+000    0.7327636719E+000
 0.9595960    0.1875732422E+000    0.7551757812E+000
 0.9696970    0.1378417969E+000    0.7247070312E+000
 0.9797980    0.9228515625E-001    0.7261962891E+000
 0.9898990    0.3823242188E-001    0.7077148437E+000
 1.0000000    0.0000000000E+000    0.7019287109E+000


# Weightfunction after cycle      44749
 0.0000000    0.3185809326E+001    0.1784747314E+001
 0.0101010    0.3206311035E+001    0.1786346436E+001
 0.0202020    0.3216448975E+001    0.1798089600E+001
 0.0303030    0.3246093750E+001    0.1774700928E+001
 0.0404040    0.3283813477E+001    0.1795959473E+001
 0.0505051    0.3324316406E+001    0.1774218750E+001
 0.0606061    0.3399224854E+001    0.1797119141E+001
 0.0707071    0.3466802979E+001    0.1792242432E+001
 0.0808081    0.3554589844E+001    0.1823260498E+001
 0.0909091    0.3596093750E+001    0.1774523926E+001
 0.1010101    0.3683276367E+001    0.1783886719E+001
 0.1111111    0.3732794189E+001    0.1790820313E+001
 0.1212121    0.3828259277E+001    0.1797241211E+001
 0.1313131    0.3875195313E+001    0.1773211670E+001
 0.1414141    0.3878747559E+001    0.1758856201E+001
 0.1515152    0.3913128662E+001    0.1766198730E+001
 0.1616162    0.3922418213E+001    0.1767974854E+001
 0.1717172    0.3937738037E+001    0.1734600830E+001
 0.1818182    0.3895092773E+001    0.1730053711E+001
 0.1919192    0.3888958740E+001    0.1710186768E+001
 0.2020202    0.3863073730E+001    0.1706188965E+001
 0.2121212    0.3803283691E+001    0.1663336182E+001
 0.2222222    0.3777752686E+001    0.1642736816E+001
 0.2323232    0.3700280762E+001    0.1636016846E+001
 0.2424242    0.3620581055E+001    0.1606457520E+001
 0.2525253    0.3574993896E+001    0.1581500244E+001
 0.2626263    0.3500115967E+001    0.1559399414E+001
 0.2727273    0.3410839844E+001    0.1536602783E+001
 0.2828283    0.3354382324E+001    0.1494671631E+001
 0.2929293    0.3259991455E+001    0.1500671387E+001
 0.3030303    0.3175018311E+001    0.1471899414E+001
 0.3131313    0.3092510986E+001    0.1450122070E+001
 0.3232323    0.3045062256E+001    0.1416156006E+001
 0.3333333    0.2934875488E+001    0.1374462891E+001
 0.3434343    0.2854504395E+001    0.1357696533E+001
 0.3535354    0.2745684814E+001    0.1346099854E+001
 0.3636364    0.2657727051E+001    0.1309741211E+001
 0.3737374    0.2576434326E+001    0.1275781250E+001
 0.3838384    0.2483911133E+001    0.1235632324E+001
 0.3939394    0.2354998779E+001    0.1223114014E+001
 0.4040404    0.2275665283E+001    0.1188153076E+001
 0.4141414    0.2166027832E+001    0.1170037842E+001
 0.4242424    0.2070092773E+001    0.1143359375E+001
 0.4343434    0.1952960205E+001    0.1108068848E+001
 0.4444444    0.1810357666E+001    0.1068969727E+001
 0.4545455    0.1738391113E+001    0.1059082031E+001
 0.4646465    0.1630694580E+001    0.1040551758E+001
 0.4747475    0.1521563721E+001    0.1004235840E+001
 0.4848485    0.1410546875E+001    0.9593750000E+000
 0.4949495    0.1308105469E+001    0.9227355957E+000
 0.5050505    0.1230175781E+001    0.9123962402E+000
 0.5151515    0.1269244385E+001    0.9089721680E+000
 0.5252525    0.1254882812E+001    0.8985473633E+000
 0.5353535    0.1241430664E+001    0.9173645020E+000
 0.5454545    0.1216442871E+001    0.8837402344E+000
 0.5555556    0.1222497559E+001    0.9097900391E+000
 0.5656566    0.1207061768E+001    0.9136840820E+000
 0.5757576    0.1180859375E+001    0.8981445312E+000
 0.5858586    0.1177893066E+001    0.8953796387E+000
 0.5959596    0.1181750488E+001    0.8765991211E+000
 0.6060606    0.1166369629E+001    0.8924621582E+000
 0.6161616    0.1145989990E+001    0.9044311523E+000
 0.6262626    0.1140655518E+001    0.9080993652E+000
 0.6363636    0.1115863037E+001    0.8782897949E+000
 0.6464646    0.1131195068E+001    0.8970458984E+000
 0.6565657    0.1088006592E+001    0.8892944336E+000
 0.6666667    0.1084429932E+001    0.8814392090E+000
 0.6767677    0.1060034180E+001    0.8780456543E+000
 0.6868687    0.1029705811E+001    0.8758300781E+000
 0.6969697    0.1025085449E+001    0.8732116699E+000
 0.7070707    0.1022149658E+001    0.8788879395E+000
 0.7171717    0.9774902344E+000    0.8473754883E+000
 0.7272727    0.9553161621E+000    0.8566284180E+000
 0.7373737    0.9375488281E+000    0.8459960937E+000
 0.7474747    0.9229187012E+000    0.8661865234E+000
 0.7575758    0.8951965332E+000    0.8569030762E+000
 0.7676768    0.8637634277E+000    0.8414123535E+000
 0.7777778    0.8395568848E+000    0.8406860352E+000
 0.7878788    0.8058532715E+000    0.8448486328E+000
 0.7979798    0.7833557129E+000    0.8416259766E+000
 0.8080808    0.7722351074E+000    0.8421142578E+000
 0.8181818    0.7173522949E+000    0.8365478516E+000
 0.8282828    0.6929504395E+000    0.8236938477E+000
 0.8383838    0.6450866699E+000    0.8171386719E+000
 0.8484848    0.6298400879E+000    0.8282958984E+000
 0.8585859    0.5793090820E+000    0.8202331543E+000
 0.8686869    0.5425415039E+000    0.7945068359E+000
 0.8787879    0.5040222168E+000    0.7820251465E+000
 0.8888889    0.4807067871E+000    0.7880493164E+000
 0.8989899    0.4236267090E+000    0.7761108398E+000
 0.9090909    0.4025939941E+000    0.7950500488E+000
 0.9191919    0.3612792969E+000    0.7793029785E+000
 0.9292929    0.3237670898E+000    0.7778686523E+000
 0.9393939    0.2872741699E+000    0.7710937500E+000
 0.9494949    0.2159729004E+000    0.7434875488E+000
 0.9595960    0.1832336426E+000    0.7615905762E+000
 0.9696970    0.1334838867E+000    0.7332397461E+000
 0.9797980    0.8887329102E-001    0.7345397949E+000
 0.9898990    0.3458251953E-001    0.7175537109E+000
 1.0000000    0.0000000000E+000    0.7136535645E+000


# Weightfunction after cycle      68934
 0.0000000    0.3184501648E+001    0.1784727478E+001
 0.0101010    0.3203465271E+001    0.1785874939E+001
 0.0202020    0.3213584900E+001    0.1797120667E+001
 0.0303030    0.3243800354E+001    0.1774961853E+001
 0.0404040    0.3281407166E+001    0.1795182800E+001
 0.0505051    0.3321887207E+001    0.1774546814E+001
 0.0606061    0.3396058655E+001    0.1796163940E+001
 0.0707071    0.3464332581E+001    0.1792485046E+001
 0.0808081    0.3550883484E+001    0.1821597290E+001
 0.0909091    0.3593499756E+001    0.1775675964E+001
 0.1010101    0.3679634094E+001    0.1783403015E+001
 0.1111111    0.3730223083E+001    0.1790039062E+001
 0.1212121    0.3824458313E+001    0.1796063232E+001
 0.1313131    0.3870787048E+001    0.1773434448E+001
 0.1414141    0.3874771118E+001    0.1759027100E+001
 0.1515152    0.3909957886E+001    0.1766287231E+001
 0.1616162    0.3919538879E+001    0.1767526245E+001
 0.1717172    0.3932827759E+001    0.1734283447E+001
 0.1818182    0.3890794373E+001    0.1728961182E+001
 0.1919192    0.3883967590E+001    0.1709951782E+001
 0.2020202    0.3858288574E+001    0.1705116272E+001
 0.2121212    0.3799992371E+001    0.1663780212E+001
 0.2222222    0.3771166992E+001    0.1643016052E+001
 0.2323232    0.3696235657E+001    0.1634759521E+001
 0.2424242    0.3616893005E+001    0.1606437683E+001
 0.2525253    0.3570181274E+001    0.1581565857E+001
 0.2626263    0.3496122742E+001    0.1559272766E+001
 0.2727273    0.3406593323E+001    0.1536370850E+001
 0.2828283    0.3349676514E+001    0.1495640564E+001
 0.2929293    0.3255261230E+001    0.1499797058E+001
 0.3030303    0.3171430969E+001    0.1471511841E+001
 0.3131313    0.3088313293E+001    0.1448988342E+001
 0.3232323    0.3040069580E+001    0.1416827393E+001
 0.3333333    0.2930293274E+001    0.1375224304E+001
 0.3434343    0.2848860168E+001    0.1357633972E+001
 0.3535354    0.2742433167E+001    0.1345448303E+001
 0.3636364    0.2654324341E+001    0.1310124207E+001
 0.3737374    0.2570726013E+001    0.1275740051E+001
 0.3838384    0.2478808594E+001    0.1236943054E+001
 0.3939394    0.2350799561E+001    0.1223799133E+001
 0.4040404    0.2271257019E+001    0.1188182068E+001
 0.4141414    0.2162266541E+001    0.1169381714E+001
 0.4242424    0.2065165710E+001    0.1142645264E+001
 0.4343434    0.1948135376E+001    0.1108638000E+001
 0.4444444    0.1807728577E+001    0.1069285583E+001
 0.4545455    0.1733872986E+001    0.1058973694E+001
 0.4646465    0.1627214050E+001    0.1039910889E+001
 0.4747475    0.1518482971E+001    0.1003186035E+001
 0.4848485    0.1407067871E+001    0.9595306396E+000
 0.4949495    0.1304782104E+001    0.9225143433E+000
 0.5050505    0.1228196716E+001    0.9114898682E+000
 0.5151515    0.1264755249E+001    0.9090057373E+000
 0.5252525    0.1251712036E+001    0.8985687256E+000
 0.5353535    0.1238627625E+001    0.9164993286E+000
 0.5454545    0.1214317322E+001    0.8842163086E+000
 0.5555556    0.1219577026E+001    0.9089508057E+000
 0.5656566    0.1204168701E+001    0.9131912231E+000
 0.5757576    0.1178839111E+001    0.8986663818E+000
 0.5858586    0.1176210022E+001    0.8960418701E+000
 0.5959596    0.1179493713E+001    0.8778457642E+000
 0.6060606    0.1164566040E+001    0.8923919678E+000
 0.6161616    0.1144041443E+001    0.9044982910E+000
 0.6262626    0.1137976074E+001    0.9078292847E+000
 0.6363636    0.1114529419E+001    0.8776229858E+000
 0.6464646    0.1128564453E+001    0.8965621948E+000
 0.6565657    0.1086189270E+001    0.8890441895E+000
 0.6666667    0.1083233643E+001    0.8817428589E+000
 0.6767677    0.1058531189E+001    0.8777801514E+000
 0.6868687    0.1028720093E+001    0.8757080078E+000
 0.6969697    0.1023124695E+001    0.8726562500E+000
 0.7070707    0.1019970703E+001    0.8788360596E+000
 0.7171717    0.9755203247E+000    0.8477813721E+000
 0.7272727    0.9538345337E+000    0.8570281982E+000
 0.7373737    0.9355575562E+000    0.8459701538E+000
 0.7474747    0.9204681396E+000    0.8652389526E+000
 0.7575758    0.8935317993E+000    0.8568801880E+000
 0.7676768    0.8620758057E+000    0.8412933350E+000
 0.7777778    0.8375366211E+000    0.8408401489E+000
 0.7878788    0.8040084839E+000    0.8442230225E+000
 0.7979798    0.7812942505E+000    0.8408737183E+000
 0.8080808    0.7698867798E+000    0.8412963867E+000
 0.8181818    0.7163528442E+000    0.8362274170E+000
 0.8282828    0.6915817261E+000    0.8232574463E+000
 0.8383838    0.6437774658E+000    0.8169204712E+000
 0.8484848    0.6280288696E+000    0.8269546509E+000
 0.8585859    0.5786178589E+000    0.8194915771E+000
 0.8686869    0.5410049438E+000    0.7940200806E+000
 0.8787879    0.5033203125E+000    0.7823379517E+000
 0.8888889    0.4788558960E+000    0.7876403809E+000
 0.8989899    0.4231292725E+000    0.7763778687E+000
 0.9090909    0.4011825562E+000    0.7937530518E+000
 0.9191919    0.3598022461E+000    0.7782760620E+000
 0.9292929    0.3221878052E+000    0.7765426636E+000
 0.9393939    0.2857727051E+000    0.7703491211E+000
 0.9494949    0.2159347534E+000    0.7438766479E+000
 0.9595960    0.1821075439E+000    0.7600280762E+000
 0.9696970    0.1328674316E+000    0.7331985474E+000
 0.9797980    0.8795166016E-001    0.7332595825E+000
 0.9898990    0.3424072266E-001    0.7176361084E+000
 1.0000000    0.0000000000E+000    0.7137115479E+000


