# Swap Acceptance ratios and number of Accepted and Trial Moves (per box) as a function of Lambda
 0.00500 0.95793     49462     51634 0.95279     49530     51984
 0.01500 0.96033     49429     51471 0.93555     49226     52617
 0.02500 0.93378     48029     51435 0.91113     48022     52706
 0.03500 0.89775     46866     52204 0.87603     46941     53584
 0.04500 0.85494     43866     51309 0.81808     44047     53842
 0.05500 0.79072     41415     52376 0.77890     41530     53319
 0.06500 0.73923     37990     51391 0.71780     37807     52671
 0.07500 0.67527     35921     53195 0.65971     35926     54457
 0.08500 0.61417     32327     52635 0.59624     32216     54032
 0.09500 0.55875     28048     50198 0.52069     28067     53903
 0.10500 0.48471     25603     52821 0.46984     25630     54550
 0.11500 0.42278     22298     52742 0.41180     22235     53995
 0.12500 0.36665     19585     53416 0.35400     19484     55040
 0.13500 0.30702     16280     53026 0.30566     16548     54139
 0.14500 0.27550     14431     52382 0.26049     14318     54966
 0.15500 0.22811     11848     51939 0.22452     11927     53123
 0.16500 0.20298     10588     52164 0.18366     10332     56256
 0.17500 0.17181      8656     50380 0.15685      8589     54761
 0.18500 0.13983      7309     52272 0.13737      7369     53645
 0.19500 0.12274      6466     52680 0.11738      6524     55580
 0.20500 0.10266      5359     52199 0.10050      5358     53313
 0.21500 0.09198      4757     51715 0.08830      4802     54385
 0.22500 0.07662      4169     54414 0.07435      4165     56019
 0.23500 0.06893      3694     53587 0.06578      3642     55368
 0.24500 0.06162      3226     52349 0.05795      3227     55690
 0.25500 0.05364      2846     53062 0.05094      2832     55598
 0.26500 0.04667      2449     52476 0.04633      2528     54569
 0.27500 0.04146      2199     53041 0.04030      2173     53926
 0.28500 0.03986      2116     53091 0.03770      2157     57209
 0.29500 0.03622      1864     51470 0.03468      1936     55824
 0.30500 0.00000         0         0 0.00000         0         0
 0.31500 0.00000         0         0 0.00000         0         0
 0.32500 0.00000         0         0 0.00000         0         0
 0.33500 0.00000         0         0 0.00000         0         0
 0.34500 0.00000         0         0 0.00000         0         0
 0.35500 0.00000         0         0 0.00000         0         0
 0.36500 0.00000         0         0 0.00000         0         0
 0.37500 0.00000         0         0 0.00000         0         0
 0.38500 0.00000         0         0 0.00000         0         0
 0.39500 0.00000         0         0 0.00000         0         0
 0.40500 0.00000         0         0 0.00000         0         0
 0.41500 0.00000         0         0 0.00000         0         0
 0.42500 0.00000         0         0 0.00000         0         0
 0.43500 0.00000         0         0 0.00000         0         0
 0.44500 0.00000         0         0 0.00000         0         0
 0.45500 0.00000         0         0 0.00000         0         0
 0.46500 0.00000         0         0 0.00000         0         0
 0.47500 0.00000         0         0 0.00000         0         0
 0.48500 0.00000         0         0 0.00000         0         0
 0.49500 0.00000         0         0 0.00000         0         0
 0.50500 0.00000         0         0 0.00000         0         0
 0.51500 0.00000         0         0 0.00000         0         0
 0.52500 0.00000         0         0 0.00000         0         0
 0.53500 0.00000         0         0 0.00000         0         0
 0.54500 0.00000         0         0 0.00000         0         0
 0.55500 0.00000         0         0 0.00000         0         0
 0.56500 0.00000         0         0 0.00000         0         0
 0.57500 0.00000         0         0 0.00000         0         0
 0.58500 0.00000         0         0 0.00000         0         0
 0.59500 0.00000         0         0 0.00000         0         0
 0.60500 0.00000         0         0 0.00000         0         0
 0.61500 0.00000         0         0 0.00000         0         0
 0.62500 0.00000         0         0 0.00000         0         0
 0.63500 0.00000         0         0 0.00000         0         0
 0.64500 0.00000         0         0 0.00000         0         0
 0.65500 0.00000         0         0 0.00000         0         0
 0.66500 0.00000         0         0 0.00000         0         0
 0.67500 0.00000         0         0 0.00000         0         0
 0.68500 0.00000         0         0 0.00000         0         0
 0.69500 0.00000         0         0 0.00000         0         0
 0.70500 0.00000         0         0 0.00000         0         0
 0.71500 0.00000         0         0 0.00000         0         0
 0.72500 0.00000         0         0 0.00000         0         0
 0.73500 0.00000         0         0 0.00000         0         0
 0.74500 0.00000         0         0 0.00000         0         0
 0.75500 0.00000         0         0 0.00000         0         0
 0.76500 0.00000         0         0 0.00000         0         0
 0.77500 0.00000         0         0 0.00000         0         0
 0.78500 0.00000         0         0 0.00000         0         0
 0.79500 0.00000         0         0 0.00000         0         0
 0.80500 0.00000         0         0 0.00000         0         0
 0.81500 0.00000         0         0 0.00000         0         0
 0.82500 0.00000         0         0 0.00000         0         0
 0.83500 0.00000         0         0 0.00000         0         0
 0.84500 0.00000         0         0 0.00000         0         0
 0.85500 0.00000         0         0 0.00000         0         0
 0.86500 0.00000         0         0 0.00000         0         0
 0.87500 0.00000         0         0 0.00000         0         0
 0.88500 0.00000         0         0 0.00000         0         0
 0.89500 0.00000         0         0 0.00000         0         0
 0.90500 0.00000         0         0 0.00000         0         0
 0.91500 0.00000         0         0 0.00000         0         0
 0.92500 0.00000         0         0 0.00000         0         0
 0.93500 0.00000         0         0 0.00000         0         0
 0.94500 0.00000         0         0 0.00000         0         0
 0.95500 0.00000         0         0 0.00000         0         0
 0.96500 0.00000         0         0 0.00000         0         0
 0.97500 0.00000         0         0 0.00000         0         0
 0.98500 0.00000         0         0 0.00000         0         0
 0.99500 0.00000         0         0 0.00000         0         0


 0.00500 0.95904     49680     51802 0.95020     49784     52393
 0.01500 0.95816     52348     54634 0.94617     52383     55363
 0.02500 0.94814     48995     51675 0.93105     48978     52605
 0.03500 0.92270     49272     53400 0.91637     49145     53630
 0.04500 0.89131     46594     52276 0.88917     46371     52151
 0.05500 0.86527     45482     52564 0.85156     45539     53477
 0.06500 0.82656     43310     52398 0.81716     43384     53091
 0.07500 0.78996     41515     52553 0.77045     41720     54150
 0.08500 0.73893     38944     52703 0.73180     38882     53132
 0.09500 0.68481     36294     52999 0.68658     36112     52597
 0.10500 0.65138     34200     52504 0.62704     34007     54234
 0.11500 0.58206     31348     53857 0.59172     31140     52626
 0.12500 0.52886     28304     53519 0.53075     28495     53688
 0.13500 0.48149     25492     52944 0.47556     25443     53501
 0.14500 0.42424     23185     54651 0.42621     23116     54236
 0.15500 0.37608     19770     52569 0.37199     19804     53238
 0.16500 0.32657     17397     53272 0.32635     17472     53538
 0.17500 0.28314     15112     53372 0.28453     15356     53969
 0.18500 0.24666     13383     54256 0.24818     13543     54570
 0.19500 0.21626     11446     52928 0.21421     11336     52919
 0.20500 0.19184     10127     52788 0.18728     10151     54203
 0.21500 0.16520      8843     53530 0.16637      8808     52943
 0.22500 0.14610      8055     55134 0.14957      7991     53428
 0.23500 0.13314      7209     54147 0.13099      6969     53203
 0.24500 0.11985      6362     53082 0.11920      6382     53539
 0.25500 0.10843      5757     53094 0.10849      5802     53479
 0.26500 0.09986      5237     52444 0.09677      5240     54147
 0.27500 0.08964      4744     52920 0.09095      4924     54137
 0.28500 0.08337      4343     52094 0.08190      4393     53638
 0.29500 0.07517      4042     53774 0.07733      4112     53175
 0.30500 0.00000         0         0 0.00000         0         0
 0.31500 0.00000         0         0 0.00000         0         0
 0.32500 0.00000         0         0 0.00000         0         0
 0.33500 0.00000         0         0 0.00000         0         0
 0.34500 0.00000         0         0 0.00000         0         0
 0.35500 0.00000         0         0 0.00000         0         0
 0.36500 0.00000         0         0 0.00000         0         0
 0.37500 0.00000         0         0 0.00000         0         0
 0.38500 0.00000         0         0 0.00000         0         0
 0.39500 0.00000         0         0 0.00000         0         0
 0.40500 0.00000         0         0 0.00000         0         0
 0.41500 0.00000         0         0 0.00000         0         0
 0.42500 0.00000         0         0 0.00000         0         0
 0.43500 0.00000         0         0 0.00000         0         0
 0.44500 0.00000         0         0 0.00000         0         0
 0.45500 0.00000         0         0 0.00000         0         0
 0.46500 0.00000         0         0 0.00000         0         0
 0.47500 0.00000         0         0 0.00000         0         0
 0.48500 0.00000         0         0 0.00000         0         0
 0.49500 0.00000         0         0 0.00000         0         0
 0.50500 0.00000         0         0 0.00000         0         0
 0.51500 0.00000         0         0 0.00000         0         0
 0.52500 0.00000         0         0 0.00000         0         0
 0.53500 0.00000         0         0 0.00000         0         0
 0.54500 0.00000         0         0 0.00000         0         0
 0.55500 0.00000         0         0 0.00000         0         0
 0.56500 0.00000         0         0 0.00000         0         0
 0.57500 0.00000         0         0 0.00000         0         0
 0.58500 0.00000         0         0 0.00000         0         0
 0.59500 0.00000         0         0 0.00000         0         0
 0.60500 0.00000         0         0 0.00000         0         0
 0.61500 0.00000         0         0 0.00000         0         0
 0.62500 0.00000         0         0 0.00000         0         0
 0.63500 0.00000         0         0 0.00000         0         0
 0.64500 0.00000         0         0 0.00000         0         0
 0.65500 0.00000         0         0 0.00000         0         0
 0.66500 0.00000         0         0 0.00000         0         0
 0.67500 0.00000         0         0 0.00000         0         0
 0.68500 0.00000         0         0 0.00000         0         0
 0.69500 0.00000         0         0 0.00000         0         0
 0.70500 0.00000         0         0 0.00000         0         0
 0.71500 0.00000         0         0 0.00000         0         0
 0.72500 0.00000         0         0 0.00000         0         0
 0.73500 0.00000         0         0 0.00000         0         0
 0.74500 0.00000         0         0 0.00000         0         0
 0.75500 0.00000         0         0 0.00000         0         0
 0.76500 0.00000         0         0 0.00000         0         0
 0.77500 0.00000         0         0 0.00000         0         0
 0.78500 0.00000         0         0 0.00000         0         0
 0.79500 0.00000         0         0 0.00000         0         0
 0.80500 0.00000         0         0 0.00000         0         0
 0.81500 0.00000         0         0 0.00000         0         0
 0.82500 0.00000         0         0 0.00000         0         0
 0.83500 0.00000         0         0 0.00000         0         0
 0.84500 0.00000         0         0 0.00000         0         0
 0.85500 0.00000         0         0 0.00000         0         0
 0.86500 0.00000         0         0 0.00000         0         0
 0.87500 0.00000         0         0 0.00000         0         0
 0.88500 0.00000         0         0 0.00000         0         0
 0.89500 0.00000         0         0 0.00000         0         0
 0.90500 0.00000         0         0 0.00000         0         0
 0.91500 0.00000         0         0 0.00000         0         0
 0.92500 0.00000         0         0 0.00000         0         0
 0.93500 0.00000         0         0 0.00000         0         0
 0.94500 0.00000         0         0 0.00000         0         0
 0.95500 0.00000         0         0 0.00000         0         0
 0.96500 0.00000         0         0 0.00000         0         0
 0.97500 0.00000         0         0 0.00000         0         0
 0.98500 0.00000         0         0 0.00000         0         0
 0.99500 0.00000         0         0 0.00000         0         0


