# Evolution of the weightfunction during equilibration phase for fractional: Ar
# Weightfunction after cycle        304
 0.0000000    0.3500000000E+001    0.1100000000E+001
 0.0101010    0.2700000000E+001    0.7000000000E+000
 0.0202020    0.4200000000E+001    0.9000000000E+000
 0.0303030    0.4500000000E+001    0.1600000000E+001
 0.0404040    0.3500000000E+001    0.1000000000E+001
 0.0505051    0.3300000000E+001    0.6000000000E+000
 0.0606061    0.3700000000E+001    0.1100000000E+001
 0.0707071    0.3400000000E+001    0.5000000000E+000
 0.0808081    0.3700000000E+001    0.8000000000E+000
 0.0909091    0.4600000000E+001    0.1600000000E+001
 0.1010101    0.3600000000E+001    0.1100000000E+001
 0.1111111    0.3400000000E+001    0.0000000000E+000
 0.1212121    0.4200000000E+001    0.5000000000E+000
 0.1313131    0.4200000000E+001    0.1300000000E+001
 0.1414141    0.4500000000E+001    0.1300000000E+001
 0.1515152    0.4300000000E+001    0.8000000000E+000
 0.1616162    0.5200000000E+001    0.1200000000E+001
 0.1717172    0.4200000000E+001    0.1200000000E+001
 0.1818182    0.4800000000E+001    0.1600000000E+001
 0.1919192    0.5700000000E+001    0.5000000000E+000
 0.2020202    0.5300000000E+001    0.2100000000E+001
 0.2121212    0.5600000000E+001    0.2000000000E+001
 0.2222222    0.5500000000E+001    0.6000000000E+000
 0.2323232    0.4700000000E+001    0.1800000000E+001
 0.2424242    0.5100000000E+001    0.1100000000E+001
 0.2525253    0.6500000000E+001    0.2000000000E+001
 0.2626263    0.6200000000E+001    0.1600000000E+001
 0.2727273    0.6000000000E+001    0.1300000000E+001
 0.2828283    0.5900000000E+001    0.5000000000E+000
 0.2929293    0.6000000000E+001    0.4000000000E+000
 0.3030303    0.5400000000E+001    0.5000000000E+000
 0.3131313    0.3900000000E+001    0.6000000000E+000
 0.3232323    0.4800000000E+001    0.2000000000E+001
 0.3333333    0.4700000000E+001    0.9000000000E+000
 0.3434343    0.4600000000E+001    0.1000000000E+001
 0.3535354    0.6100000000E+001    0.1400000000E+001
 0.3636364    0.5000000000E+001    0.1500000000E+001
 0.3737374    0.4500000000E+001    0.2300000000E+001
 0.3838384    0.5700000000E+001    0.9000000000E+000
 0.3939394    0.4300000000E+001    0.9000000000E+000
 0.4040404    0.4200000000E+001    0.1400000000E+001
 0.4141414    0.4800000000E+001    0.1200000000E+001
 0.4242424    0.4900000000E+001    0.4000000000E+000
 0.4343434    0.5200000000E+001    0.2000000000E+001
 0.4444444    0.3600000000E+001    0.8000000000E+000
 0.4545455    0.5100000000E+001    0.0000000000E+000
 0.4646465    0.3700000000E+001    0.7000000000E+000
 0.4747475    0.4600000000E+001    0.5000000000E+000
 0.4848485    0.4600000000E+001    0.9000000000E+000
 0.4949495    0.4100000000E+001    0.1100000000E+001
 0.5050505    0.5300000000E+001    0.1300000000E+001
 0.5151515    0.4800000000E+001    0.5000000000E+000
 0.5252525    0.5200000000E+001    0.8000000000E+000
 0.5353535    0.3800000000E+001    0.1400000000E+001
 0.5454545    0.3700000000E+001    0.1400000000E+001
 0.5555556    0.3900000000E+001    0.1800000000E+001
 0.5656566    0.5700000000E+001    0.7000000000E+000
 0.5757576    0.3400000000E+001    0.1000000000E+001
 0.5858586    0.5400000000E+001    0.1000000000E+001
 0.5959596    0.4000000000E+001    0.1200000000E+001
 0.6060606    0.5100000000E+001    0.1500000000E+001
 0.6161616    0.4900000000E+001    0.1300000000E+001
 0.6262626    0.4300000000E+001    0.2000000000E+001
 0.6363636    0.4300000000E+001    0.1700000000E+001
 0.6464646    0.4300000000E+001    0.9000000000E+000
 0.6565657    0.4500000000E+001    0.1200000000E+001
 0.6666667    0.4300000000E+001    0.1000000000E+001
 0.6767677    0.4400000000E+001    0.8000000000E+000
 0.6868687    0.4200000000E+001    0.1800000000E+001
 0.6969697    0.4200000000E+001    0.2000000000E+001
 0.7070707    0.4300000000E+001    0.1300000000E+001
 0.7171717    0.4300000000E+001    0.1300000000E+001
 0.7272727    0.4800000000E+001    0.1600000000E+001
 0.7373737    0.4800000000E+001    0.1600000000E+001
 0.7474747    0.4100000000E+001    0.1100000000E+001
 0.7575758    0.4900000000E+001    0.1800000000E+001
 0.7676768    0.5300000000E+001    0.2300000000E+001
 0.7777778    0.4500000000E+001    0.1300000000E+001
 0.7878788    0.4800000000E+001    0.1500000000E+001
 0.7979798    0.4400000000E+001    0.1200000000E+001
 0.8080808    0.4600000000E+001    0.1800000000E+001
 0.8181818    0.5000000000E+001    0.1800000000E+001
 0.8282828    0.4300000000E+001    0.1700000000E+001
 0.8383838    0.5000000000E+001    0.1900000000E+001
 0.8484848    0.4900000000E+001    0.1800000000E+001
 0.8585859    0.4300000000E+001    0.1300000000E+001
 0.8686869    0.4300000000E+001    0.1900000000E+001
 0.8787879    0.4900000000E+001    0.2400000000E+001
 0.8888889    0.3400000000E+001    0.6000000000E+000
 0.8989899    0.5200000000E+001    0.2100000000E+001
 0.9090909    0.4400000000E+001    0.1000000000E+001
 0.9191919    0.4800000000E+001    0.1600000000E+001
 0.9292929    0.4600000000E+001    0.1100000000E+001
 0.9393939    0.3600000000E+001    0.1100000000E+001
 0.9494949    0.4800000000E+001    0.1900000000E+001
 0.9595960    0.4700000000E+001    0.1700000000E+001
 0.9696970    0.4300000000E+001    0.1400000000E+001
 0.9797980    0.3700000000E+001    0.8000000000E+000
 0.9898990    0.3600000000E+001    0.4000000000E+000
 1.0000000    0.3900000000E+001    0.1500000000E+001


# Weightfunction after cycle        891
 0.0000000    0.2850000000E+001    0.5000000000E-001
 0.0101010    0.3100000000E+001    0.6500000000E+000
 0.0202020    0.3075000000E+001    0.2500000000E+000
 0.0303030    0.3125000000E+001    0.3750000000E+000
 0.0404040    0.2950000000E+001    0.1500000000E+000
 0.0505051    0.3425000000E+001    0.6000000000E+000
 0.0606061    0.3175000000E+001    0.4000000000E+000
 0.0707071    0.3250000000E+001    0.5750000000E+000
 0.0808081    0.3300000000E+001    0.5750000000E+000
 0.0909091    0.3475000000E+001    0.4750000000E+000
 0.1010101    0.3750000000E+001    0.6750000000E+000
 0.1111111    0.3600000000E+001    0.4000000000E+000
 0.1212121    0.4000000000E+001    0.5000000000E+000
 0.1313131    0.3425000000E+001    0.2750000000E+000
 0.1414141    0.4450000000E+001    0.7500000000E+000
 0.1515152    0.4050000000E+001    0.1750000000E+000
 0.1616162    0.4000000000E+001    0.9750000000E+000
 0.1717172    0.4175000000E+001    0.6500000000E+000
 0.1818182    0.4450000000E+001    0.3000000000E+000
 0.1919192    0.4325000000E+001    0.3500000000E+000
 0.2020202    0.4475000000E+001    0.2750000000E+000
 0.2121212    0.4775000000E+001    0.7000000000E+000
 0.2222222    0.4175000000E+001    0.8750000000E+000
 0.2323232    0.3875000000E+001    0.4000000000E+000
 0.2424242    0.3625000000E+001    0.0000000000E+000
 0.2525253    0.4475000000E+001    0.6250000000E+000
 0.2626263    0.4200000000E+001    0.8750000000E+000
 0.2727273    0.4175000000E+001    0.5500000000E+000
 0.2828283    0.4600000000E+001    0.4250000000E+000
 0.2929293    0.4000000000E+001    0.5250000000E+000
 0.3030303    0.4300000000E+001    0.5250000000E+000
 0.3131313    0.3875000000E+001    0.8000000000E+000
 0.3232323    0.3950000000E+001    0.3500000000E+000
 0.3333333    0.3700000000E+001    0.5750000000E+000
 0.3434343    0.4000000000E+001    0.4250000000E+000
 0.3535354    0.3475000000E+001    0.6250000000E+000
 0.3636364    0.3775000000E+001    0.5000000000E+000
 0.3737374    0.3250000000E+001    0.2500000000E+000
 0.3838384    0.3475000000E+001    0.4000000000E+000
 0.3939394    0.3325000000E+001    0.5250000000E+000
 0.4040404    0.3125000000E+001    0.9000000000E+000
 0.4141414    0.3875000000E+001    0.6250000000E+000
 0.4242424    0.3475000000E+001    0.4500000000E+000
 0.4343434    0.3025000000E+001    0.6750000000E+000
 0.4444444    0.2950000000E+001    0.5000000000E+000
 0.4545455    0.2700000000E+001    0.1250000000E+000
 0.4646465    0.2900000000E+001    0.4000000000E+000
 0.4747475    0.2675000000E+001    0.5500000000E+000
 0.4848485    0.2900000000E+001    0.6250000000E+000
 0.4949495    0.2625000000E+001    0.2750000000E+000
 0.5050505    0.2550000000E+001    0.9750000000E+000
 0.5151515    0.2900000000E+001    0.4000000000E+000
 0.5252525    0.2500000000E+001    0.4750000000E+000
 0.5353535    0.2375000000E+001    0.2750000000E+000
 0.5454545    0.2925000000E+001    0.4000000000E+000
 0.5555556    0.2750000000E+001    0.4250000000E+000
 0.5656566    0.3150000000E+001    0.6250000000E+000
 0.5757576    0.2625000000E+001    0.5000000000E+000
 0.5858586    0.2800000000E+001    0.4500000000E+000
 0.5959596    0.2575000000E+001    0.5000000000E+000
 0.6060606    0.3050000000E+001    0.7750000000E+000
 0.6161616    0.2725000000E+001    0.6750000000E+000
 0.6262626    0.3000000000E+001    0.2750000000E+000
 0.6363636    0.2875000000E+001    0.8000000000E+000
 0.6464646    0.2650000000E+001    0.1750000000E+000
 0.6565657    0.2725000000E+001    0.3750000000E+000
 0.6666667    0.3700000000E+001    0.6000000000E+000
 0.6767677    0.2700000000E+001    0.4250000000E+000
 0.6868687    0.2800000000E+001    0.4000000000E+000
 0.6969697    0.2750000000E+001    0.3250000000E+000
 0.7070707    0.3100000000E+001    0.5750000000E+000
 0.7171717    0.2825000000E+001    0.2750000000E+000
 0.7272727    0.3000000000E+001    0.4000000000E+000
 0.7373737    0.3000000000E+001    0.3750000000E+000
 0.7474747    0.2800000000E+001    0.1250000000E+000
 0.7575758    0.2975000000E+001    0.4250000000E+000
 0.7676768    0.2700000000E+001    0.4000000000E+000
 0.7777778    0.2650000000E+001    0.4250000000E+000
 0.7878788    0.2800000000E+001    0.4000000000E+000
 0.7979798    0.2950000000E+001    0.6000000000E+000
 0.8080808    0.2775000000E+001    0.4250000000E+000
 0.8181818    0.2875000000E+001    0.5000000000E+000
 0.8282828    0.3050000000E+001    0.6750000000E+000
 0.8383838    0.2800000000E+001    0.1500000000E+000
 0.8484848    0.3000000000E+001    0.6500000000E+000
 0.8585859    0.2975000000E+001    0.4000000000E+000
 0.8686869    0.3075000000E+001    0.6250000000E+000
 0.8787879    0.2775000000E+001    0.5000000000E+000
 0.8888889    0.2925000000E+001    0.4250000000E+000
 0.8989899    0.3350000000E+001    0.6000000000E+000
 0.9090909    0.2975000000E+001    0.6750000000E+000
 0.9191919    0.2925000000E+001    0.5000000000E+000
 0.9292929    0.3125000000E+001    0.7750000000E+000
 0.9393939    0.2725000000E+001    0.4000000000E+000
 0.9494949    0.3200000000E+001    0.8250000000E+000
 0.9595960    0.2775000000E+001    0.4000000000E+000
 0.9696970    0.2825000000E+001    0.4750000000E+000
 0.9797980    0.3075000000E+001    0.6000000000E+000
 0.9898990    0.3200000000E+001    0.5500000000E+000
 1.0000000    0.3025000000E+001    0.7250000000E+000


# Weightfunction after cycle       1981
 0.0000000    0.2931250000E+001    0.3937500000E+000
 0.0101010    0.2987500000E+001    0.3375000000E+000
 0.0202020    0.3043750000E+001    0.4437500000E+000
 0.0303030    0.2818750000E+001    0.1750000000E+000
 0.0404040    0.3031250000E+001    0.3562500000E+000
 0.0505051    0.3343750000E+001    0.4562500000E+000
 0.0606061    0.3050000000E+001    0.3000000000E+000
 0.0707071    0.3437500000E+001    0.5562500000E+000
 0.0808081    0.3681250000E+001    0.6750000000E+000
 0.0909091    0.3412500000E+001    0.3937500000E+000
 0.1010101    0.3468750000E+001    0.4437500000E+000
 0.1111111    0.3481250000E+001    0.3187500000E+000
 0.1212121    0.3700000000E+001    0.4062500000E+000
 0.1313131    0.3768750000E+001    0.3375000000E+000
 0.1414141    0.3806250000E+001    0.2375000000E+000
 0.1515152    0.3981250000E+001    0.4187500000E+000
 0.1616162    0.3756250000E+001    0.5187500000E+000
 0.1717172    0.3943750000E+001    0.5000000000E+000
 0.1818182    0.4068750000E+001    0.3750000000E+000
 0.1919192    0.4125000000E+001    0.2250000000E+000
 0.2020202    0.4025000000E+001    0.3187500000E+000
 0.2121212    0.4125000000E+001    0.2437500000E+000
 0.2222222    0.3975000000E+001    0.1875000000E+000
 0.2323232    0.4225000000E+001    0.5062500000E+000
 0.2424242    0.4018750000E+001    0.2062500000E+000
 0.2525253    0.4237500000E+001    0.9375000000E-001
 0.2626263    0.3931250000E+001    0.3812500000E+000
 0.2727273    0.3825000000E+001    0.1500000000E+000
 0.2828283    0.3743750000E+001    0.3062500000E+000
 0.2929293    0.3900000000E+001    0.2812500000E+000
 0.3030303    0.3918750000E+001    0.4125000000E+000
 0.3131313    0.3756250000E+001    0.3125000000E+000
 0.3232323    0.3862500000E+001    0.2562500000E+000
 0.3333333    0.3831250000E+001    0.1500000000E+000
 0.3434343    0.3675000000E+001    0.1562500000E+000
 0.3535354    0.3781250000E+001    0.2500000000E+000
 0.3636364    0.3812500000E+001    0.2250000000E+000
 0.3737374    0.3462500000E+001    0.3937500000E+000
 0.3838384    0.3543750000E+001    0.2562500000E+000
 0.3939394    0.3393750000E+001    0.2062500000E+000
 0.4040404    0.3375000000E+001    0.0000000000E+000
 0.4141414    0.3468750000E+001    0.1687500000E+000
 0.4242424    0.3493750000E+001    0.1625000000E+000
 0.4343434    0.3406250000E+001    0.2125000000E+000
 0.4444444    0.3212500000E+001    0.1312500000E+000
 0.4545455    0.3243750000E+001    0.1812500000E+000
 0.4646465    0.2987500000E+001    0.1062500000E+000
 0.4747475    0.2900000000E+001    0.1750000000E+000
 0.4848485    0.2862500000E+001    0.2625000000E+000
 0.4949495    0.3012500000E+001    0.2812500000E+000
 0.5050505    0.2787500000E+001    0.3312500000E+000
 0.5151515    0.2775000000E+001    0.1062500000E+000
 0.5252525    0.2925000000E+001    0.2375000000E+000
 0.5353535    0.2881250000E+001    0.2375000000E+000
 0.5454545    0.2837500000E+001    0.6250000000E-001
 0.5555556    0.2893750000E+001    0.2812500000E+000
 0.5656566    0.2681250000E+001    0.3750000000E-001
 0.5757576    0.2762500000E+001    0.1312500000E+000
 0.5858586    0.2806250000E+001    0.1187500000E+000
 0.5959596    0.2693750000E+001    0.1187500000E+000
 0.6060606    0.2737500000E+001    0.8750000000E-001
 0.6161616    0.2981250000E+001    0.1750000000E+000
 0.6262626    0.2850000000E+001    0.1375000000E+000
 0.6363636    0.2531250000E+001    0.2562500000E+000
 0.6464646    0.2700000000E+001    0.4312500000E+000
 0.6565657    0.2862500000E+001    0.2750000000E+000
 0.6666667    0.2800000000E+001    0.1437500000E+000
 0.6767677    0.2606250000E+001    0.4000000000E+000
 0.6868687    0.2531250000E+001    0.2500000000E-001
 0.6969697    0.2937500000E+001    0.2125000000E+000
 0.7070707    0.2831250000E+001    0.5625000000E-001
 0.7171717    0.2925000000E+001    0.2562500000E+000
 0.7272727    0.2818750000E+001    0.1750000000E+000
 0.7373737    0.2775000000E+001    0.1312500000E+000
 0.7474747    0.2725000000E+001    0.9375000000E-001
 0.7575758    0.2893750000E+001    0.2312500000E+000
 0.7676768    0.2868750000E+001    0.1562500000E+000
 0.7777778    0.2812500000E+001    0.1250000000E+000
 0.7878788    0.2725000000E+001    0.1187500000E+000
 0.7979798    0.2706250000E+001    0.5000000000E-001
 0.8080808    0.2775000000E+001    0.1250000000E+000
 0.8181818    0.3031250000E+001    0.2875000000E+000
 0.8282828    0.2975000000E+001    0.1875000000E+000
 0.8383838    0.2937500000E+001    0.3312500000E+000
 0.8484848    0.2881250000E+001    0.1250000000E+000
 0.8585859    0.2937500000E+001    0.2625000000E+000
 0.8686869    0.2981250000E+001    0.2937500000E+000
 0.8787879    0.2925000000E+001    0.2312500000E+000
 0.8888889    0.2793750000E+001    0.1812500000E+000
 0.8989899    0.2893750000E+001    0.1062500000E+000
 0.9090909    0.2881250000E+001    0.2187500000E+000
 0.9191919    0.2900000000E+001    0.1875000000E+000
 0.9292929    0.2881250000E+001    0.3000000000E+000
 0.9393939    0.2650000000E+001    0.1312500000E+000
 0.9494949    0.2931250000E+001    0.2000000000E+000
 0.9595960    0.2831250000E+001    0.1250000000E+000
 0.9696970    0.2943750000E+001    0.2187500000E+000
 0.9797980    0.2643750000E+001    0.1875000000E-001
 0.9898990    0.2987500000E+001    0.2812500000E+000
 1.0000000    0.2743750000E+001    0.1375000000E+000


# Weightfunction after cycle       4278
 0.0000000    0.2970312500E+001    0.4234375000E+000
 0.0101010    0.2939062500E+001    0.3468750000E+000
 0.0202020    0.3035937500E+001    0.4062500000E+000
 0.0303030    0.2948437500E+001    0.3453125000E+000
 0.0404040    0.3070312500E+001    0.3750000000E+000
 0.0505051    0.3109375000E+001    0.3578125000E+000
 0.0606061    0.2929687500E+001    0.2187500000E+000
 0.0707071    0.3154687500E+001    0.3265625000E+000
 0.0808081    0.3251562500E+001    0.3453125000E+000
 0.0909091    0.3268750000E+001    0.2390625000E+000
 0.1010101    0.3400000000E+001    0.3281250000E+000
 0.1111111    0.3528125000E+001    0.4078125000E+000
 0.1212121    0.3678125000E+001    0.4203125000E+000
 0.1313131    0.3559375000E+001    0.2328125000E+000
 0.1414141    0.3748437500E+001    0.3031250000E+000
 0.1515152    0.3745312500E+001    0.2859375000E+000
 0.1616162    0.3890625000E+001    0.3203125000E+000
 0.1717172    0.4039062500E+001    0.3375000000E+000
 0.1818182    0.4090625000E+001    0.3265625000E+000
 0.1919192    0.4023437500E+001    0.1828125000E+000
 0.2020202    0.4015625000E+001    0.2765625000E+000
 0.2121212    0.3928125000E+001    0.2296875000E+000
 0.2222222    0.4150000000E+001    0.2578125000E+000
 0.2323232    0.4196875000E+001    0.3046875000E+000
 0.2424242    0.4115625000E+001    0.3015625000E+000
 0.2525253    0.3982812500E+001    0.3046875000E+000
 0.2626263    0.4026562500E+001    0.3812500000E+000
 0.2727273    0.3959375000E+001    0.2328125000E+000
 0.2828283    0.3826562500E+001    0.2593750000E+000
 0.2929293    0.3992187500E+001    0.2750000000E+000
 0.3030303    0.3976562500E+001    0.2609375000E+000
 0.3131313    0.3875000000E+001    0.2046875000E+000
 0.3232323    0.3893750000E+001    0.2203125000E+000
 0.3333333    0.3770312500E+001    0.2375000000E+000
 0.3434343    0.3728125000E+001    0.2531250000E+000
 0.3535354    0.3631250000E+001    0.3281250000E+000
 0.3636364    0.3725000000E+001    0.2796875000E+000
 0.3737374    0.3567187500E+001    0.2921875000E+000
 0.3838384    0.3640625000E+001    0.1718750000E+000
 0.3939394    0.3481250000E+001    0.2515625000E+000
 0.4040404    0.3435937500E+001    0.2656250000E+000
 0.4141414    0.3448437500E+001    0.1484375000E+000
 0.4242424    0.3331250000E+001    0.1406250000E+000
 0.4343434    0.3264062500E+001    0.2437500000E+000
 0.4444444    0.3220312500E+001    0.1562500000E+000
 0.4545455    0.3112500000E+001    0.1796875000E+000
 0.4646465    0.3032812500E+001    0.1468750000E+000
 0.4747475    0.3104687500E+001    0.1984375000E+000
 0.4848485    0.3028125000E+001    0.6875000000E-001
 0.4949495    0.2901562500E+001    0.2015625000E+000
 0.5050505    0.2937500000E+001    0.1203125000E+000
 0.5151515    0.2860937500E+001    0.2046875000E+000
 0.5252525    0.2870312500E+001    0.1750000000E+000
 0.5353535    0.2790625000E+001    0.2406250000E+000
 0.5454545    0.2876562500E+001    0.8906250000E-001
 0.5555556    0.2898437500E+001    0.2421875000E+000
 0.5656566    0.2825000000E+001    0.1593750000E+000
 0.5757576    0.2884375000E+001    0.2125000000E+000
 0.5858586    0.2831250000E+001    0.1765625000E+000
 0.5959596    0.2932812500E+001    0.1750000000E+000
 0.6060606    0.2812500000E+001    0.1390625000E+000
 0.6161616    0.2781250000E+001    0.1703125000E+000
 0.6262626    0.2915625000E+001    0.1484375000E+000
 0.6363636    0.2868750000E+001    0.8281250000E-001
 0.6464646    0.2806250000E+001    0.2093750000E+000
 0.6565657    0.2876562500E+001    0.2109375000E+000
 0.6666667    0.2767187500E+001    0.2625000000E+000
 0.6767677    0.2776562500E+001    0.2312500000E+000
 0.6868687    0.2850000000E+001    0.1406250000E+000
 0.6969697    0.2806250000E+001    0.1546875000E+000
 0.7070707    0.2867187500E+001    0.1812500000E+000
 0.7171717    0.2843750000E+001    0.1343750000E+000
 0.7272727    0.2851562500E+001    0.1625000000E+000
 0.7373737    0.2792187500E+001    0.8593750000E-001
 0.7474747    0.2837500000E+001    0.1906250000E+000
 0.7575758    0.2834375000E+001    0.1484375000E+000
 0.7676768    0.2778125000E+001    0.1312500000E+000
 0.7777778    0.2832812500E+001    0.1578125000E+000
 0.7878788    0.2865625000E+001    0.1390625000E+000
 0.7979798    0.2826562500E+001    0.1546875000E+000
 0.8080808    0.2876562500E+001    0.1593750000E+000
 0.8181818    0.2851562500E+001    0.2046875000E+000
 0.8282828    0.2934375000E+001    0.2250000000E+000
 0.8383838    0.2848437500E+001    0.1593750000E+000
 0.8484848    0.2879687500E+001    0.2296875000E+000
 0.8585859    0.2782812500E+001    0.9218750000E-001
 0.8686869    0.2823437500E+001    0.1000000000E+000
 0.8787879    0.2857812500E+001    0.1484375000E+000
 0.8888889    0.2843750000E+001    0.1828125000E+000
 0.8989899    0.2801562500E+001    0.1343750000E+000
 0.9090909    0.2856250000E+001    0.1500000000E+000
 0.9191919    0.2829687500E+001    0.1375000000E+000
 0.9292929    0.2775000000E+001    0.5937500000E-001
 0.9393939    0.2781250000E+001    0.1218750000E+000
 0.9494949    0.2835937500E+001    0.1562500000E+000
 0.9595960    0.2832812500E+001    0.1453125000E+000
 0.9696970    0.2732812500E+001    0.6718750000E-001
 0.9797980    0.2860937500E+001    0.1031250000E+000
 0.9898990    0.2853125000E+001    0.1687500000E+000
 1.0000000    0.2657812500E+001    0.0000000000E+000


# Weightfunction after cycle       7759
 0.0000000    0.2839453125E+001    0.2828125000E+000
 0.0101010    0.2881250000E+001    0.2742187500E+000
 0.0202020    0.2871875000E+001    0.2589843750E+000
 0.0303030    0.2889843750E+001    0.2554687500E+000
 0.0404040    0.2962109375E+001    0.2949218750E+000
 0.0505051    0.3014062500E+001    0.2699218750E+000
 0.0606061    0.2994140625E+001    0.2460937500E+000
 0.0707071    0.3108984375E+001    0.2457031250E+000
 0.0808081    0.3158203125E+001    0.2480468750E+000
 0.0909091    0.3233203125E+001    0.1789062500E+000
 0.1010101    0.3310546875E+001    0.2046875000E+000
 0.1111111    0.3485546875E+001    0.3152343750E+000
 0.1212121    0.3551171875E+001    0.2648437500E+000
 0.1313131    0.3612109375E+001    0.2218750000E+000
 0.1414141    0.3748828125E+001    0.2699218750E+000
 0.1515152    0.3790234375E+001    0.2820312500E+000
 0.1616162    0.3799218750E+001    0.2425781250E+000
 0.1717172    0.3955468750E+001    0.2324218750E+000
 0.1818182    0.4036718750E+001    0.2394531250E+000
 0.1919192    0.4016796875E+001    0.1914062500E+000
 0.2020202    0.4010546875E+001    0.2269531250E+000
 0.2121212    0.4005078125E+001    0.2527343750E+000
 0.2222222    0.4080078125E+001    0.2761718750E+000
 0.2323232    0.4122265625E+001    0.2105468750E+000
 0.2424242    0.4036328125E+001    0.2464843750E+000
 0.2525253    0.4024609375E+001    0.2226562500E+000
 0.2626263    0.3959765625E+001    0.2160156250E+000
 0.2727273    0.4019531250E+001    0.2203125000E+000
 0.2828283    0.3908593750E+001    0.1953125000E+000
 0.2929293    0.3998437500E+001    0.1894531250E+000
 0.3030303    0.3865234375E+001    0.1593750000E+000
 0.3131313    0.3821484375E+001    0.1167968750E+000
 0.3232323    0.3852343750E+001    0.1656250000E+000
 0.3333333    0.3783593750E+001    0.1644531250E+000
 0.3434343    0.3712109375E+001    0.1679687500E+000
 0.3535354    0.3604687500E+001    0.1699218750E+000
 0.3636364    0.3654687500E+001    0.1781250000E+000
 0.3737374    0.3618750000E+001    0.2105468750E+000
 0.3838384    0.3559765625E+001    0.1683593750E+000
 0.3939394    0.3480078125E+001    0.1453125000E+000
 0.4040404    0.3391015625E+001    0.1609375000E+000
 0.4141414    0.3398046875E+001    0.7812500000E-001
 0.4242424    0.3367968750E+001    0.1253906250E+000
 0.4343434    0.3266015625E+001    0.7031250000E-001
 0.4444444    0.3184375000E+001    0.6445312500E-001
 0.4545455    0.3136328125E+001    0.1011718750E+000
 0.4646465    0.3078125000E+001    0.1191406250E+000
 0.4747475    0.2975390625E+001    0.6367187500E-001
 0.4848485    0.2993359375E+001    0.7734375000E-001
 0.4949495    0.2901562500E+001    0.9960937500E-001
 0.5050505    0.2900390625E+001    0.4882812500E-001
 0.5151515    0.2865234375E+001    0.1207031250E+000
 0.5252525    0.2865234375E+001    0.1121093750E+000
 0.5353535    0.2835937500E+001    0.8515625000E-001
 0.5454545    0.2839843750E+001    0.0000000000E+000
 0.5555556    0.2871875000E+001    0.9609375000E-001
 0.5656566    0.2807812500E+001    0.9023437500E-001
 0.5757576    0.2900000000E+001    0.1066406250E+000
 0.5858586    0.2822656250E+001    0.7656250000E-001
 0.5959596    0.2844531250E+001    0.5234375000E-001
 0.6060606    0.2844921875E+001    0.5546875000E-001
 0.6161616    0.2814453125E+001    0.5859375000E-001
 0.6262626    0.2894140625E+001    0.4375000000E-001
 0.6363636    0.2888671875E+001    0.1328125000E-001
 0.6464646    0.2835546875E+001    0.1132812500E+000
 0.6565657    0.2890625000E+001    0.9804687500E-001
 0.6666667    0.2828515625E+001    0.1121093750E+000
 0.6767677    0.2881250000E+001    0.5507812500E-001
 0.6868687    0.2850000000E+001    0.3281250000E-001
 0.6969697    0.2841406250E+001    0.3945312500E-001
 0.7070707    0.2862109375E+001    0.8125000000E-001
 0.7171717    0.2831250000E+001    0.3671875000E-001
 0.7272727    0.2837500000E+001    0.2734375000E-001
 0.7373737    0.2858593750E+001    0.8281250000E-001
 0.7474747    0.2851562500E+001    0.6679687500E-001
 0.7575758    0.2853125000E+001    0.8398437500E-001
 0.7676768    0.2841406250E+001    0.3125000000E-001
 0.7777778    0.2880859375E+001    0.6640625000E-001
 0.7878788    0.2869531250E+001    0.7226562500E-001
 0.7979798    0.2842968750E+001    0.5625000000E-001
 0.8080808    0.2873437500E+001    0.6718750000E-001
 0.8181818    0.2885546875E+001    0.9765625000E-001
 0.8282828    0.2902343750E+001    0.9843750000E-001
 0.8383838    0.2847265625E+001    0.7812500000E-001
 0.8484848    0.2875781250E+001    0.7890625000E-001
 0.8585859    0.2878906250E+001    0.8593750000E-001
 0.8686869    0.2824218750E+001    0.4726562500E-001
 0.8787879    0.2854687500E+001    0.6484375000E-001
 0.8888889    0.2879296875E+001    0.8906250000E-001
 0.8989899    0.2853515625E+001    0.8281250000E-001
 0.9090909    0.2878906250E+001    0.9101562500E-001
 0.9191919    0.2845703125E+001    0.7343750000E-001
 0.9292929    0.2827734375E+001    0.2929687500E-001
 0.9393939    0.2870312500E+001    0.7773437500E-001
 0.9494949    0.2859765625E+001    0.6210937500E-001
 0.9595960    0.2834375000E+001    0.4492187500E-001
 0.9696970    0.2823828125E+001    0.6054687500E-001
 0.9797980    0.2877734375E+001    0.7304687500E-001
 0.9898990    0.2882812500E+001    0.1214843750E+000
 1.0000000    0.2771484375E+001    0.1523437500E-001


# Weightfunction after cycle      16412
 0.0000000    0.2802636719E+001    0.2327148438E+000
 0.0101010    0.2856152344E+001    0.2543945313E+000
 0.0202020    0.2841503906E+001    0.2378906250E+000
 0.0303030    0.2854785156E+001    0.2253906250E+000
 0.0404040    0.2906738281E+001    0.2594726563E+000
 0.0505051    0.2933007813E+001    0.2072265625E+000
 0.0606061    0.3001171875E+001    0.2330078125E+000
 0.0707071    0.3054785156E+001    0.2222656250E+000
 0.0808081    0.3125097656E+001    0.2236328125E+000
 0.0909091    0.3192480469E+001    0.1850585938E+000
 0.1010101    0.3306054688E+001    0.2274414063E+000
 0.1111111    0.3389062500E+001    0.2496093750E+000
 0.1212121    0.3504687500E+001    0.2250000000E+000
 0.1313131    0.3583496094E+001    0.1938476563E+000
 0.1414141    0.3692871094E+001    0.2558593750E+000
 0.1515152    0.3760449219E+001    0.2434570313E+000
 0.1616162    0.3796191406E+001    0.2266601563E+000
 0.1717172    0.3865527344E+001    0.2197265625E+000
 0.1818182    0.3933789063E+001    0.2156250000E+000
 0.1919192    0.3962011719E+001    0.2003906250E+000
 0.2020202    0.3964257813E+001    0.2167968750E+000
 0.2121212    0.3953222656E+001    0.2124023438E+000
 0.2222222    0.3982714844E+001    0.2201171875E+000
 0.2323232    0.3970410156E+001    0.2068359375E+000
 0.2424242    0.3978125000E+001    0.2187500000E+000
 0.2525253    0.3929785156E+001    0.1862304688E+000
 0.2626263    0.3924707031E+001    0.1861328125E+000
 0.2727273    0.3904003906E+001    0.1781250000E+000
 0.2828283    0.3852636719E+001    0.1744140625E+000
 0.2929293    0.3850292969E+001    0.1668945313E+000
 0.3030303    0.3780859375E+001    0.1517578125E+000
 0.3131313    0.3722753906E+001    0.1281250000E+000
 0.3232323    0.3731250000E+001    0.1377929688E+000
 0.3333333    0.3674023438E+001    0.1449218750E+000
 0.3434343    0.3619433594E+001    0.1449218750E+000
 0.3535354    0.3567187500E+001    0.1318359375E+000
 0.3636364    0.3539843750E+001    0.1360351563E+000
 0.3737374    0.3461132813E+001    0.1341796875E+000
 0.3838384    0.3447363281E+001    0.1499023438E+000
 0.3939394    0.3381640625E+001    0.1280273438E+000
 0.4040404    0.3338183594E+001    0.1072265625E+000
 0.4141414    0.3271386719E+001    0.7294921875E-001
 0.4242424    0.3239355469E+001    0.1044921875E+000
 0.4343434    0.3151757813E+001    0.6816406250E-001
 0.4444444    0.3104199219E+001    0.4404296875E-001
 0.4545455    0.3058496094E+001    0.7783203125E-001
 0.4646465    0.2990917969E+001    0.8300781250E-001
 0.4747475    0.2916210938E+001    0.5605468750E-001
 0.4848485    0.2903125000E+001    0.5849609375E-001
 0.4949495    0.2837011719E+001    0.7343750000E-001
 0.5050505    0.2800781250E+001    0.3056640625E-001
 0.5151515    0.2798046875E+001    0.8183593750E-001
 0.5252525    0.2771679688E+001    0.6289062500E-001
 0.5353535    0.2782714844E+001    0.3808593750E-001
 0.5454545    0.2797070313E+001    0.0000000000E+000
 0.5555556    0.2798730469E+001    0.5712890625E-001
 0.5656566    0.2755664063E+001    0.5195312500E-001
 0.5757576    0.2810156250E+001    0.5595703125E-001
 0.5858586    0.2776367188E+001    0.4726562500E-001
 0.5959596    0.2798242188E+001    0.4121093750E-001
 0.6060606    0.2781054688E+001    0.4521484375E-001
 0.6161616    0.2754394531E+001    0.5107421875E-001
 0.6262626    0.2804101563E+001    0.3769531250E-001
 0.6363636    0.2800976563E+001    0.2880859375E-001
 0.6464646    0.2786035156E+001    0.6406250000E-001
 0.6565657    0.2795800781E+001    0.6894531250E-001
 0.6666667    0.2768066406E+001    0.7343750000E-001
 0.6767677    0.2763281250E+001    0.5273437500E-001
 0.6868687    0.2774316406E+001    0.2617187500E-001
 0.6969697    0.2764062500E+001    0.3828125000E-001
 0.7070707    0.2783300781E+001    0.4843750000E-001
 0.7171717    0.2776660156E+001    0.3857421875E-001
 0.7272727    0.2770703125E+001    0.3095703125E-001
 0.7373737    0.2786718750E+001    0.5615234375E-001
 0.7474747    0.2785351563E+001    0.4365234375E-001
 0.7575758    0.2778417969E+001    0.4736328125E-001
 0.7676768    0.2790039063E+001    0.3974609375E-001
 0.7777778    0.2790234375E+001    0.4531250000E-001
 0.7878788    0.2774218750E+001    0.4130859375E-001
 0.7979798    0.2766308594E+001    0.3535156250E-001
 0.8080808    0.2802246094E+001    0.5449218750E-001
 0.8181818    0.2797070313E+001    0.6650390625E-001
 0.8282828    0.2810546875E+001    0.6650390625E-001
 0.8383838    0.2773632813E+001    0.4130859375E-001
 0.8484848    0.2788476563E+001    0.4521484375E-001
 0.8585859    0.2784667969E+001    0.3125000000E-001
 0.8686869    0.2788378906E+001    0.2880859375E-001
 0.8787879    0.2795019531E+001    0.5625000000E-001
 0.8888889    0.2796484375E+001    0.5771484375E-001
 0.8989899    0.2773828125E+001    0.2773437500E-001
 0.9090909    0.2792480469E+001    0.5390625000E-001
 0.9191919    0.2762597656E+001    0.3271484375E-001
 0.9292929    0.2777246094E+001    0.4013671875E-001
 0.9393939    0.2777148438E+001    0.4443359375E-001
 0.9494949    0.2793750000E+001    0.4199218750E-001
 0.9595960    0.2766894531E+001    0.3232421875E-001
 0.9696970    0.2755664063E+001    0.2988281250E-001
 0.9797980    0.2785449219E+001    0.2656250000E-001
 0.9898990    0.2793359375E+001    0.6201171875E-001
 1.0000000    0.2748632813E+001    0.1386718750E-001


# Weightfunction after cycle      48314
 0.0000000    0.2736694336E+001    0.1821533203E+000
 0.0101010    0.2767163086E+001    0.2015869141E+000
 0.0202020    0.2768481445E+001    0.1938964844E+000
 0.0303030    0.2790258789E+001    0.1923095703E+000
 0.0404040    0.2827563477E+001    0.2022949219E+000
 0.0505051    0.2851782227E+001    0.1674316406E+000
 0.0606061    0.2913525391E+001    0.1872558594E+000
 0.0707071    0.2980590820E+001    0.1848876953E+000
 0.0808081    0.3066552734E+001    0.1944091797E+000
 0.0909091    0.3143823242E+001    0.1750976562E+000
 0.1010101    0.3220654297E+001    0.1725585937E+000
 0.1111111    0.3327905273E+001    0.1994140625E+000
 0.1212121    0.3418457031E+001    0.1869384766E+000
 0.1313131    0.3501635742E+001    0.1733886719E+000
 0.1414141    0.3597021484E+001    0.1944580078E+000
 0.1515152    0.3664624023E+001    0.1881103516E+000
 0.1616162    0.3731298828E+001    0.1901123047E+000
 0.1717172    0.3785937500E+001    0.1928466797E+000
 0.1818182    0.3845996094E+001    0.1764160156E+000
 0.1919192    0.3863647461E+001    0.1721435547E+000
 0.2020202    0.3871411133E+001    0.1781494141E+000
 0.2121212    0.3862768555E+001    0.1757812500E+000
 0.2222222    0.3877124023E+001    0.1685058594E+000
 0.2323232    0.3867504883E+001    0.1655761719E+000
 0.2424242    0.3885083008E+001    0.1632568359E+000
 0.2525253    0.3834716797E+001    0.1621337891E+000
 0.2626263    0.3823608398E+001    0.1630859375E+000
 0.2727273    0.3815771484E+001    0.1404785156E+000
 0.2828283    0.3748657227E+001    0.1386718750E+000
 0.2929293    0.3735400391E+001    0.1354492187E+000
 0.3030303    0.3699462891E+001    0.1270019531E+000
 0.3131313    0.3658496094E+001    0.1133544922E+000
 0.3232323    0.3606884766E+001    0.1210449219E+000
 0.3333333    0.3566430664E+001    0.1179443359E+000
 0.3434343    0.3504370117E+001    0.1072509766E+000
 0.3535354    0.3468359375E+001    0.9277343750E-001
 0.3636364    0.3409326172E+001    0.1043701172E+000
 0.3737374    0.3353857422E+001    0.9621582031E-001
 0.3838384    0.3322241211E+001    0.1031494141E+000
 0.3939394    0.3272363281E+001    0.8911132812E-001
 0.4040404    0.3218164062E+001    0.6838378906E-001
 0.4141414    0.3153735352E+001    0.4960937500E-001
 0.4242424    0.3104589844E+001    0.7121582031E-001
 0.4343434    0.3039038086E+001    0.3806152344E-001
 0.4444444    0.2984838867E+001    0.4165039062E-001
 0.4545455    0.2914624023E+001    0.5283203125E-001
 0.4646465    0.2854785156E+001    0.4760742187E-001
 0.4747475    0.2783300781E+001    0.3461914062E-001
 0.4848485    0.2749365234E+001    0.2478027344E-001
 0.4949495    0.2680957031E+001    0.3234863281E-001
 0.5050505    0.2640673828E+001    0.1660156250E-002
 0.5151515    0.2638696289E+001    0.4008789062E-001
 0.5252525    0.2630224609E+001    0.2854003906E-001
 0.5353535    0.2634204102E+001    0.1271972656E-001
 0.5454545    0.2652734375E+001    0.0000000000E+000
 0.5555556    0.2634692383E+001    0.3195800781E-001
 0.5656566    0.2636157227E+001    0.2695312500E-001
 0.5757576    0.2649804687E+001    0.1647949219E-001
 0.5858586    0.2641210937E+001    0.1157226563E-001
 0.5959596    0.2652685547E+001    0.1181640625E-001
 0.6060606    0.2636083984E+001    0.1716308594E-001
 0.6161616    0.2622778320E+001    0.3298339844E-001
 0.6262626    0.2647534180E+001    0.1018066406E-001
 0.6363636    0.2638476562E+001    0.1486816406E-001
 0.6464646    0.2636791992E+001    0.3002929687E-001
 0.6565657    0.2638476562E+001    0.3281250000E-001
 0.6666667    0.2629052734E+001    0.3781738281E-001
 0.6767677    0.2630419922E+001    0.2197265625E-001
 0.6868687    0.2636279297E+001    0.2309570312E-001
 0.6969697    0.2627148437E+001    0.9106445313E-002
 0.7070707    0.2639575195E+001    0.1857910156E-001
 0.7171717    0.2631494141E+001    0.1501464844E-001
 0.7272727    0.2626733398E+001    0.1125488281E-001
 0.7373737    0.2643139648E+001    0.2580566406E-001
 0.7474747    0.2641479492E+001    0.2055664062E-001
 0.7575758    0.2633544922E+001    0.1828613281E-001
 0.7676768    0.2636450195E+001    0.1975097656E-001
 0.7777778    0.2638232422E+001    0.2121582031E-001
 0.7878788    0.2632324219E+001    0.1765136719E-001
 0.7979798    0.2633129883E+001    0.1584472656E-001
 0.8080808    0.2645336914E+001    0.2285156250E-001
 0.8181818    0.2638061523E+001    0.2536621094E-001
 0.8282828    0.2643969727E+001    0.2568359375E-001
 0.8383838    0.2639550781E+001    0.2368164062E-001
 0.8484848    0.2635791016E+001    0.2114257813E-001
 0.8585859    0.2639208984E+001    0.1567382813E-001
 0.8686869    0.2637133789E+001    0.1389160156E-001
 0.8787879    0.2635498047E+001    0.1740722656E-001
 0.8888889    0.2642480469E+001    0.2536621094E-001
 0.8989899    0.2628320312E+001    0.5957031250E-002
 0.9090909    0.2641040039E+001    0.2282714844E-001
 0.9191919    0.2629028320E+001    0.1723632813E-001
 0.9292929    0.2637207031E+001    0.1560058594E-001
 0.9393939    0.2632592773E+001    0.1760253906E-001
 0.9494949    0.2647045898E+001    0.1765136719E-001
 0.9595960    0.2637524414E+001    0.1958007812E-001
 0.9696970    0.2622021484E+001    0.5566406250E-002
 0.9797980    0.2647412109E+001    0.1752929688E-001
 0.9898990    0.2645727539E+001    0.3466796875E-001
 1.0000000    0.2625268555E+001    0.7446289063E-002


# Weightfunction after cycle      68726
 0.0000000    0.2751843262E+001    0.1840148926E+000
 0.0101010    0.2783721924E+001    0.2042297363E+000
 0.0202020    0.2781250000E+001    0.1931640625E+000
 0.0303030    0.2810552979E+001    0.1955566406E+000
 0.0404040    0.2842724609E+001    0.2019287109E+000
 0.0505051    0.2869226074E+001    0.1713806152E+000
 0.0606061    0.2931988525E+001    0.1912780762E+000
 0.0707071    0.2995019531E+001    0.1843994141E+000
 0.0808081    0.3082592773E+001    0.1983215332E+000
 0.0909091    0.3162652588E+001    0.1810668945E+000
 0.1010101    0.3238574219E+001    0.1770874023E+000
 0.1111111    0.3348345947E+001    0.2025390625E+000
 0.1212121    0.3437133789E+001    0.1913757324E+000
 0.1313131    0.3520825195E+001    0.1767089844E+000
 0.1414141    0.3615032959E+001    0.1986511230E+000
 0.1515152    0.3679681396E+001    0.1908264160E+000
 0.1616162    0.3751947021E+001    0.1948547363E+000
 0.1717172    0.3805297852E+001    0.1951904297E+000
 0.1818182    0.3861059570E+001    0.1803344727E+000
 0.1919192    0.3878033447E+001    0.1760375977E+000
 0.2020202    0.3888140869E+001    0.1796569824E+000
 0.2121212    0.3882012939E+001    0.1747192383E+000
 0.2222222    0.3894177246E+001    0.1688537598E+000
 0.2323232    0.3886126709E+001    0.1687988281E+000
 0.2424242    0.3899804687E+001    0.1664855957E+000
 0.2525253    0.3852032471E+001    0.1633239746E+000
 0.2626263    0.3840747070E+001    0.1616455078E+000
 0.2727273    0.3833074951E+001    0.1428771973E+000
 0.2828283    0.3765344238E+001    0.1402770996E+000
 0.2929293    0.3752465820E+001    0.1361999512E+000
 0.3030303    0.3717315674E+001    0.1283752441E+000
 0.3131313    0.3672991943E+001    0.1186035156E+000
 0.3232323    0.3622180176E+001    0.1222961426E+000
 0.3333333    0.3582214355E+001    0.1182800293E+000
 0.3434343    0.3522210693E+001    0.1083251953E+000
 0.3535354    0.3483728027E+001    0.9400024414E-001
 0.3636364    0.3426452637E+001    0.1065246582E+000
 0.3737374    0.3371972656E+001    0.9538574219E-001
 0.3838384    0.3337847900E+001    0.1047790527E+000
 0.3939394    0.3286523437E+001    0.8878173828E-001
 0.4040404    0.3234307861E+001    0.7298583984E-001
 0.4141414    0.3167175293E+001    0.5214233398E-001
 0.4242424    0.3119970703E+001    0.7251586914E-001
 0.4343434    0.3054699707E+001    0.4237060547E-001
 0.4444444    0.3001123047E+001    0.4410400391E-001
 0.4545455    0.2931439209E+001    0.5203857422E-001
 0.4646465    0.2873425293E+001    0.4683837891E-001
 0.4747475    0.2799078369E+001    0.3443603516E-001
 0.4848485    0.2762738037E+001    0.2606201172E-001
 0.4949495    0.2695416260E+001    0.3083496094E-001
 0.5050505    0.2657965088E+001    0.2844238281E-002
 0.5151515    0.2653369141E+001    0.3568725586E-001
 0.5252525    0.2645928955E+001    0.2850952148E-001
 0.5353535    0.2649102783E+001    0.1196289062E-001
 0.5454545    0.2662322998E+001    0.0000000000E+000
 0.5555556    0.2649853516E+001    0.2978515625E-001
 0.5656566    0.2649493408E+001    0.2276611328E-001
 0.5757576    0.2662664795E+001    0.1248779297E-001
 0.5858586    0.2655224609E+001    0.1306762695E-001
 0.5959596    0.2668243408E+001    0.1275024414E-001
 0.6060606    0.2651757812E+001    0.1729125977E-001
 0.6161616    0.2641168213E+001    0.3020019531E-001
 0.6262626    0.2661712646E+001    0.1233520508E-001
 0.6363636    0.2653643799E+001    0.1389160156E-001
 0.6464646    0.2650152588E+001    0.2827148437E-001
 0.6565657    0.2651239014E+001    0.2738037109E-001
 0.6666667    0.2646514893E+001    0.3675537109E-001
 0.6767677    0.2645550537E+001    0.2195434570E-001
 0.6868687    0.2652777100E+001    0.2128295898E-001
 0.6969697    0.2643579102E+001    0.7220458984E-002
 0.7070707    0.2655169678E+001    0.1829833984E-001
 0.7171717    0.2647790527E+001    0.1495971680E-001
 0.7272727    0.2641180420E+001    0.1060791016E-001
 0.7373737    0.2656604004E+001    0.2214965820E-001
 0.7474747    0.2655908203E+001    0.1770629883E-001
 0.7575758    0.2649011230E+001    0.1753540039E-001
 0.7676768    0.2654559326E+001    0.2094726562E-001
 0.7777778    0.2654895020E+001    0.2058105469E-001
 0.7878788    0.2648052979E+001    0.1719970703E-001
 0.7979798    0.2650225830E+001    0.1676025391E-001
 0.8080808    0.2661700439E+001    0.2394409180E-001
 0.8181818    0.2654559326E+001    0.2523803711E-001
 0.8282828    0.2657202148E+001    0.2423706055E-001
 0.8383838    0.2654901123E+001    0.2187500000E-001
 0.8484848    0.2651184082E+001    0.1884155273E-001
 0.8585859    0.2653057861E+001    0.1501464844E-001
 0.8686869    0.2650958252E+001    0.1353149414E-001
 0.8787879    0.2650195312E+001    0.1506958008E-001
 0.8888889    0.2657501221E+001    0.2319335937E-001
 0.8989899    0.2646356201E+001    0.8575439453E-002
 0.9090909    0.2656542969E+001    0.2211303711E-001
 0.9191919    0.2645837402E+001    0.1688842773E-001
 0.9292929    0.2652905273E+001    0.1489868164E-001
 0.9393939    0.2647943115E+001    0.1751098633E-001
 0.9494949    0.2662524414E+001    0.1676025391E-001
 0.9595960    0.2653363037E+001    0.1903686523E-001
 0.9696970    0.2643267822E+001    0.1068115234E-001
 0.9797980    0.2662646484E+001    0.1791992187E-001
 0.9898990    0.2662329102E+001    0.3347167969E-001
 1.0000000    0.2644891357E+001    0.9442138672E-002


# Weightfunction after cycle      88021
 0.0000000    0.2753176880E+001    0.1830520630E+000
 0.0101010    0.2783357239E+001    0.2013092041E+000
 0.0202020    0.2782402039E+001    0.1917190552E+000
 0.0303030    0.2812196350E+001    0.1943740845E+000
 0.0404040    0.2843116760E+001    0.2002105713E+000
 0.0505051    0.2870726013E+001    0.1705307007E+000
 0.0606061    0.2933769226E+001    0.1903564453E+000
 0.0707071    0.2997239685E+001    0.1847610474E+000
 0.0808081    0.3084884644E+001    0.1980804443E+000
 0.0909091    0.3164157104E+001    0.1807525635E+000
 0.1010101    0.3240800476E+001    0.1772766113E+000
 0.1111111    0.3350030518E+001    0.2013610840E+000
 0.1212121    0.3439350891E+001    0.1912918091E+000
 0.1313131    0.3522151184E+001    0.1763305664E+000
 0.1414141    0.3616333008E+001    0.1978012085E+000
 0.1515152    0.3681742859E+001    0.1898544312E+000
 0.1616162    0.3753926086E+001    0.1937652588E+000
 0.1717172    0.3807046509E+001    0.1939361572E+000
 0.1818182    0.3862344360E+001    0.1792617798E+000
 0.1919192    0.3879635620E+001    0.1761978149E+000
 0.2020202    0.3889994812E+001    0.1796051025E+000
 0.2121212    0.3884448242E+001    0.1742218018E+000
 0.2222222    0.3897190857E+001    0.1692031860E+000
 0.2323232    0.3888874817E+001    0.1677474976E+000
 0.2424242    0.3901176453E+001    0.1661743164E+000
 0.2525253    0.3853543091E+001    0.1620819092E+000
 0.2626263    0.3842691040E+001    0.1608642578E+000
 0.2727273    0.3834602356E+001    0.1426940918E+000
 0.2828283    0.3767652893E+001    0.1397415161E+000
 0.2929293    0.3753874207E+001    0.1360870361E+000
 0.3030303    0.3719670105E+001    0.1280548096E+000
 0.3131313    0.3674884033E+001    0.1189224243E+000
 0.3232323    0.3625396729E+001    0.1219177246E+000
 0.3333333    0.3584272766E+001    0.1178359985E+000
 0.3434343    0.3525070190E+001    0.1081436157E+000
 0.3535354    0.3486328125E+001    0.9372558594E-001
 0.3636364    0.3428392029E+001    0.1055175781E+000
 0.3737374    0.3375105286E+001    0.9464416504E-001
 0.3838384    0.3340623474E+001    0.1039535522E+000
 0.3939394    0.3288478088E+001    0.8852691650E-001
 0.4040404    0.3236599731E+001    0.7284393311E-001
 0.4141414    0.3169789124E+001    0.5267944336E-001
 0.4242424    0.3122447205E+001    0.7215423584E-001
 0.4343434    0.3057411194E+001    0.4247436523E-001
 0.4444444    0.3003958130E+001    0.4445343018E-001
 0.4545455    0.2933802795E+001    0.5113677979E-001
 0.4646465    0.2875958252E+001    0.4589843750E-001
 0.4747475    0.2801359558E+001    0.3376464844E-001
 0.4848485    0.2764247131E+001    0.2625122070E-001
 0.4949495    0.2697663879E+001    0.2989501953E-001
 0.5050505    0.2660121155E+001    0.2798461914E-002
 0.5151515    0.2655381775E+001    0.3494873047E-001
 0.5252525    0.2648287964E+001    0.2762908936E-001
 0.5353535    0.2652148437E+001    0.1128845215E-001
 0.5454545    0.2664294434E+001    0.0000000000E+000
 0.5555556    0.2652008057E+001    0.2828369141E-001
 0.5656566    0.2651649475E+001    0.2237854004E-001
 0.5757576    0.2664900208E+001    0.1174926758E-001
 0.5858586    0.2657757568E+001    0.1287231445E-001
 0.5959596    0.2670254517E+001    0.1176757812E-001
 0.6060606    0.2654284668E+001    0.1637725830E-001
 0.6161616    0.2643725586E+001    0.2902221680E-001
 0.6262626    0.2664547729E+001    0.1165924072E-001
 0.6363636    0.2654804993E+001    0.1292724609E-001
 0.6464646    0.2652540588E+001    0.2701873779E-001
 0.6565657    0.2653283691E+001    0.2615203857E-001
 0.6666667    0.2649520874E+001    0.3493347168E-001
 0.6767677    0.2647746277E+001    0.2095184326E-001
 0.6868687    0.2655427551E+001    0.2007598877E-001
 0.6969697    0.2646504211E+001    0.7450866699E-002
 0.7070707    0.2657566833E+001    0.1699676514E-001
 0.7171717    0.2650698853E+001    0.1361846924E-001
 0.7272727    0.2643737793E+001    0.9536743164E-002
 0.7373737    0.2659094238E+001    0.2083435059E-001
 0.7474747    0.2658230591E+001    0.1631622314E-001
 0.7575758    0.2651737976E+001    0.1614837646E-001
 0.7676768    0.2657006836E+001    0.1962432861E-001
 0.7777778    0.2657655334E+001    0.1986999512E-001
 0.7878788    0.2650212097E+001    0.1558685303E-001
 0.7979798    0.2653311157E+001    0.1584777832E-001
 0.8080808    0.2663996887E+001    0.2239837646E-001
 0.8181818    0.2656999207E+001    0.2378234863E-001
 0.8282828    0.2659805298E+001    0.2304534912E-001
 0.8383838    0.2657351685E+001    0.2065429687E-001
 0.8484848    0.2653627014E+001    0.1769866943E-001
 0.8585859    0.2655598450E+001    0.1393737793E-001
 0.8686869    0.2653700256E+001    0.1272430420E-001
 0.8787879    0.2653155518E+001    0.1409606934E-001
 0.8888889    0.2659757996E+001    0.2142486572E-001
 0.8989899    0.2649475098E+001    0.7867431641E-002
 0.9090909    0.2658782959E+001    0.2038879395E-001
 0.9191919    0.2648655701E+001    0.1628417969E-001
 0.9292929    0.2655842590E+001    0.1414642334E-001
 0.9393939    0.2650781250E+001    0.1612396240E-001
 0.9494949    0.2664625549E+001    0.1565246582E-001
 0.9595960    0.2656007385E+001    0.1799011230E-001
 0.9696970    0.2646649170E+001    0.1045989990E-001
 0.9797980    0.2664749146E+001    0.1646575928E-001
 0.9898990    0.2664576721E+001    0.3203277588E-001
 1.0000000    0.2648072815E+001    0.8935546875E-002


