# Identity Change Acceptance ratios and number of Accepted and Trial Moves (per box) as a function of Lambda
 0.00500 0.00000         0         0 0.00000         0         0
 0.01500 0.00000         0         0 0.00000         0         0
 0.02500 0.00000         0         0 0.00000         0         0
 0.03500 0.00000         0         0 0.00000         0         0
 0.04500 0.00000         0         0 0.00000         0         0
 0.05500 0.00000         0         0 0.00000         0         0
 0.06500 0.00000         0         0 0.00000         0         0
 0.07500 0.00000         0         0 0.00000         0         0
 0.08500 0.00000         0         0 0.00000         0         0
 0.09500 0.00000         0         0 0.00000         0         0
 0.10500 0.00000         0         0 0.00000         0         0
 0.11500 0.00000         0         0 0.00000         0         0
 0.12500 0.00000         0         0 0.00000         0         0
 0.13500 0.00000         0         0 0.00000         0         0
 0.14500 0.00000         0         0 0.00000         0         0
 0.15500 0.00000         0         0 0.00000         0         0
 0.16500 0.00000         0         0 0.00000         0         0
 0.17500 0.00000         0         0 0.00000         0         0
 0.18500 0.00000         0         0 0.00000         0         0
 0.19500 0.00000         0         0 0.00000         0         0
 0.20500 0.00000         0         0 0.00000         0         0
 0.21500 0.00000         0         0 0.00000         0         0
 0.22500 0.00000         0         0 0.00000         0         0
 0.23500 0.00000         0         0 0.00000         0         0
 0.24500 0.00000         0         0 0.00000         0         0
 0.25500 0.00000         0         0 0.00000         0         0
 0.26500 0.00000         0         0 0.00000         0         0
 0.27500 0.00000         0         0 0.00000         0         0
 0.28500 0.00000         0         0 0.00000         0         0
 0.29500 0.00000         0         0 0.00000         0         0
 0.30500 0.00000         0         0 0.00000         0         0
 0.31500 0.00000         0         0 0.00000         0         0
 0.32500 0.00000         0         0 0.00000         0         0
 0.33500 0.00000         0         0 0.00000         0         0
 0.34500 0.00000         0         0 0.00000         0         0
 0.35500 0.00000         0         0 0.00000         0         0
 0.36500 0.00000         0         0 0.00000         0         0
 0.37500 0.00000         0         0 0.00000         0         0
 0.38500 0.00000         0         0 0.00000         0         0
 0.39500 0.00000         0         0 0.00000         0         0
 0.40500 0.00000         0         0 0.00000         0         0
 0.41500 0.00000         0         0 0.00000         0         0
 0.42500 0.00000         0         0 0.00000         0         0
 0.43500 0.00000         0         0 0.00000         0         0
 0.44500 0.00000         0         0 0.00000         0         0
 0.45500 0.00000         0         0 0.00000         0         0
 0.46500 0.00000         0         0 0.00000         0         0
 0.47500 0.00000         0         0 0.00000         0         0
 0.48500 0.00000         0         0 0.00000         0         0
 0.49500 0.00000         0         0 0.00000         0         0
 0.50500 0.00000         0         0 0.00000         0         0
 0.51500 0.00000         0         0 0.00000         0         0
 0.52500 0.00000         0         0 0.00000         0         0
 0.53500 0.00000         0         0 0.00000         0         0
 0.54500 0.00000         0         0 0.00000         0         0
 0.55500 0.00000         0         0 0.00000         0         0
 0.56500 0.00000         0         0 0.00000         0         0
 0.57500 0.00000         0         0 0.00000         0         0
 0.58500 0.00000         0         0 0.00000         0         0
 0.59500 0.00000         0         0 0.00000         0         0
 0.60500 0.00000         0         0 0.00000         0         0
 0.61500 0.00000         0         0 0.00000         0         0
 0.62500 0.00000         0         0 0.00000         0         0
 0.63500 0.00000         0         0 0.00000         0         0
 0.64500 0.00000         0         0 0.00000         0         0
 0.65500 0.00000         0         0 0.00000         0         0
 0.66500 0.00000         0         0 0.00000         0         0
 0.67500 0.00000         0         0 0.00000         0         0
 0.68500 0.00000         0         0 0.00000         0         0
 0.69500 0.00000         0         0 0.00000         0         0
 0.70500 0.64923     33610     51769 0.59937     33371     55677
 0.71500 0.65661     33644     51239 0.60622     33638     55488
 0.72500 0.67304     34626     51447 0.61664     34795     56427
 0.73500 0.68426     35454     51814 0.62866     35368     56259
 0.74500 0.69508     36381     52341 0.64418     36268     56301
 0.75500 0.69803     35811     51303 0.65690     35841     54561
 0.76500 0.71051     37407     52648 0.66748     37453     56111
 0.77500 0.73465     37237     50687 0.67223     37269     55441
 0.78500 0.73602     38304     52042 0.69243     38290     55298
 0.79500 0.75429     38314     50795 0.69699     38545     55302
 0.80500 0.76606     39282     51278 0.70997     39259     55297
 0.81500 0.77761     39354     50609 0.71961     39193     54464
 0.82500 0.79624     40151     50426 0.72629     40389     55610
 0.83500 0.80238     42258     52666 0.73746     42180     57196
 0.84500 0.81590     42032     51516 0.74742     41896     56054
 0.85500 0.81799     43570     53265 0.77208     43386     56194
 0.86500 0.83907     43224     51514 0.77897     43384     55694
 0.87500 0.85140     43402     50977 0.78415     43399     55345
 0.88500 0.85602     44247     51689 0.80104     43977     54900
 0.89500 0.87036     45296     52043 0.80803     45268     56023
 0.90500 0.87803     45908     52285 0.82416     45652     55392
 0.91500 0.89310     46484     52048 0.82613     46708     56538
 0.92500 0.90891     46578     51246 0.83124     46700     56181
 0.93500 0.91012     46192     50754 0.84736     46060     54357
 0.94500 0.92246     45779     49627 0.84731     45965     54248
 0.95500 0.92921     47752     51390 0.85635     47720     55725
 0.96500 0.94493     47738     50520 0.84828     47870     56432
 0.97500 0.94519     47995     50778 0.85951     48215     56096
 0.98500 0.94323     48412     51326 0.86533     48364     55891
 0.99500 0.94712     47986     50665 0.86395     48070     55640


 0.00500 0.00000         0         0 0.00000         0         0
 0.01500 0.00000         0         0 0.00000         0         0
 0.02500 0.00000         0         0 0.00000         0         0
 0.03500 0.00000         0         0 0.00000         0         0
 0.04500 0.00000         0         0 0.00000         0         0
 0.05500 0.00000         0         0 0.00000         0         0
 0.06500 0.00000         0         0 0.00000         0         0
 0.07500 0.00000         0         0 0.00000         0         0
 0.08500 0.00000         0         0 0.00000         0         0
 0.09500 0.00000         0         0 0.00000         0         0
 0.10500 0.00000         0         0 0.00000         0         0
 0.11500 0.00000         0         0 0.00000         0         0
 0.12500 0.00000         0         0 0.00000         0         0
 0.13500 0.00000         0         0 0.00000         0         0
 0.14500 0.00000         0         0 0.00000         0         0
 0.15500 0.00000         0         0 0.00000         0         0
 0.16500 0.00000         0         0 0.00000         0         0
 0.17500 0.00000         0         0 0.00000         0         0
 0.18500 0.00000         0         0 0.00000         0         0
 0.19500 0.00000         0         0 0.00000         0         0
 0.20500 0.00000         0         0 0.00000         0         0
 0.21500 0.00000         0         0 0.00000         0         0
 0.22500 0.00000         0         0 0.00000         0         0
 0.23500 0.00000         0         0 0.00000         0         0
 0.24500 0.00000         0         0 0.00000         0         0
 0.25500 0.00000         0         0 0.00000         0         0
 0.26500 0.00000         0         0 0.00000         0         0
 0.27500 0.00000         0         0 0.00000         0         0
 0.28500 0.00000         0         0 0.00000         0         0
 0.29500 0.00000         0         0 0.00000         0         0
 0.30500 0.00000         0         0 0.00000         0         0
 0.31500 0.00000         0         0 0.00000         0         0
 0.32500 0.00000         0         0 0.00000         0         0
 0.33500 0.00000         0         0 0.00000         0         0
 0.34500 0.00000         0         0 0.00000         0         0
 0.35500 0.00000         0         0 0.00000         0         0
 0.36500 0.00000         0         0 0.00000         0         0
 0.37500 0.00000         0         0 0.00000         0         0
 0.38500 0.00000         0         0 0.00000         0         0
 0.39500 0.00000         0         0 0.00000         0         0
 0.40500 0.00000         0         0 0.00000         0         0
 0.41500 0.00000         0         0 0.00000         0         0
 0.42500 0.00000         0         0 0.00000         0         0
 0.43500 0.00000         0         0 0.00000         0         0
 0.44500 0.00000         0         0 0.00000         0         0
 0.45500 0.00000         0         0 0.00000         0         0
 0.46500 0.00000         0         0 0.00000         0         0
 0.47500 0.00000         0         0 0.00000         0         0
 0.48500 0.00000         0         0 0.00000         0         0
 0.49500 0.00000         0         0 0.00000         0         0
 0.50500 0.00000         0         0 0.00000         0         0
 0.51500 0.00000         0         0 0.00000         0         0
 0.52500 0.00000         0         0 0.00000         0         0
 0.53500 0.00000         0         0 0.00000         0         0
 0.54500 0.00000         0         0 0.00000         0         0
 0.55500 0.00000         0         0 0.00000         0         0
 0.56500 0.00000         0         0 0.00000         0         0
 0.57500 0.00000         0         0 0.00000         0         0
 0.58500 0.00000         0         0 0.00000         0         0
 0.59500 0.00000         0         0 0.00000         0         0
 0.60500 0.00000         0         0 0.00000         0         0
 0.61500 0.00000         0         0 0.00000         0         0
 0.62500 0.00000         0         0 0.00000         0         0
 0.63500 0.00000         0         0 0.00000         0         0
 0.64500 0.00000         0         0 0.00000         0         0
 0.65500 0.00000         0         0 0.00000         0         0
 0.66500 0.00000         0         0 0.00000         0         0
 0.67500 0.00000         0         0 0.00000         0         0
 0.68500 0.00000         0         0 0.00000         0         0
 0.69500 0.00000         0         0 0.00000         0         0
 0.70500 0.91909     48269     52518 0.89169     48441     54325
 0.71500 0.91477     47645     52084 0.89397     47586     53230
 0.72500 0.91721     48580     52965 0.89259     48531     54371
 0.73500 0.92401     49815     53912 0.88744     49715     56021
 0.74500 0.92142     48179     52288 0.89093     48217     54120
 0.75500 0.91837     49762     54185 0.88761     49763     56064
 0.76500 0.92416     48780     52783 0.88320     48531     54949
 0.77500 0.92737     48561     52364 0.88408     48538     54902
 0.78500 0.91488     48989     53547 0.89304     49129     55013
 0.79500 0.91946     49295     53613 0.89213     49228     55180
 0.80500 0.92443     47770     51675 0.88451     47875     54126
 0.81500 0.92371     48745     52771 0.88737     48936     55147
 0.82500 0.91786     49804     54261 0.89265     49883     55882
 0.83500 0.91936     48650     52917 0.89290     48655     54491
 0.84500 0.91810     49293     53690 0.89210     49316     55281
 0.85500 0.93403     48054     51448 0.86995     47807     54954
 0.86500 0.92580     49133     53071 0.88469     49042     55434
 0.87500 0.92472     48941     52925 0.88343     49077     55553
 0.88500 0.92095     47623     51711 0.89312     48063     53815
 0.89500 0.92038     48018     52172 0.88872     47879     53874
 0.90500 0.93263     49350     52915 0.87386     49438     56574
 0.91500 0.91980     48917     53182 0.88965     49153     55250
 0.92500 0.92280     48041     52060 0.88645     47893     54028
 0.93500 0.92721     49338     53211 0.88250     49306     55871
 0.94500 0.92407     47950     51890 0.88525     47922     54134
 0.95500 0.91983     48221     52424 0.89425     48056     53739
 0.96500 0.92082     47637     51733 0.88777     47606     53624
 0.97500 0.92436     48770     52761 0.88559     48935     55257
 0.98500 0.92405     49033     53063 0.88287     48563     55006
 0.99500 0.92544     48422     52323 0.88378     48506     54885


