# Evolution of the weightfunction during equilibration phase for fractional: cd
# Weightfunction after cycle        238
 0.0000000    0.2300000000E+001    0.3000000000E+000
 0.0101010    0.3400000000E+001    0.2000000000E+001
 0.0202020    0.3000000000E+001    0.1200000000E+001
 0.0303030    0.4100000000E+001    0.2000000000E+001
 0.0404040    0.3100000000E+001    0.9000000000E+000
 0.0505051    0.3600000000E+001    0.1300000000E+001
 0.0606061    0.3000000000E+001    0.1300000000E+001
 0.0707071    0.2500000000E+001    0.8000000000E+000
 0.0808081    0.3900000000E+001    0.1600000000E+001
 0.0909091    0.3400000000E+001    0.1600000000E+001
 0.1010101    0.2500000000E+001    0.2000000000E+000
 0.1111111    0.2800000000E+001    0.1100000000E+001
 0.1212121    0.4200000000E+001    0.2600000000E+001
 0.1313131    0.4300000000E+001    0.2100000000E+001
 0.1414141    0.5000000000E+001    0.2100000000E+001
 0.1515152    0.3900000000E+001    0.2500000000E+001
 0.1616162    0.3500000000E+001    0.1300000000E+001
 0.1717172    0.4300000000E+001    0.2200000000E+001
 0.1818182    0.4800000000E+001    0.1400000000E+001
 0.1919192    0.4400000000E+001    0.1900000000E+001
 0.2020202    0.3800000000E+001    0.1000000000E+001
 0.2121212    0.4400000000E+001    0.1500000000E+001
 0.2222222    0.4900000000E+001    0.1700000000E+001
 0.2323232    0.2700000000E+001    0.3000000000E+000
 0.2424242    0.3700000000E+001    0.2000000000E+001
 0.2525253    0.3900000000E+001    0.9000000000E+000
 0.2626263    0.4700000000E+001    0.8000000000E+000
 0.2727273    0.3200000000E+001    0.2100000000E+001
 0.2828283    0.2900000000E+001    0.1100000000E+001
 0.2929293    0.3100000000E+001    0.7000000000E+000
 0.3030303    0.2900000000E+001    0.4000000000E+000
 0.3131313    0.4100000000E+001    0.1800000000E+001
 0.3232323    0.3300000000E+001    0.1100000000E+001
 0.3333333    0.3300000000E+001    0.2000000000E+001
 0.3434343    0.4500000000E+001    0.2600000000E+001
 0.3535354    0.3000000000E+001    0.1700000000E+001
 0.3636364    0.3800000000E+001    0.7000000000E+000
 0.3737374    0.4300000000E+001    0.6000000000E+000
 0.3838384    0.2700000000E+001    0.9000000000E+000
 0.3939394    0.2100000000E+001    0.1300000000E+001
 0.4040404    0.4300000000E+001    0.1500000000E+001
 0.4141414    0.2100000000E+001    0.1000000000E+001
 0.4242424    0.1500000000E+001    0.1100000000E+001
 0.4343434    0.3800000000E+001    0.1500000000E+001
 0.4444444    0.3400000000E+001    0.1700000000E+001
 0.4545455    0.3700000000E+001    0.2800000000E+001
 0.4646465    0.3700000000E+001    0.1400000000E+001
 0.4747475    0.3400000000E+001    0.1400000000E+001
 0.4848485    0.2800000000E+001    0.1400000000E+001
 0.4949495    0.2800000000E+001    0.1200000000E+001
 0.5050505    0.2100000000E+001    0.2400000000E+001
 0.5151515    0.2600000000E+001    0.1200000000E+001
 0.5252525    0.2400000000E+001    0.1300000000E+001
 0.5353535    0.1700000000E+001    0.2000000000E+001
 0.5454545    0.2100000000E+001    0.1400000000E+001
 0.5555556    0.3100000000E+001    0.1400000000E+001
 0.5656566    0.1600000000E+001    0.8000000000E+000
 0.5757576    0.2500000000E+001    0.5000000000E+000
 0.5858586    0.3100000000E+001    0.1800000000E+001
 0.5959596    0.2300000000E+001    0.7000000000E+000
 0.6060606    0.1600000000E+001    0.1700000000E+001
 0.6161616    0.3000000000E+001    0.1600000000E+001
 0.6262626    0.3800000000E+001    0.1600000000E+001
 0.6363636    0.2100000000E+001    0.1300000000E+001
 0.6464646    0.2600000000E+001    0.1300000000E+001
 0.6565657    0.2300000000E+001    0.8000000000E+000
 0.6666667    0.2300000000E+001    0.1100000000E+001
 0.6767677    0.1700000000E+001    0.1200000000E+001
 0.6868687    0.1800000000E+001    0.9000000000E+000
 0.6969697    0.2000000000E+001    0.6000000000E+000
 0.7070707    0.2000000000E+001    0.1400000000E+001
 0.7171717    0.1800000000E+001    0.1500000000E+001
 0.7272727    0.1800000000E+001    0.1600000000E+001
 0.7373737    0.1500000000E+001    0.1700000000E+001
 0.7474747    0.2000000000E+001    0.1600000000E+001
 0.7575758    0.1900000000E+001    0.1400000000E+001
 0.7676768    0.6000000000E+000    0.6000000000E+000
 0.7777778    0.1100000000E+001    0.8000000000E+000
 0.7878788    0.1900000000E+001    0.1700000000E+001
 0.7979798    0.1300000000E+001    0.1300000000E+001
 0.8080808    0.1800000000E+001    0.1900000000E+001
 0.8181818    0.9000000000E+000    0.1300000000E+001
 0.8282828    0.1600000000E+001    0.1900000000E+001
 0.8383838    0.1200000000E+001    0.8000000000E+000
 0.8484848    0.1100000000E+001    0.1000000000E+001
 0.8585859    0.1600000000E+001    0.2000000000E+001
 0.8686869    0.9000000000E+000    0.9000000000E+000
 0.8787879    0.3000000000E+000    0.7000000000E+000
 0.8888889    0.1200000000E+001    0.1600000000E+001
 0.8989899    0.1200000000E+001    0.1900000000E+001
 0.9090909    0.2100000000E+001    0.2400000000E+001
 0.9191919    0.0000000000E+000    0.5000000000E+000
 0.9292929    0.1800000000E+001    0.2200000000E+001
 0.9393939    0.1200000000E+001    0.1600000000E+001
 0.9494949    0.5000000000E+000    0.1200000000E+001
 0.9595960    0.3000000000E+000    0.8000000000E+000
 0.9696970    0.1600000000E+001    0.2000000000E+001
 0.9797980    0.8000000000E+000    0.1200000000E+001
 0.9898990    0.0000000000E+000    0.5000000000E+000
 1.0000000    0.1000000000E+001    0.1400000000E+001


# Weightfunction after cycle       1036
 0.0000000    0.3850000000E+001    0.2125000000E+001
 0.0101010    0.3850000000E+001    0.1650000000E+001
 0.0202020    0.3325000000E+001    0.1425000000E+001
 0.0303030    0.3125000000E+001    0.1225000000E+001
 0.0404040    0.3825000000E+001    0.1850000000E+001
 0.0505051    0.4375000000E+001    0.2425000000E+001
 0.0606061    0.3925000000E+001    0.1875000000E+001
 0.0707071    0.4325000000E+001    0.2025000000E+001
 0.0808081    0.3875000000E+001    0.1650000000E+001
 0.0909091    0.3950000000E+001    0.1875000000E+001
 0.1010101    0.4725000000E+001    0.2175000000E+001
 0.1111111    0.4025000000E+001    0.1525000000E+001
 0.1212121    0.4350000000E+001    0.1475000000E+001
 0.1313131    0.4625000000E+001    0.1775000000E+001
 0.1414141    0.4575000000E+001    0.1775000000E+001
 0.1515152    0.4375000000E+001    0.1700000000E+001
 0.1616162    0.4250000000E+001    0.1525000000E+001
 0.1717172    0.5000000000E+001    0.1700000000E+001
 0.1818182    0.4700000000E+001    0.1550000000E+001
 0.1919192    0.4800000000E+001    0.1900000000E+001
 0.2020202    0.4275000000E+001    0.1650000000E+001
 0.2121212    0.4100000000E+001    0.1400000000E+001
 0.2222222    0.4100000000E+001    0.1775000000E+001
 0.2323232    0.4625000000E+001    0.1200000000E+001
 0.2424242    0.3775000000E+001    0.1775000000E+001
 0.2525253    0.3825000000E+001    0.1650000000E+001
 0.2626263    0.4075000000E+001    0.1850000000E+001
 0.2727273    0.3525000000E+001    0.1350000000E+001
 0.2828283    0.3675000000E+001    0.1350000000E+001
 0.2929293    0.4125000000E+001    0.1200000000E+001
 0.3030303    0.3725000000E+001    0.1025000000E+001
 0.3131313    0.3375000000E+001    0.1125000000E+001
 0.3232323    0.3600000000E+001    0.1150000000E+001
 0.3333333    0.3325000000E+001    0.1175000000E+001
 0.3434343    0.3250000000E+001    0.9500000000E+000
 0.3535354    0.3300000000E+001    0.9500000000E+000
 0.3636364    0.3300000000E+001    0.9000000000E+000
 0.3737374    0.3125000000E+001    0.1200000000E+001
 0.3838384    0.3225000000E+001    0.1425000000E+001
 0.3939394    0.2900000000E+001    0.1025000000E+001
 0.4040404    0.3275000000E+001    0.1125000000E+001
 0.4141414    0.2700000000E+001    0.1050000000E+001
 0.4242424    0.2775000000E+001    0.1025000000E+001
 0.4343434    0.2675000000E+001    0.1075000000E+001
 0.4444444    0.2275000000E+001    0.1075000000E+001
 0.4545455    0.2525000000E+001    0.8000000000E+000
 0.4646465    0.2150000000E+001    0.5250000000E+000
 0.4747475    0.2550000000E+001    0.7750000000E+000
 0.4848485    0.1825000000E+001    0.6000000000E+000
 0.4949495    0.2100000000E+001    0.1025000000E+001
 0.5050505    0.1675000000E+001    0.7500000000E+000
 0.5151515    0.1850000000E+001    0.6750000000E+000
 0.5252525    0.1825000000E+001    0.6500000000E+000
 0.5353535    0.1700000000E+001    0.7000000000E+000
 0.5454545    0.1975000000E+001    0.7500000000E+000
 0.5555556    0.1800000000E+001    0.7000000000E+000
 0.5656566    0.1875000000E+001    0.8000000000E+000
 0.5757576    0.1975000000E+001    0.7500000000E+000
 0.5858586    0.1900000000E+001    0.5500000000E+000
 0.5959596    0.1950000000E+001    0.7000000000E+000
 0.6060606    0.1600000000E+001    0.9500000000E+000
 0.6161616    0.1975000000E+001    0.9250000000E+000
 0.6262626    0.1975000000E+001    0.8250000000E+000
 0.6363636    0.1575000000E+001    0.8750000000E+000
 0.6464646    0.1675000000E+001    0.4000000000E+000
 0.6565657    0.1700000000E+001    0.8750000000E+000
 0.6666667    0.1175000000E+001    0.8250000000E+000
 0.6767677    0.1675000000E+001    0.1075000000E+001
 0.6868687    0.1175000000E+001    0.1125000000E+001
 0.6969697    0.1525000000E+001    0.1225000000E+001
 0.7070707    0.1525000000E+001    0.1075000000E+001
 0.7171717    0.1400000000E+001    0.8250000000E+000
 0.7272727    0.1450000000E+001    0.1225000000E+001
 0.7373737    0.1275000000E+001    0.5250000000E+000
 0.7474747    0.1250000000E+001    0.7500000000E+000
 0.7575758    0.1450000000E+001    0.1075000000E+001
 0.7676768    0.1200000000E+001    0.9750000000E+000
 0.7777778    0.1200000000E+001    0.1000000000E+001
 0.7878788    0.1375000000E+001    0.1125000000E+001
 0.7979798    0.1400000000E+001    0.1175000000E+001
 0.8080808    0.1075000000E+001    0.1275000000E+001
 0.8181818    0.9500000000E+000    0.1025000000E+001
 0.8282828    0.9750000000E+000    0.1250000000E+001
 0.8383838    0.1100000000E+001    0.1050000000E+001
 0.8484848    0.7750000000E+000    0.1000000000E+001
 0.8585859    0.8750000000E+000    0.1050000000E+001
 0.8686869    0.1125000000E+001    0.1150000000E+001
 0.8787879    0.7250000000E+000    0.8000000000E+000
 0.8888889    0.9250000000E+000    0.1225000000E+001
 0.8989899    0.1075000000E+001    0.1475000000E+001
 0.9090909    0.8750000000E+000    0.1250000000E+001
 0.9191919    0.8750000000E+000    0.1275000000E+001
 0.9292929    0.9750000000E+000    0.1325000000E+001
 0.9393939    0.2750000000E+000    0.6500000000E+000
 0.9494949    0.5000000000E+000    0.1125000000E+001
 0.9595960    0.7750000000E+000    0.1200000000E+001
 0.9696970    0.3000000000E+000    0.8000000000E+000
 0.9797980    0.6500000000E+000    0.8750000000E+000
 0.9898990    0.0000000000E+000    0.6000000000E+000
 1.0000000    0.5000000000E+000    0.1150000000E+001


# Weightfunction after cycle       2283
 0.0000000    0.3168750000E+001    0.1437500000E+001
 0.0101010    0.3218750000E+001    0.1512500000E+001
 0.0202020    0.3456250000E+001    0.1587500000E+001
 0.0303030    0.2918750000E+001    0.1156250000E+001
 0.0404040    0.3431250000E+001    0.1537500000E+001
 0.0505051    0.3243750000E+001    0.1300000000E+001
 0.0606061    0.3400000000E+001    0.1568750000E+001
 0.0707071    0.3437500000E+001    0.1412500000E+001
 0.0808081    0.3400000000E+001    0.1362500000E+001
 0.0909091    0.3818750000E+001    0.1393750000E+001
 0.1010101    0.3800000000E+001    0.1412500000E+001
 0.1111111    0.3925000000E+001    0.1606250000E+001
 0.1212121    0.3975000000E+001    0.1412500000E+001
 0.1313131    0.3968750000E+001    0.1550000000E+001
 0.1414141    0.3962500000E+001    0.1531250000E+001
 0.1515152    0.3950000000E+001    0.1431250000E+001
 0.1616162    0.4275000000E+001    0.1668750000E+001
 0.1717172    0.4118750000E+001    0.1312500000E+001
 0.1818182    0.3943750000E+001    0.1387500000E+001
 0.1919192    0.4268750000E+001    0.1450000000E+001
 0.2020202    0.3900000000E+001    0.1206250000E+001
 0.2121212    0.3731250000E+001    0.1406250000E+001
 0.2222222    0.3906250000E+001    0.1406250000E+001
 0.2323232    0.3712500000E+001    0.1281250000E+001
 0.2424242    0.3600000000E+001    0.1250000000E+001
 0.2525253    0.3806250000E+001    0.1450000000E+001
 0.2626263    0.3500000000E+001    0.1250000000E+001
 0.2727273    0.3568750000E+001    0.1362500000E+001
 0.2828283    0.3337500000E+001    0.1312500000E+001
 0.2929293    0.3087500000E+001    0.1118750000E+001
 0.3030303    0.3131250000E+001    0.1325000000E+001
 0.3131313    0.3000000000E+001    0.1093750000E+001
 0.3232323    0.3156250000E+001    0.1081250000E+001
 0.3333333    0.2837500000E+001    0.1206250000E+001
 0.3434343    0.2662500000E+001    0.9687500000E+000
 0.3535354    0.2537500000E+001    0.1012500000E+001
 0.3636364    0.2606250000E+001    0.1056250000E+001
 0.3737374    0.2362500000E+001    0.1100000000E+001
 0.3838384    0.2550000000E+001    0.8812500000E+000
 0.3939394    0.2331250000E+001    0.1125000000E+001
 0.4040404    0.2068750000E+001    0.9937500000E+000
 0.4141414    0.2050000000E+001    0.1000000000E+001
 0.4242424    0.2081250000E+001    0.9187500000E+000
 0.4343434    0.1937500000E+001    0.8187500000E+000
 0.4444444    0.1868750000E+001    0.8000000000E+000
 0.4545455    0.1643750000E+001    0.8625000000E+000
 0.4646465    0.1518750000E+001    0.9812500000E+000
 0.4747475    0.1350000000E+001    0.9625000000E+000
 0.4848485    0.1600000000E+001    0.9750000000E+000
 0.4949495    0.1156250000E+001    0.7687500000E+000
 0.5050505    0.1137500000E+001    0.6875000000E+000
 0.5151515    0.1062500000E+001    0.9000000000E+000
 0.5252525    0.1062500000E+001    0.9125000000E+000
 0.5353535    0.1181250000E+001    0.8312500000E+000
 0.5454545    0.1181250000E+001    0.7500000000E+000
 0.5555556    0.1150000000E+001    0.8125000000E+000
 0.5656566    0.9562500000E+000    0.9500000000E+000
 0.5757576    0.1262500000E+001    0.6250000000E+000
 0.5858586    0.1075000000E+001    0.8375000000E+000
 0.5959596    0.1193750000E+001    0.7375000000E+000
 0.6060606    0.1275000000E+001    0.7500000000E+000
 0.6161616    0.1068750000E+001    0.8875000000E+000
 0.6262626    0.1087500000E+001    0.8250000000E+000
 0.6363636    0.1137500000E+001    0.8375000000E+000
 0.6464646    0.1068750000E+001    0.8062500000E+000
 0.6565657    0.1337500000E+001    0.7562500000E+000
 0.6666667    0.1418750000E+001    0.9375000000E+000
 0.6767677    0.1031250000E+001    0.9375000000E+000
 0.6868687    0.9062500000E+000    0.8687500000E+000
 0.6969697    0.1225000000E+001    0.8437500000E+000
 0.7070707    0.1000000000E+001    0.6875000000E+000
 0.7171717    0.9125000000E+000    0.6312500000E+000
 0.7272727    0.9937500000E+000    0.7875000000E+000
 0.7373737    0.9312500000E+000    0.8000000000E+000
 0.7474747    0.9625000000E+000    0.8937500000E+000
 0.7575758    0.8875000000E+000    0.8375000000E+000
 0.7676768    0.8875000000E+000    0.7437500000E+000
 0.7777778    0.8375000000E+000    0.7500000000E+000
 0.7878788    0.8562500000E+000    0.7687500000E+000
 0.7979798    0.9125000000E+000    0.7875000000E+000
 0.8080808    0.8187500000E+000    0.8062500000E+000
 0.8181818    0.6625000000E+000    0.6562500000E+000
 0.8282828    0.8375000000E+000    0.9875000000E+000
 0.8383838    0.7250000000E+000    0.8250000000E+000
 0.8484848    0.4250000000E+000    0.6687500000E+000
 0.8585859    0.8062500000E+000    0.8812500000E+000
 0.8686869    0.7562500000E+000    0.8562500000E+000
 0.8787879    0.6187500000E+000    0.7875000000E+000
 0.8888889    0.4437500000E+000    0.6687500000E+000
 0.8989899    0.4375000000E+000    0.7000000000E+000
 0.9090909    0.2687500000E+000    0.6062500000E+000
 0.9191919    0.4062500000E+000    0.6937500000E+000
 0.9292929    0.2312500000E+000    0.7062500000E+000
 0.9393939    0.4875000000E+000    0.8125000000E+000
 0.9494949    0.3125000000E+000    0.7250000000E+000
 0.9595960    0.1437500000E+000    0.6687500000E+000
 0.9696970    0.1500000000E+000    0.6375000000E+000
 0.9797980    0.1687500000E+000    0.8250000000E+000
 0.9898990    0.1562500000E+000    0.7187500000E+000
 1.0000000    0.0000000000E+000    0.6437500000E+000


# Weightfunction after cycle       4735
 0.0000000    0.3171875000E+001    0.1448437500E+001
 0.0101010    0.3096875000E+001    0.1387500000E+001
 0.0202020    0.3131250000E+001    0.1346875000E+001
 0.0303030    0.3117187500E+001    0.1335937500E+001
 0.0404040    0.3275000000E+001    0.1423437500E+001
 0.0505051    0.3290625000E+001    0.1406250000E+001
 0.0606061    0.3528125000E+001    0.1560937500E+001
 0.0707071    0.3489062500E+001    0.1515625000E+001
 0.0808081    0.3617187500E+001    0.1429687500E+001
 0.0909091    0.3587500000E+001    0.1528125000E+001
 0.1010101    0.3843750000E+001    0.1475000000E+001
 0.1111111    0.3898437500E+001    0.1535937500E+001
 0.1212121    0.3951562500E+001    0.1429687500E+001
 0.1313131    0.4009375000E+001    0.1478125000E+001
 0.1414141    0.4026562500E+001    0.1490625000E+001
 0.1515152    0.4154687500E+001    0.1448437500E+001
 0.1616162    0.4139062500E+001    0.1429687500E+001
 0.1717172    0.4082812500E+001    0.1389062500E+001
 0.1818182    0.4051562500E+001    0.1378125000E+001
 0.1919192    0.4089062500E+001    0.1420312500E+001
 0.2020202    0.4143750000E+001    0.1393750000E+001
 0.2121212    0.4132812500E+001    0.1315625000E+001
 0.2222222    0.4042187500E+001    0.1404687500E+001
 0.2323232    0.3976562500E+001    0.1367187500E+001
 0.2424242    0.3932812500E+001    0.1329687500E+001
 0.2525253    0.3770312500E+001    0.1359375000E+001
 0.2626263    0.3676562500E+001    0.1332812500E+001
 0.2727273    0.3743750000E+001    0.1287500000E+001
 0.2828283    0.3642187500E+001    0.1304687500E+001
 0.2929293    0.3523437500E+001    0.1251562500E+001
 0.3030303    0.3396875000E+001    0.1218750000E+001
 0.3131313    0.3323437500E+001    0.1275000000E+001
 0.3232323    0.3350000000E+001    0.1140625000E+001
 0.3333333    0.3078125000E+001    0.1251562500E+001
 0.3434343    0.3034375000E+001    0.1131250000E+001
 0.3535354    0.2876562500E+001    0.1221875000E+001
 0.3636364    0.2740625000E+001    0.1167187500E+001
 0.3737374    0.2714062500E+001    0.1150000000E+001
 0.3838384    0.2651562500E+001    0.1175000000E+001
 0.3939394    0.2418750000E+001    0.1048437500E+001
 0.4040404    0.2476562500E+001    0.1139062500E+001
 0.4141414    0.2248437500E+001    0.1070312500E+001
 0.4242424    0.2268750000E+001    0.1050000000E+001
 0.4343434    0.1954687500E+001    0.9515625000E+000
 0.4444444    0.1818750000E+001    0.1025000000E+001
 0.4545455    0.1798437500E+001    0.9843750000E+000
 0.4646465    0.1681250000E+001    0.9453125000E+000
 0.4747475    0.1520312500E+001    0.1028125000E+001
 0.4848485    0.1287500000E+001    0.8859375000E+000
 0.4949495    0.1275000000E+001    0.9718750000E+000
 0.5050505    0.1203125000E+001    0.9328125000E+000
 0.5151515    0.1278125000E+001    0.8734375000E+000
 0.5252525    0.1273437500E+001    0.8578125000E+000
 0.5353535    0.1257812500E+001    0.8562500000E+000
 0.5454545    0.1132812500E+001    0.9421875000E+000
 0.5555556    0.1164062500E+001    0.9187500000E+000
 0.5656566    0.1176562500E+001    0.9843750000E+000
 0.5757576    0.1267187500E+001    0.8500000000E+000
 0.5858586    0.1093750000E+001    0.8062500000E+000
 0.5959596    0.1207812500E+001    0.8546875000E+000
 0.6060606    0.1243750000E+001    0.8453125000E+000
 0.6161616    0.1126562500E+001    0.8781250000E+000
 0.6262626    0.1271875000E+001    0.9281250000E+000
 0.6363636    0.1120312500E+001    0.7921875000E+000
 0.6464646    0.1132812500E+001    0.9328125000E+000
 0.6565657    0.1135937500E+001    0.9843750000E+000
 0.6666667    0.1035937500E+001    0.8312500000E+000
 0.6767677    0.1003125000E+001    0.8593750000E+000
 0.6868687    0.1067187500E+001    0.8187500000E+000
 0.6969697    0.1021875000E+001    0.8015625000E+000
 0.7070707    0.1057812500E+001    0.8593750000E+000
 0.7171717    0.9859375000E+000    0.8015625000E+000
 0.7272727    0.1050000000E+001    0.8546875000E+000
 0.7373737    0.9312500000E+000    0.8359375000E+000
 0.7474747    0.8531250000E+000    0.8343750000E+000
 0.7575758    0.8625000000E+000    0.8234375000E+000
 0.7676768    0.8406250000E+000    0.8484375000E+000
 0.7777778    0.7718750000E+000    0.8718750000E+000
 0.7878788    0.8406250000E+000    0.8546875000E+000
 0.7979798    0.8125000000E+000    0.8062500000E+000
 0.8080808    0.7437500000E+000    0.7640625000E+000
 0.8181818    0.7359375000E+000    0.8125000000E+000
 0.8282828    0.7296875000E+000    0.8625000000E+000
 0.8383838    0.5875000000E+000    0.7609375000E+000
 0.8484848    0.5875000000E+000    0.8031250000E+000
 0.8585859    0.6234375000E+000    0.8359375000E+000
 0.8686869    0.5484375000E+000    0.8296875000E+000
 0.8787879    0.4640625000E+000    0.7593750000E+000
 0.8888889    0.3703125000E+000    0.7312500000E+000
 0.8989899    0.4625000000E+000    0.8421875000E+000
 0.9090909    0.3640625000E+000    0.7031250000E+000
 0.9191919    0.2906250000E+000    0.6921875000E+000
 0.9292929    0.2687500000E+000    0.7500000000E+000
 0.9393939    0.3187500000E+000    0.8125000000E+000
 0.9494949    0.1468750000E+000    0.6968750000E+000
 0.9595960    0.6406250000E-001    0.6750000000E+000
 0.9696970    0.1250000000E-001    0.6328125000E+000
 0.9797980    0.3750000000E-001    0.7312500000E+000
 0.9898990    0.3125000000E-001    0.7171875000E+000
 1.0000000    0.0000000000E+000    0.7515625000E+000


# Weightfunction after cycle      11569
 0.0000000    0.3283984375E+001    0.1714062500E+001
 0.0101010    0.3239062500E+001    0.1717187500E+001
 0.0202020    0.3358593750E+001    0.1767578125E+001
 0.0303030    0.3332812500E+001    0.1743359375E+001
 0.0404040    0.3377734375E+001    0.1742968750E+001
 0.0505051    0.3457031250E+001    0.1781640625E+001
 0.0606061    0.3476953125E+001    0.1744531250E+001
 0.0707071    0.3550390625E+001    0.1741015625E+001
 0.0808081    0.3639453125E+001    0.1739843750E+001
 0.0909091    0.3692187500E+001    0.1735546875E+001
 0.1010101    0.3857031250E+001    0.1737890625E+001
 0.1111111    0.3907031250E+001    0.1736328125E+001
 0.1212121    0.3972265625E+001    0.1756250000E+001
 0.1313131    0.3939062500E+001    0.1755468750E+001
 0.1414141    0.4063281250E+001    0.1760937500E+001
 0.1515152    0.4069921875E+001    0.1707421875E+001
 0.1616162    0.4015234375E+001    0.1725390625E+001
 0.1717172    0.4058593750E+001    0.1701953125E+001
 0.1818182    0.4066015625E+001    0.1703515625E+001
 0.1919192    0.4048437500E+001    0.1705859375E+001
 0.2020202    0.4072265625E+001    0.1672656250E+001
 0.2121212    0.3994140625E+001    0.1669921875E+001
 0.2222222    0.3960937500E+001    0.1637109375E+001
 0.2323232    0.3882031250E+001    0.1666406250E+001
 0.2424242    0.3823437500E+001    0.1662890625E+001
 0.2525253    0.3715625000E+001    0.1570703125E+001
 0.2626263    0.3711718750E+001    0.1605078125E+001
 0.2727273    0.3593359375E+001    0.1592968750E+001
 0.2828283    0.3552734375E+001    0.1583593750E+001
 0.2929293    0.3414062500E+001    0.1571875000E+001
 0.3030303    0.3456640625E+001    0.1576171875E+001
 0.3131313    0.3319921875E+001    0.1537109375E+001
 0.3232323    0.3208203125E+001    0.1474218750E+001
 0.3333333    0.3087109375E+001    0.1484765625E+001
 0.3434343    0.3053515625E+001    0.1474218750E+001
 0.3535354    0.2880078125E+001    0.1443359375E+001
 0.3636364    0.2823046875E+001    0.1444531250E+001
 0.3737374    0.2701953125E+001    0.1391796875E+001
 0.3838384    0.2657421875E+001    0.1375000000E+001
 0.3939394    0.2568750000E+001    0.1412500000E+001
 0.4040404    0.2458203125E+001    0.1385156250E+001
 0.4141414    0.2294531250E+001    0.1317187500E+001
 0.4242424    0.2227343750E+001    0.1307812500E+001
 0.4343434    0.2117187500E+001    0.1273828125E+001
 0.4444444    0.2000781250E+001    0.1335546875E+001
 0.4545455    0.1911718750E+001    0.1262109375E+001
 0.4646465    0.1773437500E+001    0.1306640625E+001
 0.4747475    0.1609375000E+001    0.1284375000E+001
 0.4848485    0.1519921875E+001    0.1232421875E+001
 0.4949495    0.1464843750E+001    0.1192187500E+001
 0.5050505    0.1353125000E+001    0.1200781250E+001
 0.5151515    0.1347265625E+001    0.1148437500E+001
 0.5252525    0.1404296875E+001    0.1180468750E+001
 0.5353535    0.1352734375E+001    0.1185546875E+001
 0.5454545    0.1286328125E+001    0.1166796875E+001
 0.5555556    0.1404687500E+001    0.1191406250E+001
 0.5656566    0.1325781250E+001    0.1182031250E+001
 0.5757576    0.1310937500E+001    0.1141796875E+001
 0.5858586    0.1288671875E+001    0.1178515625E+001
 0.5959596    0.1290234375E+001    0.1186718750E+001
 0.6060606    0.1321875000E+001    0.1196484375E+001
 0.6161616    0.1226953125E+001    0.1140625000E+001
 0.6262626    0.1272656250E+001    0.1184765625E+001
 0.6363636    0.1247265625E+001    0.1110546875E+001
 0.6464646    0.1267578125E+001    0.1169140625E+001
 0.6565657    0.1238281250E+001    0.1176953125E+001
 0.6666667    0.1194531250E+001    0.1214062500E+001
 0.6767677    0.1144140625E+001    0.1202343750E+001
 0.6868687    0.1169531250E+001    0.1126171875E+001
 0.6969697    0.1129296875E+001    0.1148046875E+001
 0.7070707    0.1142578125E+001    0.1187890625E+001
 0.7171717    0.1090625000E+001    0.1144140625E+001
 0.7272727    0.1046093750E+001    0.1121875000E+001
 0.7373737    0.1038281250E+001    0.1126562500E+001
 0.7474747    0.9890625000E+000    0.1126562500E+001
 0.7575758    0.1000781250E+001    0.1133593750E+001
 0.7676768    0.9636718750E+000    0.1153125000E+001
 0.7777778    0.8886718750E+000    0.1112890625E+001
 0.7878788    0.8652343750E+000    0.1100390625E+001
 0.7979798    0.8281250000E+000    0.1082031250E+001
 0.8080808    0.8261718750E+000    0.1101953125E+001
 0.8181818    0.7535156250E+000    0.1086328125E+001
 0.8282828    0.7679687500E+000    0.1111328125E+001
 0.8383838    0.6855468750E+000    0.1064453125E+001
 0.8484848    0.6937500000E+000    0.1069921875E+001
 0.8585859    0.6472656250E+000    0.1055078125E+001
 0.8686869    0.5425781250E+000    0.1044140625E+001
 0.8787879    0.5769531250E+000    0.1078515625E+001
 0.8888889    0.5355468750E+000    0.1082812500E+001
 0.8989899    0.4835937500E+000    0.1064843750E+001
 0.9090909    0.4128906250E+000    0.1051953125E+001
 0.9191919    0.3687500000E+000    0.1009375000E+001
 0.9292929    0.3230468750E+000    0.1031250000E+001
 0.9393939    0.2906250000E+000    0.1047656250E+001
 0.9494949    0.2144531250E+000    0.9941406250E+000
 0.9595960    0.1917968750E+000    0.1021875000E+001
 0.9696970    0.1320312500E+000    0.9843750000E+000
 0.9797980    0.7695312500E-001    0.9988281250E+000
 0.9898990    0.1039062500E+000    0.1062109375E+001
 1.0000000    0.0000000000E+000    0.9945312500E+000


# Weightfunction after cycle      18695
 0.0000000    0.3273730469E+001    0.1748144531E+001
 0.0101010    0.3234765625E+001    0.1726074219E+001
 0.0202020    0.3309667969E+001    0.1762207031E+001
 0.0303030    0.3298339844E+001    0.1757519531E+001
 0.0404040    0.3361914063E+001    0.1760546875E+001
 0.0505051    0.3431054688E+001    0.1783300781E+001
 0.0606061    0.3447851563E+001    0.1740332031E+001
 0.0707071    0.3537500000E+001    0.1737402344E+001
 0.0808081    0.3641113281E+001    0.1749707031E+001
 0.0909091    0.3686523438E+001    0.1743750000E+001
 0.1010101    0.3812304688E+001    0.1747070313E+001
 0.1111111    0.3867773438E+001    0.1733496094E+001
 0.1212121    0.3936035156E+001    0.1736914063E+001
 0.1313131    0.3925976563E+001    0.1751757813E+001
 0.1414141    0.4017773437E+001    0.1748437500E+001
 0.1515152    0.4028710937E+001    0.1719824219E+001
 0.1616162    0.4032519531E+001    0.1737792969E+001
 0.1717172    0.4041113281E+001    0.1695605469E+001
 0.1818182    0.4053906250E+001    0.1691796875E+001
 0.1919192    0.4024218750E+001    0.1699707031E+001
 0.2020202    0.4007324219E+001    0.1682519531E+001
 0.2121212    0.3925000000E+001    0.1669042969E+001
 0.2222222    0.3923339844E+001    0.1649609375E+001
 0.2323232    0.3829882813E+001    0.1655273438E+001
 0.2424242    0.3801464844E+001    0.1659082031E+001
 0.2525253    0.3691503906E+001    0.1602929688E+001
 0.2626263    0.3643457031E+001    0.1608007813E+001
 0.2727273    0.3553710938E+001    0.1598144531E+001
 0.2828283    0.3516601563E+001    0.1568164063E+001
 0.2929293    0.3382031250E+001    0.1566503906E+001
 0.3030303    0.3363769531E+001    0.1560058594E+001
 0.3131313    0.3260351563E+001    0.1539257813E+001
 0.3232323    0.3136230469E+001    0.1497851563E+001
 0.3333333    0.3059667969E+001    0.1490625000E+001
 0.3434343    0.2998925781E+001    0.1498242188E+001
 0.3535354    0.2859667969E+001    0.1425195313E+001
 0.3636364    0.2758984375E+001    0.1445605469E+001
 0.3737374    0.2686621094E+001    0.1418847656E+001
 0.3838384    0.2572070313E+001    0.1398535156E+001
 0.3939394    0.2493261719E+001    0.1402539063E+001
 0.4040404    0.2359570313E+001    0.1364648438E+001
 0.4141414    0.2262597656E+001    0.1323437500E+001
 0.4242424    0.2176953125E+001    0.1303906250E+001
 0.4343434    0.2051074219E+001    0.1301953125E+001
 0.4444444    0.1940527344E+001    0.1324707031E+001
 0.4545455    0.1828222656E+001    0.1246386719E+001
 0.4646465    0.1719628906E+001    0.1271582031E+001
 0.4747475    0.1608593750E+001    0.1251660156E+001
 0.4848485    0.1495214844E+001    0.1201660156E+001
 0.4949495    0.1409765625E+001    0.1196484375E+001
 0.5050505    0.1314648438E+001    0.1185253906E+001
 0.5151515    0.1305859375E+001    0.1154589844E+001
 0.5252525    0.1350390625E+001    0.1171582031E+001
 0.5353535    0.1299023438E+001    0.1165332031E+001
 0.5454545    0.1273730469E+001    0.1170898438E+001
 0.5555556    0.1324804688E+001    0.1190332031E+001
 0.5656566    0.1279296875E+001    0.1160839844E+001
 0.5757576    0.1261718750E+001    0.1139355469E+001
 0.5858586    0.1263183594E+001    0.1161523438E+001
 0.5959596    0.1259375000E+001    0.1154687500E+001
 0.6060606    0.1264941406E+001    0.1167675781E+001
 0.6161616    0.1237988281E+001    0.1156250000E+001
 0.6262626    0.1239550781E+001    0.1144335938E+001
 0.6363636    0.1229785156E+001    0.1116015625E+001
 0.6464646    0.1218359375E+001    0.1144140625E+001
 0.6565657    0.1205957031E+001    0.1150878906E+001
 0.6666667    0.1167187500E+001    0.1172753906E+001
 0.6767677    0.1118066406E+001    0.1164257813E+001
 0.6868687    0.1146191406E+001    0.1140917969E+001
 0.6969697    0.1109277344E+001    0.1137304688E+001
 0.7070707    0.1081933594E+001    0.1154394531E+001
 0.7171717    0.1075292969E+001    0.1140039063E+001
 0.7272727    0.1039160156E+001    0.1135156250E+001
 0.7373737    0.1014843750E+001    0.1120214844E+001
 0.7474747    0.9800781250E+000    0.1115136719E+001
 0.7575758    0.9502929688E+000    0.1120605469E+001
 0.7676768    0.9460937500E+000    0.1149121094E+001
 0.7777778    0.8707031250E+000    0.1108398438E+001
 0.7878788    0.8503906250E+000    0.1112890625E+001
 0.7979798    0.8068359375E+000    0.1086425781E+001
 0.8080808    0.7955078125E+000    0.1102929688E+001
 0.8181818    0.7433593750E+000    0.1089160156E+001
 0.8282828    0.7411132813E+000    0.1100390625E+001
 0.8383838    0.6737304688E+000    0.1066992188E+001
 0.8484848    0.6471679688E+000    0.1071972656E+001
 0.8585859    0.6258789063E+000    0.1067773438E+001
 0.8686869    0.5467773438E+000    0.1052929688E+001
 0.8787879    0.5460937500E+000    0.1067578125E+001
 0.8888889    0.5074218750E+000    0.1082714844E+001
 0.8989899    0.4427734375E+000    0.1057226563E+001
 0.9090909    0.4033203125E+000    0.1051757813E+001
 0.9191919    0.3748046875E+000    0.1059277344E+001
 0.9292929    0.3023437500E+000    0.1032812500E+001
 0.9393939    0.2733398438E+000    0.1048925781E+001
 0.9494949    0.2279296875E+000    0.1034375000E+001
 0.9595960    0.1990234375E+000    0.1039746094E+001
 0.9696970    0.1123046875E+000    0.1002929688E+001
 0.9797980    0.8144531250E-001    0.1014550781E+001
 0.9898990    0.6289062500E-001    0.1041503906E+001
 1.0000000    0.0000000000E+000    0.1012988281E+001


# Weightfunction after cycle      25297
 0.0000000    0.3264257812E+001    0.1728833008E+001
 0.0101010    0.3227832031E+001    0.1713354492E+001
 0.0202020    0.3293530273E+001    0.1738452148E+001
 0.0303030    0.3299121094E+001    0.1746337891E+001
 0.0404040    0.3350170898E+001    0.1741772461E+001
 0.0505051    0.3421142578E+001    0.1767968750E+001
 0.0606061    0.3442016602E+001    0.1726342773E+001
 0.0707071    0.3519995117E+001    0.1714721680E+001
 0.0808081    0.3628906250E+001    0.1735815430E+001
 0.0909091    0.3681811523E+001    0.1728442383E+001
 0.1010101    0.3802270508E+001    0.1732031250E+001
 0.1111111    0.3863085937E+001    0.1726855469E+001
 0.1212121    0.3932275391E+001    0.1725976563E+001
 0.1313131    0.3923291016E+001    0.1740917969E+001
 0.1414141    0.4014184570E+001    0.1730664063E+001
 0.1515152    0.4009887695E+001    0.1705029297E+001
 0.1616162    0.4013720703E+001    0.1719726563E+001
 0.1717172    0.4031347656E+001    0.1683642578E+001
 0.1818182    0.4043139648E+001    0.1672973633E+001
 0.1919192    0.4009912109E+001    0.1687597656E+001
 0.2020202    0.3984985352E+001    0.1662475586E+001
 0.2121212    0.3910571289E+001    0.1648779297E+001
 0.2222222    0.3894165039E+001    0.1636157227E+001
 0.2323232    0.3819995117E+001    0.1637036133E+001
 0.2424242    0.3784570312E+001    0.1639331055E+001
 0.2525253    0.3685058594E+001    0.1585424805E+001
 0.2626263    0.3628735352E+001    0.1586840820E+001
 0.2727273    0.3545092773E+001    0.1575073242E+001
 0.2828283    0.3495214844E+001    0.1552343750E+001
 0.2929293    0.3370922852E+001    0.1549047852E+001
 0.3030303    0.3335717773E+001    0.1534228516E+001
 0.3131313    0.3246655273E+001    0.1519433594E+001
 0.3232323    0.3124902344E+001    0.1480249023E+001
 0.3333333    0.3040063477E+001    0.1475097656E+001
 0.3434343    0.2975366211E+001    0.1469189453E+001
 0.3535354    0.2844604492E+001    0.1412988281E+001
 0.3636364    0.2746411133E+001    0.1423706055E+001
 0.3737374    0.2667309570E+001    0.1399560547E+001
 0.3838384    0.2559716797E+001    0.1384130859E+001
 0.3939394    0.2475146484E+001    0.1381982422E+001
 0.4040404    0.2344824219E+001    0.1343994141E+001
 0.4141414    0.2252270508E+001    0.1311157227E+001
 0.4242424    0.2164990234E+001    0.1291845703E+001
 0.4343434    0.2042309570E+001    0.1280004883E+001
 0.4444444    0.1925854492E+001    0.1300634766E+001
 0.4545455    0.1816333008E+001    0.1221777344E+001
 0.4646465    0.1708544922E+001    0.1247827148E+001
 0.4747475    0.1598461914E+001    0.1227685547E+001
 0.4848485    0.1477050781E+001    0.1183740234E+001
 0.4949495    0.1398046875E+001    0.1176513672E+001
 0.5050505    0.1311083984E+001    0.1168432617E+001
 0.5151515    0.1295629883E+001    0.1133105469E+001
 0.5252525    0.1338964844E+001    0.1155175781E+001
 0.5353535    0.1295361328E+001    0.1146850586E+001
 0.5454545    0.1270776367E+001    0.1152416992E+001
 0.5555556    0.1307006836E+001    0.1163769531E+001
 0.5656566    0.1272460937E+001    0.1144653320E+001
 0.5757576    0.1257836914E+001    0.1118896484E+001
 0.5858586    0.1256909180E+001    0.1139501953E+001
 0.5959596    0.1250708008E+001    0.1137719727E+001
 0.6060606    0.1250878906E+001    0.1143774414E+001
 0.6161616    0.1228100586E+001    0.1138867187E+001
 0.6262626    0.1235766602E+001    0.1125561523E+001
 0.6363636    0.1223852539E+001    0.1108642578E+001
 0.6464646    0.1203320312E+001    0.1130395508E+001
 0.6565657    0.1193750000E+001    0.1134448242E+001
 0.6666667    0.1161279297E+001    0.1150073242E+001
 0.6767677    0.1110351562E+001    0.1144262695E+001
 0.6868687    0.1142651367E+001    0.1119042969E+001
 0.6969697    0.1099975586E+001    0.1118017578E+001
 0.7070707    0.1072070313E+001    0.1133984375E+001
 0.7171717    0.1063305664E+001    0.1119604492E+001
 0.7272727    0.1031127930E+001    0.1113842773E+001
 0.7373737    0.1003784180E+001    0.1099902344E+001
 0.7474747    0.9725341797E+000    0.1097192383E+001
 0.7575758    0.9464111328E+000    0.1104443359E+001
 0.7676768    0.9330566406E+000    0.1127416992E+001
 0.7777778    0.8680419922E+000    0.1093066406E+001
 0.7878788    0.8479248047E+000    0.1096166992E+001
 0.7979798    0.8043945313E+000    0.1071264648E+001
 0.8080808    0.7883544922E+000    0.1085327148E+001
 0.8181818    0.7382324219E+000    0.1073266602E+001
 0.8282828    0.7364257813E+000    0.1085034180E+001
 0.8383838    0.6711425781E+000    0.1054101563E+001
 0.8484848    0.6438720703E+000    0.1058325195E+001
 0.8585859    0.6217773438E+000    0.1054150391E+001
 0.8686869    0.5472412109E+000    0.1040527344E+001
 0.8787879    0.5395751953E+000    0.1049487305E+001
 0.8888889    0.5001464844E+000    0.1061865234E+001
 0.8989899    0.4421142578E+000    0.1043676758E+001
 0.9090909    0.3971679688E+000    0.1032788086E+001
 0.9191919    0.3729248047E+000    0.1041479492E+001
 0.9292929    0.3018310547E+000    0.1021093750E+001
 0.9393939    0.2691162109E+000    0.1031518555E+001
 0.9494949    0.2251953125E+000    0.1018115234E+001
 0.9595960    0.1918212891E+000    0.1022314453E+001
 0.9696970    0.1174072266E+000    0.9949707031E+000
 0.9797980    0.8371582031E-001    0.1001562500E+001
 0.9898990    0.5874023438E-001    0.1022753906E+001
 1.0000000    0.0000000000E+000    0.9926513672E+000


# Weightfunction after cycle      31619
 0.0000000    0.3265887451E+001    0.1729461670E+001
 0.0101010    0.3229473877E+001    0.1713165283E+001
 0.0202020    0.3293585205E+001    0.1737994385E+001
 0.0303030    0.3299682617E+001    0.1744042969E+001
 0.0404040    0.3350109863E+001    0.1738952637E+001
 0.0505051    0.3422875977E+001    0.1767175293E+001
 0.0606061    0.3441845703E+001    0.1724420166E+001
 0.0707071    0.3521649170E+001    0.1713128662E+001
 0.0808081    0.3630175781E+001    0.1734027100E+001
 0.0909091    0.3682275391E+001    0.1727319336E+001
 0.1010101    0.3800793457E+001    0.1730462646E+001
 0.1111111    0.3864782715E+001    0.1727026367E+001
 0.1212121    0.3931945801E+001    0.1724151611E+001
 0.1313131    0.3926055908E+001    0.1738439941E+001
 0.1414141    0.4013916016E+001    0.1729553223E+001
 0.1515152    0.4010797119E+001    0.1702795410E+001
 0.1616162    0.4015765381E+001    0.1716754150E+001
 0.1717172    0.4032965088E+001    0.1683837891E+001
 0.1818182    0.4043572998E+001    0.1671173096E+001
 0.1919192    0.4009313965E+001    0.1685699463E+001
 0.2020202    0.3985150146E+001    0.1661352539E+001
 0.2121212    0.3911767578E+001    0.1646911621E+001
 0.2222222    0.3893225098E+001    0.1635211182E+001
 0.2323232    0.3820678711E+001    0.1634814453E+001
 0.2424242    0.3787072754E+001    0.1636437988E+001
 0.2525253    0.3687078857E+001    0.1583923340E+001
 0.2626263    0.3631652832E+001    0.1584967041E+001
 0.2727273    0.3547052002E+001    0.1572735596E+001
 0.2828283    0.3495617676E+001    0.1549749756E+001
 0.2929293    0.3373974609E+001    0.1547735596E+001
 0.3030303    0.3335894775E+001    0.1533917236E+001
 0.3131313    0.3248535156E+001    0.1518853760E+001
 0.3232323    0.3125750732E+001    0.1478320313E+001
 0.3333333    0.3039581299E+001    0.1474420166E+001
 0.3434343    0.2976629639E+001    0.1466149902E+001
 0.3535354    0.2847247314E+001    0.1412762451E+001
 0.3636364    0.2747808838E+001    0.1421704102E+001
 0.3737374    0.2666284180E+001    0.1398284912E+001
 0.3838384    0.2559777832E+001    0.1383428955E+001
 0.3939394    0.2476385498E+001    0.1379943848E+001
 0.4040404    0.2345385742E+001    0.1341668701E+001
 0.4141414    0.2252453613E+001    0.1308325195E+001
 0.4242424    0.2164477539E+001    0.1291119385E+001
 0.4343434    0.2042150879E+001    0.1278533936E+001
 0.4444444    0.1924945068E+001    0.1296350098E+001
 0.4545455    0.1817169189E+001    0.1220263672E+001
 0.4646465    0.1710150146E+001    0.1243933105E+001
 0.4747475    0.1598919678E+001    0.1222521973E+001
 0.4848485    0.1476647949E+001    0.1181420898E+001
 0.4949495    0.1396343994E+001    0.1171820068E+001
 0.5050505    0.1309613037E+001    0.1164483643E+001
 0.5151515    0.1296612549E+001    0.1131359863E+001
 0.5252525    0.1338354492E+001    0.1152313232E+001
 0.5353535    0.1295654297E+001    0.1143109131E+001
 0.5454545    0.1272833252E+001    0.1148553467E+001
 0.5555556    0.1306530762E+001    0.1159417725E+001
 0.5656566    0.1273931885E+001    0.1142358398E+001
 0.5757576    0.1258874512E+001    0.1116790771E+001
 0.5858586    0.1257806396E+001    0.1137078857E+001
 0.5959596    0.1251269531E+001    0.1134747314E+001
 0.6060606    0.1250994873E+001    0.1139849854E+001
 0.6161616    0.1226477051E+001    0.1136401367E+001
 0.6262626    0.1234417725E+001    0.1122045898E+001
 0.6363636    0.1223852539E+001    0.1107373047E+001
 0.6464646    0.1203228760E+001    0.1128961182E+001
 0.6565657    0.1193554688E+001    0.1130120850E+001
 0.6666667    0.1162084961E+001    0.1145013428E+001
 0.6767677    0.1111322021E+001    0.1140533447E+001
 0.6868687    0.1142236328E+001    0.1114135742E+001
 0.6969697    0.1099353027E+001    0.1114483643E+001
 0.7070707    0.1072076416E+001    0.1129992676E+001
 0.7171717    0.1062640381E+001    0.1116119385E+001
 0.7272727    0.1030035400E+001    0.1110034180E+001
 0.7373737    0.1003674316E+001    0.1096478271E+001
 0.7474747    0.9721008301E+000    0.1094805908E+001
 0.7575758    0.9461730957E+000    0.1100616455E+001
 0.7676768    0.9326599121E+000    0.1123376465E+001
 0.7777778    0.8685180664E+000    0.1089648438E+001
 0.7878788    0.8490600586E+000    0.1093872070E+001
 0.7979798    0.8041748047E+000    0.1068115234E+001
 0.8080808    0.7890747070E+000    0.1082470703E+001
 0.8181818    0.7387573242E+000    0.1069744873E+001
 0.8282828    0.7356323242E+000    0.1081066895E+001
 0.8383838    0.6718627930E+000    0.1052020264E+001
 0.8484848    0.6434448242E+000    0.1055950928E+001
 0.8585859    0.6214660645E+000    0.1052130127E+001
 0.8686869    0.5474548340E+000    0.1038519287E+001
 0.8787879    0.5396240234E+000    0.1047259521E+001
 0.8888889    0.4982055664E+000    0.1057464600E+001
 0.8989899    0.4434326172E+000    0.1041662598E+001
 0.9090909    0.3961364746E+000    0.1029278564E+001
 0.9191919    0.3715759277E+000    0.1037976074E+001
 0.9292929    0.3030578613E+000    0.1019226074E+001
 0.9393939    0.2682373047E+000    0.1028186035E+001
 0.9494949    0.2255249023E+000    0.1016003418E+001
 0.9595960    0.1893554688E+000    0.1017724609E+001
 0.9696970    0.1184448242E+000    0.9932373047E+000
 0.9797980    0.8403320313E-001    0.1000567627E+001
 0.9898990    0.5745239258E-001    0.1019464111E+001
 1.0000000    0.0000000000E+000    0.9906677246E+000


# Weightfunction after cycle      35928
 0.0000000    0.3265765381E+001    0.1729194641E+001
 0.0101010    0.3229202271E+001    0.1712774658E+001
 0.0202020    0.3293157959E+001    0.1737452698E+001
 0.0303030    0.3299871826E+001    0.1743963623E+001
 0.0404040    0.3350064087E+001    0.1738504028E+001
 0.0505051    0.3422897339E+001    0.1766789246E+001
 0.0606061    0.3441979980E+001    0.1724147034E+001
 0.0707071    0.3521681213E+001    0.1712884521E+001
 0.0808081    0.3630729675E+001    0.1734405518E+001
 0.0909091    0.3682217407E+001    0.1726792908E+001
 0.1010101    0.3800823975E+001    0.1730126953E+001
 0.1111111    0.3865350342E+001    0.1726939392E+001
 0.1212121    0.3932223511E+001    0.1724096680E+001
 0.1313131    0.3926606750E+001    0.1738031006E+001
 0.1414141    0.4014299011E+001    0.1729409790E+001
 0.1515152    0.4011305237E+001    0.1703147888E+001
 0.1616162    0.4015953064E+001    0.1716346741E+001
 0.1717172    0.4033572388E+001    0.1683786011E+001
 0.1818182    0.4043916321E+001    0.1671018982E+001
 0.1919192    0.4009597778E+001    0.1685499573E+001
 0.2020202    0.3985540771E+001    0.1661146545E+001
 0.2121212    0.3912422180E+001    0.1646351624E+001
 0.2222222    0.3893566895E+001    0.1634870911E+001
 0.2323232    0.3821246338E+001    0.1634625244E+001
 0.2424242    0.3787178040E+001    0.1635775757E+001
 0.2525253    0.3687422180E+001    0.1583741760E+001
 0.2626263    0.3632261658E+001    0.1584526062E+001
 0.2727273    0.3547662354E+001    0.1572615051E+001
 0.2828283    0.3495980835E+001    0.1549951172E+001
 0.2929293    0.3374630737E+001    0.1547460938E+001
 0.3030303    0.3336512756E+001    0.1533644104E+001
 0.3131313    0.3248690796E+001    0.1518717957E+001
 0.3232323    0.3126287842E+001    0.1478248596E+001
 0.3333333    0.3040141296E+001    0.1474272156E+001
 0.3434343    0.2976924133E+001    0.1465795898E+001
 0.3535354    0.2847869873E+001    0.1412731934E+001
 0.3636364    0.2748356628E+001    0.1421778870E+001
 0.3737374    0.2666761780E+001    0.1397969055E+001
 0.3838384    0.2560104370E+001    0.1383226013E+001
 0.3939394    0.2476765442E+001    0.1380088806E+001
 0.4040404    0.2345568848E+001    0.1341841125E+001
 0.4141414    0.2252703857E+001    0.1308143616E+001
 0.4242424    0.2164453125E+001    0.1290985107E+001
 0.4343434    0.2042301941E+001    0.1278646851E+001
 0.4444444    0.1925425720E+001    0.1295999146E+001
 0.4545455    0.1817770386E+001    0.1219853210E+001
 0.4646465    0.1710029602E+001    0.1243621826E+001
 0.4747475    0.1598532104E+001    0.1222219849E+001
 0.4848485    0.1476612854E+001    0.1181420898E+001
 0.4949495    0.1395593262E+001    0.1171647644E+001
 0.5050505    0.1309802246E+001    0.1164179993E+001
 0.5151515    0.1296453857E+001    0.1131472778E+001
 0.5252525    0.1338122559E+001    0.1152401733E+001
 0.5353535    0.1295727539E+001    0.1143147278E+001
 0.5454545    0.1273377991E+001    0.1148657227E+001
 0.5555556    0.1306681824E+001    0.1159503174E+001
 0.5656566    0.1273934937E+001    0.1142449951E+001
 0.5757576    0.1259008789E+001    0.1116665649E+001
 0.5858586    0.1258045959E+001    0.1136975098E+001
 0.5959596    0.1251591492E+001    0.1134736633E+001
 0.6060606    0.1250991821E+001    0.1139929199E+001
 0.6161616    0.1226550293E+001    0.1136544800E+001
 0.6262626    0.1234277344E+001    0.1122055054E+001
 0.6363636    0.1224139404E+001    0.1107423401E+001
 0.6464646    0.1202975464E+001    0.1128883362E+001
 0.6565657    0.1193690491E+001    0.1130184937E+001
 0.6666667    0.1162518311E+001    0.1144683838E+001
 0.6767677    0.1111865234E+001    0.1140228271E+001
 0.6868687    0.1142395020E+001    0.1114184570E+001
 0.6969697    0.1099526978E+001    0.1114961243E+001
 0.7070707    0.1072164917E+001    0.1129962158E+001
 0.7171717    0.1062884521E+001    0.1116073608E+001
 0.7272727    0.1029898071E+001    0.1109864807E+001
 0.7373737    0.1003862000E+001    0.1096638489E+001
 0.7474747    0.9721420288E+000    0.1094917297E+001
 0.7575758    0.9462310791E+000    0.1100729370E+001
 0.7676768    0.9325592041E+000    0.1123326111E+001
 0.7777778    0.8689834595E+000    0.1089930725E+001
 0.7878788    0.8491897583E+000    0.1093995667E+001
 0.7979798    0.8042907715E+000    0.1068321228E+001
 0.8080808    0.7890243530E+000    0.1082595825E+001
 0.8181818    0.7388977051E+000    0.1070022583E+001
 0.8282828    0.7354858398E+000    0.1081089783E+001
 0.8383838    0.6721160889E+000    0.1052317810E+001
 0.8484848    0.6436187744E+000    0.1056217957E+001
 0.8585859    0.6215530396E+000    0.1052256775E+001
 0.8686869    0.5478118896E+000    0.1038729858E+001
 0.8787879    0.5395507813E+000    0.1047471619E+001
 0.8888889    0.4983230591E+000    0.1057557678E+001
 0.8989899    0.4434997559E+000    0.1041885376E+001
 0.9090909    0.3961227417E+000    0.1029493713E+001
 0.9191919    0.3715423584E+000    0.1038073730E+001
 0.9292929    0.3030532837E+000    0.1019427490E+001
 0.9393939    0.2682830811E+000    0.1028375244E+001
 0.9494949    0.2255432129E+000    0.1015977478E+001
 0.9595960    0.1889083862E+000    0.1017243958E+001
 0.9696970    0.1183685303E+000    0.9933868408E+000
 0.9797980    0.8391418457E-001    0.1000643921E+001
 0.9898990    0.5699005127E-001    0.1019378662E+001
 1.0000000    0.0000000000E+000    0.9910202026E+000


