# Lambda, (Probability, Probability_biased(/observed)) per Fractional
 0.0000000   0.1440755284E+000   0.1013217544E+001   0.6074439106E+000   0.9711404469E+000
 0.0101010   0.1557274927E+000   0.1098687137E+001   0.6471793784E+000   0.1047229029E+001
 0.0202020   0.1355051317E+000   0.9771831026E+000   0.5956557357E+000   0.9661976847E+000
 0.0303030   0.1394168193E+000   0.1039228170E+001   0.6015286303E+000   0.9855006691E+000
 0.0404040   0.1314350724E+000   0.1034846759E+001   0.6206049074E+000   0.1029217903E+001
 0.0505051   0.1206110883E+000   0.9827186426E+000   0.6125206177E+000   0.1000553627E+001
 0.0606061   0.1134663488E+000   0.9751313195E+000   0.6138154340E+000   0.9885150051E+000
 0.0707071   0.1101946958E+000   0.1057587355E+001   0.6437601435E+000   0.1056683935E+001
 0.0808081   0.9987380411E-001   0.1036706187E+001   0.5946645493E+000   0.9816999844E+000
 0.0909091   0.8949914464E-001   0.9974017158E+000   0.6026152454E+000   0.9831977912E+000
 0.1010101   0.8266913991E-001   0.1001548028E+001   0.6307665724E+000   0.1043259842E+001
 0.1111111   0.7870725184E-001   0.1014841873E+001   0.6190593215E+000   0.1002800337E+001
 0.1212121   0.7398918023E-001   0.1020142313E+001   0.6383772404E+000   0.1064659755E+001
 0.1313131   0.6762207224E-001   0.9836376705E+000   0.6280372793E+000   0.1055897586E+001
 0.1414141   0.6611991257E-001   0.1005544730E+001   0.6157480612E+000   0.9905370442E+000
 0.1515152   0.6478324330E-001   0.9925501036E+000   0.6465974331E+000   0.1043016448E+001
 0.1616162   0.6100227838E-001   0.9320438731E+000   0.6459232867E+000   0.1033074756E+001
 0.1717172   0.6308248622E-001   0.1002060973E+001   0.6555213304E+000   0.1041537364E+001
 0.1818182   0.6254841130E-001   0.9380282407E+000   0.6553452508E+000   0.1021653979E+001
 0.1919192   0.6673409305E-001   0.9923363762E+000   0.6601196604E+000   0.1017778404E+001
 0.2020202   0.6852106243E-001   0.9918020576E+000   0.6776304051E+000   0.1029461297E+001
 0.2121212   0.7010590583E-001   0.9461926278E+000   0.6671661817E+000   0.9774874030E+000
 0.2222222   0.7313589479E-001   0.9493985390E+000   0.6879920829E+000   0.1020100005E+001
 0.2323232   0.7523943386E-001   0.9481802928E+000   0.7159598193E+000   0.1050767598E+001
 0.2424242   0.8506705069E-001   0.9920585305E+000   0.7333730244E+000   0.1080798623E+001
 0.2525253   0.8523169169E-001   0.9354635117E+000   0.7189199972E+000   0.1019500882E+001
 0.2626263   0.9383041133E-001   0.9543570150E+000   0.7443373809E+000   0.1038541750E+001
 0.2727273   0.1015454345E+000   0.9742122916E+000   0.7659742950E+000   0.1043933855E+001
 0.2828283   0.1109988159E+000   0.9551691791E+000   0.7439607948E+000   0.1009259629E+001
 0.2929293   0.1190921762E+000   0.9585888177E+000   0.7658377251E+000   0.1016636327E+001
 0.3030303   0.1287778158E+000   0.9337964379E+000   0.7761201036E+000   0.1014090055E+001
 0.3131313   0.1405519668E+000   0.9542715240E+000   0.7917928144E+000   0.1004391757E+001
 0.3232323   0.1600485131E+000   0.9807309777E+000   0.8316097556E+000   0.1059042980E+001
 0.3333333   0.1616395101E+000   0.9103077953E+000   0.8234803145E+000   0.1007443538E+001
 0.3434343   0.1885787085E+000   0.9498687393E+000   0.8207322235E+000   0.9920535736E+000
 0.3535354   0.2006950196E+000   0.9344376201E+000   0.8479250081E+000   0.1000722130E+001
 0.3636364   0.2274402357E+000   0.9616451197E+000   0.9028445716E+000   0.1051610114E+001
 0.3737374   0.2554488734E+000   0.9697881342E+000   0.8896682753E+000   0.9946560128E+000
 0.3838384   0.2803395109E+000   0.9496122664E+000   0.9081403277E+000   0.1002369717E+001
 0.3939394   0.3233996241E+000   0.9709422622E+000   0.9000410289E+000   0.9934952125E+000
 0.4040404   0.3380212027E+000   0.9348864477E+000   0.9509607852E+000   0.1009708971E+001
 0.4141414   0.4071123690E+000   0.1031747711E+001   0.1002401475E+001   0.1042979003E+001
 0.4242424   0.4295339733E+000   0.9726520815E+000   0.1019220154E+001   0.1039159596E+001
 0.4343434   0.4688391704E+000   0.9556393794E+000   0.1056751295E+001   0.1018077966E+001
 0.4444444   0.5323856110E+000   0.9503603124E+000   0.1027403996E+001   0.1004410479E+001
 0.4545455   0.5873169164E+000   0.9638251393E+000   0.1054835310E+001   0.9860997917E+000
 0.4646465   0.7038175487E+000   0.1026618253E+001   0.1062156880E+001   0.9860623466E+000
 0.4747475   0.7388741229E+000   0.9724810996E+000   0.1134017047E+001   0.1019182598E+001
 0.4848485   0.8516595421E+000   0.9891090922E+000   0.1133252659E+001   0.9960976518E+000
 0.4949495   0.9607810998E+000   0.9867153452E+000   0.1162303015E+001   0.1012236519E+001
 0.5050505   0.9799027907E+000   0.9801966591E+000   0.1179346262E+001   0.9977452392E+000
 0.5151515   0.1048112480E+001   0.1053163198E+001   0.1155626037E+001   0.9806702423E+000
 0.5252525   0.1057634790E+001   0.1047221576E+001   0.1172426391E+001   0.9762329898E+000
 0.5353535   0.1018121467E+001   0.9931271676E+000   0.1126046187E+001   0.9501149848E+000
 0.5454545   0.1002810194E+001   0.9901136111E+000   0.1133474791E+001   0.9500588170E+000
 0.5555556   0.1026709812E+001   0.9822911878E+000   0.1174173126E+001   0.1031146330E+001
 0.5656566   0.1024523964E+001   0.9779738941E+000   0.1154949389E+001   0.9790975452E+000
 0.5757576   0.1082751579E+001   0.1003428829E+001   0.1158802563E+001   0.9666470267E+000
 0.5858586   0.1050982359E+001   0.1003813538E+001   0.1158735453E+001   0.9851636625E+000
 0.5959596   0.1061204517E+001   0.9819278512E+000   0.1156798620E+001   0.9793971066E+000
 0.6060606   0.1094567448E+001   0.1003386083E+001   0.1180614354E+001   0.9776371837E+000
 0.6161616   0.1037954905E+001   0.9503389396E+000   0.1188904297E+001   0.1020474456E+001
 0.6262626   0.1102744071E+001   0.9920799033E+000   0.1218261941E+001   0.1041949261E+001
 0.6363636   0.1135953094E+001   0.1003770793E+001   0.1184393505E+001   0.9928773673E+000
 0.6464646   0.1127901305E+001   0.1005544730E+001   0.1159708751E+001   0.9846019850E+000
 0.6565657   0.1162679814E+001   0.1015782273E+001   0.1174144963E+001   0.9789477646E+000
 0.6666667   0.1149944503E+001   0.9746824919E+000   0.1130068059E+001   0.9589333220E+000
 0.6767677   0.1211261551E+001   0.1015568546E+001   0.1184530680E+001   0.9814940360E+000
 0.6868687   0.1249901073E+001   0.1008344559E+001   0.1195857205E+001   0.9904059861E+000
 0.6969697   0.1211594381E+001   0.9601062824E+000   0.1198948173E+001   0.9804455713E+000
 0.7070707   0.1298121627E+001   0.1007746123E+001   0.1224586460E+001   0.1010102145E+001
 0.7171717   0.1341499052E+001   0.1017791311E+001   0.1220218368E+001   0.1008342222E+001
 0.7272727   0.1351358190E+001   0.1006036303E+001   0.1194791264E+001   0.9676206011E+000
 0.7373737   0.1396058161E+001   0.1009071233E+001   0.1189722599E+001   0.9778618547E+000
 0.7474747   0.1408462660E+001   0.1009178096E+001   0.1193875089E+001   0.9826173911E+000
 0.7575758   0.1436739796E+001   0.9785082126E+000   0.1173498692E+001   0.9409783636E+000
 0.7676768   0.1521815787E+001   0.1010887916E+001   0.1227030548E+001   0.9938134965E+000
 0.7777778   0.1601068194E+001   0.1040425044E+001   0.1222654526E+001   0.9797153905E+000
 0.7878788   0.1654782989E+001   0.1049529832E+001   0.1241205286E+001   0.1005234273E+001
 0.7979798   0.1647432851E+001   0.1013965590E+001   0.1212253358E+001   0.9668529751E+000
 0.8080808   0.1688127649E+001   0.1009926142E+001   0.1217332738E+001   0.9795094421E+000
 0.8181818   0.1770022790E+001   0.1014200690E+001   0.1242959850E+001   0.9915855089E+000
 0.8282828   0.1901403723E+001   0.1064512123E+001   0.1247233922E+001   0.1002575666E+001
 0.8383838   0.1906119285E+001   0.1031875947E+001   0.1227900933E+001   0.9802957906E+000
 0.8484848   0.1999824018E+001   0.1033030076E+001   0.1267898587E+001   0.9904059861E+000
 0.8585859   0.2078537667E+001   0.1027280808E+001   0.1265155347E+001   0.9808761907E+000
 0.8686869   0.2204984537E+001   0.1059168938E+001   0.1240653463E+001   0.9593264962E+000
 0.8787879   0.2278988988E+001   0.1055172235E+001   0.1274647091E+001   0.9907429927E+000
 0.8888889   0.2337990102E+001   0.1024438234E+001   0.1291170006E+001   0.9883839470E+000
 0.8989899   0.2483736530E+001   0.1052671625E+001   0.1302351049E+001   0.9929335350E+000
 0.9090909   0.2499495315E+001   0.1030422601E+001   0.1266553711E+001   0.9715336212E+000
 0.9191919   0.2704547374E+001   0.1064918205E+001   0.1275045889E+001   0.9726008085E+000
 0.9292929   0.2792823608E+001   0.1051816715E+001   0.1309214298E+001   0.9984754200E+000
 0.9393939   0.2932681428E+001   0.1028798273E+001   0.1266733534E+001   0.9469321454E+000
 0.9494949   0.3169792621E+001   0.1074578684E+001   0.1323472527E+001   0.9910238314E+000
 0.9595960   0.3266194653E+001   0.1044122528E+001   0.1317018342E+001   0.9727505892E+000
 0.9696970   0.3433519146E+001   0.1067653916E+001   0.1301554165E+001   0.9596447802E+000
 0.9797980   0.3622914366E+001   0.1071821601E+001   0.1328604558E+001   0.9678827172E+000
 0.9898990   0.3740839449E+001   0.1047157457E+001   0.1368650614E+001   0.9929522576E+000
 1.0000000   0.3797768942E+001   0.1060130711E+001   0.1328109707E+001   0.9878597147E+000


 0.0000000   0.1478497697E+000   0.1027785348E+001   0.5971853287E+000   0.9590081680E+000
 0.0101010   0.1568394321E+000   0.1093788364E+001   0.6169334636E+000   0.1002749945E+001
 0.0202020   0.1412996660E+000   0.1007234587E+001   0.5784756295E+000   0.9425253693E+000
 0.0303030   0.1415952518E+000   0.1043310840E+001   0.5914711099E+000   0.9733554707E+000
 0.0404040   0.1345393145E+000   0.1047088223E+001   0.6001117367E+000   0.9996812907E+000
 0.0505051   0.1224821308E+000   0.9864702248E+000   0.5770917630E+000   0.9468950607E+000
 0.0606061   0.1207443745E+000   0.1025728023E+001   0.6035147270E+000   0.9762715891E+000
 0.0707071   0.1155042119E+000   0.1095778235E+001   0.6295649077E+000   0.1038003573E+001
 0.0808081   0.1019846221E+000   0.1046424932E+001   0.5813851784E+000   0.9640687551E+000
 0.0909091   0.9321739242E-001   0.1026874729E+001   0.5809571599E+000   0.9520992105E+000
 0.1010101   0.8408181576E-001   0.1006931047E+001   0.6040290398E+000   0.1003503649E+001
 0.1111111   0.7950724461E-001   0.1013350350E+001   0.5896822962E+000   0.9594837196E+000
 0.1212121   0.7517775679E-001   0.1024592560E+001   0.6178991236E+000   0.1035114373E+001
 0.1313131   0.6999084818E-001   0.1006368937E+001   0.6089770603E+000   0.1028429732E+001
 0.1414141   0.6752842376E-001   0.1015137861E+001   0.6175170268E+000   0.9978239476E+000
 0.1515152   0.6623001923E-001   0.1003030001E+001   0.6180264472E+000   0.1001386098E+001
 0.1616162   0.6191641598E-001   0.9351158083E+000   0.6264510798E+000   0.1006410795E+001
 0.1717172   0.6520658848E-001   0.1023873058E+001   0.6199403306E+000   0.9894075811E+000
 0.1818182   0.6414545188E-001   0.9508998715E+000   0.6306840989E+000   0.9876040740E+000
 0.1919192   0.6809534035E-001   0.1000916465E+001   0.6379644164E+000   0.9880168169E+000
 0.2020202   0.6869216483E-001   0.9828277487E+000   0.6590916869E+000   0.1005773735E+001
 0.2121212   0.7312267694E-001   0.9755427964E+000   0.6558043296E+000   0.9651365031E+000
 0.2222222   0.7585374023E-001   0.9733393232E+000   0.6790459776E+000   0.1011336792E+001
 0.2323232   0.7866275969E-001   0.9799047740E+000   0.6922644752E+000   0.1020533781E+001
 0.2424242   0.8593813241E-001   0.9906748114E+000   0.7099036369E+000   0.1050888330E+001
 0.2525253   0.9116762232E-001   0.9890896598E+000   0.7171255814E+000   0.1021502829E+001
 0.2626263   0.9533566475E-001   0.9584996056E+000   0.7204158041E+000   0.1009658902E+001
 0.2727273   0.1035741905E+000   0.9822319115E+000   0.7380393412E+000   0.1010358770E+001
 0.2828283   0.1151379217E+000   0.9793763901E+000   0.7470135391E+000   0.1017931706E+001
 0.2929293   0.1220920092E+000   0.9714169052E+000   0.7528156882E+000   0.1003817693E+001
 0.3030303   0.1332290256E+000   0.9549470672E+000   0.7684075255E+000   0.1008501427E+001
 0.3131313   0.1436972999E+000   0.9643905238E+000   0.7811000642E+000   0.9952577633E+000
 0.3232323   0.1625192456E+000   0.9844016581E+000   0.8226697657E+000   0.1052341903E+001
 0.3333333   0.1700996120E+000   0.9469201290E+000   0.8128997649E+000   0.9989455316E+000
 0.3434343   0.1958465266E+000   0.9751155924E+000   0.8433001101E+000   0.1023889560E+001
 0.3535354   0.2088330600E+000   0.9611302828E+000   0.8489193281E+000   0.1006374904E+001
 0.3636364   0.2306663279E+000   0.9640532575E+000   0.8819354127E+000   0.1031848320E+001
 0.3737374   0.2629992980E+000   0.9869536398E+000   0.8847741519E+000   0.9936067917E+000
 0.3838384   0.2815493651E+000   0.9427267846E+000   0.9132868821E+000   0.1012557075E+001
 0.3939394   0.3212361206E+000   0.9533394311E+000   0.9039448996E+000   0.1002265420E+001
 0.4040404   0.3478990608E+000   0.9511247157E+000   0.9542865580E+000   0.1017770198E+001
 0.4141414   0.4019268146E+000   0.1006874836E+001   0.9721541452E+000   0.1016029499E+001
 0.4242424   0.4259003752E+000   0.9533169467E+000   0.1017190864E+001   0.1041727232E+001
 0.4343434   0.4884708501E+000   0.9841880561E+000   0.1029986781E+001   0.9967292816E+000
 0.4444444   0.5268972618E+000   0.9297307895E+000   0.1028102701E+001   0.1009587121E+001
 0.4545455   0.5947785610E+000   0.9648289700E+000   0.1065033860E+001   0.1000085061E+001
 0.4646465   0.6920946563E+000   0.9978923104E+000   0.1072669005E+001   0.1000273487E+001
 0.4747475   0.7506224089E+000   0.9765658375E+000   0.1128607747E+001   0.1018855891E+001
 0.4848485   0.8525167993E+000   0.9787018575E+000   0.1141220937E+001   0.1007586215E+001
 0.4949495   0.9577911895E+000   0.9723162820E+000   0.1174707463E+001   0.1027613219E+001
 0.5050505   0.9637596897E+000   0.9529459537E+000   0.1186902276E+001   0.1008627045E+001
 0.5151515   0.1049431275E+001   0.1042344010E+001   0.1165532776E+001   0.9934991196E+000
 0.5252525   0.1035741228E+001   0.1013732585E+001   0.1186875599E+001   0.9926826064E+000
 0.5353535   0.1026414193E+001   0.9896854969E+000   0.1154320643E+001   0.9783263311E+000
 0.5454545   0.1015460591E+001   0.9910570466E+000   0.1171382864E+001   0.9862222825E+000
 0.5555556   0.1037563220E+001   0.9812425970E+000   0.1183698461E+001   0.1044158826E+001
 0.5656566   0.1026604410E+001   0.9686738059E+000   0.1153149598E+001   0.9819423179E+000
 0.5757576   0.1067269654E+001   0.9776900586E+000   0.1179759002E+001   0.9885282593E+000
 0.5858586   0.1047072329E+001   0.9885612759E+000   0.1185276133E+001   0.1012234059E+001
 0.5959596   0.1076248697E+001   0.9843791737E+000   0.1153956877E+001   0.9813590942E+000
 0.6060606   0.1099197890E+001   0.9960261035E+000   0.1172196759E+001   0.9750064424E+000
 0.6161616   0.1073983494E+001   0.9720015002E+000   0.1219169579E+001   0.1051130593E+001
 0.6262626   0.1120560584E+001   0.9964982763E+000   0.1204382371E+001   0.1034683685E+001
 0.6363636   0.1155792200E+001   0.1009539240E+001   0.1175555335E+001   0.9898741601E+000
 0.6464646   0.1147999093E+001   0.1011675260E+001   0.1177637026E+001   0.1004293244E+001
 0.6565657   0.1183342815E+001   0.1021928156E+001   0.1193729530E+001   0.9997261540E+000
 0.6666667   0.1151367027E+001   0.9646490946E+000   0.1165633574E+001   0.9935350103E+000
 0.6767677   0.1236804813E+001   0.1025042248E+001   0.1195924842E+001   0.9953654354E+000
 0.6868687   0.1237005055E+001   0.9864477404E+000   0.1202417532E+001   0.1000291432E+001
 0.6969697   0.1249120419E+001   0.9784432866E+000   0.1207504394E+001   0.9918571206E+000
 0.7070707   0.1295306710E+001   0.9939800212E+000   0.1210153962E+001   0.1002660218E+001
 0.7171717   0.1349438369E+001   0.1012023769E+001   0.1219562414E+001   0.1012305840E+001
 0.7272727   0.1380143147E+001   0.1015632518E+001   0.1221549939E+001   0.9937144637E+000
 0.7373737   0.1391846679E+001   0.9944409519E+000   0.1206215207E+001   0.9958499597E+000
 0.7474747   0.1437160339E+001   0.1017880960E+001   0.1213792455E+001   0.1003476731E+001
 0.7575758   0.1446653011E+001   0.9739126759E+000   0.1206880466E+001   0.9720723786E+000
 0.7676768   0.1546138813E+001   0.1015216556E+001   0.1257291580E+001   0.1022875648E+001
 0.7777778   0.1586323512E+001   0.1018971455E+001   0.1238752235E+001   0.9970522978E+000
 0.7878788   0.1640311559E+001   0.1028369942E+001   0.1249722872E+001   0.1016657586E+001
 0.7979798   0.1665412556E+001   0.1013226685E+001   0.1235705538E+001   0.9899638868E+000
 0.8080808   0.1729384268E+001   0.1022692626E+001   0.1250138866E+001   0.1010403634E+001
 0.8181818   0.1803395508E+001   0.1021422257E+001   0.1255805280E+001   0.1006312095E+001
 0.8282828   0.1876348815E+001   0.1038386752E+001   0.1250510704E+001   0.1009703765E+001
 0.8383838   0.1893392448E+001   0.1013181716E+001   0.1241160483E+001   0.9953115994E+000
 0.8484848   0.2013380891E+001   0.1028055161E+001   0.1273893541E+001   0.9995377279E+000
 0.8585859   0.2057947873E+001   0.1005390865E+001   0.1263635407E+001   0.9840778139E+000
 0.8686869   0.2155723903E+001   0.1023580761E+001   0.1252038490E+001   0.9724582035E+000
 0.8787879   0.2256976303E+001   0.1032945522E+001   0.1262137683E+001   0.9854057694E+000
 0.8888889   0.2357072711E+001   0.1020905115E+001   0.1293265832E+001   0.9944143322E+000
 0.8989899   0.2464918432E+001   0.1032664467E+001   0.1298288832E+001   0.9942617967E+000
 0.9090909   0.2543029266E+001   0.1036295701E+001   0.1299870411E+001   0.1001547606E+001
 0.9191919   0.2654980418E+001   0.1033361484E+001   0.1307981573E+001   0.1002184666E+001
 0.9292929   0.2722488391E+001   0.1013518983E+001   0.1305371174E+001   0.9999953342E+000
 0.9393939   0.2953911119E+001   0.1024311505E+001   0.1300371948E+001   0.9764241246E+000
 0.9494949   0.3118816657E+001   0.1045120836E+001   0.1334865896E+001   0.1004024064E+001
 0.9595960   0.3200605253E+001   0.1011371721E+001   0.1283272351E+001   0.9520633198E+000
 0.9696970   0.3363089312E+001   0.1033709992E+001   0.1336808509E+001   0.9900446408E+000
 0.9797980   0.3611917940E+001   0.1056261866E+001   0.1355699294E+001   0.9920365740E+000
 0.9898990   0.3740578460E+001   0.1035025331E+001   0.1350060979E+001   0.9838445244E+000
 1.0000000   0.3705481849E+001   0.1022456540E+001   0.1345610953E+001   0.1005352019E+001


 0.0000000   0.1473268539E+000   0.1022652201E+001   0.5805360394E+000   0.9347826036E+000
 0.0101010   0.1551197373E+000   0.1080212930E+001   0.5936210346E+000   0.9674574197E+000
 0.0202020   0.1469889657E+000   0.1046257302E+001   0.5822322849E+000   0.9512014950E+000
 0.0303030   0.1435392374E+000   0.1056087585E+001   0.5873518496E+000   0.9691802102E+000
 0.0404040   0.1344476323E+000   0.1044844102E+001   0.5848628501E+000   0.9769036660E+000
 0.0505051   0.1262867748E+000   0.1015625024E+001   0.5848204031E+000   0.9621610031E+000
 0.0606061   0.1224544058E+000   0.1038733176E+001   0.5884753246E+000   0.9545073902E+000
 0.0707071   0.1140368529E+000   0.1080275049E+001   0.6037899348E+000   0.9981882763E+000
 0.0808081   0.1023541123E+000   0.1048679931E+001   0.5765371607E+000   0.9586048377E+000
 0.0909091   0.9248864370E-001   0.1017356583E+001   0.5691170757E+000   0.9352074810E+000
 0.1010101   0.8514565521E-001   0.1018179655E+001   0.5937161305E+000   0.9890272217E+000
 0.1111111   0.7927957305E-001   0.1008970560E+001   0.5847554940E+000   0.9540301307E+000
 0.1212121   0.7608445688E-001   0.1035433121E+001   0.6078073903E+000   0.1020951227E+001
 0.1313131   0.7095547065E-001   0.1018746488E+001   0.5940086846E+000   0.1005853530E+001
 0.1414141   0.6744254001E-001   0.1012363793E+001   0.6085248816E+000   0.9859424956E+000
 0.1515152   0.6665311803E-001   0.1007961131E+001   0.6074622898E+000   0.9869202956E+000
 0.1616162   0.6221895860E-001   0.9383105518E+000   0.6218388443E+000   0.1001692060E+001
 0.1717172   0.6500138632E-001   0.1019158025E+001   0.6123416450E+000   0.9799127290E+000
 0.1818182   0.6453090548E-001   0.9552145999E+000   0.6291622585E+000   0.9878748146E+000
 0.1919192   0.6872161957E-001   0.1008644437E+001   0.6316202622E+000   0.9808265064E+000
 0.2020202   0.6854105421E-001   0.9792312377E+000   0.6466084887E+000   0.9893822562E+000
 0.2121212   0.7215498686E-001   0.9612245830E+000   0.6558993695E+000   0.9678764769E+000
 0.2222222   0.7500905299E-001   0.9610925808E+000   0.6668776664E+000   0.9958892823E+000
 0.2323232   0.7893171659E-001   0.9818169282E+000   0.6847691669E+000   0.1012203409E+001
 0.2424242   0.8560480031E-001   0.9853887527E+000   0.6984931250E+000   0.1036782274E+001
 0.2525253   0.9096743259E-001   0.9854741659E+000   0.6995764500E+000   0.9991893573E+000
 0.2626263   0.9616673603E-001   0.9654408889E+000   0.7163938061E+000   0.1006726565E+001
 0.2727273   0.1054753975E+000   0.9987986246E+000   0.7284793330E+000   0.9999576287E+000
 0.2828283   0.1140772796E+000   0.9689350652E+000   0.7388079847E+000   0.1009462077E+001
 0.2929293   0.1223836213E+000   0.9723127688E+000   0.7459821305E+000   0.9973850835E+000
 0.3030303   0.1335429376E+000   0.9557969626E+000   0.7561889888E+000   0.9951384716E+000
 0.3131313   0.1443182883E+000   0.9671413880E+000   0.7710044148E+000   0.9850403587E+000
 0.3232323   0.1596801862E+000   0.9657903066E+000   0.8095357022E+000   0.1038330458E+001
 0.3333333   0.1700571341E+000   0.9452989043E+000   0.8045654326E+000   0.9913669574E+000
 0.3434343   0.1936033467E+000   0.9625368403E+000   0.8276108802E+000   0.1007547219E+001
 0.3535354   0.2139174221E+000   0.9830903613E+000   0.8429734260E+000   0.1002017993E+001
 0.3636364   0.2301868832E+000   0.9606422203E+000   0.8730506538E+000   0.1024204740E+001
 0.3737374   0.2608471147E+000   0.9774453255E+000   0.8749395540E+000   0.9852091456E+000
 0.3838384   0.2816627998E+000   0.9417270797E+000   0.9099760318E+000   0.1011603925E+001
 0.3939394   0.3187654373E+000   0.9446233635E+000   0.9019588527E+000   0.1002757163E+001
 0.4040404   0.3523757689E+000   0.9619544776E+000   0.9424736175E+000   0.1007878973E+001
 0.4141414   0.4016523320E+000   0.1004715430E+001   0.9641031467E+000   0.1010329293E+001
 0.4242424   0.4306806177E+000   0.9626067238E+000   0.9938917172E+000   0.1020607833E+001
 0.4343434   0.4883436207E+000   0.9824924689E+000   0.1007117635E+001   0.9772237791E+000
 0.4444444   0.5350857638E+000   0.9427986271E+000   0.1018699824E+001   0.1003048175E+001
 0.4545455   0.6002221290E+000   0.9722351205E+000   0.1067409193E+001   0.1005015415E+001
 0.4646465   0.6877892530E+000   0.9902340104E+000   0.1076744942E+001   0.1006778948E+001
 0.4747475   0.7560629226E+000   0.9822051700E+000   0.1127369845E+001   0.1020479788E+001
 0.4848485   0.8505493694E+000   0.9750149318E+000   0.1137414217E+001   0.1006930274E+001
 0.4949495   0.9631740032E+000   0.9763504836E+000   0.1184831814E+001   0.1039261696E+001
 0.5050505   0.9801860603E+000   0.9677703398E+000   0.1190055761E+001   0.1014030964E+001
 0.5151515   0.1034597774E+001   0.1026107553E+001   0.1174902052E+001   0.1004183121E+001
 0.5252525   0.1031519925E+001   0.1008124193E+001   0.1187503915E+001   0.9958834621E+000
 0.5353535   0.1023430849E+001   0.9853654582E+000   0.1165982738E+001   0.9908722372E+000
 0.5454545   0.1037512772E+001   0.1011098125E+001   0.1190676842E+001   0.1005166742E+001
 0.5555556   0.1046943603E+001   0.9886655135E+000   0.1174797661E+001   0.1039098729E+001
 0.5656566   0.1034327508E+001   0.9745335119E+000   0.1166291039E+001   0.9958077990E+000
 0.5757576   0.1066324521E+001   0.9753954087E+000   0.1170907265E+001   0.9837540861E+000
 0.5858586   0.1061639762E+001   0.1000848541E+001   0.1182409651E+001   0.1012506062E+001
 0.5959596   0.1080835133E+001   0.9871280760E+000   0.1176715228E+001   0.1003409030E+001
 0.6060606   0.1099152348E+001   0.9945279647E+000   0.1176996133E+001   0.9816355195E+000
 0.6161616   0.1093807100E+001   0.9884946871E+000   0.1213886442E+001   0.1049394730E+001
 0.6262626   0.1114500523E+001   0.9896594125E+000   0.1207934395E+001   0.1040530508E+001
 0.6363636   0.1148010653E+001   0.1001275607E+001   0.1191295557E+001   0.1005830249E+001
 0.6464646   0.1150542657E+001   0.1012433677E+001   0.1186616743E+001   0.1014677011E+001
 0.6565657   0.1174480237E+001   0.1012790859E+001   0.1196017405E+001   0.1004340268E+001
 0.6666667   0.1155522235E+001   0.9667143221E+000   0.1173326798E+001   0.1002786264E+001
 0.6767677   0.1235006096E+001   0.1022054309E+001   0.1203473314E+001   0.1004346088E+001
 0.6868687   0.1245122532E+001   0.9914686193E+000   0.1209525586E+001   0.1008914975E+001
 0.6969697   0.1253555959E+001   0.9804813764E+000   0.1213247766E+001   0.9992592001E+000
 0.7070707   0.1293987458E+001   0.9915152084E+000   0.1218726430E+001   0.1012482781E+001
 0.7171717   0.1342599452E+001   0.1005422030E+001   0.1221841440E+001   0.1016929443E+001
 0.7272727   0.1384637970E+001   0.1017449761E+001   0.1221555422E+001   0.9963956430E+000
 0.7373737   0.1381491176E+001   0.9855984033E+000   0.1214587959E+001   0.1005463574E+001
 0.7474747   0.1419211497E+001   0.1003698236E+001   0.1214016806E+001   0.1006365711E+001
 0.7575758   0.1448043972E+001   0.9734231404E+000   0.1221915169E+001   0.9868329920E+000
 0.7676768   0.1540973558E+001   0.1010344936E+001   0.1264611697E+001   0.1031602263E+001
 0.7777778   0.1588853431E+001   0.1019103671E+001   0.1242399463E+001   0.1002681500E+001
 0.7878788   0.1622182095E+001   0.1015516317E+001   0.1249274734E+001   0.1019030549E+001
 0.7979798   0.1653279602E+001   0.1004373777E+001   0.1247246938E+001   0.1001901588E+001
 0.8080808   0.1707206706E+001   0.1008100898E+001   0.1241927197E+001   0.1006470475E+001
 0.8181818   0.1820239030E+001   0.1029454197E+001   0.1268702629E+001   0.1019385583E+001
 0.8282828   0.1884052215E+001   0.1041124746E+001   0.1271733788E+001   0.1029605921E+001
 0.8383838   0.1901625140E+001   0.1016098679E+001   0.1257335501E+001   0.1010998620E+001
 0.8484848   0.2010941805E+001   0.1025307775E+001   0.1278684054E+001   0.1005999036E+001
 0.8585859   0.2059036767E+001   0.1004451425E+001   0.1265006436E+001   0.9877991515E+000
 0.8686869   0.2149307939E+001   0.1019041552E+001   0.1261393227E+001   0.9823630492E+000
 0.8787879   0.2255735185E+001   0.1030867397E+001   0.1280584437E+001   0.1002501073E+001
 0.8888889   0.2325713196E+001   0.1005849096E+001   0.1289492790E+001   0.9941839526E+000
 0.8989899   0.2458423736E+001   0.1028437004E+001   0.1308168581E+001   0.1004526515E+001
 0.9090909   0.2516029986E+001   0.1023793632E+001   0.1308739665E+001   0.1011097564E+001
 0.9191919   0.2659205262E+001   0.1033491912E+001   0.1332106942E+001   0.1023419008E+001
 0.9292929   0.2728152355E+001   0.1014141941E+001   0.1313416022E+001   0.1008868413E+001
 0.9393939   0.2938129846E+001   0.1017348818E+001   0.1317305356E+001   0.9918034752E+000
 0.9494949   0.3095454293E+001   0.1035774774E+001   0.1337433140E+001   0.1008664705E+001
 0.9595960   0.3230142815E+001   0.1019212379E+001   0.1327519124E+001   0.9875430610E+000
 0.9696970   0.3371808582E+001   0.1034874053E+001   0.1357899635E+001   0.1008373693E+001
 0.9797980   0.3589462773E+001   0.1048159687E+001   0.1357807984E+001   0.9962559573E+000
 0.9898990   0.3738737596E+001   0.1033002727E+001   0.1368652930E+001   0.1000079854E+001
 1.0000000   0.3745410006E+001   0.1031962239E+001   0.1371022962E+001   0.1027097398E+001


 0.0000000   0.1482591893E+000   0.1025420183E+001   0.5774024419E+000   0.9320161044E+000
 0.0101010   0.1546618597E+000   0.1073148287E+001   0.5844152965E+000   0.9547892429E+000
 0.0202020   0.1476527933E+000   0.1047199999E+001   0.5755723632E+000   0.9426262675E+000
 0.0303030   0.1441659453E+000   0.1056881228E+001   0.5780757636E+000   0.9562122937E+000
 0.0404040   0.1354910422E+000   0.1049163367E+001   0.5779258724E+000   0.9676832080E+000
 0.0505051   0.1262663629E+000   0.1011806323E+001   0.5716872908E+000   0.9428598382E+000
 0.0606061   0.1227467395E+000   0.1037465707E+001   0.5839269012E+000   0.9494517210E+000
 0.0707071   0.1134881959E+000   0.1071208503E+001   0.5929708180E+000   0.9827052611E+000
 0.0808081   0.1032407040E+000   0.1053956813E+001   0.5712939628E+000   0.9522156404E+000
 0.0909091   0.9238784953E-001   0.1012590491E+001   0.5616760153E+000   0.9252425556E+000
 0.1010101   0.8462931135E-001   0.1008363060E+001   0.5774079152E+000   0.9642185766E+000
 0.1111111   0.8002434666E-001   0.1014783802E+001   0.5759719470E+000   0.9420034125E+000
 0.1212121   0.7629958464E-001   0.1034623836E+001   0.5956524213E+000   0.1002986979E+001
 0.1313131   0.7153936441E-001   0.1023433231E+001   0.5894811590E+000   0.1000633971E+001
 0.1414141   0.6861269109E-001   0.1026222038E+001   0.5963246019E+000   0.9685439591E+000
 0.1515152   0.6706179274E-001   0.1010491516E+001   0.6003849508E+000   0.9778132536E+000
 0.1616162   0.6300492436E-001   0.9467439852E+000   0.6141557373E+000   0.9917409850E+000
 0.1717172   0.6556227913E-001   0.1024252775E+001   0.6049301536E+000   0.9704255004E+000
 0.1818182   0.6636551974E-001   0.9788359024E+000   0.6234324389E+000   0.9812778849E+000
 0.1919192   0.6926546373E-001   0.1012967835E+001   0.6247806292E+000   0.9725838662E+000
 0.2020202   0.6918413782E-001   0.9848616124E+000   0.6364414335E+000   0.9762128621E+000
 0.2121212   0.7236540849E-001   0.9605583086E+000   0.6433663624E+000   0.9517095706E+000
 0.2222222   0.7536743927E-001   0.9622091880E+000   0.6547815196E+000   0.9802224916E+000
 0.2323232   0.7948815551E-001   0.9851799963E+000   0.6715212900E+000   0.9950542280E+000
 0.2424242   0.8665763191E-001   0.9939178653E+000   0.6857872930E+000   0.1020418271E+001
 0.2525253   0.9278831635E-001   0.1001582663E+001   0.6840687596E+000   0.9794352720E+000
 0.2626263   0.9665193479E-001   0.9668198585E+000   0.7085606447E+000   0.9981598526E+000
 0.2727273   0.1075923992E+000   0.1015178834E+001   0.7132390428E+000   0.9814379241E+000
 0.2828283   0.1136785626E+000   0.9620735801E+000   0.7304990540E+000   0.1000556114E+001
 0.2929293   0.1248681768E+000   0.9884817552E+000   0.7429609357E+000   0.9957808922E+000
 0.3030303   0.1365539667E+000   0.9738302001E+000   0.7519643587E+000   0.9920048334E+000
 0.3131313   0.1461335401E+000   0.9757817754E+000   0.7665087860E+000   0.9816974470E+000
 0.3232323   0.1603289596E+000   0.9662243627E+000   0.7955659335E+000   0.1022914016E+001
 0.3333333   0.1727962224E+000   0.9570678777E+000   0.7974414169E+000   0.9849977138E+000
 0.3434343   0.1934045339E+000   0.9580878854E+000   0.8204396876E+000   0.1001265477E+001
 0.3535354   0.2139103295E+000   0.9795198382E+000   0.8365960263E+000   0.9968752140E+000
 0.3636364   0.2324145864E+000   0.9664484106E+000   0.8703697721E+000   0.1023562824E+001
 0.3737374   0.2608826151E+000   0.9740601440E+000   0.8739384150E+000   0.9864942961E+000
 0.3838384   0.2859293391E+000   0.9525515433E+000   0.9034960513E+000   0.1006862522E+001
 0.3939394   0.3222683665E+000   0.9515669116E+000   0.9077408851E+000   0.1011659371E+001
 0.4040404   0.3580946514E+000   0.9740483520E+000   0.9350486583E+000   0.1002390077E+001
 0.4141414   0.3984090291E+000   0.9930157776E+000   0.9528374950E+000   0.1000971351E+001
 0.4242424   0.4314646578E+000   0.9608884844E+000   0.9862683996E+000   0.1015262415E+001
 0.4343434   0.4904157689E+000   0.9831105010E+000   0.1003384210E+001   0.9759879422E+000
 0.4444444   0.5421841349E+000   0.9518676075E+000   0.1014529595E+001   0.1001390913E+001
 0.4545455   0.6105713632E+000   0.9854394202E+000   0.1065257299E+001   0.1005448122E+001
 0.4646465   0.6886081363E+000   0.9878449874E+000   0.1079521639E+001   0.1011849688E+001
 0.4747475   0.7615383021E+000   0.9857578041E+000   0.1115535903E+001   0.1012243298E+001
 0.4848485   0.8495387077E+000   0.9703515613E+000   0.1133966588E+001   0.1006339151E+001
 0.4949495   0.9625756958E+000   0.9722323846E+000   0.1171011390E+001   0.1029657287E+001
 0.5050505   0.9852773897E+000   0.9692961776E+000   0.1183254982E+001   0.1010707787E+001
 0.5151515   0.1030079832E+001   0.1017949953E+001   0.1183349571E+001   0.1013882618E+001
 0.5252525   0.1029902555E+001   0.1002921054E+001   0.1187518588E+001   0.9983371932E+000
 0.5353535   0.1023910283E+001   0.9822791652E+000   0.1173589873E+001   0.9997818710E+000
 0.5454545   0.1043149219E+001   0.1012932459E+001   0.1188777327E+001   0.1006023398E+001
 0.5555556   0.1045786332E+001   0.9840184847E+000   0.1174930707E+001   0.1041764033E+001
 0.5656566   0.1051218948E+001   0.9868839397E+000   0.1175566176E+001   0.1006187762E+001
 0.5757576   0.1066990231E+001   0.9724918085E+000   0.1173567329E+001   0.9884061152E+000
 0.5858586   0.1069645246E+001   0.1004766502E+001   0.1197976651E+001   0.1028351022E+001
 0.5959596   0.1073469355E+001   0.9768725351E+000   0.1185847220E+001   0.1013674999E+001
 0.6060606   0.1097050330E+001   0.9890536670E+000   0.1176768280E+001   0.9838514875E+000
 0.6161616   0.1098378589E+001   0.9890536670E+000   0.1208516317E+001   0.1047313498E+001
 0.6262626   0.1115202528E+001   0.9867188518E+000   0.1213867255E+001   0.1048204527E+001
 0.6363636   0.1144355555E+001   0.9944956731E+000   0.1199296331E+001   0.1015067772E+001
 0.6464646   0.1164123324E+001   0.1020697488E+001   0.1193278698E+001   0.1022875088E+001
 0.6565657   0.1173466182E+001   0.1008274620E+001   0.1196284086E+001   0.1007026887E+001
 0.6666667   0.1174626247E+001   0.9791601823E+000   0.1179143084E+001   0.1010227670E+001
 0.6767677   0.1228283002E+001   0.1012832227E+001   0.1204711866E+001   0.1007844384E+001
 0.6868687   0.1254824632E+001   0.9955982248E+000   0.1215167329E+001   0.1016105864E+001
 0.6969697   0.1257432431E+001   0.9799738300E+000   0.1215937843E+001   0.1003929913E+001
 0.7070707   0.1301352528E+001   0.9935700014E+000   0.1227829958E+001   0.1022546359E+001
 0.7171717   0.1334535953E+001   0.9957868967E+000   0.1221241267E+001   0.1018921688E+001
 0.7272727   0.1376254086E+001   0.1007649645E+001   0.1228898506E+001   0.1004842568E+001
 0.7373737   0.1386340278E+001   0.9854983802E+000   0.1218062242E+001   0.1010811596E+001
 0.7474747   0.1425895346E+001   0.1004795982E+001   0.1226698975E+001   0.1019371528E+001
 0.7575758   0.1454647696E+001   0.9743431519E+000   0.1237400321E+001   0.1001788848E+001
 0.7676768   0.1548595853E+001   0.1011688403E+001   0.1268783209E+001   0.1037542460E+001
 0.7777778   0.1576725442E+001   0.1007685021E+001   0.1242759473E+001   0.1005430820E+001
 0.7878788   0.1617320127E+001   0.1008828844E+001   0.1260479814E+001   0.1030691054E+001
 0.7979798   0.1650929023E+001   0.9993362875E+000   0.1252822947E+001   0.1008847873E+001
 0.8080808   0.1698005613E+001   0.9990591756E+000   0.1247699739E+001   0.1013627420E+001
 0.8181818   0.1814036529E+001   0.1022254032E+001   0.1279099122E+001   0.1030258516E+001
 0.8282828   0.1882145127E+001   0.1036327779E+001   0.1274762691E+001   0.1034588223E+001
 0.8383838   0.1892513428E+001   0.1007590685E+001   0.1265780512E+001   0.1020284184E+001
 0.8484848   0.2013052986E+001   0.1022690336E+001   0.1288865594E+001   0.1016495149E+001
 0.8585859   0.2060984270E+001   0.1001783127E+001   0.1274469005E+001   0.9976278305E+000
 0.8686869   0.2162061425E+001   0.1021399112E+001   0.1279977578E+001   0.9992801266E+000
 0.8787879   0.2263392155E+001   0.1030644037E+001   0.1301832833E+001   0.1021633703E+001
 0.8888889   0.2324596104E+001   0.1001747751E+001   0.1305301278E+001   0.1008839222E+001
 0.8989899   0.2446755299E+001   0.1019872049E+001   0.1316005683E+001   0.1013021867E+001
 0.9090909   0.2517364871E+001   0.1020650320E+001   0.1324996574E+001   0.1026166704E+001
 0.9191919   0.2646321893E+001   0.1024783415E+001   0.1336820150E+001   0.1029557804E+001
 0.9292929   0.2732305301E+001   0.1012030371E+001   0.1326153048E+001   0.1021149260E+001
 0.9393939   0.2935873093E+001   0.1012908875E+001   0.1324035886E+001   0.9993147297E+000
 0.9494949   0.3072253281E+001   0.1024311735E+001   0.1360819470E+001   0.1028818163E+001
 0.9595960   0.3233406075E+001   0.1016570290E+001   0.1354135405E+001   0.1009812433E+001
 0.9696970   0.3322592444E+001   0.1016098610E+001   0.1366244054E+001   0.1017057448E+001
 0.9797980   0.3565389641E+001   0.1037383163E+001   0.1373106740E+001   0.1009950845E+001
 0.9898990   0.3720951113E+001   0.1024388383E+001   0.1381084696E+001   0.1011637744E+001
 1.0000000   0.3758839784E+001   0.1031935261E+001   0.1376366189E+001   0.1033627988E+001


 0.0000000   0.1504701519E+000   0.1035099387E+001   0.5786252539E+000   0.9345717383E+000
 0.0101010   0.1552391350E+000   0.1071344574E+001   0.5821909287E+000   0.9517477000E+000
 0.0202020   0.1484966267E+000   0.1047504762E+001   0.5739455132E+000   0.9405474911E+000
 0.0303030   0.1453204092E+000   0.1059599059E+001   0.5755414374E+000   0.9526132493E+000
 0.0404040   0.1369877075E+000   0.1055031883E+001   0.5778022403E+000   0.9680788855E+000
 0.0505051   0.1269829605E+000   0.1012060833E+001   0.5693238963E+000   0.9395469161E+000
 0.0606061   0.1231969914E+000   0.1035655555E+001   0.5820294328E+000   0.9469560187E+000
 0.0707071   0.1142275136E+000   0.1072372071E+001   0.5899008781E+000   0.9782265863E+000
 0.0808081   0.1036612992E+000   0.1052543267E+001   0.5684448198E+000   0.9480569975E+000
 0.0909091   0.9366258808E-001   0.1021025508E+001   0.5648038041E+000   0.9309745151E+000
 0.1010101   0.8593436778E-001   0.1018390780E+001   0.5743423940E+000   0.9596969054E+000
 0.1111111   0.8022593277E-001   0.1011853449E+001   0.5743492669E+000   0.9399346822E+000
 0.1212121   0.7669055795E-001   0.1034316981E+001   0.5907205742E+000   0.9953021442E+000
 0.1313131   0.7180443758E-001   0.1021685368E+001   0.5862278601E+000   0.9957314567E+000
 0.1414141   0.6926528548E-001   0.1030395525E+001   0.5923971492E+000   0.9627644123E+000
 0.1515152   0.6786665128E-001   0.1017104052E+001   0.5973372551E+000   0.9734556782E+000
 0.1616162   0.6486032315E-001   0.9693678679E+000   0.6117904969E+000   0.9885370104E+000
 0.1717172   0.6673171073E-001   0.1036899863E+001   0.6043836252E+000   0.9701527418E+000
 0.1818182   0.6688287940E-001   0.9811463754E+000   0.6205837629E+000   0.9774025833E+000
 0.1919192   0.7020894211E-001   0.1021228179E+001   0.6235910664E+000   0.9713368133E+000
 0.2020202   0.6971732210E-001   0.9870992586E+000   0.6365632070E+000   0.9770078928E+000
 0.2121212   0.7335725241E-001   0.9684723431E+000   0.6433237294E+000   0.9522393320E+000
 0.2222222   0.7716575193E-001   0.9798549344E+000   0.6517240267E+000   0.9762531337E+000
 0.2323232   0.8151058238E-001   0.1004797656E+001   0.6696942792E+000   0.9929651609E+000
 0.2424242   0.8729416349E-001   0.9958188419E+000   0.6815086274E+000   0.1014683526E+001
 0.2525253   0.9414713899E-001   0.1010769392E+001   0.6830481363E+000   0.9785831926E+000
 0.2626263   0.9835543524E-001   0.9785540668E+000   0.7077795812E+000   0.9976806739E+000
 0.2727273   0.1095993893E+000   0.1028538489E+001   0.7083027244E+000   0.9752525587E+000
 0.2828283   0.1150125928E+000   0.9681141332E+000   0.7243843666E+000   0.9927989755E+000
 0.2929293   0.1269943425E+000   0.9998911230E+000   0.7396373007E+000   0.9919438127E+000
 0.3030303   0.1377836472E+000   0.9773003321E+000   0.7497687752E+000   0.9897245441E+000
 0.3131313   0.1490175256E+000   0.9896727140E+000   0.7641580228E+000   0.9792964053E+000
 0.3232323   0.1638002573E+000   0.9818203756E+000   0.7927153363E+000   0.1019883746E+001
 0.3333333   0.1767762042E+000   0.9738313519E+000   0.7905225503E+000   0.9770598257E+000
 0.3434343   0.1980866627E+000   0.9759900380E+000   0.8200638320E+000   0.1001430234E+001
 0.3535354   0.2171225043E+000   0.9888667417E+000   0.8329236129E+000   0.9931174976E+000
 0.3636364   0.2340593433E+000   0.9680387206E+000   0.8617026386E+000   0.1014001473E+001
 0.3737374   0.2649123645E+000   0.9837716770E+000   0.8682416451E+000   0.9806743599E+000
 0.3838384   0.2930115308E+000   0.9708808335E+000   0.8991549051E+000   0.1002648927E+001
 0.3939394   0.3256091187E+000   0.9562460732E+000   0.9141160803E+000   0.1019399039E+001
 0.4040404   0.3609596559E+000   0.9765462060E+000   0.9364410619E+000   0.1004508127E+001
 0.4141414   0.4026811327E+000   0.9982508987E+000   0.9569230721E+000   0.1005889544E+001
 0.4242424   0.4342320052E+000   0.9618360332E+000   0.9840840117E+000   0.1013644866E+001
 0.4343434   0.4907164474E+000   0.9784079549E+000   0.9994570554E+000   0.9727736253E+000
 0.4444444   0.5440982468E+000   0.9500763788E+000   0.1022971318E+001   0.1010352317E+001
 0.4545455   0.6119417887E+000   0.9823246975E+000   0.1061314988E+001   0.1002351178E+001
 0.4646465   0.6888992093E+000   0.9829327117E+000   0.1080564280E+001   0.1013457908E+001
 0.4747475   0.7601308691E+000   0.9786294795E+000   0.1113971339E+001   0.1011453295E+001
 0.4848485   0.8585691109E+000   0.9753773105E+000   0.1136824719E+001   0.1009504078E+001
 0.4949495   0.9682889415E+000   0.9727284425E+000   0.1168968334E+001   0.1028501156E+001
 0.5050505   0.9940072864E+000   0.9726106103E+000   0.1180129728E+001   0.1008666227E+001
 0.5151515   0.1029851136E+001   0.1012235225E+001   0.1184447617E+001   0.1015455596E+001
 0.5252525   0.1030052119E+001   0.9976570244E+000   0.1185998844E+001   0.9976806739E+000
 0.5353535   0.1034918992E+001   0.9874857482E+000   0.1172806860E+001   0.9997372192E+000
 0.5454545   0.1048147088E+001   0.1012296498E+001   0.1189518696E+001   0.1007277885E+001
 0.5555556   0.1043054588E+001   0.9761550031E+000   0.1173021640E+001   0.1040719251E+001
 0.5656566   0.1056841743E+001   0.9868117480E+000   0.1179430083E+001   0.1010123812E+001
 0.5757576   0.1064712773E+001   0.9651824679E+000   0.1177778111E+001   0.9925704704E+000
 0.5858586   0.1071629404E+001   0.1001201417E+001   0.1196031133E+001   0.1027320547E+001
 0.5959596   0.1074555322E+001   0.9725870438E+000   0.1183883697E+001   0.1012626980E+001
 0.6060606   0.1097697150E+001   0.9842995653E+000   0.1184872763E+001   0.9912444488E+000
 0.6161616   0.1096300137E+001   0.9818580819E+000   0.1211646190E+001   0.1050679993E+001
 0.6262626   0.1113187387E+001   0.9796239833E+000   0.1213888878E+001   0.1048876188E+001
 0.6363636   0.1138791780E+001   0.9843231317E+000   0.1194110175E+001   0.1011307883E+001
 0.6464646   0.1156932422E+001   0.1008921783E+001   0.1191922265E+001   0.1022348831E+001
 0.6565657   0.1179295872E+001   0.1007818874E+001   0.1199100898E+001   0.1010026870E+001
 0.6666667   0.1184380290E+001   0.9819664876E+000   0.1186789057E+001   0.1017411737E+001
 0.6767677   0.1229640767E+001   0.1008483448E+001   0.1201701072E+001   0.1005951864E+001
 0.6868687   0.1258856281E+001   0.9934103516E+000   0.1217676352E+001   0.1018838163E+001
 0.6969697   0.1260084161E+001   0.9767441641E+000   0.1213990714E+001   0.1002946676E+001
 0.7070707   0.1290608594E+001   0.9800528925E+000   0.1228320051E+001   0.1023591760E+001
 0.7171717   0.1334969071E+001   0.9907379171E+000   0.1220654629E+001   0.1019066668E+001
 0.7272727   0.1373515628E+001   0.1000221053E+001   0.1225367710E+001   0.1002579683E+001
 0.7373737   0.1388748819E+001   0.9818863617E+000   0.1220611748E+001   0.1013558312E+001
 0.7474747   0.1426911362E+001   0.1000089081E+001   0.1228021105E+001   0.1021105902E+001
 0.7575758   0.1463167937E+001   0.9747645830E+000   0.1239294344E+001   0.1003947251E+001
 0.7676768   0.1543856472E+001   0.1003152719E+001   0.1262258206E+001   0.1032849676E+001
 0.7777778   0.1573421622E+001   0.1000150354E+001   0.1250558551E+001   0.1012370778E+001
 0.7878788   0.1616332965E+001   0.1002775655E+001   0.1256311977E+001   0.1027922969E+001
 0.7979798   0.1652668548E+001   0.9949940165E+000   0.1254623367E+001   0.1010927041E+001
 0.8080808   0.1707692158E+001   0.9993396683E+000   0.1255513648E+001   0.1020610808E+001
 0.8181818   0.1818712551E+001   0.1019361717E+001   0.1283352098E+001   0.1034328034E+001
 0.8282828   0.1877834847E+001   0.1028378238E+001   0.1278581290E+001   0.1038333797E+001
 0.8383838   0.1897029146E+001   0.1004547852E+001   0.1265182820E+001   0.1020437698E+001
 0.8484848   0.1988725689E+001   0.1004882495E+001   0.1282858890E+001   0.1012388089E+001
 0.8585859   0.2047450895E+001   0.9898376791E+000   0.1278026211E+001   0.1001035543E+001
 0.8686869   0.2153820545E+001   0.1012018414E+001   0.1284126895E+001   0.1003144022E+001
 0.8787879   0.2253230588E+001   0.1020483480E+001   0.1306439070E+001   0.1025887197E+001
 0.8888889   0.2340753829E+001   0.1003270551E+001   0.1311333863E+001   0.1014133036E+001
 0.8989899   0.2432233886E+001   0.1008351476E+001   0.1316480668E+001   0.1014018784E+001
 0.9090909   0.2512660105E+001   0.1013248582E+001   0.1326496058E+001   0.1027967977E+001
 0.9191919   0.2641614213E+001   0.1017443409E+001   0.1340834599E+001   0.1033292837E+001
 0.9292929   0.2730622493E+001   0.1005952412E+001   0.1327742594E+001   0.1023010111E+001
 0.9393939   0.2913746641E+001   0.9998534167E+000   0.1329739858E+001   0.1004245000E+001
 0.9494949   0.3066338144E+001   0.1016825968E+001   0.1367374647E+001   0.1034418051E+001
 0.9595960   0.3218460553E+001   0.1006414314E+001   0.1357769523E+001   0.1013153234E+001
 0.9696970   0.3310784376E+001   0.1007027042E+001   0.1376136501E+001   0.1025059732E+001
 0.9797980   0.3548182069E+001   0.1026808713E+001   0.1375761033E+001   0.1012533501E+001
 0.9898990   0.3710617315E+001   0.1016034136E+001   0.1388678900E+001   0.1017834125E+001
 1.0000000   0.3769785233E+001   0.1029358602E+001   0.1383619159E+001   0.1039722138E+001


 0.0000000   0.1510183764E+000   0.1038511510E+001   0.5728887139E+000   0.9263949998E+000
 0.0101010   0.1557059320E+000   0.1074194549E+001   0.5799527962E+000   0.9492043608E+000
 0.0202020   0.1494239452E+000   0.1053681712E+001   0.5691300868E+000   0.9337535920E+000
 0.0303030   0.1455112196E+000   0.1060623532E+001   0.5704434945E+000   0.9452862232E+000
 0.0404040   0.1377337768E+000   0.1060411109E+001   0.5710800673E+000   0.9579419781E+000
 0.0505051   0.1282233931E+000   0.1021593830E+001   0.5699704811E+000   0.9417206612E+000
 0.0606061   0.1243115454E+000   0.1044663758E+001   0.5788575574E+000   0.9429034952E+000
 0.0707071   0.1146559587E+000   0.1076022188E+001   0.5819700449E+000   0.9662104425E+000
 0.0808081   0.1044174078E+000   0.1059854000E+001   0.5669841631E+000   0.9467334888E+000
 0.0909091   0.9446433278E-001   0.1029409389E+001   0.5625366438E+000   0.9283284785E+000
 0.1010101   0.8645910763E-001   0.1024255128E+001   0.5696355465E+000   0.9529518972E+000
 0.1111111   0.8027823474E-001   0.1012163055E+001   0.5685221311E+000   0.9314931280E+000
 0.1212121   0.7645058415E-001   0.1030724007E+001   0.5844008021E+000   0.9858125036E+000
 0.1313131   0.7229650720E-001   0.1028331243E+001   0.5798315054E+000   0.9860257549E+000
 0.1414141   0.6947223169E-001   0.1033116770E+001   0.5892264703E+000   0.9587381163E+000
 0.1515152   0.6794796472E-001   0.1017970617E+001   0.5905930933E+000   0.9635974030E+000
 0.1616162   0.6518307836E-001   0.9738547891E+000   0.6044835442E+000   0.9778795546E+000
 0.1717172   0.6677468647E-001   0.1037208917E+001   0.5996191012E+000   0.9636372099E+000
 0.1818182   0.6725823527E-001   0.9863115886E+000   0.6142081553E+000   0.9684993400E+000
 0.1919192   0.6958580447E-001   0.1011814361E+001   0.6186958399E+000   0.9648456341E+000
 0.2020202   0.7002559304E-001   0.9911211637E+000   0.6298764151E+000   0.9678823328E+000
 0.2121212   0.7304611316E-001   0.9640312319E+000   0.6384667266E+000   0.9461619753E+000
 0.2222222   0.7744091625E-001   0.9830090137E+000   0.6481085720E+000   0.9719796015E+000
 0.2323232   0.8175951142E-001   0.1007517807E+001   0.6638341540E+000   0.9854343379E+000
 0.2424242   0.8724067705E-001   0.9948646163E+000   0.6757923903E+000   0.1007356573E+001
 0.2525253   0.9360112413E-001   0.1004559918E+001   0.6819947290E+000   0.9782236000E+000
 0.2626263   0.9876886981E-001   0.9823276572E+000   0.6984938027E+000   0.9857499499E+000
 0.2727273   0.1094015869E+000   0.1026327253E+001   0.7012018126E+000   0.9666113550E+000
 0.2828283   0.1149910712E+000   0.9675983335E+000   0.7187626608E+000   0.9862532230E+000
 0.2929293   0.1272546192E+000   0.1001594013E+001   0.7364654409E+000   0.9888520457E+000
 0.3030303   0.1373357559E+000   0.9737866534E+000   0.7486878833E+000   0.9894605228E+000
 0.3131313   0.1487970306E+000   0.9878666845E+000   0.7664992583E+000   0.9834525223E+000
 0.3232323   0.1640265178E+000   0.9828366706E+000   0.7874356079E+000   0.1014282976E+001
 0.3333333   0.1761560046E+000   0.9700792726E+000   0.7941323841E+000   0.9826762875E+000
 0.3434343   0.1983433484E+000   0.9769168852E+000   0.8151750381E+000   0.9966314538E+000
 0.3535354   0.2150024926E+000   0.9788727791E+000   0.8331425153E+000   0.9945472775E+000
 0.3636364   0.2354345776E+000   0.9733898635E+000   0.8604196821E+000   0.1013683029E+001
 0.3737374   0.2644638493E+000   0.9817665401E+000   0.8652552191E+000   0.9784510681E+000
 0.3838384   0.2940312882E+000   0.9739229247E+000   0.8936276446E+000   0.9976579034E+000
 0.3939394   0.3267625940E+000   0.9593018164E+000   0.9150605710E+000   0.1021652942E+001
 0.4040404   0.3604820478E+000   0.9749169036E+000   0.9334708383E+000   0.1002500130E+001
 0.4141414   0.4018841541E+000   0.9959307388E+000   0.9561928347E+000   0.1006304534E+001
 0.4242424   0.4343345917E+000   0.9617306519E+000   0.9890413763E+000   0.1019949774E+001
 0.4343434   0.4899048005E+000   0.9764519596E+000   0.1001523561E+001   0.9759318592E+000
 0.4444444   0.5434386212E+000   0.9485965039E+000   0.1026880028E+001   0.1015406100E+001
 0.4545455   0.6101971188E+000   0.9791854015E+000   0.1064185593E+001   0.1006244823E+001
 0.4646465   0.6937628425E+000   0.9895299959E+000   0.1083588737E+001   0.1017490276E+001
 0.4747475   0.7550239659E+000   0.9717185361E+000   0.1108355748E+001   0.1007538548E+001
 0.4848485   0.8552737536E+000   0.9712976983E+000   0.1143656064E+001   0.1016765221E+001
 0.4949495   0.9694420956E+000   0.9735501826E+000   0.1175346337E+001   0.1035329459E+001
 0.5050505   0.1000154963E+001   0.9782876141E+000   0.1186223765E+001   0.1015067741E+001
 0.5151515   0.1029244604E+001   0.1011289315E+001   0.1188894512E+001   0.1020467264E+001
 0.5252525   0.1027408376E+001   0.9947523929E+000   0.1185395051E+001   0.9983459943E+000
 0.5353535   0.1031146585E+001   0.9835460829E+000   0.1181086104E+001   0.1007979267E+001
 0.5454545   0.1048404582E+001   0.1012195119E+001   0.1185698230E+001   0.1005224060E+001
 0.5555556   0.1045112238E+001   0.9777425289E+000   0.1171161118E+001   0.1040291107E+001
 0.5656566   0.1052626563E+001   0.9825360721E+000   0.1187885221E+001   0.1018562219E+001
 0.5757576   0.1061285185E+001   0.9617426758E+000   0.1182534835E+001   0.9977517340E+000
 0.5858586   0.1063957747E+001   0.9936902784E+000   0.1201194468E+001   0.1032969478E+001
 0.5959596   0.1068319171E+001   0.9666083626E+000   0.1188752570E+001   0.1017987862E+001
 0.6060606   0.1098689371E+001   0.9848486761E+000   0.1185172943E+001   0.9926621359E+000
 0.6161616   0.1092677853E+001   0.9782755902E+000   0.1211159789E+001   0.1051493909E+001
 0.6262626   0.1104567763E+001   0.9717025042E+000   0.1210834202E+001   0.1047467724E+001
 0.6363636   0.1137228739E+001   0.9826322636E+000   0.1201557523E+001   0.1018812434E+001
 0.6464646   0.1162117234E+001   0.1013092906E+001   0.1193936103E+001   0.1025281057E+001
 0.6565657   0.1171948057E+001   0.1001193216E+001   0.1205344918E+001   0.1016480886E+001
 0.6666667   0.1187542032E+001   0.9842474793E+000   0.1191617879E+001   0.1022753318E+001
 0.6767677   0.1217224010E+001   0.9979547683E+000   0.1203630724E+001   0.1008752659E+001
 0.6868687   0.1258980931E+001   0.9931652331E+000   0.1212457187E+001   0.1015664845E+001
 0.6969697   0.1264104939E+001   0.9795220717E+000   0.1220803846E+001   0.1009762048E+001
 0.7070707   0.1287853038E+001   0.9776222896E+000   0.1223595022E+001   0.1020853960E+001
 0.7171717   0.1334423871E+001   0.9899909135E+000   0.1221304038E+001   0.1020808466E+001
 0.7272727   0.1373641356E+001   0.9999667739E+000   0.1229634242E+001   0.1007254213E+001
 0.7373737   0.1383105331E+001   0.9775581619E+000   0.1221447833E+001   0.1015445907E+001
 0.7474747   0.1425874532E+001   0.9990168828E+000   0.1226466583E+001   0.1021013188E+001
 0.7575758   0.1465046159E+001   0.9756784196E+000   0.1238500712E+001   0.1004484789E+001
 0.7676768   0.1540917074E+001   0.1000896625E+001   0.1260855113E+001   0.1032915455E+001
 0.7777778   0.1576029571E+001   0.1001461750E+001   0.1248908297E+001   0.1012224390E+001
 0.7878788   0.1621313491E+001   0.1005517825E+001   0.1261426504E+001   0.1033322054E+001
 0.7979798   0.1656008567E+001   0.9966601910E+000   0.1258778752E+001   0.1015468653E+001
 0.8080808   0.1698995598E+001   0.9939067092E+000   0.1253942168E+001   0.1020532661E+001
 0.8181818   0.1816694207E+001   0.1017878433E+001   0.1281939766E+001   0.1034405370E+001
 0.8282828   0.1862518846E+001   0.1019637936E+001   0.1274677530E+001   0.1036381499E+001
 0.8383838   0.1905680761E+001   0.1008780320E+001   0.1273803148E+001   0.1028599248E+001
 0.8484848   0.1990028562E+001   0.1005193179E+001   0.1287769404E+001   0.1017458999E+001
 0.8585859   0.2046709610E+001   0.9891372139E+000   0.1277873444E+001   0.1002093531E+001
 0.8686869   0.2147603346E+001   0.1008748256E+001   0.1284052177E+001   0.1004265851E+001
 0.8787879   0.2249300542E+001   0.1018351375E+001   0.1299669793E+001   0.1021772362E+001
 0.8888889   0.2330737594E+001   0.9986321168E+000   0.1311811590E+001   0.1015696122E+001
 0.8989899   0.2430280145E+001   0.1007193160E+001   0.1327653843E+001   0.1023828105E+001
 0.9090909   0.2523035662E+001   0.1017080845E+001   0.1331958930E+001   0.1033415884E+001
 0.9191919   0.2638150979E+001   0.1015758212E+001   0.1338592849E+001   0.1032778974E+001
 0.9292929   0.2737156198E+001   0.1008010788E+001   0.1336380222E+001   0.1030876772E+001
 0.9393939   0.2922959820E+001   0.1002668152E+001   0.1336026606E+001   0.1010180021E+001
 0.9494949   0.3071323162E+001   0.1018126928E+001   0.1377392595E+001   0.1043222602E+001
 0.9595960   0.3217705832E+001   0.1005830447E+001   0.1360053471E+001   0.1016051540E+001
 0.9696970   0.3330666235E+001   0.1012724172E+001   0.1386681174E+001   0.1034129565E+001
 0.9797980   0.3565076949E+001   0.1031341235E+001   0.1394361670E+001   0.1027430631E+001
 0.9898990   0.3705108825E+001   0.1014175060E+001   0.1384985842E+001   0.1016321659E+001
 1.0000000   0.3788513339E+001   0.1034114757E+001   0.1396411833E+001   0.1050569820E+001


 0.0000000   0.1516443635E+000   0.1041217200E+001   0.5702311195E+000   0.9225708852E+000
 0.0101010   0.1565033719E+000   0.1078040380E+001   0.5802703610E+000   0.9502116722E+000
 0.0202020   0.1495090283E+000   0.1052665054E+001   0.5668528763E+000   0.9304948841E+000
 0.0303030   0.1463642489E+000   0.1065205327E+001   0.5706304180E+000   0.9460814118E+000
 0.0404040   0.1390886784E+000   0.1069200458E+001   0.5694483579E+000   0.9556952829E+000
 0.0505051   0.1299240769E+000   0.1033556397E+001   0.5711882831E+000   0.9442172263E+000
 0.0606061   0.1239061201E+000   0.1039660070E+001   0.5749977137E+000   0.9370970061E+000
 0.0707071   0.1148805055E+000   0.1076476314E+001   0.5791073141E+000   0.9619511989E+000
 0.0808081   0.1048731007E+000   0.1062847090E+001   0.5646581184E+000   0.9433335540E+000
 0.0909091   0.9483245265E-001   0.1031836271E+001   0.5631114127E+000   0.9297540520E+000
 0.1010101   0.8778781389E-001   0.1038401187E+001   0.5718545130E+000   0.9571551580E+000
 0.1111111   0.8090339181E-001   0.1018481019E+001   0.5696876172E+000   0.9338818913E+000
 0.1212121   0.7677273146E-001   0.1033480101E+001   0.5812866713E+000   0.9810627320E+000
 0.1313131   0.7224848986E-001   0.1026072462E+001   0.5756906501E+000   0.9794866479E+000
 0.1414141   0.7013965768E-001   0.1041442620E+001   0.5884410488E+000   0.9579516736E+000
 0.1515152   0.6842979012E-001   0.1023617121E+001   0.5887373158E+000   0.9610626845E+000
 0.1616162   0.6591111593E-001   0.9832219055E+000   0.6014297916E+000   0.9734389395E+000
 0.1717172   0.6732083095E-001   0.1044088701E+001   0.5977072587E+000   0.9610578425E+000
 0.1818182   0.6757424048E-001   0.9894261500E+000   0.6130294863E+000   0.9671370241E+000
 0.1919192   0.6951383661E-001   0.1009218002E+001   0.6155861169E+000   0.9604889027E+000
 0.2020202   0.7010497305E-001   0.9907231805E+000   0.6280480125E+000   0.9655682030E+000
 0.2121212   0.7389720784E-001   0.9737681488E+000   0.6384587163E+000   0.9466358255E+000
 0.2222222   0.7787626438E-001   0.9870193609E+000   0.6475610741E+000   0.9716570687E+000
 0.2323232   0.8191981354E-001   0.1007945248E+001   0.6603414849E+000   0.9807528414E+000
 0.2424242   0.8827737241E-001   0.1005143107E+001   0.6738861998E+000   0.1005030831E+001
 0.2525253   0.9434234794E-001   0.1010962404E+001   0.6792436718E+000   0.9747777637E+000
 0.2626263   0.9997412447E-001   0.9927901060E+000   0.6952410157E+000   0.9816631450E+000
 0.2727273   0.1100355582E+000   0.1030691833E+001   0.7037824787E+000   0.9706668715E+000
 0.2828283   0.1149893796E+000   0.9661004100E+000   0.7145143163E+000   0.9809271548E+000
 0.2929293   0.1272578166E+000   0.1000083301E+001   0.7321473441E+000   0.9835588037E+000
 0.3030303   0.1375563019E+000   0.9738548487E+000   0.7459551645E+000   0.9863550820E+000
 0.3131313   0.1487470497E+000   0.9860205781E+000   0.7658436270E+000   0.9831157571E+000
 0.3232323   0.1634959208E+000   0.9781551635E+000   0.7851913289E+000   0.1011911371E+001
 0.3333333   0.1765569001E+000   0.9707960764E+000   0.7888332725E+000   0.9766201600E+000
 0.3434343   0.1969181691E+000   0.9684100952E+000   0.8174610725E+000   0.9999394261E+000
 0.3535354   0.2150039341E+000   0.9773783325E+000   0.8286755211E+000   0.9897227210E+000
 0.3636364   0.2367556014E+000   0.9773505885E+000   0.8578138148E+000   0.1011131802E+001
 0.3737374   0.2644018642E+000   0.9800313493E+000   0.8629105347E+000   0.9763005853E+000
 0.3838384   0.2953913314E+000   0.9769274930E+000   0.8884990781E+000   0.9924415267E+000
 0.3939394   0.3264757419E+000   0.9569899849E+000   0.9150467374E+000   0.1022161970E+001
 0.4040404   0.3604843865E+000   0.9734282852E+000   0.9324044825E+000   0.1001868979E+001
 0.4141414   0.3991885757E+000   0.9877337681E+000   0.9470957779E+000   0.9972424096E+000
 0.4242424   0.4355475367E+000   0.9629375978E+000   0.9837019601E+000   0.1014964277E+001
 0.4343434   0.4907236022E+000   0.9765841614E+000   0.9995031053E+000   0.9744630310E+000
 0.4444444   0.5441185358E+000   0.9483269313E+000   0.1023611148E+001   0.1012693360E+001
 0.4545455   0.6088267598E+000   0.9754882747E+000   0.1065849508E+001   0.1008335524E+001
 0.4646465   0.6920864380E+000   0.9856252266E+000   0.1086698846E+001   0.1020934513E+001
 0.4747475   0.7575140074E+000   0.9734282852E+000   0.1109949024E+001   0.1009504877E+001
 0.4848485   0.8502879771E+000   0.9641548643E+000   0.1135241793E+001   0.1009802662E+001
 0.4949495   0.9670878236E+000   0.9696967217E+000   0.1177029288E+001   0.1037344187E+001
 0.5050505   0.9975498495E+000   0.9742432642E+000   0.1190038522E+001   0.1018854857E+001
 0.5151515   0.1027943313E+001   0.1008461979E+001   0.1186251864E+001   0.1018721700E+001
 0.5252525   0.1023620171E+001   0.9895648699E+000   0.1186539916E+001   0.9998232171E+000
 0.5353535   0.1021727704E+001   0.9730676136E+000   0.1179221624E+001   0.1006904701E+001
 0.5454545   0.1047131379E+001   0.1009415678E+001   0.1187205354E+001   0.1007018489E+001
 0.5555556   0.1046126899E+001   0.9771910607E+000   0.1174090137E+001   0.1043428211E+001
 0.5656566   0.1054819015E+001   0.9830727816E+000   0.1187447501E+001   0.1018709595E+001
 0.5757576   0.1062832867E+001   0.9616683113E+000   0.1175933044E+001   0.9926908917E+000
 0.5858586   0.1067597842E+001   0.9955610347E+000   0.1203158350E+001   0.1035189479E+001
 0.5959596   0.1066165310E+001   0.9631803575E+000   0.1191177723E+001   0.1020588307E+001
 0.6060606   0.1104146561E+001   0.9882227555E+000   0.1187404415E+001   0.9950417023E+000
 0.6161616   0.1092068094E+001   0.9762304259E+000   0.1210333400E+001   0.1051315895E+001
 0.6262626   0.1098496448E+001   0.9648796755E+000   0.1211775095E+001   0.1048819823E+001
 0.6363636   0.1128781184E+001   0.9738375087E+000   0.1199695375E+001   0.1017755713E+001
 0.6464646   0.1163123705E+001   0.1012415494E+001   0.1190763962E+001   0.1023081958E+001
 0.6565657   0.1172003509E+001   0.9997052897E+000   0.1204656343E+001   0.1016421731E+001
 0.6666667   0.1189295710E+001   0.9841894763E+000   0.1194668010E+001   0.1025897604E+001
 0.6767677   0.1220820847E+001   0.9993688941E+000   0.1210568208E+001   0.1015087749E+001
 0.6868687   0.1261965974E+001   0.9939935006E+000   0.1214474212E+001   0.1017876764E+001
 0.6969697   0.1261307687E+001   0.9758558823E+000   0.1220562960E+001   0.1010081079E+001
 0.7070707   0.1292263455E+001   0.9794660660E+000   0.1222695350E+001   0.1020627043E+001
 0.7171717   0.1328323000E+001   0.9839536526E+000   0.1224817479E+001   0.1024270679E+001
 0.7272727   0.1374212677E+001   0.9988486947E+000   0.1233010830E+001   0.1010538652E+001
 0.7373737   0.1392139596E+001   0.9824346704E+000   0.1228878037E+001   0.1022147444E+001
 0.7474747   0.1431492373E+001   0.1001415012E+001   0.1231567845E+001   0.1025786237E+001
 0.7575758   0.1470478408E+001   0.9777944920E+000   0.1240301402E+001   0.1006461654E+001
 0.7676768   0.1533810664E+001   0.9947529916E+000   0.1260752497E+001   0.1033361609E+001
 0.7777778   0.1577507188E+001   0.1000863600E+001   0.1257456234E+001   0.1019675582E+001
 0.7878788   0.1620549287E+001   0.1003502745E+001   0.1263515612E+001   0.1035564738E+001
 0.7979798   0.1658026941E+001   0.9963448017E+000   0.1262655219E+001   0.1019118748E+001
 0.8080808   0.1694842362E+001   0.9899567534E+000   0.1250664454E+001   0.1018387600E+001
 0.8181818   0.1806551295E+001   0.1010643349E+001   0.1283368814E+001   0.1036090099E+001
 0.8282828   0.1854507230E+001   0.1013695185E+001   0.1271686126E+001   0.1034480121E+001
 0.8383838   0.1912033831E+001   0.1010591329E+001   0.1276835665E+001   0.1031577317E+001
 0.8484848   0.1988962833E+001   0.1003114330E+001   0.1288366039E+001   0.1018452967E+001
 0.8585859   0.2049100480E+001   0.9887741668E+000   0.1283704695E+001   0.1007183118E+001
 0.8686869   0.2146468093E+001   0.1006669025E+001   0.1288315680E+001   0.1008117632E+001
 0.8787879   0.2247433647E+001   0.1015945914E+001   0.1302560756E+001   0.1024570885E+001
 0.8888889   0.2325573775E+001   0.9948917115E+000   0.1313487778E+001   0.1017516032E+001
 0.8989899   0.2434371697E+001   0.1007341817E+001   0.1327448962E+001   0.1024195627E+001
 0.9090909   0.2520859656E+001   0.1014645416E+001   0.1335871345E+001   0.1036983455E+001
 0.9191919   0.2645388052E+001   0.1016982845E+001   0.1336628467E+001   0.1031792788E+001
 0.9292929   0.2746293403E+001   0.1009824902E+001   0.1343145755E+001   0.1036627565E+001
 0.9393939   0.2926908629E+001   0.1002483154E+001   0.1342718223E+001   0.1015760793E+001
 0.9494949   0.3062681875E+001   0.1013705589E+001   0.1377663255E+001   0.1043963256E+001
 0.9595960   0.3207978283E+001   0.1001252016E+001   0.1362966849E+001   0.1018750753E+001
 0.9696970   0.3343354756E+001   0.1015023427E+001   0.1385203251E+001   0.1033557712E+001
 0.9797980   0.3563621274E+001   0.1029339314E+001   0.1398624004E+001   0.1031100376E+001
 0.9898990   0.3706276879E+001   0.1012939162E+001   0.1391019770E+001   0.1021273456E+001
 1.0000000   0.3786493135E+001   0.1031978459E+001   0.1403617748E+001   0.1056533193E+001


 0.0000000   0.1526461980E+000   0.1044748454E+001   0.5724818794E+000   0.9258993595E+000
 0.0101010   0.1578575840E+000   0.1083895631E+001   0.5833150070E+000   0.9548745780E+000
 0.0202020   0.1502343018E+000   0.1054393147E+001   0.5699690800E+000   0.9352939827E+000
 0.0303030   0.1484316498E+000   0.1076801174E+001   0.5748303812E+000   0.9527227014E+000
 0.0404040   0.1399764590E+000   0.1072588271E+001   0.5699575795E+000   0.9562266420E+000
 0.0505051   0.1307643507E+000   0.1036918411E+001   0.5733119590E+000   0.9474075453E+000
 0.0606061   0.1249885517E+000   0.1045392852E+001   0.5779063113E+000   0.9415189785E+000
 0.0707071   0.1153774261E+000   0.1077679623E+001   0.5762404799E+000   0.9568656456E+000
 0.0808081   0.1053200782E+000   0.1063967928E+001   0.5675798292E+000   0.9478942037E+000
 0.0909091   0.9562450516E-001   0.1037131184E+001   0.5645263298E+000   0.9317752308E+000
 0.1010101   0.8885078373E-001   0.1047617849E+001   0.5741750752E+000   0.9607144789E+000
 0.1111111   0.8156003920E-001   0.1023468123E+001   0.5705327287E+000   0.9349512059E+000
 0.1212121   0.7737213584E-001   0.1038222405E+001   0.5809880508E+000   0.9802273651E+000
 0.1313131   0.7330817522E-001   0.1037796859E+001   0.5774503548E+000   0.9821486079E+000
 0.1414141   0.7043721566E-001   0.1042520418E+001   0.5878660205E+000   0.9566921413E+000
 0.1515152   0.6906531097E-001   0.1029823954E+001   0.5896513434E+000   0.9622294676E+000
 0.1616162   0.6660075465E-001   0.9903363405E+000   0.6010345367E+000   0.9724704533E+000
 0.1717172   0.6813563659E-001   0.1053350559E+001   0.6008615989E+000   0.9658032331E+000
 0.1818182   0.6761237136E-001   0.9868225478E+000   0.6175482728E+000   0.9739367762E+000
 0.1919192   0.7015078842E-001   0.1015212534E+001   0.6148237484E+000   0.9589752040E+000
 0.2020202   0.7095896173E-001   0.9995889227E+000   0.6279974772E+000   0.9651642294E+000
 0.2121212   0.7440236285E-001   0.9772933607E+000   0.6388625934E+000   0.9469145391E+000
 0.2222222   0.7870568564E-001   0.9943455901E+000   0.6493463620E+000   0.9740066011E+000
 0.2323232   0.8273988597E-001   0.1014783949E+001   0.6632448802E+000   0.9847321292E+000
 0.2424242   0.8942116769E-001   0.1014914652E+001   0.6719860509E+000   0.1001858273E+001
 0.2525253   0.9523773472E-001   0.1017297709E+001   0.6794681918E+000   0.9747704432E+000
 0.2626263   0.1005529281E+000   0.9953486625E+000   0.6966879308E+000   0.9833737175E+000
 0.2727273   0.1108883209E+000   0.1035362129E+001   0.7059454591E+000   0.9733210475E+000
 0.2828283   0.1157110997E+000   0.9690590489E+000   0.7162672084E+000   0.9830013180E+000
 0.2929293   0.1276393206E+000   0.9998776860E+000   0.7339019379E+000   0.9855827235E+000
 0.3030303   0.1388043192E+000   0.9795517932E+000   0.7457158702E+000   0.9857054461E+000
 0.3131313   0.1496592143E+000   0.9888986035E+000   0.7656143282E+000   0.9824892688E+000
 0.3232323   0.1641780313E+000   0.9790988909E+000   0.7849965671E+000   0.1011318490E+001
 0.3333333   0.1776924645E+000   0.9739193902E+000   0.7911511663E+000   0.9791588325E+000
 0.3434343   0.1976970060E+000   0.9691350392E+000   0.8178600475E+000   0.1000089376E+001
 0.3535354   0.2148583951E+000   0.9735971912E+000   0.8307019787E+000   0.9918077193E+000
 0.3636364   0.2390995384E+000   0.9838741231E+000   0.8573177112E+000   0.1010205523E+001
 0.3737374   0.2656646894E+000   0.9815670567E+000   0.8632618101E+000   0.9763679524E+000
 0.3838384   0.2962588502E+000   0.9766672004E+000   0.8898728401E+000   0.9936400940E+000
 0.3939394   0.3280384117E+000   0.9584994330E+000   0.9151576015E+000   0.1021940338E+001
 0.4040404   0.3613735674E+000   0.9727126638E+000   0.9345712440E+000   0.1003857805E+001
 0.4141414   0.3981362313E+000   0.9819834837E+000   0.9503458103E+000   0.1000326357E+001
 0.4242424   0.4356505787E+000   0.9600891506E+000   0.9809552369E+000   0.1011788221E+001
 0.4343434   0.4907902177E+000   0.9735971912E+000   0.9971039708E+000   0.9717954792E+000
 0.4444444   0.5445053904E+000   0.9459701478E+000   0.1018698915E+001   0.1007492931E+001
 0.4545455   0.6155656421E+000   0.9831354971E+000   0.1064819942E+001   0.1007021084E+001
 0.4646465   0.6917514736E+000   0.9820017214E+000   0.1089937309E+001   0.1023630947E+001
 0.4747475   0.7570712289E+000   0.9697520806E+000   0.1111274066E+001   0.1010368448E+001
 0.4848485   0.8524299969E+000   0.9634965569E+000   0.1137937056E+001   0.1011858046E+001
 0.4949495   0.9694268669E+000   0.9689374643E+000   0.1178956975E+001   0.1038691967E+001
 0.5050505   0.1004378776E+001   0.9777796988E+000   0.1186149575E+001   0.1015182134E+001
 0.5151515   0.1028759268E+001   0.1006038982E+001   0.1188050772E+001   0.1019921764E+001
 0.5252525   0.1026662807E+001   0.9893363078E+000   0.1183024453E+001   0.9965240741E+000
 0.5353535   0.1026042782E+001   0.9740561728E+000   0.1180676268E+001   0.1007806085E+001
 0.5454545   0.1050863292E+001   0.1009777706E+001   0.1189860563E+001   0.1008929632E+001
 0.5555556   0.1042896542E+001   0.9710621539E+000   0.1177508436E+001   0.1046112450E+001
 0.5656566   0.1058393914E+001   0.9832540420E+000   0.1188006541E+001   0.1018844768E+001
 0.5757576   0.1063193324E+001   0.9589219392E+000   0.1176597865E+001   0.9929164541E+000
 0.5858586   0.1070083786E+001   0.9946921060E+000   0.1202603971E+001   0.1034362823E+001
 0.5959596   0.1073601635E+001   0.9668006163E+000   0.1189023495E+001   0.1018398312E+001
 0.6060606   0.1105801479E+001   0.9865429033E+000   0.1189954240E+001   0.9968414600E+000
 0.6161616   0.1089814935E+001   0.9711047085E+000   0.1206338816E+001   0.1047492021E+001
 0.6262626   0.1106445872E+001   0.9687581272E+000   0.1206534377E+001   0.1043930951E+001
 0.6363636   0.1133546457E+001   0.9748251949E+000   0.1198992408E+001   0.1016815614E+001
 0.6464646   0.1159743048E+001   0.1006248715E+001   0.1192064363E+001   0.1023853118E+001
 0.6565657   0.1169540998E+001   0.9944185409E+000   0.1207324222E+001   0.1018328487E+001
 0.6666667   0.1190892719E+001   0.9823634354E+000   0.1191297618E+001   0.1022657631E+001
 0.6767677   0.1220941854E+001   0.9962757445E+000   0.1209229691E+001   0.1013622711E+001
 0.6868687   0.1260584968E+001   0.9897344971E+000   0.1214047563E+001   0.1017175318E+001
 0.6969697   0.1265061040E+001   0.9756337320E+000   0.1216875132E+001   0.1006688887E+001
 0.7070707   0.1290217217E+001   0.9747917591E+000   0.1218168369E+001   0.1016504576E+001
 0.7171717   0.1329898561E+001   0.9819743649E+000   0.1221555589E+001   0.1021197655E+001
 0.7272727   0.1373659226E+001   0.9952574741E+000   0.1230066557E+001   0.1007784926E+001
 0.7373737   0.1395539672E+001   0.9816886412E+000   0.1228049408E+001   0.1021113019E+001
 0.7474747   0.1433194475E+001   0.9994035063E+000   0.1231659889E+001   0.1025516220E+001
 0.7575758   0.1468073416E+001   0.9730774174E+000   0.1233595586E+001   0.1000681830E+001
 0.7676768   0.1532029700E+001   0.9904244893E+000   0.1260303751E+001   0.1032644707E+001
 0.7777778   0.1576696439E+001   0.9971541926E+000   0.1252857595E+001   0.1015603200E+001
 0.7878788   0.1616579430E+001   0.9978472244E+000   0.1259947469E+001   0.1032291351E+001
 0.7979798   0.1654196745E+001   0.9908682728E+000   0.1259781782E+001   0.1016455910E+001
 0.8080808   0.1698262315E+001   0.9887861378E+000   0.1251435730E+001   0.1018671263E+001
 0.8181818   0.1801112255E+001   0.1004382393E+001   0.1281400247E+001   0.1034151233E+001
 0.8282828   0.1860651229E+001   0.1013805193E+001   0.1272965735E+001   0.1035171099E+001
 0.8383838   0.1910708127E+001   0.1006665142E+001   0.1275853793E+001   0.1030435701E+001
 0.8484848   0.1982452338E+001   0.9966374584E+000   0.1288470013E+001   0.1018190953E+001
 0.8585859   0.2043292367E+001   0.9828224169E+000   0.1281487919E+001   0.1005104073E+001
 0.8686869   0.2142583101E+001   0.1001637622E+001   0.1289351045E+001   0.1008586855E+001
 0.8787879   0.2237930655E+001   0.1008418999E+001   0.1302055981E+001   0.1023827727E+001
 0.8888889   0.2319441816E+001   0.9890992180E+000   0.1312800570E+001   0.1016639994E+001
 0.8989899   0.2431636682E+001   0.1002996329E+001   0.1331187314E+001   0.1026732866E+001
 0.9090909   0.2519743897E+001   0.1010957076E+001   0.1334249190E+001   0.1035374226E+001
 0.9191919   0.2643017905E+001   0.1012826438E+001   0.1333309101E+001   0.1028882626E+001
 0.9292929   0.2742814990E+001   0.1005324673E+001   0.1338525289E+001   0.1032712416E+001
 0.9393939   0.2920918633E+001   0.9972362622E+000   0.1344941882E+001   0.1017099145E+001
 0.9494949   0.3052325904E+001   0.1007051173E+001   0.1370318465E+001   0.1038046616E+001
 0.9595960   0.3206834569E+001   0.9976982834E+000   0.1366988389E+001   0.1021411362E+001
 0.9696970   0.3343844516E+001   0.1011929752E+001   0.1384385071E+001   0.1032598158E+001
 0.9797980   0.3545769705E+001   0.1020911809E+001   0.1398838041E+001   0.1030909664E+001
 0.9898990   0.3699864417E+001   0.1007956978E+001   0.1390596811E+001   0.1020617897E+001
 1.0000000   0.3790236305E+001   0.1029699330E+001   0.1405683943E+001   0.1057730890E+001


 0.0000000   0.1532619030E+000   0.1047677475E+001   0.5691459806E+000   0.9208453402E+000
 0.0101010   0.1581597098E+000   0.1084639761E+001   0.5829687021E+000   0.9546614886E+000
 0.0202020   0.1503203536E+000   0.1053704676E+001   0.5661641375E+000   0.9293946814E+000
 0.0303030   0.1495600391E+000   0.1083657954E+001   0.5730490178E+000   0.9501223957E+000
 0.0404040   0.1401360056E+000   0.1072495361E+001   0.5652864463E+000   0.9487414202E+000
 0.0505051   0.1313775718E+000   0.1040504834E+001   0.5709933060E+000   0.9439257585E+000
 0.0606061   0.1251855060E+000   0.1045757498E+001   0.5759870810E+000   0.9387400925E+000
 0.0707071   0.1157779771E+000   0.1080096179E+001   0.5742061794E+000   0.9538411256E+000
 0.0808081   0.1056027209E+000   0.1065516353E+001   0.5661327997E+000   0.9458281037E+000
 0.0909091   0.9600614804E-001   0.1039994840E+001   0.5616689103E+000   0.9274026382E+000
 0.1010101   0.8961257463E-001   0.1055305566E+001   0.5736908443E+000   0.9602601392E+000
 0.1111111   0.8206630631E-001   0.1028559522E+001   0.5683065354E+000   0.9316483438E+000
 0.1212121   0.7783920461E-001   0.1043210256E+001   0.5814890373E+000   0.9814363435E+000
 0.1313131   0.7375684208E-001   0.1042869351E+001   0.5783992708E+000   0.9841272837E+000
 0.1414141   0.7059776431E-001   0.1043616615E+001   0.5862596385E+000   0.9544316375E+000
 0.1515152   0.6918561657E-001   0.1030354046E+001   0.5869501062E+000   0.9581765292E+000
 0.1616162   0.6683345125E-001   0.9925790433E+000   0.5961370077E+000   0.9649038797E+000
 0.1717172   0.6819321593E-001   0.1052949231E+001   0.5998285750E+000   0.9645002387E+000
 0.1818182   0.6767018235E-001   0.9864563892E+000   0.6135886322E+000   0.9680507848E+000
 0.1919192   0.7006304597E-001   0.1012700621E+001   0.6152241758E+000   0.9599555397E+000
 0.2020202   0.7082844610E-001   0.9965280870E+000   0.6245446187E+000   0.9602134215E+000
 0.2121212   0.7460334410E-001   0.9787328451E+000   0.6389530240E+000   0.9473996875E+000
 0.2222222   0.7871992974E-001   0.9933072164E+000   0.6483508595E+000   0.9728739213E+000
 0.2323232   0.8249073977E-001   0.1010488829E+001   0.6602529251E+000   0.9806533547E+000
 0.2424242   0.8977748775E-001   0.1017710561E+001   0.6702204772E+000   0.9995964524E+000
 0.2525253   0.9533061540E-001   0.1017042387E+001   0.6792152251E+000   0.9747687917E+000
 0.2626263   0.1017135886E+000   0.1005604342E+001   0.6952786885E+000   0.9817484178E+000
 0.2727273   0.1107124865E+000   0.1032454021E+001   0.7075504666E+000   0.9758956229E+000
 0.2828283   0.1162250767E+000   0.9721711054E+000   0.7172370356E+000   0.9846972398E+000
 0.2929293   0.1276277931E+000   0.9985626081E+000   0.7333756078E+000   0.9852410340E+000
 0.3030303   0.1390116031E+000   0.9798128322E+000   0.7475260787E+000   0.9884645561E+000
 0.3131313   0.1496805829E+000   0.9878281910E+000   0.7665687046E+000   0.9840786973E+000
 0.3232323   0.1652478855E+000   0.9842718698E+000   0.7849263255E+000   0.1011602904E+001
 0.3333333   0.1786113527E+000   0.9777564932E+000   0.7941313578E+000   0.9832116166E+000
 0.3434343   0.1978220900E+000   0.9685602395E+000   0.8176901868E+000   0.1000252369E+001
 0.3535354   0.2156757738E+000   0.9761037857E+000   0.8314798977E+000   0.9931045592E+000
 0.3636364   0.2392420653E+000   0.9832546093E+000   0.8567237899E+000   0.1009879955E+001
 0.3737374   0.2668794409E+000   0.9848473175E+000   0.8617663280E+000   0.9750378857E+000
 0.3838384   0.2981143080E+000   0.9815800838E+000   0.8933229122E+000   0.9978622909E+000
 0.3939394   0.3297238654E+000   0.9622439514E+000   0.9146982277E+000   0.1021806053E+001
 0.4040404   0.3625719838E+000   0.9747428928E+000   0.9343198860E+000   0.1003959887E+001
 0.4141414   0.3992047704E+000   0.9834127892E+000   0.9505338303E+000   0.1000895205E+001
 0.4242424   0.4360710578E+000   0.9598385256E+000   0.9806493379E+000   0.1011847705E+001
 0.4343434   0.4906035952E+000   0.9720347434E+000   0.9997208027E+000   0.9747071243E+000
 0.4444444   0.5462893907E+000   0.9479068500E+000   0.1015596539E+001   0.1004797068E+001
 0.4545455   0.6188145356E+000   0.9871136541E+000   0.1061136283E+001   0.1003909432E+001
 0.4646465   0.6924891353E+000   0.9818446261E+000   0.1093468535E+001   0.1027328086E+001
 0.4747475   0.7620777723E+000   0.9749692538E+000   0.1111872235E+001   0.1011287093E+001
 0.4848485   0.8517547619E+000   0.9615539596E+000   0.1133440808E+001   0.1008233623E+001
 0.4949495   0.9746037073E+000   0.9729183692E+000   0.1182817537E+001   0.1042479574E+001
 0.5050505   0.1009911924E+001   0.9819618975E+000   0.1186835442E+001   0.1016145735E+001
 0.5151515   0.1029143282E+001   0.1005181620E+001   0.1187258702E+001   0.1019619664E+001
 0.5252525   0.1030118143E+001   0.9914499658E+000   0.1182333470E+001   0.9963112629E+000
 0.5353535   0.1024404235E+001   0.9713092975E+000   0.1182374152E+001   0.1009629548E+001
 0.5454545   0.1044109528E+001   0.1002058930E+001   0.1186332179E+001   0.1006310722E+001
 0.5555556   0.1039972194E+001   0.9671529836E+000   0.1178943278E+001   0.1047775494E+001
 0.5656566   0.1057350100E+001   0.9810809989E+000   0.1191111594E+001   0.1021886407E+001
 0.5757576   0.1064579374E+001   0.9589958084E+000   0.1178106798E+001   0.9945584144E+000
 0.5858586   0.1068253700E+001   0.9917745074E+000   0.1201221142E+001   0.1033556491E+001
 0.5959596   0.1067844875E+001   0.9604385184E+000   0.1192160922E+001   0.1021464079E+001
 0.6060606   0.1099580411E+001   0.9797910143E+000   0.1188833732E+001   0.9962720200E+000
 0.6161616   0.1089349832E+001   0.9695011373E+000   0.1207831546E+001   0.1049177025E+001
 0.6262626   0.1108736829E+001   0.9695747728E+000   0.1211209030E+001   0.1048364137E+001
 0.6363636   0.1136593675E+001   0.9762483294E+000   0.1197302490E+001   0.1015758912E+001
 0.6464646   0.1160856242E+001   0.1005980701E+001   0.1193561636E+001   0.1025519176E+001
 0.6565657   0.1172001575E+001   0.9952899199E+000   0.1208785739E+001   0.1019939213E+001
 0.6666667   0.1194434751E+001   0.9840782358E+000   0.1193929353E+001   0.1025296800E+001
 0.6767677   0.1218817054E+001   0.9933235798E+000   0.1209860454E+001   0.1014527433E+001
 0.6868687   0.1258528130E+001   0.9869091110E+000   0.1210467406E+001   0.1014551726E+001
 0.6969697   0.1263356565E+001   0.9731256395E+000   0.1217003636E+001   0.1007168459E+001
 0.7070707   0.1286657073E+001   0.9709111205E+000   0.1218312318E+001   0.1017001603E+001
 0.7171717   0.1334186526E+001   0.9839336921E+000   0.1224567651E+001   0.1024095220E+001
 0.7272727   0.1366762201E+001   0.9890472673E+000   0.1225468115E+001   0.1004389690E+001
 0.7373737   0.1392132125E+001   0.9780919437E+000   0.1228072497E+001   0.1021510797E+001
 0.7474747   0.1433447374E+001   0.9983553378E+000   0.1230426234E+001   0.1024868866E+001
 0.7575758   0.1469094147E+001   0.9725611007E+000   0.1231982820E+001   0.9997440804E+000
 0.7676768   0.1529621708E+001   0.9876563748E+000   0.1255625626E+001   0.1029193057E+001
 0.7777778   0.1572742960E+001   0.9934353967E+000   0.1250492897E+001   0.1014062125E+001
 0.7878788   0.1618944041E+001   0.9980826138E+000   0.1259685752E+001   0.1032459560E+001
 0.7979798   0.1649152130E+001   0.9866363870E+000   0.1259044058E+001   0.1016237301E+001
 0.8080808   0.1698585430E+001   0.9877627372E+000   0.1252143499E+001   0.1019625270E+001
 0.8181818   0.1801882042E+001   0.1003580730E+001   0.1280646986E+001   0.1033926496E+001
 0.8282828   0.1858342798E+001   0.1011307001E+001   0.1277315582E+001   0.1039093475E+001
 0.8383838   0.1913134793E+001   0.1006708874E+001   0.1274839787E+001   0.1029998470E+001
 0.8484848   0.1981466906E+001   0.9949217425E+000   0.1289691050E+001   0.1019533703E+001
 0.8585859   0.2043802958E+001   0.9818637168E+000   0.1282891453E+001   0.1006577947E+001
 0.8686869   0.2139951187E+001   0.9991816916E+000   0.1291005648E+001   0.1010255566E+001
 0.8787879   0.2238360382E+001   0.1007377048E+001   0.1307244459E+001   0.1028288602E+001
 0.8888889   0.2320397435E+001   0.9882945490E+000   0.1316688568E+001   0.1020028911E+001
 0.8989899   0.2431734751E+001   0.1001808024E+001   0.1332916138E+001   0.1028447442E+001
 0.9090909   0.2519957699E+001   0.1009804292E+001   0.1338658932E+001   0.1039181304E+001
 0.9191919   0.2634864900E+001   0.1008465217E+001   0.1333570524E+001   0.1029465889E+001
 0.9292929   0.2746667470E+001   0.1005503434E+001   0.1341810357E+001   0.1035630758E+001
 0.9393939   0.2914794437E+001   0.9939262999E+000   0.1347792453E+001   0.1019632745E+001
 0.9494949   0.3047367103E+001   0.1004183450E+001   0.1373189478E+001   0.1040607128E+001
 0.9595960   0.3203675596E+001   0.9954944630E+000   0.1363419766E+001   0.1019122587E+001
 0.9696970   0.3336420378E+001   0.1008446126E+001   0.1386596390E+001   0.1034630999E+001
 0.9797980   0.3532774884E+001   0.1015924219E+001   0.1395329668E+001   0.1028705324E+001
 0.9898990   0.3712815351E+001   0.1010246105E+001   0.1397365286E+001   0.1025965798E+001
 1.0000000   0.3808595472E+001   0.1033419464E+001   0.1414898392E+001   0.1065059179E+001


 0.0000000   0.1539768259E+000   0.1054985795E+001   0.5660309624E+000   0.9162903788E+000
 0.0101010   0.1581303631E+000   0.1086933029E+001   0.5797263948E+000   0.9498546536E+000
 0.0202020   0.1515374336E+000   0.1064679527E+001   0.5669476988E+000   0.9311737829E+000
 0.0303030   0.1500390965E+000   0.1089629744E+001   0.5712891430E+000   0.9477060870E+000
 0.0404040   0.1403396654E+000   0.1076524655E+001   0.5634621648E+000   0.9461804382E+000
 0.0505051   0.1321135688E+000   0.1048740771E+001   0.5681451544E+000   0.9397147516E+000
 0.0606061   0.1256170287E+000   0.1051776132E+001   0.5754148150E+000   0.9383040261E+000
 0.0707071   0.1158410607E+000   0.1083170576E+001   0.5709124608E+000   0.9488719759E+000
 0.0808081   0.1062652038E+000   0.1074667084E+001   0.5647595834E+000   0.9440335371E+000
 0.0909091   0.9601133573E-001   0.1042443456E+001   0.5605773862E+000   0.9260905075E+000
 0.1010101   0.8979625575E-001   0.1059901137E+001   0.5717795955E+000   0.9575678412E+000
 0.1111111   0.8209219456E-001   0.1031250719E+001   0.5668207930E+000   0.9297047630E+000
 0.1212121   0.7774417367E-001   0.1044333397E+001   0.5787365814E+000   0.9773080053E+000
 0.1313131   0.7352448469E-001   0.1041975328E+001   0.5772054686E+000   0.9826161307E+000
 0.1414141   0.7046949767E-001   0.1044116764E+001   0.5833889252E+000   0.9502610492E+000
 0.1515152   0.6883234443E-001   0.1027450916E+001   0.5826273753E+000   0.9516234736E+000
 0.1616162   0.6648996254E-001   0.9897491960E+000   0.5951544712E+000   0.9638236678E+000
 0.1717172   0.6774096805E-001   0.1048372245E+001   0.5987592806E+000   0.9632906900E+000
 0.1818182   0.6724312034E-001   0.9824857448E+000   0.6106978322E+000   0.9640002167E+000
 0.1919192   0.7019250088E-001   0.1016905589E+001   0.6152116071E+000   0.9604442556E+000
 0.2020202   0.7073945463E-001   0.9975654365E+000   0.6209719009E+000   0.9552260702E+000
 0.2121212   0.7426816824E-001   0.9765768761E+000   0.6387652499E+000   0.9476228092E+000
 0.2222222   0.7849656252E-001   0.9927671264E+000   0.6473145951E+000   0.9718333243E+000
 0.2323232   0.8203715911E-001   0.1007244228E+001   0.6577722422E+000   0.9774862197E+000
 0.2424242   0.8897002478E-001   0.1010877199E+001   0.6665173187E+000   0.9945998027E+000
 0.2525253   0.9448287973E-001   0.1010316939E+001   0.6770561487E+000   0.9721847565E+000
 0.2626263   0.1008239525E+000   0.9991017922E+000   0.6944013764E+000   0.9810288563E+000
 0.2727273   0.1101796799E+000   0.1029848826E+001   0.7062418139E+000   0.9746064742E+000
 0.2828283   0.1154716510E+000   0.9680908144E+000   0.7164142543E+000   0.9840884818E+000
 0.2929293   0.1266492009E+000   0.9931854534E+000   0.7332984876E+000   0.9856591006E+000
 0.3030303   0.1375486222E+000   0.9717312552E+000   0.7453397732E+000   0.9860954762E+000
 0.3131313   0.1491174037E+000   0.9863751897E+000   0.7640322940E+000   0.9813419807E+000
 0.3232323   0.1642708218E+000   0.9807028750E+000   0.7820830037E+000   0.1008472215E+001
 0.3333333   0.1771872626E+000   0.9721919129E+000   0.7918239481E+000   0.9808739596E+000
 0.3434343   0.1956624250E+000   0.9601899125E+000   0.8156056179E+000   0.9982307137E+000
 0.3535354   0.2143782612E+000   0.9724633274E+000   0.8294310789E+000   0.9911820827E+000
 0.3636364   0.2369866970E+000   0.9762257802E+000   0.8571837665E+000   0.1010957223E+001
 0.3737374   0.2639636008E+000   0.9763278719E+000   0.8602832405E+000   0.9738752953E+000
 0.3838384   0.2965192206E+000   0.9785738894E+000   0.8949099725E+000   0.1000164424E+001
 0.3939394   0.3256991540E+000   0.9526849272E+000   0.9136468901E+000   0.1021172075E+001
 0.4040404   0.3594837434E+000   0.9686635240E+000   0.9344934064E+000   0.1004678079E+001
 0.4141414   0.3968451483E+000   0.9798487907E+000   0.9478178465E+000   0.9985638248E+000
 0.4242424   0.4342679157E+000   0.9580683971E+000   0.9798098327E+000   0.1011516850E+001
 0.4343434   0.4874954117E+000   0.9680982845E+000   0.1000406618E+001   0.9758922831E+000
 0.4444444   0.5426258427E+000   0.9437157974E+000   0.1016244489E+001   0.1005970550E+001
 0.4545455   0.6142225855E+000   0.9820425174E+000   0.1061465877E+001   0.1004753029E+001
 0.4646465   0.6874821887E+000   0.9769877330E+000   0.1091199335E+001   0.1025739029E+001
 0.4747475   0.7577317964E+000   0.9716391237E+000   0.1108476066E+001   0.1008732041E+001
 0.4848485   0.8481191215E+000   0.9596520635E+000   0.1132259383E+001   0.1007716052E+001
 0.4949495   0.9696400772E+000   0.9701899195E+000   0.1178676459E+001   0.1039379928E+001
 0.5050505   0.1004705378E+001   0.9791465990E+000   0.1188728697E+001   0.1018305654E+001
 0.5151515   0.1019421229E+001   0.9979762934E+000   0.1185541100E+001   0.1018683735E+001
 0.5252525   0.1021244100E+001   0.9851700096E+000   0.1187789120E+001   0.1001438574E+001
 0.5353535   0.1018632528E+001   0.9680584439E+000   0.1183337470E+001   0.1010987203E+001
 0.5454545   0.1037016085E+001   0.9975405361E+000   0.1183841443E+001   0.1004729711E+001
 0.5555556   0.1030147349E+001   0.9602197930E+000   0.1177042436E+001   0.1046640085E+001
 0.5656566   0.1052763150E+001   0.9790718978E+000   0.1188665244E+001   0.1020327639E+001
 0.5757576   0.1056175210E+001   0.9536137127E+000   0.1180663638E+001   0.9972447048E+000
 0.5858586   0.1064468471E+001   0.9905335591E+000   0.1202555685E+001   0.1035252682E+001
 0.5959596   0.1067167901E+001   0.9620375233E+000   0.1188323621E+001   0.1018715381E+001
 0.6060606   0.1093402279E+001   0.9765270753E+000   0.1192878587E+001   0.1000191073E+001
 0.6161616   0.1084277773E+001   0.9672068496E+000   0.1208284291E+001   0.1050126093E+001
 0.6262626   0.1103976485E+001   0.9676326468E+000   0.1206909724E+001   0.1045196048E+001
 0.6363636   0.1129802653E+001   0.9726475905E+000   0.1203049991E+001   0.1021175407E+001
 0.6464646   0.1157037982E+001   0.1004978290E+001   0.1192798181E+001   0.1025405918E+001
 0.6565657   0.1170420102E+001   0.9962332643E+000   0.1207228993E+001   0.1019165081E+001
 0.6666667   0.1189728859E+001   0.9824558643E+000   0.1190609795E+001   0.1022987531E+001
 0.6767677   0.1214716797E+001   0.9922591579E+000   0.1208980797E+001   0.1014326642E+001
 0.6868687   0.1256737774E+001   0.9877721030E+000   0.1213637859E+001   0.1017747693E+001
 0.6969697   0.1263337362E+001   0.9753492856E+000   0.1219237519E+001   0.1009551495E+001
 0.7070707   0.1286003372E+001   0.9726500805E+000   0.1221191148E+001   0.1019944561E+001
 0.7171717   0.1331658504E+001   0.9843283755E+000   0.1221729822E+001   0.1022263014E+001
 0.7272727   0.1366148422E+001   0.9908771849E+000   0.1227561794E+001   0.1006638438E+001
 0.7373737   0.1388589046E+001   0.9778467973E+000   0.1225258391E+001   0.1019709718E+001
 0.7474747   0.1434059114E+001   0.1001078885E+001   0.1234452529E+001   0.1028767009E+001
 0.7575758   0.1466168131E+001   0.9728567540E+000   0.1234425018E+001   0.1002256361E+001
 0.7676768   0.1529379632E+001   0.9897716064E+000   0.1257191426E+001   0.1031022171E+001
 0.7777778   0.1575983346E+001   0.9977721100E+000   0.1256570012E+001   0.1019529838E+001
 0.7878788   0.1619408574E+001   0.1000665538E+001   0.1261943726E+001   0.1034857945E+001
 0.7979798   0.1649781870E+001   0.9892835583E+000   0.1260567641E+001   0.1018005854E+001
 0.8080808   0.1705900454E+001   0.9942985020E+000   0.1254708114E+001   0.1022254686E+001
 0.8181818   0.1796124242E+001   0.1002675002E+001   0.1280837750E+001   0.1034628098E+001
 0.8282828   0.1855974189E+001   0.1012341343E+001   0.1278816800E+001   0.1040865604E+001
 0.8383838   0.1913030947E+001   0.1008969827E+001   0.1277090045E+001   0.1032362943E+001
 0.8484848   0.1989970097E+001   0.1001489742E+001   0.1292939283E+001   0.1022642761E+001
 0.8585859   0.2048347279E+001   0.9863104486E+000   0.1286161515E+001   0.1009678077E+001
 0.8686869   0.2150277971E+001   0.1006312953E+001   0.1293013971E+001   0.1012362952E+001
 0.8787879   0.2247750334E+001   0.1013929990E+001   0.1309845997E+001   0.1030880599E+001
 0.8888889   0.2328354699E+001   0.9939648364E+000   0.1319544457E+001   0.1022782668E+001
 0.8989899   0.2436557270E+001   0.1006103789E+001   0.1333841456E+001   0.1029706382E+001
 0.9090909   0.2531414749E+001   0.1016728797E+001   0.1340663653E+001   0.1041288655E+001
 0.9191919   0.2642660721E+001   0.1013775607E+001   0.1334133536E+001   0.1030445889E+001
 0.9292929   0.2759678262E+001   0.1012590347E+001   0.1346358539E+001   0.1039691387E+001
 0.9393939   0.2929790224E+001   0.1001337850E+001   0.1352023965E+001   0.1023375605E+001
 0.9494949   0.3054314753E+001   0.1008788054E+001   0.1377596827E+001   0.1044499846E+001
 0.9595960   0.3214541348E+001   0.1001168527E+001   0.1366469718E+001   0.1021943228E+001
 0.9696970   0.3348533375E+001   0.1014435468E+001   0.1390342882E+001   0.1037975865E+001
 0.9797980   0.3553747015E+001   0.1024305993E+001   0.1399100385E+001   0.1032031497E+001
 0.9898990   0.3720459106E+001   0.1014654592E+001   0.1398901723E+001   0.1027637762E+001
 1.0000000   0.3824850371E+001   0.1040217359E+001   0.1425023707E+001   0.1073249000E+001


