# Identity Change Acceptance ratios and number of Accepted and Trial Moves (per box) as a function of Lambda
 0.00500 0.00000         0         0 0.00000         0         0
 0.01500 0.00000         0         0 0.00000         0         0
 0.02500 0.00000         0         0 0.00000         0         0
 0.03500 0.00000         0         0 0.00000         0         0
 0.04500 0.00000         0         0 0.00000         0         0
 0.05500 0.00000         0         0 0.00000         0         0
 0.06500 0.00000         0         0 0.00000         0         0
 0.07500 0.00000         0         0 0.00000         0         0
 0.08500 0.00000         0         0 0.00000         0         0
 0.09500 0.00000         0         0 0.00000         0         0
 0.10500 0.00000         0         0 0.00000         0         0
 0.11500 0.00000         0         0 0.00000         0         0
 0.12500 0.00000         0         0 0.00000         0         0
 0.13500 0.00000         0         0 0.00000         0         0
 0.14500 0.00000         0         0 0.00000         0         0
 0.15500 0.00000         0         0 0.00000         0         0
 0.16500 0.00000         0         0 0.00000         0         0
 0.17500 0.00000         0         0 0.00000         0         0
 0.18500 0.00000         0         0 0.00000         0         0
 0.19500 0.00000         0         0 0.00000         0         0
 0.20500 0.00000         0         0 0.00000         0         0
 0.21500 0.00000         0         0 0.00000         0         0
 0.22500 0.00000         0         0 0.00000         0         0
 0.23500 0.00000         0         0 0.00000         0         0
 0.24500 0.00000         0         0 0.00000         0         0
 0.25500 0.00000         0         0 0.00000         0         0
 0.26500 0.00000         0         0 0.00000         0         0
 0.27500 0.00000         0         0 0.00000         0         0
 0.28500 0.00000         0         0 0.00000         0         0
 0.29500 0.00000         0         0 0.00000         0         0
 0.30500 0.00000         0         0 0.00000         0         0
 0.31500 0.00000         0         0 0.00000         0         0
 0.32500 0.00000         0         0 0.00000         0         0
 0.33500 0.00000         0         0 0.00000         0         0
 0.34500 0.00000         0         0 0.00000         0         0
 0.35500 0.00000         0         0 0.00000         0         0
 0.36500 0.00000         0         0 0.00000         0         0
 0.37500 0.00000         0         0 0.00000         0         0
 0.38500 0.00000         0         0 0.00000         0         0
 0.39500 0.00000         0         0 0.00000         0         0
 0.40500 0.00000         0         0 0.00000         0         0
 0.41500 0.00000         0         0 0.00000         0         0
 0.42500 0.00000         0         0 0.00000         0         0
 0.43500 0.00000         0         0 0.00000         0         0
 0.44500 0.00000         0         0 0.00000         0         0
 0.45500 0.00000         0         0 0.00000         0         0
 0.46500 0.00000         0         0 0.00000         0         0
 0.47500 0.00000         0         0 0.00000         0         0
 0.48500 0.00000         0         0 0.00000         0         0
 0.49500 0.00000         0         0 0.00000         0         0
 0.50500 0.00000         0         0 0.00000         0         0
 0.51500 0.00000         0         0 0.00000         0         0
 0.52500 0.00000         0         0 0.00000         0         0
 0.53500 0.00000         0         0 0.00000         0         0
 0.54500 0.00000         0         0 0.00000         0         0
 0.55500 0.00000         0         0 0.00000         0         0
 0.56500 0.00000         0         0 0.00000         0         0
 0.57500 0.00000         0         0 0.00000         0         0
 0.58500 0.00000         0         0 0.00000         0         0
 0.59500 0.00000         0         0 0.00000         0         0
 0.60500 0.00000         0         0 0.00000         0         0
 0.61500 0.00000         0         0 0.00000         0         0
 0.62500 0.00000         0         0 0.00000         0         0
 0.63500 0.00000         0         0 0.00000         0         0
 0.64500 0.00000         0         0 0.00000         0         0
 0.65500 0.00000         0         0 0.00000         0         0
 0.66500 0.00000         0         0 0.00000         0         0
 0.67500 0.00000         0         0 0.00000         0         0
 0.68500 0.00000         0         0 0.00000         0         0
 0.69500 0.00000         0         0 0.00000         0         0
 0.70500 0.68293     33064     48415 0.55938     33257     59453
 0.71500 0.69396     33950     48922 0.56966     33996     59678
 0.72500 0.70864     34277     48370 0.57882     34291     59243
 0.73500 0.71800     35615     49603 0.59169     35456     59923
 0.74500 0.73433     35507     48353 0.59918     35614     59438
 0.75500 0.74908     36368     48550 0.60478     36236     59916
 0.76500 0.75451     36832     48816 0.62025     37050     59734
 0.77500 0.76973     37257     48403 0.63243     37352     59061
 0.78500 0.78341     37017     47251 0.64154     37267     58090
 0.79500 0.79198     38091     48096 0.65034     38183     58712
 0.80500 0.80705     38940     48250 0.66305     38912     58686
 0.81500 0.81862     40191     49096 0.67810     40137     59190
 0.82500 0.83549     40767     48794 0.68695     40824     59428
 0.83500 0.84607     40942     48391 0.69340     40945     59050
 0.84500 0.85697     42102     49129 0.70671     42069     59528
 0.85500 0.87265     42615     48834 0.71686     42238     58921
 0.86500 0.88937     43276     48659 0.72420     43308     59801
 0.87500 0.89652     43794     48849 0.73509     43543     59235
 0.88500 0.90833     44958     49495 0.75192     44832     59623
 0.89500 0.92035     44669     48535 0.75956     44651     58785
 0.90500 0.93241     46035     49372 0.76698     46078     60077
 0.91500 0.94074     45958     48853 0.77647     46110     59384
 0.92500 0.95007     46866     49329 0.78362     46867     59808
 0.93500 0.95854     46771     48794 0.79446     46913     59050
 0.94500 0.97032     47182     48625 0.79966     47351     59214
 0.95500 0.97411     47936     49210 0.81211     47730     58773
 0.96500 0.97885     47898     48933 0.81396     47619     58503
 0.97500 0.98279     47499     48331 0.80794     47610     58928
 0.98500 0.98543     47748     48454 0.80784     47846     59227
 0.99500 0.98478     48269     49015 0.80841     48122     59527


 0.00500 0.00000         0         0 0.00000         0         0
 0.01500 0.00000         0         0 0.00000         0         0
 0.02500 0.00000         0         0 0.00000         0         0
 0.03500 0.00000         0         0 0.00000         0         0
 0.04500 0.00000         0         0 0.00000         0         0
 0.05500 0.00000         0         0 0.00000         0         0
 0.06500 0.00000         0         0 0.00000         0         0
 0.07500 0.00000         0         0 0.00000         0         0
 0.08500 0.00000         0         0 0.00000         0         0
 0.09500 0.00000         0         0 0.00000         0         0
 0.10500 0.00000         0         0 0.00000         0         0
 0.11500 0.00000         0         0 0.00000         0         0
 0.12500 0.00000         0         0 0.00000         0         0
 0.13500 0.00000         0         0 0.00000         0         0
 0.14500 0.00000         0         0 0.00000         0         0
 0.15500 0.00000         0         0 0.00000         0         0
 0.16500 0.00000         0         0 0.00000         0         0
 0.17500 0.00000         0         0 0.00000         0         0
 0.18500 0.00000         0         0 0.00000         0         0
 0.19500 0.00000         0         0 0.00000         0         0
 0.20500 0.00000         0         0 0.00000         0         0
 0.21500 0.00000         0         0 0.00000         0         0
 0.22500 0.00000         0         0 0.00000         0         0
 0.23500 0.00000         0         0 0.00000         0         0
 0.24500 0.00000         0         0 0.00000         0         0
 0.25500 0.00000         0         0 0.00000         0         0
 0.26500 0.00000         0         0 0.00000         0         0
 0.27500 0.00000         0         0 0.00000         0         0
 0.28500 0.00000         0         0 0.00000         0         0
 0.29500 0.00000         0         0 0.00000         0         0
 0.30500 0.00000         0         0 0.00000         0         0
 0.31500 0.00000         0         0 0.00000         0         0
 0.32500 0.00000         0         0 0.00000         0         0
 0.33500 0.00000         0         0 0.00000         0         0
 0.34500 0.00000         0         0 0.00000         0         0
 0.35500 0.00000         0         0 0.00000         0         0
 0.36500 0.00000         0         0 0.00000         0         0
 0.37500 0.00000         0         0 0.00000         0         0
 0.38500 0.00000         0         0 0.00000         0         0
 0.39500 0.00000         0         0 0.00000         0         0
 0.40500 0.00000         0         0 0.00000         0         0
 0.41500 0.00000         0         0 0.00000         0         0
 0.42500 0.00000         0         0 0.00000         0         0
 0.43500 0.00000         0         0 0.00000         0         0
 0.44500 0.00000         0         0 0.00000         0         0
 0.45500 0.00000         0         0 0.00000         0         0
 0.46500 0.00000         0         0 0.00000         0         0
 0.47500 0.00000         0         0 0.00000         0         0
 0.48500 0.00000         0         0 0.00000         0         0
 0.49500 0.00000         0         0 0.00000         0         0
 0.50500 0.00000         0         0 0.00000         0         0
 0.51500 0.00000         0         0 0.00000         0         0
 0.52500 0.00000         0         0 0.00000         0         0
 0.53500 0.00000         0         0 0.00000         0         0
 0.54500 0.00000         0         0 0.00000         0         0
 0.55500 0.00000         0         0 0.00000         0         0
 0.56500 0.00000         0         0 0.00000         0         0
 0.57500 0.00000         0         0 0.00000         0         0
 0.58500 0.00000         0         0 0.00000         0         0
 0.59500 0.00000         0         0 0.00000         0         0
 0.60500 0.00000         0         0 0.00000         0         0
 0.61500 0.00000         0         0 0.00000         0         0
 0.62500 0.00000         0         0 0.00000         0         0
 0.63500 0.00000         0         0 0.00000         0         0
 0.64500 0.00000         0         0 0.00000         0         0
 0.65500 0.00000         0         0 0.00000         0         0
 0.66500 0.00000         0         0 0.00000         0         0
 0.67500 0.00000         0         0 0.00000         0         0
 0.68500 0.00000         0         0 0.00000         0         0
 0.69500 0.00000         0         0 0.00000         0         0
 0.70500 0.97550     48423     49639 0.82221     48379     58840
 0.71500 0.97819     48796     49884 0.81354     48628     59773
 0.72500 0.97725     48883     50021 0.81790     49041     59960
 0.73500 0.97966     48605     49614 0.81269     48642     59853
 0.74500 0.97873     47770     48808 0.81415     47820     58736
 0.75500 0.97886     48389     49434 0.81181     48366     59578
 0.76500 0.97951     48528     49543 0.81611     48584     59531
 0.77500 0.97688     48305     49448 0.82240     48262     58684
 0.78500 0.98075     48195     49141 0.80727     48044     59514
 0.79500 0.97883     47817     48851 0.81356     47827     58787
 0.80500 0.97944     47725     48727 0.81762     47739     58388
 0.81500 0.98002     47185     48147 0.80930     47158     58270
 0.82500 0.97776     49642     50771 0.81349     49329     60639
 0.83500 0.97861     47770     48814 0.81101     47759     58888
 0.84500 0.97729     48881     50017 0.82049     48906     59606
 0.85500 0.97747     47722     48822 0.81751     47879     58567
 0.86500 0.97919     49176     50221 0.81294     49469     60852
 0.87500 0.97928     47888     48901 0.81213     47846     58914
 0.88500 0.97875     48214     49261 0.81322     48314     59411
 0.89500 0.98303     48358     49193 0.80406     48397     60191
 0.90500 0.97786     48531     49630 0.81560     48550     59527
 0.91500 0.97650     49072     50253 0.82130     48841     59468
 0.92500 0.97887     48696     49747 0.81552     48646     59650
 0.93500 0.97836     48522     49595 0.81624     48434     59338
 0.94500 0.97705     48736     49881 0.81501     48845     59932
 0.95500 0.97813     48073     49148 0.81082     48203     59450
 0.96500 0.97950     48540     49556 0.81111     48545     59850
 0.97500 0.97835     47546     48598 0.81521     47701     58514
 0.98500 0.97787     48699     49801 0.81434     48700     59803
 0.99500 0.97844     47157     48196 0.81211     46974     57842


