# Evolution of the weightfunction during equilibration phase for fractional: Ar
# Weightfunction after cycle         72
 0.0000000    0.7000000000E+000    0.5000000000E+000
 0.0101010    0.1000000000E+001    0.9000000000E+000
 0.0202020    0.1700000000E+001    0.1000000000E+001
 0.0303030    0.1200000000E+001    0.9000000000E+000
 0.0404040    0.1300000000E+001    0.1100000000E+001
 0.0505051    0.1500000000E+001    0.1100000000E+001
 0.0606061    0.1400000000E+001    0.1300000000E+001
 0.0707071    0.1500000000E+001    0.6000000000E+000
 0.0808081    0.1600000000E+001    0.1700000000E+001
 0.0909091    0.2400000000E+001    0.1700000000E+001
 0.1010101    0.1700000000E+001    0.8000000000E+000
 0.1111111    0.1600000000E+001    0.1600000000E+001
 0.1212121    0.1900000000E+001    0.1300000000E+001
 0.1313131    0.1500000000E+001    0.1200000000E+001
 0.1414141    0.7000000000E+000    0.6000000000E+000
 0.1515152    0.1700000000E+001    0.7000000000E+000
 0.1616162    0.2200000000E+001    0.1600000000E+001
 0.1717172    0.2700000000E+001    0.2600000000E+001
 0.1818182    0.1900000000E+001    0.7000000000E+000
 0.1919192    0.2100000000E+001    0.9000000000E+000
 0.2020202    0.2000000000E+001    0.1300000000E+001
 0.2121212    0.1700000000E+001    0.1800000000E+001
 0.2222222    0.2200000000E+001    0.1700000000E+001
 0.2323232    0.2300000000E+001    0.1800000000E+001
 0.2424242    0.2300000000E+001    0.8000000000E+000
 0.2525253    0.1700000000E+001    0.1400000000E+001
 0.2626263    0.2400000000E+001    0.1400000000E+001
 0.2727273    0.2300000000E+001    0.1600000000E+001
 0.2828283    0.2300000000E+001    0.1800000000E+001
 0.2929293    0.1800000000E+001    0.1200000000E+001
 0.3030303    0.1600000000E+001    0.1200000000E+001
 0.3131313    0.2400000000E+001    0.9000000000E+000
 0.3232323    0.1600000000E+001    0.1500000000E+001
 0.3333333    0.2100000000E+001    0.1700000000E+001
 0.3434343    0.1000000000E+001    0.1100000000E+001
 0.3535354    0.2100000000E+001    0.2400000000E+001
 0.3636364    0.2000000000E+001    0.1100000000E+001
 0.3737374    0.1300000000E+001    0.1600000000E+001
 0.3838384    0.1400000000E+001    0.2300000000E+001
 0.3939394    0.1600000000E+001    0.1700000000E+001
 0.4040404    0.1600000000E+001    0.1800000000E+001
 0.4141414    0.1600000000E+001    0.1400000000E+001
 0.4242424    0.1800000000E+001    0.2300000000E+001
 0.4343434    0.2300000000E+001    0.9000000000E+000
 0.4444444    0.5000000000E+000    0.0000000000E+000
 0.4545455    0.1400000000E+001    0.9000000000E+000
 0.4646465    0.8000000000E+000    0.1100000000E+001
 0.4747475    0.8000000000E+000    0.1400000000E+001
 0.4848485    0.1100000000E+001    0.9000000000E+000
 0.4949495    0.1100000000E+001    0.1800000000E+001
 0.5050505    0.1600000000E+001    0.3000000000E+000
 0.5151515    0.4000000000E+000    0.9000000000E+000
 0.5252525    0.1800000000E+001    0.1300000000E+001
 0.5353535    0.1600000000E+001    0.9000000000E+000
 0.5454545    0.1000000000E+001    0.1000000000E+001
 0.5555556    0.1200000000E+001    0.1200000000E+001
 0.5656566    0.1800000000E+001    0.1200000000E+001
 0.5757576    0.1700000000E+001    0.8000000000E+000
 0.5858586    0.1000000000E+001    0.1500000000E+001
 0.5959596    0.1300000000E+001    0.1500000000E+001
 0.6060606    0.6000000000E+000    0.1000000000E+001
 0.6161616    0.1300000000E+001    0.8000000000E+000
 0.6262626    0.1500000000E+001    0.9000000000E+000
 0.6363636    0.1400000000E+001    0.1500000000E+001
 0.6464646    0.1600000000E+001    0.1600000000E+001
 0.6565657    0.2000000000E+001    0.6000000000E+000
 0.6666667    0.1400000000E+001    0.7000000000E+000
 0.6767677    0.1400000000E+001    0.4000000000E+000
 0.6868687    0.1500000000E+001    0.1300000000E+001
 0.6969697    0.1600000000E+001    0.9000000000E+000
 0.7070707    0.2400000000E+001    0.1400000000E+001
 0.7171717    0.1000000000E+001    0.1500000000E+001
 0.7272727    0.1700000000E+001    0.1100000000E+001
 0.7373737    0.1300000000E+001    0.1400000000E+001
 0.7474747    0.1500000000E+001    0.1400000000E+001
 0.7575758    0.1800000000E+001    0.1400000000E+001
 0.7676768    0.1800000000E+001    0.1400000000E+001
 0.7777778    0.1400000000E+001    0.1400000000E+001
 0.7878788    0.1600000000E+001    0.1500000000E+001
 0.7979798    0.1900000000E+001    0.1600000000E+001
 0.8080808    0.1300000000E+001    0.1400000000E+001
 0.8181818    0.1800000000E+001    0.1600000000E+001
 0.8282828    0.1100000000E+001    0.1400000000E+001
 0.8383838    0.1900000000E+001    0.2300000000E+001
 0.8484848    0.1500000000E+001    0.1600000000E+001
 0.8585859    0.1400000000E+001    0.1800000000E+001
 0.8686869    0.8000000000E+000    0.7000000000E+000
 0.8787879    0.1300000000E+001    0.1200000000E+001
 0.8888889    0.1100000000E+001    0.1000000000E+001
 0.8989899    0.1500000000E+001    0.1600000000E+001
 0.9090909    0.1300000000E+001    0.1200000000E+001
 0.9191919    0.1400000000E+001    0.1100000000E+001
 0.9292929    0.1500000000E+001    0.1600000000E+001
 0.9393939    0.2100000000E+001    0.1600000000E+001
 0.9494949    0.1200000000E+001    0.1000000000E+001
 0.9595960    0.1400000000E+001    0.1600000000E+001
 0.9696970    0.1800000000E+001    0.2200000000E+001
 0.9797980    0.1200000000E+001    0.1000000000E+001
 0.9898990    0.9000000000E+000    0.9000000000E+000
 1.0000000    0.1500000000E+001    0.1500000000E+001


# Weightfunction after cycle        313
 0.0000000    0.6750000000E+000    0.4250000000E+000
 0.0101010    0.1150000000E+001    0.7750000000E+000
 0.0202020    0.1250000000E+001    0.9250000000E+000
 0.0303030    0.5750000000E+000    0.3250000000E+000
 0.0404040    0.7750000000E+000    0.3250000000E+000
 0.0505051    0.1075000000E+001    0.8750000000E+000
 0.0606061    0.1025000000E+001    0.6250000000E+000
 0.0707071    0.1075000000E+001    0.8250000000E+000
 0.0808081    0.1025000000E+001    0.5500000000E+000
 0.0909091    0.1075000000E+001    0.7500000000E+000
 0.1010101    0.1275000000E+001    0.1050000000E+001
 0.1111111    0.1050000000E+001    0.5500000000E+000
 0.1212121    0.1175000000E+001    0.8000000000E+000
 0.1313131    0.1525000000E+001    0.8250000000E+000
 0.1414141    0.1400000000E+001    0.7500000000E+000
 0.1515152    0.1825000000E+001    0.1225000000E+001
 0.1616162    0.1275000000E+001    0.6750000000E+000
 0.1717172    0.1425000000E+001    0.9000000000E+000
 0.1818182    0.1900000000E+001    0.9500000000E+000
 0.1919192    0.1625000000E+001    0.5250000000E+000
 0.2020202    0.1650000000E+001    0.6250000000E+000
 0.2121212    0.1475000000E+001    0.8750000000E+000
 0.2222222    0.1150000000E+001    0.4500000000E+000
 0.2323232    0.1575000000E+001    0.4250000000E+000
 0.2424242    0.1325000000E+001    0.1100000000E+001
 0.2525253    0.1525000000E+001    0.6250000000E+000
 0.2626263    0.1525000000E+001    0.9500000000E+000
 0.2727273    0.1475000000E+001    0.7750000000E+000
 0.2828283    0.1350000000E+001    0.7750000000E+000
 0.2929293    0.1800000000E+001    0.7000000000E+000
 0.3030303    0.1375000000E+001    0.6000000000E+000
 0.3131313    0.1400000000E+001    0.7250000000E+000
 0.3232323    0.1075000000E+001    0.9500000000E+000
 0.3333333    0.1350000000E+001    0.8750000000E+000
 0.3434343    0.1675000000E+001    0.8000000000E+000
 0.3535354    0.1075000000E+001    0.1025000000E+001
 0.3636364    0.1125000000E+001    0.7500000000E+000
 0.3737374    0.1000000000E+001    0.1075000000E+001
 0.3838384    0.1000000000E+001    0.1050000000E+001
 0.3939394    0.9750000000E+000    0.8750000000E+000
 0.4040404    0.1000000000E+001    0.7250000000E+000
 0.4141414    0.9500000000E+000    0.5750000000E+000
 0.4242424    0.1050000000E+001    0.6250000000E+000
 0.4343434    0.8500000000E+000    0.7750000000E+000
 0.4444444    0.7750000000E+000    0.6250000000E+000
 0.4545455    0.9000000000E+000    0.4250000000E+000
 0.4646465    0.6500000000E+000    0.6750000000E+000
 0.4747475    0.8500000000E+000    0.1000000000E+001
 0.4848485    0.5750000000E+000    0.5250000000E+000
 0.4949495    0.3500000000E+000    0.2500000000E+000
 0.5050505    0.8000000000E+000    0.7500000000E-001
 0.5151515    0.9250000000E+000    0.7000000000E+000
 0.5252525    0.5750000000E+000    0.3250000000E+000
 0.5353535    0.4750000000E+000    0.6750000000E+000
 0.5454545    0.8750000000E+000    0.6000000000E+000
 0.5555556    0.7000000000E+000    0.7500000000E+000
 0.5656566    0.4500000000E+000    0.3750000000E+000
 0.5757576    0.8750000000E+000    0.7250000000E+000
 0.5858586    0.1025000000E+001    0.6750000000E+000
 0.5959596    0.8250000000E+000    0.1750000000E+000
 0.6060606    0.1500000000E+000    0.1750000000E+000
 0.6161616    0.6500000000E+000    0.6250000000E+000
 0.6262626    0.5500000000E+000    0.1500000000E+000
 0.6363636    0.5250000000E+000    0.5750000000E+000
 0.6464646    0.6000000000E+000    0.0000000000E+000
 0.6565657    0.7500000000E+000    0.5250000000E+000
 0.6666667    0.6250000000E+000    0.2000000000E+000
 0.6767677    0.9000000000E+000    0.5750000000E+000
 0.6868687    0.4500000000E+000    0.4500000000E+000
 0.6969697    0.7000000000E+000    0.3250000000E+000
 0.7070707    0.5750000000E+000    0.3750000000E+000
 0.7171717    0.7750000000E+000    0.5250000000E+000
 0.7272727    0.4500000000E+000    0.5000000000E+000
 0.7373737    0.5750000000E+000    0.4750000000E+000
 0.7474747    0.5750000000E+000    0.6250000000E+000
 0.7575758    0.4250000000E+000    0.4000000000E+000
 0.7676768    0.6250000000E+000    0.3000000000E+000
 0.7777778    0.1000000000E+001    0.7250000000E+000
 0.7878788    0.4000000000E+000    0.3000000000E+000
 0.7979798    0.9500000000E+000    0.7000000000E+000
 0.8080808    0.3500000000E+000    0.5500000000E+000
 0.8181818    0.4250000000E+000    0.4750000000E+000
 0.8282828    0.5250000000E+000    0.5250000000E+000
 0.8383838    0.6750000000E+000    0.7000000000E+000
 0.8484848    0.7500000000E+000    0.5750000000E+000
 0.8585859    0.7750000000E+000    0.6250000000E+000
 0.8686869    0.5250000000E+000    0.5750000000E+000
 0.8787879    0.7000000000E+000    0.5000000000E+000
 0.8888889    0.7500000000E+000    0.5000000000E+000
 0.8989899    0.1025000000E+001    0.9250000000E+000
 0.9090909    0.8000000000E+000    0.6000000000E+000
 0.9191919    0.5000000000E+000    0.4750000000E+000
 0.9292929    0.6000000000E+000    0.4000000000E+000
 0.9393939    0.8000000000E+000    0.7500000000E+000
 0.9494949    0.8500000000E+000    0.4750000000E+000
 0.9595960    0.8000000000E+000    0.8250000000E+000
 0.9696970    0.6500000000E+000    0.5750000000E+000
 0.9797980    0.5250000000E+000    0.4750000000E+000
 0.9898990    0.4250000000E+000    0.3750000000E+000
 1.0000000    0.8500000000E+000    0.7500000000E+000


# Weightfunction after cycle        793
 0.0000000    0.9375000000E+000    0.6875000000E+000
 0.0101010    0.8125000000E+000    0.5562500000E+000
 0.0202020    0.9812500000E+000    0.6375000000E+000
 0.0303030    0.8812500000E+000    0.6000000000E+000
 0.0404040    0.7562500000E+000    0.6250000000E+000
 0.0505051    0.1087500000E+001    0.7812500000E+000
 0.0606061    0.9500000000E+000    0.5687500000E+000
 0.0707071    0.1181250000E+001    0.8875000000E+000
 0.0808081    0.9437500000E+000    0.6562500000E+000
 0.0909091    0.1056250000E+001    0.7750000000E+000
 0.1010101    0.1012500000E+001    0.7312500000E+000
 0.1111111    0.1125000000E+001    0.7125000000E+000
 0.1212121    0.1381250000E+001    0.8937500000E+000
 0.1313131    0.1268750000E+001    0.8437500000E+000
 0.1414141    0.1231250000E+001    0.7000000000E+000
 0.1515152    0.1400000000E+001    0.9375000000E+000
 0.1616162    0.1368750000E+001    0.1012500000E+001
 0.1717172    0.1312500000E+001    0.9125000000E+000
 0.1818182    0.1306250000E+001    0.8250000000E+000
 0.1919192    0.1256250000E+001    0.7375000000E+000
 0.2020202    0.1275000000E+001    0.8875000000E+000
 0.2121212    0.1275000000E+001    0.7312500000E+000
 0.2222222    0.1256250000E+001    0.7562500000E+000
 0.2323232    0.1131250000E+001    0.7937500000E+000
 0.2424242    0.1218750000E+001    0.5062500000E+000
 0.2525253    0.1475000000E+001    0.8812500000E+000
 0.2626263    0.1181250000E+001    0.6625000000E+000
 0.2727273    0.1168750000E+001    0.7125000000E+000
 0.2828283    0.1137500000E+001    0.7500000000E+000
 0.2929293    0.1150000000E+001    0.7000000000E+000
 0.3030303    0.1006250000E+001    0.3875000000E+000
 0.3131313    0.1050000000E+001    0.6062500000E+000
 0.3232323    0.1025000000E+001    0.6062500000E+000
 0.3333333    0.1168750000E+001    0.5625000000E+000
 0.3434343    0.7625000000E+000    0.6000000000E+000
 0.3535354    0.1025000000E+001    0.5125000000E+000
 0.3636364    0.1237500000E+001    0.5312500000E+000
 0.3737374    0.6687500000E+000    0.5000000000E+000
 0.3838384    0.6812500000E+000    0.5375000000E+000
 0.3939394    0.8437500000E+000    0.2562500000E+000
 0.4040404    0.8750000000E+000    0.3875000000E+000
 0.4141414    0.6750000000E+000    0.3875000000E+000
 0.4242424    0.5687500000E+000    0.4937500000E+000
 0.4343434    0.7875000000E+000    0.2437500000E+000
 0.4444444    0.3312500000E+000    0.4375000000E+000
 0.4545455    0.2875000000E+000    0.3437500000E+000
 0.4646465    0.4562500000E+000    0.3312500000E+000
 0.4747475    0.4125000000E+000    0.2250000000E+000
 0.4848485    0.2437500000E+000    0.3625000000E+000
 0.4949495    0.4187500000E+000    0.2125000000E+000
 0.5050505    0.2375000000E+000    0.1000000000E+000
 0.5151515    0.2250000000E+000    0.3500000000E+000
 0.5252525    0.3625000000E+000    0.2375000000E+000
 0.5353535    0.3687500000E+000    0.5062500000E+000
 0.5454545    0.4250000000E+000    0.2000000000E+000
 0.5555556    0.4687500000E+000    0.1437500000E+000
 0.5656566    0.1250000000E+000    0.2312500000E+000
 0.5757576    0.3375000000E+000    0.3000000000E+000
 0.5858586    0.2250000000E+000    0.1750000000E+000
 0.5959596    0.1750000000E+000    0.0000000000E+000
 0.6060606    0.2812500000E+000    0.1687500000E+000
 0.6161616    0.2062500000E+000    0.8750000000E-001
 0.6262626    0.4000000000E+000    0.1687500000E+000
 0.6363636    0.4375000000E+000    0.1187500000E+000
 0.6464646    0.2250000000E+000    0.2812500000E+000
 0.6565657    0.2750000000E+000    0.1875000000E-001
 0.6666667    0.2937500000E+000    0.1625000000E+000
 0.6767677    0.4125000000E+000    0.2250000000E+000
 0.6868687    0.1437500000E+000    0.1125000000E+000
 0.6969697    0.1750000000E+000    0.1312500000E+000
 0.7070707    0.3375000000E+000    0.2437500000E+000
 0.7171717    0.2312500000E+000    0.1562500000E+000
 0.7272727    0.3562500000E+000    0.1625000000E+000
 0.7373737    0.1250000000E+000    0.1062500000E+000
 0.7474747    0.2000000000E+000    0.9375000000E-001
 0.7575758    0.2625000000E+000    0.1875000000E+000
 0.7676768    0.2375000000E+000    0.2375000000E+000
 0.7777778    0.2687500000E+000    0.1875000000E+000
 0.7878788    0.2437500000E+000    0.1500000000E+000
 0.7979798    0.2062500000E+000    0.1000000000E+000
 0.8080808    0.1812500000E+000    0.1250000000E-001
 0.8181818    0.1562500000E+000    0.1375000000E+000
 0.8282828    0.3375000000E+000    0.1687500000E+000
 0.8383838    0.5625000000E-001    0.8750000000E-001
 0.8484848    0.3187500000E+000    0.2562500000E+000
 0.8585859    0.3187500000E+000    0.2312500000E+000
 0.8686869    0.4187500000E+000    0.3312500000E+000
 0.8787879    0.2562500000E+000    0.1500000000E+000
 0.8888889    0.1625000000E+000    0.6250000000E-001
 0.8989899    0.3000000000E+000    0.1750000000E+000
 0.9090909    0.3625000000E+000    0.2312500000E+000
 0.9191919    0.2437500000E+000    0.2375000000E+000
 0.9292929    0.3500000000E+000    0.3250000000E+000
 0.9393939    0.3312500000E+000    0.2687500000E+000
 0.9494949    0.1875000000E+000    0.2000000000E+000
 0.9595960    0.2062500000E+000    0.2500000000E+000
 0.9696970    0.1312500000E+000    0.3750000000E-001
 0.9797980    0.2187500000E+000    0.1312500000E+000
 0.9898990    0.3437500000E+000    0.3187500000E+000
 1.0000000    0.1500000000E+000    0.1875000000E-001


# Weightfunction after cycle       1703
 0.0000000    0.9703125000E+000    0.6906250000E+000
 0.0101010    0.8531250000E+000    0.5656250000E+000
 0.0202020    0.9312500000E+000    0.6484375000E+000
 0.0303030    0.8390625000E+000    0.5421875000E+000
 0.0404040    0.8718750000E+000    0.5812500000E+000
 0.0505051    0.1079687500E+001    0.7078125000E+000
 0.0606061    0.9890625000E+000    0.6000000000E+000
 0.0707071    0.1009375000E+001    0.6250000000E+000
 0.0808081    0.9515625000E+000    0.5375000000E+000
 0.0909091    0.1085937500E+001    0.6765625000E+000
 0.1010101    0.1117187500E+001    0.6687500000E+000
 0.1111111    0.1182812500E+001    0.6812500000E+000
 0.1212121    0.1193750000E+001    0.6765625000E+000
 0.1313131    0.1314062500E+001    0.7296875000E+000
 0.1414141    0.1281250000E+001    0.6781250000E+000
 0.1515152    0.1412500000E+001    0.7390625000E+000
 0.1616162    0.1214062500E+001    0.6218750000E+000
 0.1717172    0.1285937500E+001    0.7078125000E+000
 0.1818182    0.1164062500E+001    0.6359375000E+000
 0.1919192    0.1248437500E+001    0.6890625000E+000
 0.2020202    0.1212500000E+001    0.6390625000E+000
 0.2121212    0.1282812500E+001    0.6187500000E+000
 0.2222222    0.1192187500E+001    0.5765625000E+000
 0.2323232    0.1223437500E+001    0.6359375000E+000
 0.2424242    0.1201562500E+001    0.5421875000E+000
 0.2525253    0.1142187500E+001    0.5437500000E+000
 0.2626263    0.1184375000E+001    0.5671875000E+000
 0.2727273    0.1040625000E+001    0.5203125000E+000
 0.2828283    0.1090625000E+001    0.5406250000E+000
 0.2929293    0.1079687500E+001    0.5312500000E+000
 0.3030303    0.8968750000E+000    0.4609375000E+000
 0.3131313    0.9531250000E+000    0.4937500000E+000
 0.3232323    0.9750000000E+000    0.4609375000E+000
 0.3333333    0.8468750000E+000    0.5375000000E+000
 0.3434343    0.7859375000E+000    0.5046875000E+000
 0.3535354    0.8468750000E+000    0.4171875000E+000
 0.3636364    0.7828125000E+000    0.3609375000E+000
 0.3737374    0.7765625000E+000    0.4031250000E+000
 0.3838384    0.6875000000E+000    0.2703125000E+000
 0.3939394    0.7468750000E+000    0.2703125000E+000
 0.4040404    0.6796875000E+000    0.2812500000E+000
 0.4141414    0.5093750000E+000    0.2750000000E+000
 0.4242424    0.5375000000E+000    0.2843750000E+000
 0.4343434    0.4406250000E+000    0.2953125000E+000
 0.4444444    0.4828125000E+000    0.2703125000E+000
 0.4545455    0.4250000000E+000    0.1578125000E+000
 0.4646465    0.4156250000E+000    0.1843750000E+000
 0.4747475    0.3625000000E+000    0.1296875000E+000
 0.4848485    0.2328125000E+000    0.1890625000E+000
 0.4949495    0.2484375000E+000    0.1765625000E+000
 0.5050505    0.2015625000E+000    0.1453125000E+000
 0.5151515    0.2390625000E+000    0.8437500000E-001
 0.5252525    0.2265625000E+000    0.1859375000E+000
 0.5353535    0.2000000000E+000    0.9687500000E-001
 0.5454545    0.2250000000E+000    0.4687500000E-001
 0.5555556    0.1640625000E+000    0.1312500000E+000
 0.5656566    0.2156250000E+000    0.6250000000E-001
 0.5757576    0.2437500000E+000    0.8125000000E-001
 0.5858586    0.2937500000E+000    0.4531250000E-001
 0.5959596    0.3078125000E+000    0.8593750000E-001
 0.6060606    0.3453125000E+000    0.1234375000E+000
 0.6161616    0.2468750000E+000    0.1218750000E+000
 0.6262626    0.2718750000E+000    0.1203125000E+000
 0.6363636    0.2640625000E+000    0.8593750000E-001
 0.6464646    0.2406250000E+000    0.1437500000E+000
 0.6565657    0.2000000000E+000    0.3906250000E-001
 0.6666667    0.2906250000E+000    0.6093750000E-001
 0.6767677    0.4531250000E-001    0.7187500000E-001
 0.6868687    0.1703125000E+000    0.4375000000E-001
 0.6969697    0.2000000000E+000    0.8750000000E-001
 0.7070707    0.1750000000E+000    0.1125000000E+000
 0.7171717    0.2062500000E+000    0.6718750000E-001
 0.7272727    0.1906250000E+000    0.1031250000E+000
 0.7373737    0.1921875000E+000    0.9062500000E-001
 0.7474747    0.2312500000E+000    0.9687500000E-001
 0.7575758    0.1812500000E+000    0.9843750000E-001
 0.7676768    0.2453125000E+000    0.1468750000E+000
 0.7777778    0.1984375000E+000    0.8281250000E-001
 0.7878788    0.1953125000E+000    0.1171875000E+000
 0.7979798    0.1000000000E+000    0.5312500000E-001
 0.8080808    0.1921875000E+000    0.8437500000E-001
 0.8181818    0.1843750000E+000    0.4531250000E-001
 0.8282828    0.1953125000E+000    0.8125000000E-001
 0.8383838    0.1750000000E+000    0.9687500000E-001
 0.8484848    0.2406250000E+000    0.1109375000E+000
 0.8585859    0.2484375000E+000    0.1515625000E+000
 0.8686869    0.2093750000E+000    0.1609375000E+000
 0.8787879    0.1515625000E+000    0.7968750000E-001
 0.8888889    0.1781250000E+000    0.8593750000E-001
 0.8989899    0.1937500000E+000    0.8125000000E-001
 0.9090909    0.1171875000E+000    0.8437500000E-001
 0.9191919    0.1406250000E+000    0.0000000000E+000
 0.9292929    0.2031250000E+000    0.1671875000E+000
 0.9393939    0.1328125000E+000    0.6875000000E-001
 0.9494949    0.1312500000E+000    0.7812500000E-002
 0.9595960    0.1500000000E+000    0.4531250000E-001
 0.9696970    0.1859375000E+000    0.1203125000E+000
 0.9797980    0.1437500000E+000    0.5156250000E-001
 0.9898990    0.1796875000E+000    0.9062500000E-001
 1.0000000    0.8750000000E-001    0.1250000000E-001


# Weightfunction after cycle       4028
 0.0000000    0.7843750000E+000    0.5101562500E+000
 0.0101010    0.6910156250E+000    0.4109375000E+000
 0.0202020    0.7542968750E+000    0.4500000000E+000
 0.0303030    0.7304687500E+000    0.4523437500E+000
 0.0404040    0.7785156250E+000    0.4410156250E+000
 0.0505051    0.8109375000E+000    0.4921875000E+000
 0.0606061    0.8082031250E+000    0.4550781250E+000
 0.0707071    0.8132812500E+000    0.4605468750E+000
 0.0808081    0.8746093750E+000    0.5011718750E+000
 0.0909091    0.8871093750E+000    0.4804687500E+000
 0.1010101    0.9453125000E+000    0.5019531250E+000
 0.1111111    0.1006640625E+001    0.5164062500E+000
 0.1212121    0.1054687500E+001    0.5445312500E+000
 0.1313131    0.1126953125E+001    0.5804687500E+000
 0.1414141    0.1066796875E+001    0.5105468750E+000
 0.1515152    0.1137500000E+001    0.5578125000E+000
 0.1616162    0.1106250000E+001    0.5207031250E+000
 0.1717172    0.1162500000E+001    0.5445312500E+000
 0.1818182    0.1139843750E+001    0.5253906250E+000
 0.1919192    0.1137109375E+001    0.5617187500E+000
 0.2020202    0.1142968750E+001    0.5093750000E+000
 0.2121212    0.1082031250E+001    0.5148437500E+000
 0.2222222    0.1046875000E+001    0.4601562500E+000
 0.2323232    0.1151562500E+001    0.5164062500E+000
 0.2424242    0.1041015625E+001    0.4855468750E+000
 0.2525253    0.1035937500E+001    0.4492187500E+000
 0.2626263    0.1022656250E+001    0.4878906250E+000
 0.2727273    0.1022265625E+001    0.4640625000E+000
 0.2828283    0.9917968750E+000    0.4644531250E+000
 0.2929293    0.9820312500E+000    0.4292968750E+000
 0.3030303    0.1009375000E+001    0.4078125000E+000
 0.3131313    0.8941406250E+000    0.3863281250E+000
 0.3232323    0.9082031250E+000    0.3820312500E+000
 0.3333333    0.8097656250E+000    0.3468750000E+000
 0.3434343    0.7617187500E+000    0.3296875000E+000
 0.3535354    0.7601562500E+000    0.3039062500E+000
 0.3636364    0.7105468750E+000    0.3085937500E+000
 0.3737374    0.7199218750E+000    0.2972656250E+000
 0.3838384    0.6734375000E+000    0.2777343750E+000
 0.3939394    0.6023437500E+000    0.2406250000E+000
 0.4040404    0.6019531250E+000    0.2460937500E+000
 0.4141414    0.4632812500E+000    0.2027343750E+000
 0.4242424    0.5441406250E+000    0.2007812500E+000
 0.4343434    0.4050781250E+000    0.1625000000E+000
 0.4444444    0.4402343750E+000    0.1699218750E+000
 0.4545455    0.3656250000E+000    0.1218750000E+000
 0.4646465    0.3308593750E+000    0.1160156250E+000
 0.4747475    0.2968750000E+000    0.1343750000E+000
 0.4848485    0.2800781250E+000    0.8476562500E-001
 0.4949495    0.1820312500E+000    0.4296875000E-001
 0.5050505    0.1804687500E+000    0.7812500000E-001
 0.5151515    0.1335937500E+000    0.8046875000E-001
 0.5252525    0.1734375000E+000    0.5585937500E-001
 0.5353535    0.1816406250E+000    0.5976562500E-001
 0.5454545    0.1375000000E+000    0.5429687500E-001
 0.5555556    0.2304687500E+000    0.3710937500E-001
 0.5656566    0.1859375000E+000    0.5390625000E-001
 0.5757576    0.1738281250E+000    0.5351562500E-001
 0.5858586    0.1742187500E+000    0.5664062500E-001
 0.5959596    0.2300781250E+000    0.4335937500E-001
 0.6060606    0.1347656250E+000    0.7421875000E-001
 0.6161616    0.1449218750E+000    0.4140625000E-001
 0.6262626    0.1640625000E+000    0.7578125000E-001
 0.6363636    0.1457031250E+000    0.5820312500E-001
 0.6464646    0.1292968750E+000    0.0000000000E+000
 0.6565657    0.1414062500E+000    0.1640625000E-001
 0.6666667    0.1875000000E+000    0.5859375000E-002
 0.6767677    0.1496093750E+000    0.2460937500E-001
 0.6868687    0.1253906250E+000    0.7500000000E-001
 0.6969697    0.1437500000E+000    0.9101562500E-001
 0.7070707    0.1210937500E+000    0.3593750000E-001
 0.7171717    0.1343750000E+000    0.4023437500E-001
 0.7272727    0.1257812500E+000    0.3945312500E-001
 0.7373737    0.1339843750E+000    0.4570312500E-001
 0.7474747    0.1597656250E+000    0.5937500000E-001
 0.7575758    0.1578125000E+000    0.6953125000E-001
 0.7676768    0.1386718750E+000    0.3203125000E-001
 0.7777778    0.1515625000E+000    0.6601562500E-001
 0.7878788    0.9179687500E-001    0.1562500000E-001
 0.7979798    0.1261718750E+000    0.2929687500E-001
 0.8080808    0.1429687500E+000    0.4335937500E-001
 0.8181818    0.1375000000E+000    0.5117187500E-001
 0.8282828    0.1375000000E+000    0.4921875000E-001
 0.8383838    0.1125000000E+000    0.4335937500E-001
 0.8484848    0.1378906250E+000    0.4414062500E-001
 0.8585859    0.1460937500E+000    0.4921875000E-001
 0.8686869    0.1265625000E+000    0.3437500000E-001
 0.8787879    0.1179687500E+000    0.2656250000E-001
 0.8888889    0.9648437500E-001    0.5078125000E-002
 0.8989899    0.1203125000E+000    0.3867187500E-001
 0.9090909    0.1320312500E+000    0.4023437500E-001
 0.9191919    0.1027343750E+000    0.1484375000E-001
 0.9292929    0.1800781250E+000    0.1019531250E+000
 0.9393939    0.1300781250E+000    0.1953125000E-001
 0.9494949    0.1191406250E+000    0.1601562500E-001
 0.9595960    0.7968750000E-001    0.1562500000E-001
 0.9696970    0.1902343750E+000    0.1011718750E+000
 0.9797980    0.1558593750E+000    0.7304687500E-001
 0.9898990    0.1339843750E+000    0.2929687500E-001
 1.0000000    0.1273437500E+000    0.2617187500E-001


# Weightfunction after cycle       5135
 0.0000000    0.7833984375E+000    0.5125000000E+000
 0.0101010    0.6987304688E+000    0.4134765625E+000
 0.0202020    0.7525390625E+000    0.4536132813E+000
 0.0303030    0.7474609375E+000    0.4612304687E+000
 0.0404040    0.7818359375E+000    0.4447265625E+000
 0.0505051    0.8340820313E+000    0.4976562500E+000
 0.0606061    0.8042968750E+000    0.4557617188E+000
 0.0707071    0.8287109375E+000    0.4681640625E+000
 0.0808081    0.8759765625E+000    0.5045898438E+000
 0.0909091    0.8964843750E+000    0.4795898437E+000
 0.1010101    0.9549804688E+000    0.5068359375E+000
 0.1111111    0.1011718750E+001    0.5157226562E+000
 0.1212121    0.1050585938E+001    0.5446289062E+000
 0.1313131    0.1133398438E+001    0.5860351563E+000
 0.1414141    0.1064746094E+001    0.5186523438E+000
 0.1515152    0.1141601563E+001    0.5620117188E+000
 0.1616162    0.1134570313E+001    0.5327148437E+000
 0.1717172    0.1163867188E+001    0.5527343750E+000
 0.1818182    0.1154785156E+001    0.5337890625E+000
 0.1919192    0.1151171875E+001    0.5605468750E+000
 0.2020202    0.1145703125E+001    0.5120117187E+000
 0.2121212    0.1092187500E+001    0.5119140625E+000
 0.2222222    0.1070605469E+001    0.4817382812E+000
 0.2323232    0.1134960938E+001    0.5148437500E+000
 0.2424242    0.1052246094E+001    0.4875000000E+000
 0.2525253    0.1031640625E+001    0.4614257812E+000
 0.2626263    0.1035742188E+001    0.4853515625E+000
 0.2727273    0.1012011719E+001    0.4700195312E+000
 0.2828283    0.9935546875E+000    0.4594726562E+000
 0.2929293    0.9744140625E+000    0.4212890625E+000
 0.3030303    0.9916015625E+000    0.4211914063E+000
 0.3131313    0.8943359375E+000    0.3779296875E+000
 0.3232323    0.9121093750E+000    0.3858398438E+000
 0.3333333    0.8140625000E+000    0.3505859375E+000
 0.3434343    0.7677734375E+000    0.3391601563E+000
 0.3535354    0.7575195313E+000    0.3038085938E+000
 0.3636364    0.7184570313E+000    0.3009765625E+000
 0.3737374    0.7259765625E+000    0.2988281250E+000
 0.3838384    0.6887695313E+000    0.2707031250E+000
 0.3939394    0.6025390625E+000    0.2372070313E+000
 0.4040404    0.5990234375E+000    0.2500000000E+000
 0.4141414    0.4723632813E+000    0.1875000000E+000
 0.4242424    0.5282226563E+000    0.1941406250E+000
 0.4343434    0.4174804687E+000    0.1660156250E+000
 0.4444444    0.4330078125E+000    0.1625976562E+000
 0.4545455    0.3661132813E+000    0.1231445312E+000
 0.4646465    0.3325195313E+000    0.1097656250E+000
 0.4747475    0.2964843750E+000    0.1464843750E+000
 0.4848485    0.2754882813E+000    0.7802734375E-001
 0.4949495    0.2083984375E+000    0.4648437500E-001
 0.5050505    0.1823242188E+000    0.6699218750E-001
 0.5151515    0.1519531250E+000    0.7382812500E-001
 0.5252525    0.1719726563E+000    0.5673828125E-001
 0.5353535    0.2082031250E+000    0.5312500000E-001
 0.5454545    0.1412109375E+000    0.5429687500E-001
 0.5555556    0.2265625000E+000    0.4238281250E-001
 0.5656566    0.1868164063E+000    0.6152343750E-001
 0.5757576    0.1741210938E+000    0.4843750000E-001
 0.5858586    0.1853515625E+000    0.5341796875E-001
 0.5959596    0.2234375000E+000    0.5410156250E-001
 0.6060606    0.1496093750E+000    0.7753906250E-001
 0.6161616    0.1602539063E+000    0.4853515625E-001
 0.6262626    0.1748046875E+000    0.6992187500E-001
 0.6363636    0.1568359375E+000    0.5996093750E-001
 0.6464646    0.1405273438E+000    0.2441406250E-001
 0.6565657    0.1595703125E+000    0.3232421875E-001
 0.6666667    0.1975585938E+000    0.2353515625E-001
 0.6767677    0.1645507813E+000    0.2626953125E-001
 0.6868687    0.1393554688E+000    0.7167968750E-001
 0.6969697    0.1399414063E+000    0.7958984375E-001
 0.7070707    0.1467773438E+000    0.4716796875E-001
 0.7171717    0.1501953125E+000    0.5156250000E-001
 0.7272727    0.1383789062E+000    0.4101562500E-001
 0.7373737    0.1483398438E+000    0.5000000000E-001
 0.7474747    0.1730468750E+000    0.6298828125E-001
 0.7575758    0.1714843750E+000    0.7519531250E-001
 0.7676768    0.1594726563E+000    0.4345703125E-001
 0.7777778    0.1661132813E+000    0.7402343750E-001
 0.7878788    0.1050781250E+000    0.1982421875E-001
 0.7979798    0.1459960938E+000    0.4619140625E-001
 0.8080808    0.1569335938E+000    0.4472656250E-001
 0.8181818    0.1433593750E+000    0.5322265625E-001
 0.8282828    0.1546875000E+000    0.5996093750E-001
 0.8383838    0.1295898438E+000    0.4775390625E-001
 0.8484848    0.1371093750E+000    0.3876953125E-001
 0.8585859    0.1649414063E+000    0.5937500000E-001
 0.8686869    0.1429687500E+000    0.3974609375E-001
 0.8787879    0.1280273438E+000    0.3330078125E-001
 0.8888889    0.1049804688E+000    0.0000000000E+000
 0.8989899    0.1307617188E+000    0.3701171875E-001
 0.9090909    0.1468750000E+000    0.4638671875E-001
 0.9191919    0.1064453125E+000    0.1513671875E-001
 0.9292929    0.1928710938E+000    0.9863281250E-001
 0.9393939    0.1583984375E+000    0.4101562500E-001
 0.9494949    0.1410156250E+000    0.2802734375E-001
 0.9595960    0.1010742188E+000    0.2353515625E-001
 0.9696970    0.1959960938E+000    0.1009765625E+000
 0.9797980    0.1774414063E+000    0.8144531250E-001
 0.9898990    0.1523437500E+000    0.3115234375E-001
 1.0000000    0.1308593750E+000    0.1943359375E-001


# Weightfunction after cycle       8985
 0.0000000    0.7551757813E+000    0.4986816406E+000
 0.0101010    0.6828125000E+000    0.4101074219E+000
 0.0202020    0.7306640625E+000    0.4482910156E+000
 0.0303030    0.7280029297E+000    0.4526123047E+000
 0.0404040    0.7626953125E+000    0.4469970703E+000
 0.0505051    0.8125000000E+000    0.4909667969E+000
 0.0606061    0.7868896484E+000    0.4549804688E+000
 0.0707071    0.8158935547E+000    0.4678710938E+000
 0.0808081    0.8535400391E+000    0.4918212891E+000
 0.0909091    0.8840332031E+000    0.4762695313E+000
 0.1010101    0.9328857422E+000    0.4943847656E+000
 0.1111111    0.9840820313E+000    0.5070800781E+000
 0.1212121    0.1023461914E+001    0.5355224609E+000
 0.1313131    0.1101220703E+001    0.5667236328E+000
 0.1414141    0.1051928711E+001    0.5129882813E+000
 0.1515152    0.1118505859E+001    0.5506347656E+000
 0.1616162    0.1125146484E+001    0.5340576172E+000
 0.1717172    0.1135058594E+001    0.5361083984E+000
 0.1818182    0.1131591797E+001    0.5284179688E+000
 0.1919192    0.1120922852E+001    0.5444824219E+000
 0.2020202    0.1124121094E+001    0.5042968750E+000
 0.2121212    0.1087158203E+001    0.5096923828E+000
 0.2222222    0.1058154297E+001    0.4791015625E+000
 0.2323232    0.1108398437E+001    0.5059814453E+000
 0.2424242    0.1036401367E+001    0.4782958984E+000
 0.2525253    0.1019702148E+001    0.4524169922E+000
 0.2626263    0.1014282227E+001    0.4782470703E+000
 0.2727273    0.9939697266E+000    0.4599609375E+000
 0.2828283    0.9661132813E+000    0.4436523438E+000
 0.2929293    0.9455810547E+000    0.4143310547E+000
 0.3030303    0.9561035156E+000    0.4168945313E+000
 0.3131313    0.8715332031E+000    0.3726562500E+000
 0.3232323    0.8857666016E+000    0.3724365234E+000
 0.3333333    0.7910400391E+000    0.3440917969E+000
 0.3434343    0.7521972656E+000    0.3345214844E+000
 0.3535354    0.7372314453E+000    0.3053222656E+000
 0.3636364    0.6877441406E+000    0.2982421875E+000
 0.3737374    0.6940917969E+000    0.2942626953E+000
 0.3838384    0.6528808594E+000    0.2675781250E+000
 0.3939394    0.5801269531E+000    0.2296142578E+000
 0.4040404    0.5706298828E+000    0.2461669922E+000
 0.4141414    0.4552734375E+000    0.1854736328E+000
 0.4242424    0.4977294922E+000    0.1857177734E+000
 0.4343434    0.4015380859E+000    0.1594726563E+000
 0.4444444    0.4081787109E+000    0.1668701172E+000
 0.4545455    0.3427490234E+000    0.1139648438E+000
 0.4646465    0.3045166016E+000    0.1029296875E+000
 0.4747475    0.2716064453E+000    0.1351318359E+000
 0.4848485    0.2424560547E+000    0.7639160156E-001
 0.4949495    0.1753173828E+000    0.4782714844E-001
 0.5050505    0.1560546875E+000    0.6057128906E-001
 0.5151515    0.1306640625E+000    0.6447753906E-001
 0.5252525    0.1479980469E+000    0.5312500000E-001
 0.5353535    0.1793457031E+000    0.4953613281E-001
 0.5454545    0.1200439453E+000    0.4741210938E-001
 0.5555556    0.1943115234E+000    0.3801269531E-001
 0.5656566    0.1610839844E+000    0.5380859375E-001
 0.5757576    0.1482666016E+000    0.4157714844E-001
 0.5858586    0.1622802734E+000    0.5034179688E-001
 0.5959596    0.1903808594E+000    0.4543457031E-001
 0.6060606    0.1276611328E+000    0.6166992188E-001
 0.6161616    0.1409912109E+000    0.4484863281E-001
 0.6262626    0.1445556641E+000    0.6210937500E-001
 0.6363636    0.1339111328E+000    0.4926757813E-001
 0.6464646    0.1183837891E+000    0.2653808594E-001
 0.6565657    0.1364990234E+000    0.3034667969E-001
 0.6666667    0.1697265625E+000    0.2456054687E-001
 0.6767677    0.1423583984E+000    0.2409667969E-001
 0.6868687    0.1192382813E+000    0.6350097656E-001
 0.6969697    0.1147216797E+000    0.7136230469E-001
 0.7070707    0.1290771484E+000    0.4787597656E-001
 0.7171717    0.1276123047E+000    0.4670410156E-001
 0.7272727    0.1206542969E+000    0.3708496094E-001
 0.7373737    0.1270507813E+000    0.4440917969E-001
 0.7474747    0.1469970703E+000    0.5378417969E-001
 0.7575758    0.1453613281E+000    0.6577148438E-001
 0.7676768    0.1364013672E+000    0.4072265625E-001
 0.7777778    0.1429931641E+000    0.6301269531E-001
 0.7878788    0.9477539063E-001    0.2062988281E-001
 0.7979798    0.1283935547E+000    0.4006347656E-001
 0.8080808    0.1344970703E+000    0.4020996094E-001
 0.8181818    0.1251953125E+000    0.4780273438E-001
 0.8282828    0.1356445313E+000    0.5717773438E-001
 0.8383838    0.1117919922E+000    0.4436035156E-001
 0.8484848    0.1170654297E+000    0.3647460938E-001
 0.8585859    0.1414550781E+000    0.5361328125E-001
 0.8686869    0.1272949219E+000    0.3901367187E-001
 0.8787879    0.1084472656E+000    0.2768554688E-001
 0.8888889    0.8625488281E-001    0.0000000000E+000
 0.8989899    0.1140625000E+000    0.3896484375E-001
 0.9090909    0.1202636719E+000    0.3762207031E-001
 0.9191919    0.9780273438E-001    0.1733398438E-001
 0.9292929    0.1699951172E+000    0.9079589844E-001
 0.9393939    0.1279296875E+000    0.3168945313E-001
 0.9494949    0.1265380859E+000    0.3125000000E-001
 0.9595960    0.8378906250E-001    0.1997070313E-001
 0.9696970    0.1678955078E+000    0.8862304688E-001
 0.9797980    0.1565673828E+000    0.7478027344E-001
 0.9898990    0.1316406250E+000    0.3288574219E-001
 1.0000000    0.1070068359E+000    0.1337890625E-001


