# Cycle, (Average volume(Ib), Ib=1,N_Box)
    100100   0.3681368887E+005   0.1596603949E+006
    100200   0.3679270242E+005   0.1579554998E+006
    100300   0.3713866565E+005   0.1563699050E+006
    100400   0.3727932981E+005   0.1569796520E+006
    100500   0.3731035368E+005   0.1570254013E+006
    100600   0.3744357316E+005   0.1556398641E+006
    100700   0.3757581449E+005   0.1557277423E+006
    100800   0.3767007926E+005   0.1556178993E+006
    100900   0.3767913159E+005   0.1541550486E+006
    101000   0.3762439054E+005   0.1526163741E+006
    101100   0.3759371614E+005   0.1528432259E+006
    101200   0.3757748549E+005   0.1537821334E+006
    101300   0.3751126218E+005   0.1535624089E+006
    101400   0.3742427818E+005   0.1533369884E+006
    101500   0.3727502888E+005   0.1535342199E+006
    101600   0.3713047741E+005   0.1541341753E+006
    101700   0.3693240855E+005   0.1556445778E+006
    101800   0.3680495364E+005   0.1556601534E+006
    101900   0.3666215915E+005   0.1552588341E+006
    102000   0.3654204361E+005   0.1554876891E+006
    102100   0.3643385352E+005   0.1552891432E+006
    102200   0.3634901861E+005   0.1552505370E+006
    102300   0.3628060416E+005   0.1553396127E+006
    102400   0.3623752777E+005   0.1551370658E+006
    102500   0.3619146036E+005   0.1551556743E+006
    102600   0.3615213389E+005   0.1549032011E+006
    102700   0.3610474445E+005   0.1549882193E+006
    102800   0.3604820204E+005   0.1554032803E+006
    102900   0.3598272201E+005   0.1559017932E+006
    103000   0.3593068655E+005   0.1560271208E+006
    103100   0.3585854158E+005   0.1560928649E+006
    103200   0.3579426631E+005   0.1562233341E+006
    103300   0.3572525695E+005   0.1563061949E+006
    103400   0.3568236957E+005   0.1563346169E+006
    103500   0.3564661707E+005   0.1562210550E+006
    103600   0.3560371617E+005   0.1562926338E+006
    103700   0.3555777624E+005   0.1566603729E+006
    103800   0.3550573916E+005   0.1569126129E+006
    103900   0.3545917903E+005   0.1572112949E+006
    104000   0.3541563876E+005   0.1573856162E+006
    104100   0.3538699095E+005   0.1574248952E+006
    104200   0.3534481735E+005   0.1572968682E+006
    104300   0.3528881913E+005   0.1573053581E+006
    104400   0.3523939370E+005   0.1573443564E+006
    104500   0.3520088004E+005   0.1573630364E+006
    104600   0.3517021747E+005   0.1574866169E+006
    104700   0.3513280013E+005   0.1575056838E+006
    104800   0.3510483988E+005   0.1574139626E+006
    104900   0.3506800369E+005   0.1574237115E+006
    105000   0.3501870755E+005   0.1572804853E+006
    105100   0.3497318607E+005   0.1572062271E+006
    105200   0.3494759007E+005   0.1573912025E+006
    105300   0.3492534619E+005   0.1574425169E+006
    105400   0.3492247423E+005   0.1578277741E+006
    105500   0.3489715944E+005   0.1581103647E+006
    105600   0.3485540924E+005   0.1578588269E+006
    105700   0.3481812010E+005   0.1576844332E+006
    105800   0.3477425361E+005   0.1578428554E+006
    105900   0.3473896924E+005   0.1580497117E+006
    106000   0.3470139042E+005   0.1580253451E+006
    106100   0.3467879872E+005   0.1580348074E+006
    106200   0.3465999927E+005   0.1581313411E+006
    106300   0.3463242005E+005   0.1583703274E+006
    106400   0.3460835717E+005   0.1584399073E+006
    106500   0.3458912095E+005   0.1585719082E+006
    106600   0.3456392921E+005   0.1586498691E+006
    106700   0.3452870458E+005   0.1585356981E+006
    106800   0.3448954898E+005   0.1584618021E+006
    106900   0.3447712995E+005   0.1586443448E+006
    107000   0.3446595540E+005   0.1589244102E+006
    107100   0.3444981650E+005   0.1590713831E+006
    107200   0.3442846909E+005   0.1592363366E+006
    107300   0.3441258229E+005   0.1593694044E+006
    107400   0.3441045604E+005   0.1593398208E+006
    107500   0.3440969616E+005   0.1594123253E+006
    107600   0.3441289899E+005   0.1593199110E+006
    107700   0.3441820119E+005   0.1592008037E+006
    107800   0.3442073120E+005   0.1590874715E+006
    107900   0.3443097298E+005   0.1591261728E+006
    108000   0.3444698134E+005   0.1589604147E+006
    108100   0.3446511233E+005   0.1589198227E+006
    108200   0.3449047944E+005   0.1588993824E+006
    108300   0.3450333112E+005   0.1587147271E+006
    108400   0.3452422649E+005   0.1586883808E+006
    108500   0.3454412579E+005   0.1585450430E+006
    108600   0.3455638747E+005   0.1585555986E+006
    108700   0.3457018855E+005   0.1585815461E+006
    108800   0.3457814559E+005   0.1585087077E+006
    108900   0.3458744208E+005   0.1584849167E+006
    109000   0.3459796753E+005   0.1583882524E+006
    109100   0.3460476329E+005   0.1583274332E+006
    109200   0.3462041673E+005   0.1582688199E+006
    109300   0.3463409932E+005   0.1581906407E+006
    109400   0.3464622599E+005   0.1581181195E+006
    109500   0.3466383783E+005   0.1581019732E+006
    109600   0.3467826935E+005   0.1581265918E+006
    109700   0.3469936299E+005   0.1579542740E+006
    109800   0.3471471020E+005   0.1579236797E+006
    109900   0.3473826612E+005   0.1579195482E+006
    110000   0.3476182215E+005   0.1578193819E+006
    110100   0.3478205006E+005   0.1577041943E+006
    110200   0.3479333072E+005   0.1576198663E+006
    110300   0.3480778442E+005   0.1575995744E+006
    110400   0.3482924191E+005   0.1574807932E+006
    110500   0.3485444635E+005   0.1573510459E+006
    110600   0.3487772245E+005   0.1571733564E+006
    110700   0.3489415718E+005   0.1571535407E+006
    110800   0.3491002528E+005   0.1571647557E+006
    110900   0.3491418539E+005   0.1571970790E+006
    111000   0.3491961781E+005   0.1571870259E+006
    111100   0.3492673100E+005   0.1571237340E+006
    111200   0.3493873864E+005   0.1570105042E+006
    111300   0.3494322569E+005   0.1568994011E+006
    111400   0.3494748073E+005   0.1567789081E+006
    111500   0.3495111601E+005   0.1567113555E+006
    111600   0.3495586600E+005   0.1567503104E+006
    111700   0.3496386094E+005   0.1567219833E+006
    111800   0.3497694657E+005   0.1567311713E+006
    111900   0.3498918086E+005   0.1568170412E+006
    112000   0.3499874633E+005   0.1568755666E+006
    112100   0.3501028225E+005   0.1568925596E+006
    112200   0.3502057483E+005   0.1568705945E+006
    112300   0.3503122252E+005   0.1569339101E+006
    112400   0.3504580058E+005   0.1570249339E+006
    112500   0.3505570120E+005   0.1570647798E+006
    112600   0.3506970685E+005   0.1570082145E+006
    112700   0.3507893901E+005   0.1569627998E+006
    112800   0.3508722980E+005   0.1569448445E+006
    112900   0.3509140125E+005   0.1568889733E+006
    113000   0.3509623621E+005   0.1568807478E+006
    113100   0.3510498622E+005   0.1568482045E+006
    113200   0.3511469986E+005   0.1568289419E+006
    113300   0.3512793163E+005   0.1568112286E+006
    113400   0.3513892919E+005   0.1568730448E+006
    113500   0.3515076177E+005   0.1569549361E+006
    113600   0.3516287312E+005   0.1569076185E+006
    113700   0.3516845423E+005   0.1569288024E+006
    113800   0.3517602348E+005   0.1569062640E+006
    113900   0.3518354587E+005   0.1569016009E+006
    114000   0.3518984448E+005   0.1569576838E+006
    114100   0.3520036417E+005   0.1569800843E+006
    114200   0.3521154606E+005   0.1569633968E+006
    114300   0.3521976965E+005   0.1570063084E+006
    114400   0.3523063739E+005   0.1570360428E+006
    114500   0.3524707867E+005   0.1570072428E+006
    114600   0.3525840479E+005   0.1570360298E+006
    114700   0.3526779066E+005   0.1570290103E+006
    114800   0.3527459781E+005   0.1569591307E+006
    114900   0.3528138547E+005   0.1569164372E+006
    115000   0.3529307471E+005   0.1568753005E+006
    115100   0.3530368929E+005   0.1568616607E+006
    115200   0.3531188186E+005   0.1568500226E+006
    115300   0.3531987750E+005   0.1568497512E+006
    115400   0.3533350467E+005   0.1568217549E+006
    115500   0.3534696009E+005   0.1568013622E+006
    115600   0.3535966511E+005   0.1568120799E+006
    115700   0.3537279839E+005   0.1568241763E+006
    115800   0.3538750396E+005   0.1567355711E+006
    115900   0.3539725249E+005   0.1566005529E+006
    116000   0.3540282003E+005   0.1565517007E+006
    116100   0.3541404285E+005   0.1565375974E+006
    116200   0.3542624627E+005   0.1564664078E+006
    116300   0.3544004681E+005   0.1564463371E+006
    116400   0.3545552815E+005   0.1564664459E+006
    116500   0.3547095384E+005   0.1563751670E+006
    116600   0.3548191817E+005   0.1563885668E+006
    116700   0.3549635327E+005   0.1564580697E+006
    116800   0.3551236992E+005   0.1564012393E+006
    116900   0.3553021294E+005   0.1563601650E+006
    117000   0.3554752939E+005   0.1563553065E+006
    117100   0.3557178038E+005   0.1563368614E+006
    117200   0.3559309434E+005   0.1563144160E+006
    117300   0.3561267547E+005   0.1562615308E+006
    117400   0.3563501907E+005   0.1562434644E+006
    117500   0.3566013104E+005   0.1562291874E+006
    117600   0.3567785903E+005   0.1562016226E+006
    117700   0.3569890250E+005   0.1561356718E+006
    117800   0.3571758141E+005   0.1561167292E+006
    117900   0.3573406096E+005   0.1561149064E+006
    118000   0.3575115175E+005   0.1560985985E+006
    118100   0.3576424459E+005   0.1560938919E+006
    118200   0.3577297942E+005   0.1560739028E+006
    118300   0.3578394127E+005   0.1560415515E+006
    118400   0.3579524997E+005   0.1560401005E+006
    118500   0.3580898148E+005   0.1560675344E+006
    118600   0.3581898525E+005   0.1560192098E+006
    118700   0.3583012948E+005   0.1559671395E+006
    118800   0.3583801657E+005   0.1559714096E+006
    118900   0.3584380333E+005   0.1559517230E+006
    119000   0.3584574468E+005   0.1559186395E+006
    119100   0.3584533394E+005   0.1559270087E+006
    119200   0.3584777173E+005   0.1559228824E+006
    119300   0.3584881520E+005   0.1558993098E+006
    119400   0.3584807434E+005   0.1558719612E+006
    119500   0.3584888845E+005   0.1558010516E+006
    119600   0.3584841767E+005   0.1557622246E+006
    119700   0.3585117632E+005   0.1557301422E+006
    119800   0.3585411994E+005   0.1557016462E+006
    119900   0.3585943483E+005   0.1557231193E+006
    120000   0.3586750434E+005   0.1557702545E+006
    120100   0.3587312324E+005   0.1558102511E+006
    120200   0.3587503074E+005   0.1558098012E+006
    120300   0.3587952942E+005   0.1558061739E+006
    120400   0.3588238057E+005   0.1557897030E+006
    120500   0.3588783041E+005   0.1557332381E+006
    120600   0.3589273093E+005   0.1556822494E+006
    120700   0.3590067586E+005   0.1556963688E+006
    120800   0.3591003454E+005   0.1557332550E+006
    120900   0.3591596677E+005   0.1557975864E+006
    121000   0.3592132637E+005   0.1557599585E+006
    121100   0.3592704550E+005   0.1557454974E+006
    121200   0.3593698745E+005   0.1557576255E+006
    121300   0.3594635557E+005   0.1557285135E+006
    121400   0.3595069629E+005   0.1557044182E+006
    121500   0.3595459432E+005   0.1556884550E+006
    121600   0.3596004447E+005   0.1556887259E+006
    121700   0.3596477823E+005   0.1556625824E+006
    121800   0.3597081711E+005   0.1556487051E+006
    121900   0.3597593018E+005   0.1556450080E+006
    122000   0.3597960818E+005   0.1556068903E+006
    122100   0.3598197863E+005   0.1555568615E+006
    122200   0.3598240467E+005   0.1555451700E+006
    122300   0.3598263764E+005   0.1554938301E+006
    122400   0.3598301904E+005   0.1554647909E+006
    122500   0.3598049021E+005   0.1554661137E+006
    122600   0.3597974165E+005   0.1554053215E+006
    122700   0.3597944525E+005   0.1553620131E+006
    122800   0.3597172018E+005   0.1553535238E+006
    122900   0.3596362137E+005   0.1553538167E+006
    123000   0.3596025722E+005   0.1554037645E+006
    123100   0.3595622247E+005   0.1554398091E+006
    123200   0.3595138721E+005   0.1554049310E+006
    123300   0.3594851939E+005   0.1553872511E+006
    123400   0.3594416637E+005   0.1554048700E+006
    123500   0.3593873692E+005   0.1554332802E+006
    123600   0.3593303413E+005   0.1554225021E+006
    123700   0.3592676459E+005   0.1553582038E+006
    123800   0.3592141237E+005   0.1553270032E+006
    123900   0.3591511903E+005   0.1553214221E+006
    124000   0.3591100548E+005   0.1553819478E+006
    124100   0.3590783478E+005   0.1553761914E+006
    124200   0.3590032784E+005   0.1553370545E+006
    124300   0.3589419841E+005   0.1553471851E+006
    124400   0.3589195498E+005   0.1553605620E+006
    124500   0.3588663386E+005   0.1553342144E+006
    124600   0.3588095516E+005   0.1553283350E+006
    124700   0.3587611381E+005   0.1553241964E+006
    124800   0.3587062444E+005   0.1553520895E+006
    124900   0.3586639185E+005   0.1554118972E+006
    125000   0.3585989872E+005   0.1554542431E+006
    125100   0.3585307688E+005   0.1554507717E+006
    125200   0.3584891316E+005   0.1554401556E+006
    125300   0.3584440112E+005   0.1554129134E+006
    125400   0.3583878385E+005   0.1553507552E+006
    125500   0.3583010902E+005   0.1553298118E+006
    125600   0.3582555762E+005   0.1553103992E+006
    125700   0.3582273349E+005   0.1553119050E+006
    125800   0.3581956062E+005   0.1553048469E+006
    125900   0.3581744200E+005   0.1552658360E+006
    126000   0.3581802518E+005   0.1552060134E+006
    126100   0.3582042335E+005   0.1551544332E+006
    126200   0.3582309386E+005   0.1551311058E+006
    126300   0.3582712292E+005   0.1551497522E+006
    126400   0.3582915228E+005   0.1551682782E+006
    126500   0.3582991493E+005   0.1552303766E+006
    126600   0.3583204663E+005   0.1552317386E+006
    126700   0.3583243753E+005   0.1552203138E+006
    126800   0.3583040940E+005   0.1552313118E+006
    126900   0.3582968127E+005   0.1552249549E+006
    127000   0.3582994224E+005   0.1552154844E+006
    127100   0.3583156535E+005   0.1552392629E+006
    127200   0.3583154230E+005   0.1552618625E+006
    127300   0.3583255312E+005   0.1552583013E+006
    127400   0.3583335421E+005   0.1552375697E+006
    127500   0.3583425465E+005   0.1551883123E+006
    127600   0.3583538253E+005   0.1551519167E+006
    127700   0.3583605876E+005   0.1551287848E+006
    127800   0.3583973074E+005   0.1551331627E+006
    127900   0.3584583741E+005   0.1551041817E+006
    128000   0.3585476463E+005   0.1550626960E+006
    128100   0.3586169400E+005   0.1550325423E+006
    128200   0.3586749695E+005   0.1550422604E+006
    128300   0.3587245202E+005   0.1550629023E+006
    128400   0.3587566422E+005   0.1550908136E+006
    128500   0.3588110537E+005   0.1550963372E+006
    128600   0.3588694242E+005   0.1550401686E+006
    128700   0.3589063214E+005   0.1550146216E+006
    128800   0.3589420537E+005   0.1549622420E+006
    128900   0.3590079712E+005   0.1549143978E+006
    129000   0.3590595010E+005   0.1548943707E+006
    129100   0.3591059927E+005   0.1548792995E+006
    129200   0.3591432673E+005   0.1548577712E+006
    129300   0.3591619530E+005   0.1548363493E+006
    129400   0.3591756669E+005   0.1548440457E+006
    129500   0.3592055413E+005   0.1548269097E+006
    129600   0.3592205374E+005   0.1548060704E+006
    129700   0.3592190279E+005   0.1548068379E+006
    129800   0.3592258238E+005   0.1548352459E+006
    129900   0.3591971377E+005   0.1548309582E+006
    130000   0.3591620150E+005   0.1548062945E+006
    130100   0.3591118655E+005   0.1548245324E+006
    130200   0.3590609187E+005   0.1548609888E+006
    130300   0.3589984638E+005   0.1548668197E+006
    130400   0.3589694700E+005   0.1548841711E+006
    130500   0.3589272929E+005   0.1548903057E+006
    130600   0.3588804837E+005   0.1548625221E+006
    130700   0.3588511607E+005   0.1548233295E+006
    130800   0.3588314672E+005   0.1547837332E+006
    130900   0.3587939783E+005   0.1547813861E+006
    131000   0.3587532144E+005   0.1548011990E+006
    131100   0.3587511436E+005   0.1548045466E+006
    131200   0.3587390392E+005   0.1548238072E+006
    131300   0.3587372879E+005   0.1548449584E+006
    131400   0.3587402330E+005   0.1548788654E+006
    131500   0.3587490659E+005   0.1549633622E+006
    131600   0.3587717704E+005   0.1549793502E+006
    131700   0.3587842272E+005   0.1549836846E+006
    131800   0.3587720310E+005   0.1549906347E+006
    131900   0.3587607538E+005   0.1549942263E+006
    132000   0.3587406918E+005   0.1550100227E+006
    132100   0.3587159694E+005   0.1550139514E+006
    132200   0.3586596761E+005   0.1550276940E+006
    132300   0.3585842406E+005   0.1550795402E+006
    132400   0.3585291028E+005   0.1551270467E+006
    132500   0.3584666020E+005   0.1551786778E+006
    132600   0.3583930847E+005   0.1552289961E+006
    132700   0.3583225785E+005   0.1552842862E+006
    132800   0.3582458179E+005   0.1553225181E+006
    132900   0.3581716644E+005   0.1553215709E+006
    133000   0.3580943737E+005   0.1553548108E+006
    133100   0.3580043994E+005   0.1553443911E+006
    133200   0.3579092554E+005   0.1553349388E+006
    133300   0.3578314908E+005   0.1553477184E+006
    133400   0.3577633774E+005   0.1553717696E+006
    133500   0.3576792202E+005   0.1553591067E+006
    133600   0.3575907767E+005   0.1553984094E+006
    133700   0.3575332398E+005   0.1554170413E+006
    133800   0.3574739604E+005   0.1554341783E+006
    133900   0.3574227615E+005   0.1554699461E+006
    134000   0.3573629644E+005   0.1555003451E+006
    134100   0.3573082540E+005   0.1555260473E+006
    134200   0.3572489156E+005   0.1555468063E+006
    134300   0.3571996560E+005   0.1555619701E+006
    134400   0.3571631290E+005   0.1555811850E+006
    134500   0.3571120979E+005   0.1555850036E+006
    134600   0.3570470804E+005   0.1555942137E+006
    134700   0.3569937232E+005   0.1555947580E+006
    134800   0.3569436049E+005   0.1555896550E+006
    134900   0.3569059529E+005   0.1555738920E+006
    135000   0.3568528699E+005   0.1555918280E+006
    135100   0.3567821964E+005   0.1556028514E+006
    135200   0.3567148679E+005   0.1556405458E+006
    135300   0.3566566822E+005   0.1556745932E+006
    135400   0.3565960082E+005   0.1557021367E+006
    135500   0.3565521601E+005   0.1557482374E+006
    135600   0.3564931095E+005   0.1557932853E+006
    135700   0.3564218959E+005   0.1558298769E+006
    135800   0.3563588050E+005   0.1558548974E+006
    135900   0.3562914863E+005   0.1558639479E+006
    136000   0.3562366723E+005   0.1559107814E+006
    136100   0.3561800435E+005   0.1559378951E+006
    136200   0.3561037099E+005   0.1559578814E+006
    136300   0.3560455788E+005   0.1559618958E+006
    136400   0.3559957520E+005   0.1559449814E+006
    136500   0.3559419807E+005   0.1559800921E+006
    136600   0.3558871948E+005   0.1559852664E+006
    136700   0.3558415860E+005   0.1559968874E+006
    136800   0.3557684720E+005   0.1560251162E+006
    136900   0.3556976477E+005   0.1561097860E+006
    137000   0.3556363536E+005   0.1561928139E+006
    137100   0.3555966867E+005   0.1562598129E+006
    137200   0.3555622046E+005   0.1562641481E+006
    137300   0.3555411945E+005   0.1562795384E+006
    137400   0.3555126237E+005   0.1562697252E+006
    137500   0.3554837757E+005   0.1562576035E+006
    137600   0.3554444260E+005   0.1562547832E+006
    137700   0.3554098001E+005   0.1563238581E+006
    137800   0.3554235793E+005   0.1563523378E+006
    137900   0.3554179673E+005   0.1563564619E+006
    138000   0.3554024700E+005   0.1563492853E+006
    138100   0.3553891142E+005   0.1563460568E+006
    138200   0.3553738205E+005   0.1563295755E+006
    138300   0.3553471760E+005   0.1563542710E+006
    138400   0.3553298023E+005   0.1563588771E+006
    138500   0.3553232180E+005   0.1563091837E+006
    138600   0.3553166149E+005   0.1563021071E+006
    138700   0.3553062453E+005   0.1562944392E+006
    138800   0.3553001577E+005   0.1563135271E+006
    138900   0.3553059304E+005   0.1563143330E+006
    139000   0.3553128841E+005   0.1563219108E+006
    139100   0.3553254995E+005   0.1563162164E+006
    139200   0.3553178075E+005   0.1563132674E+006
    139300   0.3553114474E+005   0.1563139461E+006
    139400   0.3552989626E+005   0.1563345817E+006
    139500   0.3552805544E+005   0.1563882126E+006
    139600   0.3552674981E+005   0.1563941447E+006
    139700   0.3552708799E+005   0.1563918129E+006
    139800   0.3552716912E+005   0.1563750167E+006
    139900   0.3552782007E+005   0.1563620590E+006
    140000   0.3552919297E+005   0.1563407431E+006
    140100   0.3553144919E+005   0.1563407580E+006
    140200   0.3553314039E+005   0.1563391949E+006
    140300   0.3553467010E+005   0.1563443972E+006
    140400   0.3553542083E+005   0.1563414883E+006
    140500   0.3553534504E+005   0.1563200127E+006
    140600   0.3553486651E+005   0.1563241337E+006
    140700   0.3553539614E+005   0.1563140605E+006
    140800   0.3553567530E+005   0.1563107090E+006
    140900   0.3553693445E+005   0.1563186804E+006
    141000   0.3553790314E+005   0.1563163180E+006
    141100   0.3553865394E+005   0.1563282590E+006
    141200   0.3553869604E+005   0.1563269988E+006
    141300   0.3553767868E+005   0.1563404020E+006
    141400   0.3553754163E+005   0.1563444827E+006
    141500   0.3553712662E+005   0.1563339790E+006
    141600   0.3553533564E+005   0.1563213253E+006
    141700   0.3553269030E+005   0.1563426451E+006
    141800   0.3553043213E+005   0.1563328142E+006
    141900   0.3552821580E+005   0.1563061637E+006
    142000   0.3552829058E+005   0.1563009034E+006
    142100   0.3552710767E+005   0.1562838495E+006
    142200   0.3552448572E+005   0.1562509361E+006
    142300   0.3552141789E+005   0.1562160562E+006
    142400   0.3551878743E+005   0.1562138818E+006
    142500   0.3551569178E+005   0.1562025578E+006
    142600   0.3551388705E+005   0.1562104113E+006
    142700   0.3551316435E+005   0.1562244340E+006
    142800   0.3551299287E+005   0.1562181284E+006
    142900   0.3551201317E+005   0.1561979390E+006
    143000   0.3551017471E+005   0.1561789336E+006
    143100   0.3550763339E+005   0.1561739475E+006
    143200   0.3550362195E+005   0.1561955527E+006
    143300   0.3549870673E+005   0.1562393266E+006
    143400   0.3549444650E+005   0.1562908670E+006
    143500   0.3549037943E+005   0.1562810118E+006
    143600   0.3548584790E+005   0.1562818626E+006
    143700   0.3547906885E+005   0.1563175283E+006
    143800   0.3547074381E+005   0.1563388754E+006
    143900   0.3546243501E+005   0.1563342737E+006
    144000   0.3545526909E+005   0.1563229240E+006
    144100   0.3544833816E+005   0.1563363789E+006
    144200   0.3544280329E+005   0.1563305113E+006
    144300   0.3543591984E+005   0.1563226985E+006
    144400   0.3542907895E+005   0.1563381876E+006
    144500   0.3542423968E+005   0.1563570062E+006
    144600   0.3541981856E+005   0.1563708300E+006
    144700   0.3541175076E+005   0.1563729079E+006
    144800   0.3540784011E+005   0.1563865901E+006
    144900   0.3540400820E+005   0.1563937919E+006
    145000   0.3540104935E+005   0.1564238618E+006
    145100   0.3539453765E+005   0.1564563129E+006
    145200   0.3538916304E+005   0.1564794618E+006
    145300   0.3538600560E+005   0.1564428764E+006
    145400   0.3538364829E+005   0.1564344424E+006
    145500   0.3538282118E+005   0.1564499129E+006
    145600   0.3538346533E+005   0.1564375889E+006
    145700   0.3538513397E+005   0.1564264464E+006
    145800   0.3538623863E+005   0.1564278382E+006
    145900   0.3538501855E+005   0.1564422215E+006
    146000   0.3538355342E+005   0.1564673675E+006
    146100   0.3538232089E+005   0.1564535423E+006
    146200   0.3538150312E+005   0.1564516204E+006
    146300   0.3537957740E+005   0.1564448412E+006
    146400   0.3537791662E+005   0.1564409905E+006
    146500   0.3537670450E+005   0.1564489474E+006
    146600   0.3537544864E+005   0.1564467887E+006
    146700   0.3537414359E+005   0.1564559069E+006
    146800   0.3537220276E+005   0.1564380404E+006
    146900   0.3537217490E+005   0.1564122404E+006
    147000   0.3537319763E+005   0.1563842659E+006
    147100   0.3537349505E+005   0.1563524937E+006
    147200   0.3537363711E+005   0.1563203093E+006
    147300   0.3537474465E+005   0.1562972410E+006
    147400   0.3537677113E+005   0.1562825259E+006
    147500   0.3537951296E+005   0.1562727309E+006
    147600   0.3538080077E+005   0.1562722734E+006
    147700   0.3538169562E+005   0.1562775627E+006
    147800   0.3538170853E+005   0.1562861896E+006
    147900   0.3538072076E+005   0.1562912185E+006
    148000   0.3538024161E+005   0.1563088338E+006
    148100   0.3537868829E+005   0.1562982404E+006
    148200   0.3537916228E+005   0.1562986014E+006
    148300   0.3537855907E+005   0.1563070783E+006
    148400   0.3537538397E+005   0.1563143132E+006
    148500   0.3537324937E+005   0.1562986374E+006
    148600   0.3537162562E+005   0.1563155294E+006
    148700   0.3536826592E+005   0.1563631828E+006
    148800   0.3536360374E+005   0.1563832953E+006
    148900   0.3535850366E+005   0.1563990987E+006
    149000   0.3535249495E+005   0.1564117145E+006
    149100   0.3534749394E+005   0.1564311029E+006
    149200   0.3534331859E+005   0.1564504038E+006
    149300   0.3534087107E+005   0.1564536416E+006
    149400   0.3533872193E+005   0.1564621112E+006
    149500   0.3533642523E+005   0.1564864568E+006
    149600   0.3533440754E+005   0.1564959127E+006
    149700   0.3533084789E+005   0.1564953684E+006
    149800   0.3532655140E+005   0.1564972307E+006
    149900   0.3532276288E+005   0.1565115261E+006
    150000   0.3531961312E+005   0.1565198933E+006
    150100   0.3531730783E+005   0.1565194749E+006
    150200   0.3531368919E+005   0.1565120123E+006
    150300   0.3530981860E+005   0.1565118290E+006
    150400   0.3530615900E+005   0.1565250035E+006
    150500   0.3530153870E+005   0.1565175385E+006
    150600   0.3529786953E+005   0.1565324404E+006
    150700   0.3529407641E+005   0.1565614219E+006
    150800   0.3528984947E+005   0.1565573788E+006
    150900   0.3528620714E+005   0.1565772929E+006
    151000   0.3528018188E+005   0.1565650796E+006
    151100   0.3527578125E+005   0.1565434181E+006
    151200   0.3527165865E+005   0.1565359794E+006
    151300   0.3526709602E+005   0.1565251539E+006
    151400   0.3526320036E+005   0.1565151560E+006
    151500   0.3525784394E+005   0.1565240957E+006
    151600   0.3525293959E+005   0.1565328086E+006
    151700   0.3524868579E+005   0.1565596040E+006
    151800   0.3524462491E+005   0.1565813995E+006
    151900   0.3523805776E+005   0.1566075186E+006
    152000   0.3523050404E+005   0.1566326240E+006
    152100   0.3522438649E+005   0.1566646815E+006
    152200   0.3521634818E+005   0.1566910368E+006
    152300   0.3520941515E+005   0.1567008872E+006
    152400   0.3520394933E+005   0.1567151622E+006
    152500   0.3519997147E+005   0.1567354089E+006
    152600   0.3519674637E+005   0.1567316690E+006
    152700   0.3519297496E+005   0.1567221046E+006
    152800   0.3518952617E+005   0.1567058063E+006
    152900   0.3518578284E+005   0.1567038327E+006
    153000   0.3518267835E+005   0.1567097523E+006
    153100   0.3517805594E+005   0.1567087091E+006
    153200   0.3517426517E+005   0.1567035454E+006
    153300   0.3517196720E+005   0.1567222231E+006
    153400   0.3517023872E+005   0.1567233884E+006
    153500   0.3516727910E+005   0.1567354454E+006
    153600   0.3516393641E+005   0.1567722972E+006
    153700   0.3516077643E+005   0.1567848663E+006
    153800   0.3515592990E+005   0.1567824285E+006
    153900   0.3515058491E+005   0.1567942409E+006
    154000   0.3514734121E+005   0.1568014316E+006
    154100   0.3514432147E+005   0.1568132600E+006
    154200   0.3514067410E+005   0.1568459472E+006
    154300   0.3513434492E+005   0.1568598695E+006
    154400   0.3512788585E+005   0.1568681947E+006
    154500   0.3511915697E+005   0.1568927271E+006
    154600   0.3511178508E+005   0.1569129172E+006
    154700   0.3510450844E+005   0.1569170344E+006
    154800   0.3509922576E+005   0.1569092681E+006
    154900   0.3509310647E+005   0.1569070218E+006
    155000   0.3508543219E+005   0.1569068833E+006
    155100   0.3507810392E+005   0.1569194382E+006
    155200   0.3506993971E+005   0.1569426358E+006
    155300   0.3506234418E+005   0.1569483600E+006
    155400   0.3505502727E+005   0.1569519991E+006
    155500   0.3504819500E+005   0.1569664543E+006
    155600   0.3503864324E+005   0.1569928351E+006
    155700   0.3503008015E+005   0.1569953266E+006
    155800   0.3502329319E+005   0.1570284066E+006
    155900   0.3501635319E+005   0.1570794705E+006
    156000   0.3500957199E+005   0.1571080759E+006
    156100   0.3500223270E+005   0.1571211860E+006
    156200   0.3499458039E+005   0.1571400006E+006
    156300   0.3498578116E+005   0.1571670907E+006
    156400   0.3497765431E+005   0.1572172195E+006
    156500   0.3496894482E+005   0.1572421397E+006
    156600   0.3495962137E+005   0.1572689844E+006
    156700   0.3494978325E+005   0.1572821041E+006
    156800   0.3494046572E+005   0.1573089851E+006
    156900   0.3493182659E+005   0.1573405443E+006
    157000   0.3492280105E+005   0.1573497883E+006
    157100   0.3491651523E+005   0.1573487046E+006
    157200   0.3490830732E+005   0.1573586300E+006
    157300   0.3489938724E+005   0.1573841641E+006
    157400   0.3489179035E+005   0.1574078532E+006
    157500   0.3488611684E+005   0.1574027563E+006
    157600   0.3488029743E+005   0.1573955849E+006
    157700   0.3487321844E+005   0.1574243028E+006
    157800   0.3486538291E+005   0.1574601653E+006
    157900   0.3485928077E+005   0.1574761863E+006
    158000   0.3485240180E+005   0.1574883707E+006
    158100   0.3484499263E+005   0.1574867713E+006
    158200   0.3483784310E+005   0.1575066400E+006
    158300   0.3483131312E+005   0.1575260168E+006
    158400   0.3482468908E+005   0.1575464123E+006
    158500   0.3481924760E+005   0.1575757299E+006
    158600   0.3481415467E+005   0.1575907096E+006
    158700   0.3480673805E+005   0.1576291411E+006
    158800   0.3479929203E+005   0.1576578911E+006
    158900   0.3479109048E+005   0.1576983358E+006
    159000   0.3478432820E+005   0.1577216251E+006
    159100   0.3477538397E+005   0.1577603736E+006
    159200   0.3476792707E+005   0.1577826275E+006
    159300   0.3476051418E+005   0.1577989134E+006
    159400   0.3475310888E+005   0.1578269140E+006
    159500   0.3474426337E+005   0.1578645860E+006
    159600   0.3473347576E+005   0.1579098265E+006
    159700   0.3472447533E+005   0.1579344891E+006
    159800   0.3471768577E+005   0.1579498518E+006
    159900   0.3471034469E+005   0.1579415353E+006
    160000   0.3470279042E+005   0.1579476807E+006
    160100   0.3469577112E+005   0.1579587775E+006
    160200   0.3468952373E+005   0.1579879393E+006
    160300   0.3468306058E+005   0.1580104939E+006
    160400   0.3467499649E+005   0.1580369475E+006
    160500   0.3466813244E+005   0.1580505942E+006
    160600   0.3465909026E+005   0.1580639716E+006
    160700   0.3465088696E+005   0.1580694307E+006
    160800   0.3464229883E+005   0.1580714404E+006
    160900   0.3463239568E+005   0.1580883983E+006
    161000   0.3462227982E+005   0.1581048187E+006
    161100   0.3461101901E+005   0.1581337005E+006
    161200   0.3460178522E+005   0.1581528221E+006
    161300   0.3459368986E+005   0.1581591338E+006
    161400   0.3458636198E+005   0.1581773039E+006
    161500   0.3457895082E+005   0.1581850604E+006
    161600   0.3457217056E+005   0.1582069807E+006
    161700   0.3456516659E+005   0.1582185695E+006
    161800   0.3455773267E+005   0.1582339041E+006
    161900   0.3455224047E+005   0.1582528710E+006
    162000   0.3454524965E+005   0.1582793010E+006
    162100   0.3453860725E+005   0.1582810382E+006
    162200   0.3453041798E+005   0.1582980702E+006
    162300   0.3452351035E+005   0.1583133748E+006
    162400   0.3451716100E+005   0.1583373341E+006
    162500   0.3451241159E+005   0.1583467137E+006
    162600   0.3450686216E+005   0.1583586126E+006
    162700   0.3450014031E+005   0.1583786804E+006
    162800   0.3449295980E+005   0.1583791848E+006
    162900   0.3448528446E+005   0.1583998121E+006
    163000   0.3447661899E+005   0.1584317133E+006
    163100   0.3446805126E+005   0.1584732572E+006
    163200   0.3445965523E+005   0.1585144201E+006
    163300   0.3445288776E+005   0.1585658134E+006
    163400   0.3444665331E+005   0.1585927728E+006
    163500   0.3443990203E+005   0.1586344388E+006
    163600   0.3443343086E+005   0.1586671118E+006
    163700   0.3442739474E+005   0.1587004248E+006
    163800   0.3442281401E+005   0.1587119932E+006
    163900   0.3441798082E+005   0.1587204450E+006
    164000   0.3441301657E+005   0.1587382082E+006
    164100   0.3440779681E+005   0.1587352138E+006
    164200   0.3440228176E+005   0.1587479030E+006
    164300   0.3439690749E+005   0.1587691913E+006
    164400   0.3439038243E+005   0.1587656274E+006
    164500   0.3438272431E+005   0.1587778343E+006
    164600   0.3437720787E+005   0.1587812749E+006
    164700   0.3437100425E+005   0.1587790932E+006
    164800   0.3436555942E+005   0.1587837410E+006
    164900   0.3435970782E+005   0.1588028285E+006
    165000   0.3435351228E+005   0.1588253200E+006
    165100   0.3434698333E+005   0.1588430930E+006
    165200   0.3434095703E+005   0.1588555823E+006
    165300   0.3433627229E+005   0.1588630317E+006
    165400   0.3433274484E+005   0.1588573230E+006
    165500   0.3432885617E+005   0.1588635821E+006
    165600   0.3432430984E+005   0.1588840744E+006
    165700   0.3431949461E+005   0.1589092439E+006
    165800   0.3431571670E+005   0.1589150106E+006
    165900   0.3431136437E+005   0.1589280004E+006
    166000   0.3430734671E+005   0.1589456924E+006
    166100   0.3430351655E+005   0.1589583486E+006
    166200   0.3429932755E+005   0.1589669037E+006
    166300   0.3429471096E+005   0.1589712312E+006
    166400   0.3428918740E+005   0.1589829435E+006
    166500   0.3428199709E+005   0.1589827271E+006
    166600   0.3427491011E+005   0.1589814802E+006
    166700   0.3426820609E+005   0.1589889399E+006
    166800   0.3426289489E+005   0.1590110375E+006
    166900   0.3425825659E+005   0.1590377411E+006
    167000   0.3425243297E+005   0.1590646003E+006
    167100   0.3424635741E+005   0.1590933689E+006
    167200   0.3424073239E+005   0.1591189558E+006
    167300   0.3423457114E+005   0.1591263766E+006
    167400   0.3422898531E+005   0.1591414228E+006
    167500   0.3422355403E+005   0.1591683883E+006
    167600   0.3421887404E+005   0.1591925177E+006
    167700   0.3421435519E+005   0.1591870266E+006
    167800   0.3420975766E+005   0.1591824048E+006
    167900   0.3420515433E+005   0.1591773093E+006
    168000   0.3420149422E+005   0.1591773673E+006
    168100   0.3419689936E+005   0.1591808453E+006
    168200   0.3419081135E+005   0.1591756062E+006
    168300   0.3418701828E+005   0.1591794931E+006
    168400   0.3418320773E+005   0.1591983595E+006
    168500   0.3418018120E+005   0.1592081488E+006
    168600   0.3417588668E+005   0.1592373013E+006
    168700   0.3417212660E+005   0.1592529316E+006
    168800   0.3416742478E+005   0.1592646545E+006
    168900   0.3416285088E+005   0.1592962698E+006
    169000   0.3415924030E+005   0.1593106093E+006
    169100   0.3415464954E+005   0.1593177423E+006
    169200   0.3415081558E+005   0.1593519881E+006
    169300   0.3414606287E+005   0.1593768141E+006
    169400   0.3414160120E+005   0.1593927868E+006
    169500   0.3413775945E+005   0.1594101441E+006
    169600   0.3413409706E+005   0.1594353048E+006
    169700   0.3413029143E+005   0.1594654964E+006
    169800   0.3412585560E+005   0.1594731971E+006
    169900   0.3412192042E+005   0.1594678179E+006
    170000   0.3411855267E+005   0.1594867188E+006
    170100   0.3411516131E+005   0.1595214751E+006
    170200   0.3411202943E+005   0.1595426288E+006
    170300   0.3410901646E+005   0.1595514623E+006
    170400   0.3410626166E+005   0.1595669484E+006
    170500   0.3410418759E+005   0.1595776856E+006
    170600   0.3410330176E+005   0.1595906508E+006
    170700   0.3410265906E+005   0.1595918963E+006
    170800   0.3410203398E+005   0.1595929771E+006
    170900   0.3410151543E+005   0.1595942725E+006
    171000   0.3410137177E+005   0.1596002566E+006
    171100   0.3410164398E+005   0.1595926401E+006
    171200   0.3410156572E+005   0.1595744993E+006
    171300   0.3410045352E+005   0.1595674717E+006
    171400   0.3409888124E+005   0.1595814179E+006
    171500   0.3409610151E+005   0.1595894957E+006
    171600   0.3409304700E+005   0.1595894583E+006
    171700   0.3409106115E+005   0.1595710407E+006
    171800   0.3408829614E+005   0.1595446761E+006
    171900   0.3408589263E+005   0.1595191752E+006
    172000   0.3408363738E+005   0.1594964485E+006
    172100   0.3408224136E+005   0.1594788654E+006
    172200   0.3408140916E+005   0.1594668356E+006
    172300   0.3407969520E+005   0.1594625059E+006
    172400   0.3407860710E+005   0.1594382099E+006
    172500   0.3407736446E+005   0.1594236358E+006
    172600   0.3407586466E+005   0.1594250739E+006
    172700   0.3407407702E+005   0.1594164836E+006
    172800   0.3407275569E+005   0.1593953779E+006
    172900   0.3407187836E+005   0.1593837199E+006
    173000   0.3407099901E+005   0.1593804513E+006
    173100   0.3407026648E+005   0.1593889604E+006
    173200   0.3406832044E+005   0.1593909986E+006
    173300   0.3406639230E+005   0.1593839409E+006
    173400   0.3406422484E+005   0.1593763517E+006
    173500   0.3406188351E+005   0.1593801986E+006
    173600   0.3406072234E+005   0.1593879761E+006
    173700   0.3405909444E+005   0.1594029636E+006
    173800   0.3405794231E+005   0.1594090999E+006
    173900   0.3405743196E+005   0.1593992026E+006
    174000   0.3405709760E+005   0.1594036041E+006
    174100   0.3405664871E+005   0.1594080349E+006
    174200   0.3405607917E+005   0.1594178268E+006
    174300   0.3405607039E+005   0.1594007201E+006
    174400   0.3405503910E+005   0.1594034920E+006
    174500   0.3405413647E+005   0.1594164918E+006
    174600   0.3405346912E+005   0.1594257290E+006
    174700   0.3405318071E+005   0.1594347540E+006
    174800   0.3405321980E+005   0.1594390340E+006
    174900   0.3405281246E+005   0.1594287011E+006
    175000   0.3405226522E+005   0.1594241054E+006
    175100   0.3405255023E+005   0.1594332595E+006
    175200   0.3405275926E+005   0.1594351418E+006
    175300   0.3405339317E+005   0.1594413645E+006
    175400   0.3405369800E+005   0.1594536311E+006
    175500   0.3405391307E+005   0.1594651516E+006
    175600   0.3405426623E+005   0.1594689591E+006
    175700   0.3405485328E+005   0.1594749569E+006
    175800   0.3405593992E+005   0.1594721847E+006
    175900   0.3405645347E+005   0.1594699327E+006
    176000   0.3405700941E+005   0.1594847268E+006
    176100   0.3405752409E+005   0.1594862414E+006
    176200   0.3405850426E+005   0.1594936420E+006
    176300   0.3405906571E+005   0.1595000633E+006
    176400   0.3405908719E+005   0.1594940402E+006
    176500   0.3405952888E+005   0.1594892067E+006
    176600   0.3406042931E+005   0.1594854367E+006
    176700   0.3406143794E+005   0.1594879243E+006
    176800   0.3406227212E+005   0.1594849679E+006
    176900   0.3406454451E+005   0.1595012503E+006
    177000   0.3406708860E+005   0.1595076948E+006
    177100   0.3406959857E+005   0.1595103354E+006
    177200   0.3407142365E+005   0.1594948141E+006
    177300   0.3407275402E+005   0.1594963817E+006
    177400   0.3407415988E+005   0.1594761739E+006
    177500   0.3407556600E+005   0.1594732325E+006
    177600   0.3407819115E+005   0.1594774908E+006
    177700   0.3408205609E+005   0.1594780203E+006
    177800   0.3408555555E+005   0.1594831463E+006
    177900   0.3408969357E+005   0.1594772714E+006
    178000   0.3409338955E+005   0.1594705165E+006
    178100   0.3409688066E+005   0.1594650344E+006
    178200   0.3410113790E+005   0.1594735490E+006
    178300   0.3410552661E+005   0.1594747753E+006
    178400   0.3411019862E+005   0.1594590489E+006
    178500   0.3411593561E+005   0.1594517530E+006
    178600   0.3412062888E+005   0.1594437218E+006
    178700   0.3412426808E+005   0.1594338384E+006
    178800   0.3412822153E+005   0.1594352951E+006
    178900   0.3413190999E+005   0.1594466799E+006
    179000   0.3413487397E+005   0.1594396507E+006
    179100   0.3413745495E+005   0.1594293010E+006
    179200   0.3413905054E+005   0.1594058039E+006
    179300   0.3414141831E+005   0.1593942580E+006
    179400   0.3414423531E+005   0.1594004149E+006
    179500   0.3414767408E+005   0.1593999958E+006
    179600   0.3415107165E+005   0.1593975629E+006
    179700   0.3415423644E+005   0.1594062339E+006
    179800   0.3415732344E+005   0.1594083024E+006
    179900   0.3416004575E+005   0.1594056409E+006
    180000   0.3416231262E+005   0.1593956921E+006
    180100   0.3416637503E+005   0.1593855604E+006
    180200   0.3416904769E+005   0.1593712301E+006
    180300   0.3417212864E+005   0.1593471745E+006
    180400   0.3417617648E+005   0.1593406319E+006
    180500   0.3418121629E+005   0.1593520618E+006
    180600   0.3418522677E+005   0.1593537668E+006
    180700   0.3418949288E+005   0.1593571098E+006
    180800   0.3419310162E+005   0.1593448706E+006
    180900   0.3419787050E+005   0.1593356733E+006
    181000   0.3420168257E+005   0.1593275678E+006
    181100   0.3420608408E+005   0.1593136137E+006
    181200   0.3421152977E+005   0.1593012374E+006
    181300   0.3421577039E+005   0.1592978212E+006
    181400   0.3422024778E+005   0.1592818782E+006
    181500   0.3422534599E+005   0.1592587349E+006
    181600   0.3423061442E+005   0.1592572349E+006
    181700   0.3423519975E+005   0.1592414271E+006
    181800   0.3424000494E+005   0.1592286676E+006
    181900   0.3424346823E+005   0.1592204498E+006
    182000   0.3424765700E+005   0.1592100360E+006
    182100   0.3425302719E+005   0.1592022361E+006
    182200   0.3425701584E+005   0.1591962419E+006
    182300   0.3426205127E+005   0.1591912934E+006
    182400   0.3426640192E+005   0.1591807815E+006
    182500   0.3426974723E+005   0.1591691535E+006
    182600   0.3427275139E+005   0.1591524592E+006
    182700   0.3427646341E+005   0.1591507895E+006
    182800   0.3428109437E+005   0.1591426933E+006
    182900   0.3428561421E+005   0.1591149584E+006
    183000   0.3428960256E+005   0.1590976783E+006
    183100   0.3429353875E+005   0.1591013907E+006
    183200   0.3429839099E+005   0.1590963214E+006
    183300   0.3430304862E+005   0.1590886690E+006
    183400   0.3430743911E+005   0.1590720243E+006
    183500   0.3431143048E+005   0.1590635707E+006
    183600   0.3431631209E+005   0.1590560552E+006
    183700   0.3432085866E+005   0.1590382487E+006
    183800   0.3432476681E+005   0.1590208990E+006
    183900   0.3432826982E+005   0.1589917736E+006
    184000   0.3433232904E+005   0.1589723008E+006
    184100   0.3433576841E+005   0.1589620151E+006
    184200   0.3434097391E+005   0.1589541491E+006
    184300   0.3434550397E+005   0.1589373014E+006
    184400   0.3434899047E+005   0.1589247671E+006
    184500   0.3435302235E+005   0.1589058241E+006
    184600   0.3435728929E+005   0.1588890677E+006
    184700   0.3436136040E+005   0.1588648955E+006
    184800   0.3436507700E+005   0.1588423746E+006
    184900   0.3436910029E+005   0.1588233748E+006
    185000   0.3437496941E+005   0.1588088900E+006
    185100   0.3438157638E+005   0.1587916011E+006
    185200   0.3438846755E+005   0.1587764675E+006
    185300   0.3439476778E+005   0.1587611614E+006
    185400   0.3440055073E+005   0.1587372779E+006
    185500   0.3440573663E+005   0.1587180758E+006
    185600   0.3441194087E+005   0.1586988603E+006
    185700   0.3441833511E+005   0.1586880002E+006
    185800   0.3442597503E+005   0.1586856552E+006
    185900   0.3443110725E+005   0.1586858122E+006
    186000   0.3443721496E+005   0.1586755978E+006
    186100   0.3444223514E+005   0.1586478031E+006
    186200   0.3444655776E+005   0.1586375173E+006
    186300   0.3444997973E+005   0.1586223672E+006
    186400   0.3445318328E+005   0.1586188565E+006
    186500   0.3445747353E+005   0.1586113548E+006
    186600   0.3446149035E+005   0.1586005233E+006
    186700   0.3446519005E+005   0.1585980338E+006
    186800   0.3446894251E+005   0.1585830996E+006
    186900   0.3447169629E+005   0.1585719161E+006
    187000   0.3447500237E+005   0.1585628229E+006
    187100   0.3447769211E+005   0.1585567427E+006
    187200   0.3448189745E+005   0.1585489616E+006
    187300   0.3448737358E+005   0.1585395389E+006
    187400   0.3449187711E+005   0.1585364323E+006
    187500   0.3449853616E+005   0.1585266367E+006
    187600   0.3450461216E+005   0.1585176455E+006
    187700   0.3451026012E+005   0.1584974527E+006
    187800   0.3451545251E+005   0.1584942988E+006
    187900   0.3452070133E+005   0.1584767280E+006
    188000   0.3452425943E+005   0.1584800387E+006
    188100   0.3452791839E+005   0.1584688882E+006
    188200   0.3453124119E+005   0.1584417297E+006
    188300   0.3453437076E+005   0.1584133738E+006
    188400   0.3453809567E+005   0.1583925457E+006
    188500   0.3454495228E+005   0.1583707600E+006
    188600   0.3455035379E+005   0.1583585390E+006
    188700   0.3455527448E+005   0.1583460259E+006
    188800   0.3455936103E+005   0.1583273135E+006
    188900   0.3456311493E+005   0.1583059060E+006
    189000   0.3456670987E+005   0.1582874009E+006
    189100   0.3457019112E+005   0.1582788094E+006
    189200   0.3457397444E+005   0.1582687216E+006
    189300   0.3457884886E+005   0.1582420243E+006
    189400   0.3458509258E+005   0.1582142450E+006
    189500   0.3459222336E+005   0.1582018172E+006
    189600   0.3459825326E+005   0.1581900634E+006
    189700   0.3460446443E+005   0.1581831428E+006
    189800   0.3461074454E+005   0.1581798466E+006
    189900   0.3461732901E+005   0.1581595968E+006
    190000   0.3462436619E+005   0.1581213119E+006
    190100   0.3463181915E+005   0.1580999808E+006
    190200   0.3463791631E+005   0.1580710850E+006
    190300   0.3464437793E+005   0.1580512374E+006
    190400   0.3465072976E+005   0.1580363639E+006
    190500   0.3465784758E+005   0.1580264929E+006
    190600   0.3466410027E+005   0.1580117676E+006
    190700   0.3466927691E+005   0.1579965309E+006
    190800   0.3467621026E+005   0.1579704385E+006
    190900   0.3468255909E+005   0.1579616958E+006
    191000   0.3468835355E+005   0.1579436837E+006
    191100   0.3469618953E+005   0.1579300445E+006
    191200   0.3470399094E+005   0.1579153891E+006
    191300   0.3471081404E+005   0.1579109681E+006
    191400   0.3471668339E+005   0.1579024268E+006
    191500   0.3472379059E+005   0.1578958407E+006
    191600   0.3472923246E+005   0.1578819946E+006
    191700   0.3473563555E+005   0.1578701739E+006
    191800   0.3474156066E+005   0.1578591582E+006
    191900   0.3474832254E+005   0.1578454607E+006
    192000   0.3475488412E+005   0.1578321236E+006
    192100   0.3476127492E+005   0.1578065990E+006
    192200   0.3476760527E+005   0.1577865090E+006
    192300   0.3477438312E+005   0.1577679761E+006
    192400   0.3478269806E+005   0.1577587736E+006
    192500   0.3479058602E+005   0.1577434663E+006
    192600   0.3479802114E+005   0.1577278316E+006
    192700   0.3480626048E+005   0.1577124524E+006
    192800   0.3481450099E+005   0.1576971697E+006
    192900   0.3482437969E+005   0.1576810658E+006
    193000   0.3483285357E+005   0.1576595198E+006
    193100   0.3483973337E+005   0.1576439072E+006
    193200   0.3484579316E+005   0.1576253022E+006
    193300   0.3485367263E+005   0.1576042245E+006
    193400   0.3486190370E+005   0.1575866377E+006
    193500   0.3486998120E+005   0.1575749843E+006
    193600   0.3487672032E+005   0.1575643354E+006
    193700   0.3488448367E+005   0.1575495897E+006
    193800   0.3489217824E+005   0.1575439128E+006
    193900   0.3489770163E+005   0.1575339738E+006
    194000   0.3490689840E+005   0.1575166775E+006
    194100   0.3491410581E+005   0.1574902822E+006
    194200   0.3492144321E+005   0.1574688531E+006
    194300   0.3492910317E+005   0.1574468366E+006
    194400   0.3493709602E+005   0.1574244602E+006
    194500   0.3494484683E+005   0.1574124771E+006
    194600   0.3495214008E+005   0.1574053821E+006
    194700   0.3495896403E+005   0.1573840723E+006
    194800   0.3496561848E+005   0.1573589277E+006
    194900   0.3497357221E+005   0.1573309045E+006
    195000   0.3498033888E+005   0.1573125500E+006
    195100   0.3498548827E+005   0.1573031350E+006
    195200   0.3499298770E+005   0.1572834652E+006
    195300   0.3500146736E+005   0.1572575587E+006
    195400   0.3500894295E+005   0.1572410072E+006
    195500   0.3501724299E+005   0.1572175835E+006
    195600   0.3502584649E+005   0.1571933072E+006
    195700   0.3503359701E+005   0.1571743098E+006
    195800   0.3504289018E+005   0.1571492546E+006
    195900   0.3504884087E+005   0.1571357290E+006
    196000   0.3505477167E+005   0.1571148364E+006
    196100   0.3506136705E+005   0.1570975080E+006
    196200   0.3506835428E+005   0.1570702117E+006
    196300   0.3507494887E+005   0.1570483383E+006
    196400   0.3508126154E+005   0.1570328773E+006
    196500   0.3508815605E+005   0.1570272624E+006
    196600   0.3509368435E+005   0.1570205453E+006
    196700   0.3509853492E+005   0.1570103498E+006
    196800   0.3510587467E+005   0.1569932657E+006
    196900   0.3511312523E+005   0.1569898219E+006
    197000   0.3512042474E+005   0.1569842472E+006
    197100   0.3512838119E+005   0.1569678839E+006
    197200   0.3513464473E+005   0.1569586486E+006
    197300   0.3514192377E+005   0.1569478306E+006
    197400   0.3514776434E+005   0.1569388755E+006
    197500   0.3515378071E+005   0.1569367096E+006
    197600   0.3515872719E+005   0.1569326137E+006
    197700   0.3516375201E+005   0.1569219394E+006
    197800   0.3516937116E+005   0.1568988180E+006
    197900   0.3517461613E+005   0.1568733415E+006
    198000   0.3518029107E+005   0.1568453311E+006
    198100   0.3518569427E+005   0.1568280826E+006
    198200   0.3519003087E+005   0.1568192111E+006
    198300   0.3519568863E+005   0.1568126178E+006
    198400   0.3520169572E+005   0.1567915287E+006
    198500   0.3520735690E+005   0.1567806539E+006
    198600   0.3521296301E+005   0.1567699154E+006
    198700   0.3521934954E+005   0.1567653615E+006
    198800   0.3522550587E+005   0.1567518582E+006
    198900   0.3523285395E+005   0.1567380640E+006
    199000   0.3523916156E+005   0.1567225401E+006
    199100   0.3524528670E+005   0.1567079514E+006
    199200   0.3525073442E+005   0.1566953047E+006
    199300   0.3525703456E+005   0.1566775887E+006
    199400   0.3526212316E+005   0.1566655907E+006
    199500   0.3526929254E+005   0.1566467419E+006
    199600   0.3527671288E+005   0.1566305370E+006
    199700   0.3528303467E+005   0.1566083695E+006
    199800   0.3529104252E+005   0.1565834282E+006
    199900   0.3529749871E+005   0.1565664074E+006
    200000   0.3530436849E+005   0.1565499159E+006
