# Cycle, ((Average density(Ib,Tm), Tm=1,N_MolType), Ib=1,N_Box)
    100100   0.6919965479E+003   0.1927132865E+003   0.9959521935E+002   0.1816903897E+003
    100200   0.6870970155E+003   0.1942202615E+003   0.1003087949E+003   0.1827039283E+003
    100300   0.6904162916E+003   0.1979909447E+003   0.1006334379E+003   0.1829651967E+003
    100400   0.6964463998E+003   0.1985404203E+003   0.1014382853E+003   0.1854468713E+003
    100500   0.6985243165E+003   0.1976485984E+003   0.9973951772E+002   0.1829741471E+003
    100600   0.7035051844E+003   0.1958333139E+003   0.9969650818E+002   0.1839681484E+003
    100700   0.7081840117E+003   0.1939696619E+003   0.9966281295E+002   0.1854772260E+003
    100800   0.7127966719E+003   0.1923461864E+003   0.9856295796E+002   0.1850905606E+003
    100900   0.7174988419E+003   0.1912778865E+003   0.9769281901E+002   0.1853274605E+003
    101000   0.7200923000E+003   0.1902687849E+003   0.9666879292E+002   0.1853874363E+003
    101100   0.7242736127E+003   0.1896860450E+003   0.9596728314E+002   0.1864069435E+003
    101200   0.7291483784E+003   0.1896218813E+003   0.9536009400E+002   0.1871402469E+003
    101300   0.7320952540E+003   0.1898414839E+003   0.9477785925E+002   0.1875398801E+003
    101400   0.7334454960E+003   0.1900559802E+003   0.9443077452E+002   0.1880838536E+003
    101500   0.7357264393E+003   0.1899430928E+003   0.9368942459E+002   0.1883272468E+003
    101600   0.7379478393E+003   0.1892464447E+003   0.9273601874E+002   0.1880766855E+003
    101700   0.7401376782E+003   0.1887943497E+003   0.9199235331E+002   0.1882647822E+003
    101800   0.7417334226E+003   0.1885043969E+003   0.9139679594E+002   0.1882129732E+003
    101900   0.7428553739E+003   0.1878333792E+003   0.9097948405E+002   0.1884154414E+003
    102000   0.7434500964E+003   0.1876836154E+003   0.9049618779E+002   0.1880607142E+003
    102100   0.7451083942E+003   0.1875163747E+003   0.9019950217E+002   0.1882655593E+003
    102200   0.7469933390E+003   0.1874018762E+003   0.8980298905E+002   0.1879134540E+003
    102300   0.7478540108E+003   0.1878115479E+003   0.8965575027E+002   0.1875685542E+003
    102400   0.7490658348E+003   0.1879565418E+003   0.8952181445E+002   0.1872902555E+003
    102500   0.7493942952E+003   0.1880078214E+003   0.8930515867E+002   0.1868228361E+003
    102600   0.7495496743E+003   0.1882152927E+003   0.8937595129E+002   0.1868338731E+003
    102700   0.7504617192E+003   0.1884496356E+003   0.8946779574E+002   0.1872139208E+003
    102800   0.7513198126E+003   0.1884876309E+003   0.8937205213E+002   0.1873254458E+003
    102900   0.7525102989E+003   0.1885083923E+003   0.8928132011E+002   0.1875881607E+003
    103000   0.7532606963E+003   0.1888289721E+003   0.8904575851E+002   0.1872476573E+003
    103100   0.7537466919E+003   0.1890450863E+003   0.8899183567E+002   0.1872568281E+003
    103200   0.7547208922E+003   0.1892061326E+003   0.8893690291E+002   0.1873876348E+003
    103300   0.7550378856E+003   0.1889820892E+003   0.8880862969E+002   0.1873727920E+003
    103400   0.7549989166E+003   0.1887789080E+003   0.8864729681E+002   0.1872612553E+003
    103500   0.7546910240E+003   0.1887771205E+003   0.8869275133E+002   0.1873874255E+003
    103600   0.7540360322E+003   0.1888695882E+003   0.8867689831E+002   0.1872116628E+003
    103700   0.7534354493E+003   0.1888194131E+003   0.8870538445E+002   0.1871574274E+003
    103800   0.7531202310E+003   0.1888639380E+003   0.8889186558E+002   0.1872943261E+003
    103900   0.7522891516E+003   0.1889499792E+003   0.8905180781E+002   0.1872568805E+003
    104000   0.7508262791E+003   0.1893135981E+003   0.8928500318E+002   0.1872574329E+003
    104100   0.7497372127E+003   0.1898577724E+003   0.8936734562E+002   0.1870024233E+003
    104200   0.7482182547E+003   0.1904475164E+003   0.8953110067E+002   0.1867874170E+003
    104300   0.7466887547E+003   0.1908994834E+003   0.8960449847E+002   0.1865616639E+003
    104400   0.7454045955E+003   0.1914041513E+003   0.8969745517E+002   0.1864196080E+003
    104500   0.7444124440E+003   0.1918782487E+003   0.8984710243E+002   0.1864122140E+003
    104600   0.7431095060E+003   0.1922199218E+003   0.9002727920E+002   0.1864822495E+003
    104700   0.7420003456E+003   0.1924455200E+003   0.9020175043E+002   0.1866287352E+003
    104800   0.7411097947E+003   0.1928574460E+003   0.9047166234E+002   0.1868329204E+003
    104900   0.7401224794E+003   0.1931913634E+003   0.9056184243E+002   0.1866857941E+003
    105000   0.7390347306E+003   0.1933051487E+003   0.9068893290E+002   0.1866982351E+003
    105100   0.7380908900E+003   0.1933161060E+003   0.9065770420E+002   0.1865432102E+003
    105200   0.7370255116E+003   0.1933647357E+003   0.9078523463E+002   0.1865447463E+003
    105300   0.7363760569E+003   0.1933512853E+003   0.9102827019E+002   0.1868627638E+003
    105400   0.7360033966E+003   0.1934088325E+003   0.9116442564E+002   0.1869525468E+003
    105500   0.7353091376E+003   0.1934988972E+003   0.9135199681E+002   0.1870682992E+003
    105600   0.7347562944E+003   0.1937046698E+003   0.9155585685E+002   0.1871675347E+003
    105700   0.7345668489E+003   0.1938831452E+003   0.9158459028E+002   0.1869725779E+003
    105800   0.7345117839E+003   0.1938682847E+003   0.9152345026E+002   0.1867371584E+003
    105900   0.7345594472E+003   0.1939368922E+003   0.9162598131E+002   0.1868231880E+003
    106000   0.7341708964E+003   0.1937652669E+003   0.9172779418E+002   0.1869209783E+003
    106100   0.7335954593E+003   0.1935541555E+003   0.9183722699E+002   0.1868758478E+003
    106200   0.7328743880E+003   0.1933621002E+003   0.9202162197E+002   0.1869287910E+003
    106300   0.7322564567E+003   0.1933193564E+003   0.9209166641E+002   0.1868058357E+003
    106400   0.7315876853E+003   0.1933301292E+003   0.9213350677E+002   0.1865843040E+003
    106500   0.7308711287E+003   0.1933339875E+003   0.9219749325E+002   0.1864339182E+003
    106600   0.7301308866E+003   0.1933984753E+003   0.9238299279E+002   0.1864267359E+003
    106700   0.7297179459E+003   0.1935862812E+003   0.9259887959E+002   0.1864106212E+003
    106800   0.7287800826E+003   0.1936710817E+003   0.9280833769E+002   0.1862666923E+003
    106900   0.7280781751E+003   0.1937243005E+003   0.9300645054E+002   0.1862411419E+003
    107000   0.7276156369E+003   0.1938329751E+003   0.9313818265E+002   0.1860997076E+003
    107100   0.7271979348E+003   0.1937281743E+003   0.9328372344E+002   0.1860127833E+003
    107200   0.7266977721E+003   0.1936881309E+003   0.9346943767E+002   0.1859604579E+003
    107300   0.7262037995E+003   0.1936660253E+003   0.9369641181E+002   0.1860197165E+003
    107400   0.7255697126E+003   0.1937304553E+003   0.9392087238E+002   0.1859817265E+003
    107500   0.7249480502E+003   0.1939239193E+003   0.9412480082E+002   0.1859334354E+003
    107600   0.7241346630E+003   0.1942450392E+003   0.9446443465E+002   0.1860278250E+003
    107700   0.7232850869E+003   0.1945257074E+003   0.9471266138E+002   0.1859756030E+003
    107800   0.7226436019E+003   0.1947761175E+003   0.9489476262E+002   0.1858779214E+003
    107900   0.7221680405E+003   0.1949877557E+003   0.9504260286E+002   0.1858017411E+003
    108000   0.7213832698E+003   0.1951258806E+003   0.9526436925E+002   0.1857640458E+003
    108100   0.7206765525E+003   0.1951951255E+003   0.9553368780E+002   0.1857589923E+003
    108200   0.7200893406E+003   0.1953119038E+003   0.9580562797E+002   0.1857411966E+003
    108300   0.7197252504E+003   0.1953660645E+003   0.9597651921E+002   0.1856054658E+003
    108400   0.7193409709E+003   0.1954507042E+003   0.9614001495E+002   0.1854722880E+003
    108500   0.7191540539E+003   0.1956162110E+003   0.9625288442E+002   0.1853366674E+003
    108600   0.7191341987E+003   0.1957714501E+003   0.9635937623E+002   0.1852854917E+003
    108700   0.7190483950E+003   0.1959003933E+003   0.9652844309E+002   0.1852877189E+003
    108800   0.7190517140E+003   0.1959635007E+003   0.9669268639E+002   0.1853219518E+003
    108900   0.7189762201E+003   0.1960840279E+003   0.9688343932E+002   0.1853446757E+003
    109000   0.7190513945E+003   0.1961315308E+003   0.9696270171E+002   0.1852164955E+003
    109100   0.7190170972E+003   0.1961828379E+003   0.9711646511E+002   0.1851840687E+003
    109200   0.7187303597E+003   0.1962834629E+003   0.9731665809E+002   0.1851574925E+003
    109300   0.7189379507E+003   0.1962822078E+003   0.9738939904E+002   0.1851045570E+003
    109400   0.7191523010E+003   0.1962169007E+003   0.9751064351E+002   0.1851931354E+003
    109500   0.7192701011E+003   0.1961284629E+003   0.9763431822E+002   0.1852672268E+003
    109600   0.7195883856E+003   0.1960072229E+003   0.9776974131E+002   0.1854139735E+003
    109700   0.7196781762E+003   0.1958532977E+003   0.9785527723E+002   0.1854928092E+003
    109800   0.7198747477E+003   0.1955994128E+003   0.9782733075E+002   0.1853548456E+003
    109900   0.7200257400E+003   0.1953906339E+003   0.9783944771E+002   0.1852635029E+003
    110000   0.7202486747E+003   0.1952100672E+003   0.9786648184E+002   0.1852092583E+003
    110100   0.7203651522E+003   0.1949974890E+003   0.9791973871E+002   0.1852341369E+003
    110200   0.7204860117E+003   0.1947894070E+003   0.9791684133E+002   0.1852077835E+003
    110300   0.7207981766E+003   0.1945789088E+003   0.9796895561E+002   0.1853495544E+003
    110400   0.7210185302E+003   0.1944688741E+003   0.9799824448E+002   0.1853943672E+003
    110500   0.7212771321E+003   0.1943505528E+003   0.9799064754E+002   0.1853788438E+003
    110600   0.7214406356E+003   0.1942527985E+003   0.9795584527E+002   0.1852874301E+003
    110700   0.7213974115E+003   0.1942417435E+003   0.9795206408E+002   0.1852105057E+003
    110800   0.7211097441E+003   0.1942021029E+003   0.9804624738E+002   0.1852629282E+003
    110900   0.7208779060E+003   0.1942844185E+003   0.9807643206E+002   0.1851998260E+003
    111000   0.7206667726E+003   0.1944006365E+003   0.9809123617E+002   0.1851077896E+003
    111100   0.7205103503E+003   0.1945101288E+003   0.9810743567E+002   0.1850266329E+003
    111200   0.7205066803E+003   0.1946394033E+003   0.9817216343E+002   0.1850731406E+003
    111300   0.7204053181E+003   0.1948205433E+003   0.9827142450E+002   0.1851028570E+003
    111400   0.7201756856E+003   0.1950732127E+003   0.9846390769E+002   0.1852402249E+003
    111500   0.7198163569E+003   0.1953083358E+003   0.9861236407E+002   0.1852536033E+003
    111600   0.7194126433E+003   0.1955616066E+003   0.9881223948E+002   0.1853374430E+003
    111700   0.7191276289E+003   0.1958025353E+003   0.9895304477E+002   0.1853405765E+003
    111800   0.7190970627E+003   0.1959682329E+003   0.9902115189E+002   0.1852982537E+003
    111900   0.7192936114E+003   0.1961820599E+003   0.9917714734E+002   0.1853976333E+003
    112000   0.7193325597E+003   0.1964283443E+003   0.9946207149E+002   0.1856243402E+003
    112100   0.7193735519E+003   0.1966445441E+003   0.9964986202E+002   0.1857452181E+003
    112200   0.7191506485E+003   0.1969075396E+003   0.9979003882E+002   0.1857212563E+003
    112300   0.7190669425E+003   0.1971366419E+003   0.9984175884E+002   0.1856320596E+003
    112400   0.7189781461E+003   0.1974000865E+003   0.9988429156E+002   0.1854887988E+003
    112500   0.7188950699E+003   0.1975601834E+003   0.9990787716E+002   0.1853953435E+003
    112600   0.7187479942E+003   0.1977129237E+003   0.9994044895E+002   0.1852789671E+003
    112700   0.7184246216E+003   0.1978363839E+003   0.1000472817E+003   0.1852311655E+003
    112800   0.7182022394E+003   0.1979609602E+003   0.1001575595E+003   0.1852110720E+003
    112900   0.7179807080E+003   0.1979472234E+003   0.1002237456E+003   0.1851903563E+003
    113000   0.7178739476E+003   0.1979422589E+003   0.1002528414E+003   0.1851107203E+003
    113100   0.7178234470E+003   0.1980079151E+003   0.1002815009E+003   0.1850244237E+003
    113200   0.7177471375E+003   0.1980709153E+003   0.1003769748E+003   0.1850377301E+003
    113300   0.7175046093E+003   0.1981444207E+003   0.1005050762E+003   0.1850467951E+003
    113400   0.7174153770E+003   0.1981898422E+003   0.1006002954E+003   0.1850561350E+003
    113500   0.7174375446E+003   0.1982188140E+003   0.1006346531E+003   0.1850082963E+003
    113600   0.7176230115E+003   0.1981929394E+003   0.1006515819E+003   0.1849449275E+003
    113700   0.7180265914E+003   0.1980969727E+003   0.1006237098E+003   0.1848142809E+003
    113800   0.7184453731E+003   0.1979470981E+003   0.1006944045E+003   0.1848787979E+003
    113900   0.7190727740E+003   0.1977247214E+003   0.1007434997E+003   0.1848825913E+003
    114000   0.7196057291E+003   0.1974919865E+003   0.1008251640E+003   0.1849776605E+003
    114100   0.7199454313E+003   0.1972958712E+003   0.1009445111E+003   0.1851022535E+003
    114200   0.7205518198E+003   0.1971327266E+003   0.1010809881E+003   0.1852303151E+003
    114300   0.7212044460E+003   0.1969801021E+003   0.1012121662E+003   0.1853587286E+003
    114400   0.7220754572E+003   0.1967865098E+003   0.1013003122E+003   0.1854105855E+003
    114500   0.7228602494E+003   0.1966092769E+003   0.1013078320E+003   0.1853572268E+003
    114600   0.7236794112E+003   0.1962734082E+003   0.1013619308E+003   0.1853662232E+003
    114700   0.7240963759E+003   0.1960305365E+003   0.1013783721E+003   0.1853157529E+003
    114800   0.7244183451E+003   0.1957920448E+003   0.1014557662E+003   0.1853336196E+003
    114900   0.7248464682E+003   0.1955382489E+003   0.1014924288E+003   0.1853260580E+003
    115000   0.7253717585E+003   0.1952612700E+003   0.1015634379E+003   0.1853720194E+003
    115100   0.7257529083E+003   0.1949281703E+003   0.1016449616E+003   0.1853542031E+003
    115200   0.7261576791E+003   0.1946503349E+003   0.1017594839E+003   0.1854151166E+003
    115300   0.7266258241E+003   0.1944008657E+003   0.1017855564E+003   0.1853557380E+003
    115400   0.7270100824E+003   0.1941409373E+003   0.1018065231E+003   0.1852948027E+003
    115500   0.7274965345E+003   0.1939172062E+003   0.1018729948E+003   0.1853299452E+003
    115600   0.7280929381E+003   0.1937230908E+003   0.1019152854E+003   0.1852957275E+003
    115700   0.7286020436E+003   0.1935799297E+003   0.1019726741E+003   0.1852914683E+003
    115800   0.7289719742E+003   0.1934317602E+003   0.1020244102E+003   0.1852863177E+003
    115900   0.7294076077E+003   0.1932110020E+003   0.1020442959E+003   0.1852353318E+003
    116000   0.7298298733E+003   0.1929046019E+003   0.1020869289E+003   0.1851885516E+003
    116100   0.7301649599E+003   0.1926691291E+003   0.1021137183E+003   0.1851413516E+003
    116200   0.7306426799E+003   0.1923090125E+003   0.1022123343E+003   0.1852464400E+003
    116300   0.7312778016E+003   0.1919868000E+003   0.1021987620E+003   0.1851953492E+003
    116400   0.7319877765E+003   0.1915515743E+003   0.1021829858E+003   0.1851461426E+003
    116500   0.7325573132E+003   0.1913556458E+003   0.1021776771E+003   0.1850859035E+003
    116600   0.7330356576E+003   0.1911423541E+003   0.1022174587E+003   0.1851017830E+003
    116700   0.7335680243E+003   0.1909261078E+003   0.1022148292E+003   0.1850447057E+003
    116800   0.7344067705E+003   0.1907043576E+003   0.1022140445E+003   0.1850253689E+003
    116900   0.7351575486E+003   0.1905263601E+003   0.1022167392E+003   0.1850120279E+003
    117000   0.7357320248E+003   0.1903744319E+003   0.1022530577E+003   0.1850293374E+003
    117100   0.7361742826E+003   0.1902351835E+003   0.1022866009E+003   0.1850183201E+003
    117200   0.7366776929E+003   0.1901937530E+003   0.1022872978E+003   0.1849204332E+003
    117300   0.7372445196E+003   0.1901049324E+003   0.1022930615E+003   0.1848068180E+003
    117400   0.7376662535E+003   0.1899079579E+003   0.1022998774E+003   0.1847291335E+003
    117500   0.7381156695E+003   0.1896920551E+003   0.1023530495E+003   0.1847378686E+003
    117600   0.7385842598E+003   0.1894885377E+003   0.1024645680E+003   0.1848076599E+003
    117700   0.7389096028E+003   0.1893283635E+003   0.1026442874E+003   0.1849815689E+003
    117800   0.7391551067E+003   0.1891060176E+003   0.1027613557E+003   0.1850657520E+003
    117900   0.7394114142E+003   0.1888795068E+003   0.1028423375E+003   0.1851171431E+003
    118000   0.7398596169E+003   0.1887321018E+003   0.1028416501E+003   0.1850731534E+003
    118100   0.7403080284E+003   0.1885232507E+003   0.1028369511E+003   0.1850433394E+003
    118200   0.7405707757E+003   0.1883095628E+003   0.1028497654E+003   0.1850183706E+003
    118300   0.7407870528E+003   0.1881099319E+003   0.1028595414E+003   0.1849636548E+003
    118400   0.7410153367E+003   0.1879492023E+003   0.1028436674E+003   0.1848708990E+003
    118500   0.7412493168E+003   0.1877980191E+003   0.1028551153E+003   0.1848129953E+003
    118600   0.7414525968E+003   0.1875852095E+003   0.1028992701E+003   0.1848497609E+003
    118700   0.7415743642E+003   0.1874285467E+003   0.1029516872E+003   0.1848899114E+003
    118800   0.7418102817E+003   0.1872750231E+003   0.1029875165E+003   0.1849083070E+003
    118900   0.7421879747E+003   0.1871404303E+003   0.1030805255E+003   0.1850147401E+003
    119000   0.7424409273E+003   0.1870702023E+003   0.1031278727E+003   0.1850467579E+003
    119100   0.7426152350E+003   0.1870035648E+003   0.1031590172E+003   0.1850480010E+003
    119200   0.7427805312E+003   0.1869348869E+003   0.1031905416E+003   0.1850412411E+003
    119300   0.7429912018E+003   0.1868378707E+003   0.1032445279E+003   0.1850457275E+003
    119400   0.7431665253E+003   0.1868289363E+003   0.1032944581E+003   0.1850416826E+003
    119500   0.7432624569E+003   0.1867836218E+003   0.1033502993E+003   0.1850660547E+003
    119600   0.7433755189E+003   0.1867183305E+003   0.1034091615E+003   0.1850776955E+003
    119700   0.7434593796E+003   0.1866500510E+003   0.1034580606E+003   0.1850561861E+003
    119800   0.7434908260E+003   0.1865876320E+003   0.1035010368E+003   0.1850191215E+003
    119900   0.7436143714E+003   0.1864676532E+003   0.1035674339E+003   0.1850574828E+003
    120000   0.7438266216E+003   0.1864039571E+003   0.1036669487E+003   0.1851273538E+003
    120100   0.7440088165E+003   0.1864062760E+003   0.1037334723E+003   0.1851264024E+003
    120200   0.7441349667E+003   0.1863555107E+003   0.1038441003E+003   0.1851950058E+003
    120300   0.7442207612E+003   0.1863280592E+003   0.1039415056E+003   0.1852455163E+003
    120400   0.7442889018E+003   0.1863087677E+003   0.1040307638E+003   0.1852602954E+003
    120500   0.7442076492E+003   0.1863316316E+003   0.1041340448E+003   0.1852869583E+003
    120600   0.7440759582E+003   0.1863375620E+003   0.1042133163E+003   0.1852650422E+003
    120700   0.7440004366E+003   0.1863847419E+003   0.1043080404E+003   0.1852916610E+003
    120800   0.7440125082E+003   0.1864792364E+003   0.1043897216E+003   0.1852728774E+003
    120900   0.7440115453E+003   0.1865373213E+003   0.1045240896E+003   0.1853371792E+003
    121000   0.7439809075E+003   0.1865512088E+003   0.1045968513E+003   0.1853528188E+003
    121100   0.7440638440E+003   0.1865775120E+003   0.1046426651E+003   0.1853326844E+003
    121200   0.7442318654E+003   0.1865762010E+003   0.1046288801E+003   0.1852300836E+003
    121300   0.7444777652E+003   0.1865941791E+003   0.1046488969E+003   0.1851918691E+003
    121400   0.7447481294E+003   0.1865378759E+003   0.1046454124E+003   0.1851234441E+003
    121500   0.7450152057E+003   0.1865036269E+003   0.1046744152E+003   0.1851329120E+003
    121600   0.7452034519E+003   0.1864090838E+003   0.1046705677E+003   0.1850976207E+003
    121700   0.7454917335E+003   0.1862807786E+003   0.1046908380E+003   0.1851107498E+003
    121800   0.7457614084E+003   0.1861905833E+003   0.1047092244E+003   0.1851195206E+003
    121900   0.7460869756E+003   0.1861186250E+003   0.1047403187E+003   0.1851422936E+003
    122000   0.7463502196E+003   0.1860278785E+003   0.1047813055E+003   0.1851716578E+003
    122100   0.7466438064E+003   0.1859180850E+003   0.1047537731E+003   0.1851038518E+003
    122200   0.7469820134E+003   0.1858088704E+003   0.1047357487E+003   0.1850739018E+003
    122300   0.7473839522E+003   0.1856766670E+003   0.1047110583E+003   0.1850404145E+003
    122400   0.7477165446E+003   0.1855452056E+003   0.1047169611E+003   0.1850559396E+003
    122500   0.7480251915E+003   0.1853823795E+003   0.1047485971E+003   0.1851073676E+003
    122600   0.7484484942E+003   0.1852121060E+003   0.1047854192E+003   0.1851612775E+003
    122700   0.7487118093E+003   0.1850922356E+003   0.1047780016E+003   0.1851313561E+003
    122800   0.7489237562E+003   0.1850007790E+003   0.1047748554E+003   0.1850982060E+003
    122900   0.7490318458E+003   0.1849172092E+003   0.1047797439E+003   0.1850658690E+003
    123000   0.7491556235E+003   0.1848591481E+003   0.1048072799E+003   0.1850623978E+003
    123100   0.7493171330E+003   0.1848250771E+003   0.1048461977E+003   0.1850854376E+003
    123200   0.7494666006E+003   0.1847992059E+003   0.1048948653E+003   0.1851195160E+003
    123300   0.7496030998E+003   0.1847813609E+003   0.1049486881E+003   0.1851550187E+003
    123400   0.7497769376E+003   0.1847329297E+003   0.1049527653E+003   0.1851397608E+003
    123500   0.7498953477E+003   0.1847010263E+003   0.1049620917E+003   0.1851204770E+003
    123600   0.7499496827E+003   0.1847170006E+003   0.1049807704E+003   0.1851113240E+003
    123700   0.7500335941E+003   0.1846724916E+003   0.1049886788E+003   0.1851176328E+003
    123800   0.7501290265E+003   0.1846586077E+003   0.1049871250E+003   0.1850971431E+003
    123900   0.7501725637E+003   0.1846188164E+003   0.1050108471E+003   0.1851165912E+003
    124000   0.7502493784E+003   0.1845532911E+003   0.1049985523E+003   0.1850739040E+003
    124100   0.7503331000E+003   0.1845034277E+003   0.1049751409E+003   0.1850226142E+003
    124200   0.7503944142E+003   0.1844343246E+003   0.1049774827E+003   0.1850237949E+003
    124300   0.7506523977E+003   0.1842756370E+003   0.1049494878E+003   0.1850189268E+003
    124400   0.7509799229E+003   0.1841141809E+003   0.1049013445E+003   0.1849826266E+003
    124500   0.7513434778E+003   0.1839414357E+003   0.1048416376E+003   0.1849235051E+003
    124600   0.7517078870E+003   0.1837806244E+003   0.1047999580E+003   0.1848972514E+003
    124700   0.7521004549E+003   0.1835848047E+003   0.1047470615E+003   0.1848612763E+003
    124800   0.7524704835E+003   0.1833385834E+003   0.1047081629E+003   0.1848634932E+003
    124900   0.7530226036E+003   0.1830098984E+003   0.1046467377E+003   0.1848546483E+003
    125000   0.7535166079E+003   0.1827410870E+003   0.1046211884E+003   0.1849068813E+003
    125100   0.7539944642E+003   0.1824522174E+003   0.1045714354E+003   0.1849072576E+003
    125200   0.7543939783E+003   0.1822584861E+003   0.1045154329E+003   0.1848771222E+003
    125300   0.7548524838E+003   0.1821085800E+003   0.1044806275E+003   0.1848805557E+003
    125400   0.7553007236E+003   0.1819739627E+003   0.1044463211E+003   0.1848860347E+003
    125500   0.7556542695E+003   0.1818189042E+003   0.1044223291E+003   0.1849129806E+003
    125600   0.7559299213E+003   0.1816776785E+003   0.1043843708E+003   0.1848960676E+003
    125700   0.7561378233E+003   0.1815883651E+003   0.1043547689E+003   0.1848767384E+003
    125800   0.7563882448E+003   0.1814402948E+003   0.1043206394E+003   0.1848750164E+003
    125900   0.7565483748E+003   0.1812934014E+003   0.1043108713E+003   0.1848931758E+003
    126000   0.7565790355E+003   0.1811619978E+003   0.1043057130E+003   0.1849026596E+003
    126100   0.7566242474E+003   0.1810504316E+003   0.1042857726E+003   0.1848923576E+003
    126200   0.7566948341E+003   0.1809788097E+003   0.1042752282E+003   0.1848963402E+003
    126300   0.7567190706E+003   0.1809348445E+003   0.1042956806E+003   0.1849492814E+003
    126400   0.7567167356E+003   0.1809058823E+003   0.1042809396E+003   0.1849366096E+003
    126500   0.7568941408E+003   0.1808810850E+003   0.1042598820E+003   0.1849455754E+003
    126600   0.7570242213E+003   0.1808698338E+003   0.1042504165E+003   0.1849754574E+003
    126700   0.7571237834E+003   0.1808938421E+003   0.1042305379E+003   0.1849742505E+003
    126800   0.7572758813E+003   0.1809373858E+003   0.1042450613E+003   0.1850412469E+003
    126900   0.7574087968E+003   0.1809636235E+003   0.1042394872E+003   0.1850691163E+003
    127000   0.7574995607E+003   0.1809530349E+003   0.1042497502E+003   0.1851247945E+003
    127100   0.7575613732E+003   0.1809338764E+003   0.1042562630E+003   0.1851752362E+003
    127200   0.7575841883E+003   0.1809608195E+003   0.1042419944E+003   0.1851712023E+003
    127300   0.7576165133E+003   0.1810016188E+003   0.1042227308E+003   0.1851463430E+003
    127400   0.7576025514E+003   0.1810051372E+003   0.1042299612E+003   0.1851749908E+003
    127500   0.7576116909E+003   0.1810425988E+003   0.1042462005E+003   0.1852187871E+003
    127600   0.7576269859E+003   0.1810768044E+003   0.1042523207E+003   0.1852432173E+003
    127700   0.7576715588E+003   0.1810493349E+003   0.1042424238E+003   0.1852599989E+003
    127800   0.7577474726E+003   0.1810360777E+003   0.1042229958E+003   0.1852685972E+003
    127900   0.7578592584E+003   0.1810029943E+003   0.1042065887E+003   0.1852943924E+003
    128000   0.7580319572E+003   0.1809643058E+003   0.1041934193E+003   0.1853405676E+003
    128100   0.7581637587E+003   0.1809276094E+003   0.1041748170E+003   0.1853739584E+003
    128200   0.7582628073E+003   0.1808788430E+003   0.1041669118E+003   0.1854287295E+003
    128300   0.7583928688E+003   0.1808373699E+003   0.1041253157E+003   0.1854416592E+003
    128400   0.7585727537E+003   0.1808381369E+003   0.1040651141E+003   0.1854049949E+003
    128500   0.7587092835E+003   0.1808379273E+003   0.1040273549E+003   0.1854043995E+003
    128600   0.7588834771E+003   0.1808007377E+003   0.1039990705E+003   0.1854334219E+003
    128700   0.7590332680E+003   0.1807868215E+003   0.1039568739E+003   0.1854279886E+003
    128800   0.7592531897E+003   0.1807424230E+003   0.1039337047E+003   0.1854778531E+003
    128900   0.7593874616E+003   0.1806819484E+003   0.1038921395E+003   0.1854812633E+003
    129000   0.7594863857E+003   0.1806511477E+003   0.1038725146E+003   0.1855112275E+003
    129100   0.7596291712E+003   0.1806637611E+003   0.1038354999E+003   0.1854982413E+003
    129200   0.7597802124E+003   0.1806636609E+003   0.1037845284E+003   0.1854732412E+003
    129300   0.7598143530E+003   0.1806232978E+003   0.1037540622E+003   0.1854701738E+003
    129400   0.7598724425E+003   0.1805720012E+003   0.1037181406E+003   0.1854609717E+003
    129500   0.7599469191E+003   0.1805282687E+003   0.1036783751E+003   0.1854409697E+003
    129600   0.7600858189E+003   0.1804785820E+003   0.1036410397E+003   0.1854497764E+003
    129700   0.7602679350E+003   0.1804518454E+003   0.1035980087E+003   0.1854311447E+003
    129800   0.7604715320E+003   0.1804625255E+003   0.1035866128E+003   0.1854603280E+003
    129900   0.7605789338E+003   0.1804417878E+003   0.1035969666E+003   0.1855311064E+003
    130000   0.7607417478E+003   0.1804419597E+003   0.1035839665E+003   0.1855565167E+003
    130100   0.7610055161E+003   0.1804200689E+003   0.1035387513E+003   0.1855435327E+003
    130200   0.7612019464E+003   0.1803506331E+003   0.1034885824E+003   0.1855365924E+003
    130300   0.7614449789E+003   0.1802805652E+003   0.1034134092E+003   0.1855007827E+003
    130400   0.7617274580E+003   0.1802204499E+003   0.1033602683E+003   0.1855035347E+003
    130500   0.7620204986E+003   0.1801672706E+003   0.1033084670E+003   0.1855064113E+003
    130600   0.7624033177E+003   0.1800543314E+003   0.1032410897E+003   0.1855186128E+003
    130700   0.7627454364E+003   0.1799285546E+003   0.1031896808E+003   0.1855629252E+003
    130800   0.7629759682E+003   0.1798204910E+003   0.1031350643E+003   0.1855770738E+003
    130900   0.7631836591E+003   0.1797271260E+003   0.1031047192E+003   0.1856257268E+003
    131000   0.7633893065E+003   0.1796568035E+003   0.1030515589E+003   0.1856212315E+003
    131100   0.7636418915E+003   0.1796511675E+003   0.1030032181E+003   0.1856122406E+003
    131200   0.7639203105E+003   0.1796030582E+003   0.1029397364E+003   0.1855916180E+003
    131300   0.7641176965E+003   0.1795932355E+003   0.1029004425E+003   0.1855924574E+003
    131400   0.7642573033E+003   0.1795909028E+003   0.1028838662E+003   0.1856341980E+003
    131500   0.7643612234E+003   0.1795703743E+003   0.1028836017E+003   0.1856979972E+003
    131600   0.7644916422E+003   0.1795358178E+003   0.1028760959E+003   0.1857644228E+003
    131700   0.7645946833E+003   0.1795168502E+003   0.1028250703E+003   0.1857408099E+003
    131800   0.7646627446E+003   0.1794983466E+003   0.1027813906E+003   0.1857182381E+003
    131900   0.7647097087E+003   0.1794490323E+003   0.1027480326E+003   0.1857336758E+003
    132000   0.7647397803E+003   0.1793671466E+003   0.1027131958E+003   0.1857436322E+003
    132100   0.7647583290E+003   0.1792989156E+003   0.1026833003E+003   0.1857463732E+003
    132200   0.7647973401E+003   0.1792317424E+003   0.1026298408E+003   0.1857236148E+003
    132300   0.7648802742E+003   0.1791425951E+003   0.1025779337E+003   0.1857167155E+003
    132400   0.7649796777E+003   0.1790432121E+003   0.1025172939E+003   0.1857074318E+003
    132500   0.7651027213E+003   0.1789296523E+003   0.1024498549E+003   0.1857010569E+003
    132600   0.7651390898E+003   0.1788476787E+003   0.1024109985E+003   0.1856974977E+003
    132700   0.7652089857E+003   0.1787883520E+003   0.1023657148E+003   0.1856780129E+003
    132800   0.7653301731E+003   0.1787422622E+003   0.1023325197E+003   0.1856966196E+003
    132900   0.7654195808E+003   0.1786902176E+003   0.1022909290E+003   0.1857064085E+003
    133000   0.7655286214E+003   0.1786651398E+003   0.1022389825E+003   0.1856994926E+003
    133100   0.7655953704E+003   0.1786271433E+003   0.1022026052E+003   0.1857124742E+003
    133200   0.7656041402E+003   0.1786100327E+003   0.1021707648E+003   0.1857261865E+003
    133300   0.7656000222E+003   0.1786022216E+003   0.1021468667E+003   0.1857421821E+003
    133400   0.7656210534E+003   0.1785652579E+003   0.1021189706E+003   0.1857675565E+003
    133500   0.7656365748E+003   0.1785486805E+003   0.1020930034E+003   0.1857805845E+003
    133600   0.7656403881E+003   0.1785507927E+003   0.1020485953E+003   0.1857471144E+003
    133700   0.7656268972E+003   0.1785799127E+003   0.1020268853E+003   0.1857465953E+003
    133800   0.7656173420E+003   0.1786242547E+003   0.1020158982E+003   0.1857548986E+003
    133900   0.7656281859E+003   0.1786585983E+003   0.1019875694E+003   0.1857486321E+003
    134000   0.7656693279E+003   0.1786685746E+003   0.1019765912E+003   0.1857733453E+003
    134100   0.7656865055E+003   0.1786697724E+003   0.1019451497E+003   0.1857604894E+003
    134200   0.7657297510E+003   0.1786605922E+003   0.1019251315E+003   0.1857697444E+003
    134300   0.7658041292E+003   0.1786622427E+003   0.1019316962E+003   0.1858222338E+003
    134400   0.7658485294E+003   0.1786687475E+003   0.1019550714E+003   0.1859172339E+003
    134500   0.7658633330E+003   0.1786980390E+003   0.1019493267E+003   0.1859347403E+003
    134600   0.7658861763E+003   0.1787130855E+003   0.1019561454E+003   0.1859647684E+003
    134700   0.7659074483E+003   0.1787259678E+003   0.1019544509E+003   0.1859749206E+003
    134800   0.7659277471E+003   0.1787283332E+003   0.1019579218E+003   0.1859998128E+003
    134900   0.7659471070E+003   0.1787068629E+003   0.1019410327E+003   0.1859903997E+003
    135000   0.7659181766E+003   0.1787048739E+003   0.1019323646E+003   0.1859779356E+003
    135100   0.7658957373E+003   0.1787132826E+003   0.1019314853E+003   0.1859800702E+003
    135200   0.7658496204E+003   0.1787045980E+003   0.1019203619E+003   0.1859741434E+003
    135300   0.7657907563E+003   0.1786691163E+003   0.1019245378E+003   0.1860011918E+003
    135400   0.7658258666E+003   0.1786279963E+003   0.1019000379E+003   0.1859840416E+003
    135500   0.7658457297E+003   0.1785638746E+003   0.1018692087E+003   0.1859611354E+003
    135600   0.7659003517E+003   0.1784906534E+003   0.1018412320E+003   0.1859571653E+003
    135700   0.7660384165E+003   0.1784580210E+003   0.1018093866E+003   0.1859298633E+003
    135800   0.7661629293E+003   0.1784060673E+003   0.1017858269E+003   0.1859259903E+003
    135900   0.7663197011E+003   0.1783695580E+003   0.1017745922E+003   0.1859486264E+003
    136000   0.7664607658E+003   0.1783179517E+003   0.1017475365E+003   0.1859379081E+003
    136100   0.7665436926E+003   0.1782675850E+003   0.1017215815E+003   0.1859225138E+003
    136200   0.7665611520E+003   0.1782229483E+003   0.1016955193E+003   0.1859043997E+003
    136300   0.7665575343E+003   0.1781945451E+003   0.1016660412E+003   0.1858922265E+003
    136400   0.7665759959E+003   0.1781722095E+003   0.1016406471E+003   0.1859055596E+003
    136500   0.7665797156E+003   0.1781767348E+003   0.1016059081E+003   0.1858979973E+003
    136600   0.7665274441E+003   0.1781724575E+003   0.1015852085E+003   0.1859100371E+003
    136700   0.7665115142E+003   0.1782154514E+003   0.1015799320E+003   0.1859192584E+003
    136800   0.7664879251E+003   0.1782660452E+003   0.1015692440E+003   0.1859176387E+003
    136900   0.7665065277E+003   0.1783051661E+003   0.1015613345E+003   0.1859329155E+003
    137000   0.7665266680E+003   0.1783362717E+003   0.1015514114E+003   0.1859497628E+003
    137100   0.7665397328E+003   0.1783534301E+003   0.1015455487E+003   0.1859885629E+003
    137200   0.7665506413E+003   0.1783684444E+003   0.1015247781E+003   0.1859968055E+003
    137300   0.7665466806E+003   0.1783924607E+003   0.1015047664E+003   0.1859973961E+003
    137400   0.7665097686E+003   0.1784124878E+003   0.1015027901E+003   0.1860186491E+003
    137500   0.7664570769E+003   0.1784228737E+003   0.1014807698E+003   0.1860025954E+003
    137600   0.7663914860E+003   0.1784302250E+003   0.1014606951E+003   0.1859916692E+003
    137700   0.7662371113E+003   0.1784613289E+003   0.1014928808E+003   0.1860501207E+003
    137800   0.7661030407E+003   0.1784752127E+003   0.1014978335E+003   0.1860657637E+003
    137900   0.7659631902E+003   0.1784955747E+003   0.1014881216E+003   0.1860481937E+003
    138000   0.7658368406E+003   0.1785234898E+003   0.1014753749E+003   0.1860218568E+003
    138100   0.7657579958E+003   0.1785635322E+003   0.1014709776E+003   0.1860061446E+003
    138200   0.7656545940E+003   0.1786282468E+003   0.1014927624E+003   0.1860169245E+003
    138300   0.7654533479E+003   0.1787251411E+003   0.1015542376E+003   0.1860660909E+003
    138400   0.7652962562E+003   0.1788193177E+003   0.1016113574E+003   0.1861208882E+003
    138500   0.7650659459E+003   0.1789091491E+003   0.1016658899E+003   0.1861718607E+003
    138600   0.7648424141E+003   0.1789984286E+003   0.1016908839E+003   0.1861675032E+003
    138700   0.7646298424E+003   0.1791050377E+003   0.1017113752E+003   0.1861492531E+003
    138800   0.7644495185E+003   0.1792213634E+003   0.1017374069E+003   0.1861372195E+003
    138900   0.7642024309E+003   0.1793378418E+003   0.1017880773E+003   0.1861499095E+003
    139000   0.7640063259E+003   0.1794342267E+003   0.1018324690E+003   0.1861679127E+003
    139100   0.7637052972E+003   0.1796059672E+003   0.1018870372E+003   0.1861647124E+003
    139200   0.7634166682E+003   0.1797973098E+003   0.1019543129E+003   0.1861758752E+003
    139300   0.7632025833E+003   0.1799531234E+003   0.1020131488E+003   0.1862026045E+003
    139400   0.7629675056E+003   0.1800680237E+003   0.1020602444E+003   0.1862282833E+003
    139500   0.7626931047E+003   0.1801701142E+003   0.1020977947E+003   0.1862407017E+003
    139600   0.7623673550E+003   0.1802818937E+003   0.1021407076E+003   0.1862602470E+003
    139700   0.7620579075E+003   0.1803985635E+003   0.1021973643E+003   0.1862916741E+003
    139800   0.7617694385E+003   0.1805056840E+003   0.1022524068E+003   0.1863343624E+003
    139900   0.7615407691E+003   0.1805994871E+003   0.1022830181E+003   0.1863592622E+003
    140000   0.7612887132E+003   0.1807141829E+003   0.1022824445E+003   0.1863416606E+003
    140100   0.7611110724E+003   0.1808326063E+003   0.1022838846E+003   0.1863340358E+003
    140200   0.7609018440E+003   0.1809227072E+003   0.1022739481E+003   0.1863156657E+003
    140300   0.7606212721E+003   0.1809985369E+003   0.1022714214E+003   0.1863006981E+003
    140400   0.7603745209E+003   0.1810877451E+003   0.1022730413E+003   0.1862941562E+003
    140500   0.7602069933E+003   0.1811533672E+003   0.1022757526E+003   0.1862982520E+003
    140600   0.7599655441E+003   0.1812227162E+003   0.1022700583E+003   0.1862879209E+003
    140700   0.7597747350E+003   0.1812908923E+003   0.1022507974E+003   0.1862602000E+003
    140800   0.7595600810E+003   0.1814046820E+003   0.1022302683E+003   0.1862411977E+003
    140900   0.7594049075E+003   0.1815061700E+003   0.1022145917E+003   0.1862292577E+003
    141000   0.7592477408E+003   0.1815846431E+003   0.1021961075E+003   0.1862179156E+003
    141100   0.7590119384E+003   0.1816579080E+003   0.1021696238E+003   0.1862127458E+003
    141200   0.7588066347E+003   0.1817027758E+003   0.1021623683E+003   0.1862353418E+003
    141300   0.7585866173E+003   0.1817501812E+003   0.1021490136E+003   0.1862484285E+003
    141400   0.7583989908E+003   0.1818011854E+003   0.1021272877E+003   0.1862385785E+003
    141500   0.7582219720E+003   0.1818459898E+003   0.1021133754E+003   0.1862362377E+003
    141600   0.7580013573E+003   0.1818933771E+003   0.1020949693E+003   0.1862261918E+003
    141700   0.7577726841E+003   0.1819637558E+003   0.1021018711E+003   0.1862595487E+003
    141800   0.7575765199E+003   0.1820194431E+003   0.1020980058E+003   0.1862601251E+003
    141900   0.7573271393E+003   0.1820925825E+003   0.1020786944E+003   0.1862452580E+003
    142000   0.7570445164E+003   0.1821939206E+003   0.1020846309E+003   0.1862755439E+003
    142100   0.7568303395E+003   0.1822783046E+003   0.1020608182E+003   0.1862578759E+003
    142200   0.7565919347E+003   0.1823435872E+003   0.1020627814E+003   0.1862920054E+003
    142300   0.7563598421E+003   0.1823744342E+003   0.1020440815E+003   0.1862861829E+003
    142400   0.7561123319E+003   0.1824197138E+003   0.1020095649E+003   0.1862538834E+003
    142500   0.7558910419E+003   0.1824660337E+003   0.1019916582E+003   0.1862479211E+003
    142600   0.7556724245E+003   0.1825245591E+003   0.1019825719E+003   0.1862614036E+003
    142700   0.7554570699E+003   0.1825691416E+003   0.1019710493E+003   0.1862771610E+003
    142800   0.7552654056E+003   0.1826297148E+003   0.1019482738E+003   0.1862788548E+003
    142900   0.7550601300E+003   0.1827022800E+003   0.1019331236E+003   0.1862877445E+003
    143000   0.7548475407E+003   0.1827641347E+003   0.1019238769E+003   0.1862935721E+003
    143100   0.7546554817E+003   0.1828210046E+003   0.1019172913E+003   0.1863091975E+003
    143200   0.7544347011E+003   0.1828865314E+003   0.1018899590E+003   0.1863146641E+003
    143300   0.7542476503E+003   0.1829345672E+003   0.1018572129E+003   0.1863036805E+003
    143400   0.7540655052E+003   0.1829906927E+003   0.1018363160E+003   0.1862967110E+003
    143500   0.7538721115E+003   0.1830449351E+003   0.1018285192E+003   0.1862976352E+003
    143600   0.7537090308E+003   0.1830984457E+003   0.1018308515E+003   0.1863100124E+003
    143700   0.7535149706E+003   0.1831703275E+003   0.1018368646E+003   0.1863184366E+003
    143800   0.7533307660E+003   0.1832605858E+003   0.1018484833E+003   0.1863233880E+003
    143900   0.7531451533E+003   0.1833786891E+003   0.1018463907E+003   0.1863124112E+003
    144000   0.7529813359E+003   0.1834731780E+003   0.1018379250E+003   0.1862984460E+003
    144100   0.7528227513E+003   0.1835564473E+003   0.1018406729E+003   0.1863079732E+003
    144200   0.7526608351E+003   0.1836311060E+003   0.1018378022E+003   0.1863126645E+003
    144300   0.7525036391E+003   0.1836944231E+003   0.1018259436E+003   0.1863002846E+003
    144400   0.7523141012E+003   0.1837627568E+003   0.1018073841E+003   0.1862846428E+003
    144500   0.7521673099E+003   0.1838017326E+003   0.1017783085E+003   0.1862581157E+003
    144600   0.7520065751E+003   0.1838449684E+003   0.1017537295E+003   0.1862415607E+003
    144700   0.7518195029E+003   0.1838757856E+003   0.1017293864E+003   0.1862328007E+003
    144800   0.7516798304E+003   0.1839060740E+003   0.1017187369E+003   0.1862315888E+003
    144900   0.7515163872E+003   0.1839806226E+003   0.1016940505E+003   0.1862013610E+003
    145000   0.7513881161E+003   0.1840354467E+003   0.1016798250E+003   0.1861828691E+003
    145100   0.7512802002E+003   0.1841110935E+003   0.1016728766E+003   0.1861787243E+003
    145200   0.7511708989E+003   0.1841726484E+003   0.1016637723E+003   0.1861719140E+003
    145300   0.7510600032E+003   0.1842246501E+003   0.1016647403E+003   0.1861862256E+003
    145400   0.7509251606E+003   0.1842724468E+003   0.1016581213E+003   0.1861933936E+003
    145500   0.7507902484E+003   0.1843277897E+003   0.1016619344E+003   0.1862103923E+003
    145600   0.7506722213E+003   0.1843682382E+003   0.1016538888E+003   0.1862150708E+003
    145700   0.7505569769E+003   0.1844268162E+003   0.1016549402E+003   0.1862273355E+003
    145800   0.7504673781E+003   0.1844873993E+003   0.1016481985E+003   0.1862117360E+003
    145900   0.7503473974E+003   0.1845839120E+003   0.1016539872E+003   0.1862095708E+003
    146000   0.7502090880E+003   0.1846733650E+003   0.1016440866E+003   0.1861800500E+003
    146100   0.7500900786E+003   0.1847379746E+003   0.1016307447E+003   0.1861530850E+003
    146200   0.7499552639E+003   0.1847974528E+003   0.1016390688E+003   0.1861645550E+003
    146300   0.7498385854E+003   0.1848656141E+003   0.1016383883E+003   0.1861575720E+003
    146400   0.7497000679E+003   0.1849373056E+003   0.1016243125E+003   0.1861322795E+003
    146500   0.7495662478E+003   0.1849910155E+003   0.1016092250E+003   0.1860979966E+003
    146600   0.7494266750E+003   0.1850369617E+003   0.1016021195E+003   0.1860766562E+003
    146700   0.7493047719E+003   0.1850648089E+003   0.1015861079E+003   0.1860503308E+003
    146800   0.7491606636E+003   0.1850998008E+003   0.1015742502E+003   0.1860324066E+003
    146900   0.7490429092E+003   0.1851592603E+003   0.1015724801E+003   0.1860290496E+003
    147000   0.7489094673E+003   0.1852251561E+003   0.1015764996E+003   0.1860322913E+003
    147100   0.7487752940E+003   0.1852809644E+003   0.1015771246E+003   0.1860240019E+003
    147200   0.7485928735E+003   0.1853275760E+003   0.1015847999E+003   0.1860258306E+003
    147300   0.7484265477E+003   0.1853810471E+003   0.1015811012E+003   0.1860166323E+003
    147400   0.7482988398E+003   0.1854138850E+003   0.1015743798E+003   0.1860035696E+003
    147500   0.7481825961E+003   0.1854547586E+003   0.1015567455E+003   0.1859740774E+003
    147600   0.7480717237E+003   0.1854997151E+003   0.1015429048E+003   0.1859534949E+003
    147700   0.7479983397E+003   0.1855358768E+003   0.1015188427E+003   0.1859409474E+003
    147800   0.7479064454E+003   0.1855590513E+003   0.1015079802E+003   0.1859461161E+003
    147900   0.7477593377E+003   0.1855840280E+003   0.1015028188E+003   0.1859540444E+003
    148000   0.7476267893E+003   0.1856137386E+003   0.1014902426E+003   0.1859493148E+003
    148100   0.7475113323E+003   0.1856296172E+003   0.1014847914E+003   0.1859465438E+003
    148200   0.7473687257E+003   0.1856511472E+003   0.1014877362E+003   0.1859553025E+003
    148300   0.7472774324E+003   0.1856653906E+003   0.1014851132E+003   0.1859642875E+003
    148400   0.7471731033E+003   0.1856727042E+003   0.1014741054E+003   0.1859645391E+003
    148500   0.7470929701E+003   0.1856676118E+003   0.1014497592E+003   0.1859457188E+003
    148600   0.7470203731E+003   0.1856430772E+003   0.1014172807E+003   0.1859279180E+003
    148700   0.7469686852E+003   0.1856253761E+003   0.1014001326E+003   0.1859268964E+003
    148800   0.7469322729E+003   0.1856172561E+003   0.1013739520E+003   0.1859113206E+003
    148900   0.7468594841E+003   0.1855952748E+003   0.1013511438E+003   0.1859081560E+003
    149000   0.7467729639E+003   0.1855730373E+003   0.1013332977E+003   0.1859199371E+003
    149100   0.7467456924E+003   0.1855690311E+003   0.1013200339E+003   0.1859326640E+003
    149200   0.7467701492E+003   0.1855649736E+003   0.1012795657E+003   0.1859052303E+003
    149300   0.7468340127E+003   0.1855646343E+003   0.1012488208E+003   0.1859082522E+003
    149400   0.7468726709E+003   0.1855847603E+003   0.1012239168E+003   0.1859117550E+003
    149500   0.7468676807E+003   0.1856016339E+003   0.1012081933E+003   0.1859104773E+003
    149600   0.7468824621E+003   0.1856085544E+003   0.1011920207E+003   0.1859104016E+003
    149700   0.7469128265E+003   0.1856034904E+003   0.1011792968E+003   0.1859429993E+003
    149800   0.7469442212E+003   0.1856058643E+003   0.1011650774E+003   0.1859645272E+003
    149900   0.7469868320E+003   0.1856320332E+003   0.1011564092E+003   0.1860003484E+003
    150000   0.7470474576E+003   0.1856665424E+003   0.1011336669E+003   0.1860313785E+003
    150100   0.7470852169E+003   0.1857023953E+003   0.1010968025E+003   0.1860235151E+003
    150200   0.7471039961E+003   0.1857421853E+003   0.1010582725E+003   0.1860051135E+003
    150300   0.7471486132E+003   0.1857742247E+003   0.1010335812E+003   0.1860042291E+003
    150400   0.7471775778E+003   0.1858004369E+003   0.1010056775E+003   0.1860037241E+003
    150500   0.7472075201E+003   0.1858210196E+003   0.1009873187E+003   0.1860179695E+003
    150600   0.7472465806E+003   0.1858593098E+003   0.1009597892E+003   0.1860188355E+003
    150700   0.7472530793E+003   0.1858699023E+003   0.1009271198E+003   0.1860080574E+003
    150800   0.7472535650E+003   0.1858704837E+003   0.1008991378E+003   0.1860141321E+003
    150900   0.7472655804E+003   0.1858840817E+003   0.1008751886E+003   0.1860272245E+003
    151000   0.7472678519E+003   0.1859042991E+003   0.1008542058E+003   0.1860371887E+003
    151100   0.7472929359E+003   0.1859272189E+003   0.1008419748E+003   0.1860608728E+003
    151200   0.7473066316E+003   0.1859616983E+003   0.1008391218E+003   0.1860850719E+003
    151300   0.7473288544E+003   0.1860080524E+003   0.1008341677E+003   0.1861204476E+003
    151400   0.7473738010E+003   0.1860375196E+003   0.1008168761E+003   0.1861440778E+003
    151500   0.7473641659E+003   0.1860544428E+003   0.1008013319E+003   0.1861672502E+003
    151600   0.7473128947E+003   0.1860770855E+003   0.1007905508E+003   0.1861813652E+003
    151700   0.7472363998E+003   0.1860943126E+003   0.1007732466E+003   0.1861803535E+003
    151800   0.7471352802E+003   0.1861323188E+003   0.1007629408E+003   0.1861883951E+003
    151900   0.7470094720E+003   0.1861650360E+003   0.1007751667E+003   0.1862157939E+003
    152000   0.7468994003E+003   0.1862100265E+003   0.1007830978E+003   0.1862245862E+003
    152100   0.7468268333E+003   0.1862607564E+003   0.1007684293E+003   0.1861978457E+003
    152200   0.7467381635E+003   0.1863016325E+003   0.1007606151E+003   0.1861740000E+003
    152300   0.7466338723E+003   0.1863399931E+003   0.1007527162E+003   0.1861506815E+003
    152400   0.7465423227E+003   0.1863826026E+003   0.1007476448E+003   0.1861302086E+003
    152500   0.7464890987E+003   0.1864171220E+003   0.1007521872E+003   0.1861309602E+003
    152600   0.7464209376E+003   0.1864524348E+003   0.1007619432E+003   0.1861396831E+003
    152700   0.7463599705E+003   0.1864773285E+003   0.1007629770E+003   0.1861420558E+003
    152800   0.7463041886E+003   0.1865207137E+003   0.1007628125E+003   0.1861386267E+003
    152900   0.7462613883E+003   0.1865571042E+003   0.1007659283E+003   0.1861454655E+003
    153000   0.7462004394E+003   0.1865811242E+003   0.1007718971E+003   0.1861642705E+003
    153100   0.7461196237E+003   0.1866164180E+003   0.1007709001E+003   0.1861527738E+003
    153200   0.7460408893E+003   0.1866528782E+003   0.1007678982E+003   0.1861342615E+003
    153300   0.7459691937E+003   0.1866792305E+003   0.1007715641E+003   0.1861294082E+003
    153400   0.7458525838E+003   0.1867168208E+003   0.1007790432E+003   0.1861199469E+003
    153500   0.7458014371E+003   0.1867564230E+003   0.1007847840E+003   0.1861167601E+003
    153600   0.7456772238E+003   0.1868160186E+003   0.1008040638E+003   0.1861138954E+003
    153700   0.7455479099E+003   0.1868866737E+003   0.1008149393E+003   0.1860889891E+003
    153800   0.7454731027E+003   0.1869441323E+003   0.1008229973E+003   0.1860696186E+003
    153900   0.7454125213E+003   0.1869788473E+003   0.1008215424E+003   0.1860444555E+003
    154000   0.7453678634E+003   0.1869995993E+003   0.1008312885E+003   0.1860425996E+003
    154100   0.7453700022E+003   0.1870388626E+003   0.1008374749E+003   0.1860416195E+003
    154200   0.7453829418E+003   0.1870739852E+003   0.1008304962E+003   0.1860227651E+003
    154300   0.7453763885E+003   0.1870806088E+003   0.1008124676E+003   0.1859877302E+003
    154400   0.7453702152E+003   0.1870907889E+003   0.1008043172E+003   0.1859739733E+003
    154500   0.7453572929E+003   0.1871051292E+003   0.1007858614E+003   0.1859403492E+003
    154600   0.7453431396E+003   0.1871095548E+003   0.1007610966E+003   0.1858942005E+003
    154700   0.7453612439E+003   0.1871082114E+003   0.1007602014E+003   0.1858978166E+003
    154800   0.7453305825E+003   0.1870950355E+003   0.1007499596E+003   0.1858846887E+003
    154900   0.7453073030E+003   0.1870908163E+003   0.1007410343E+003   0.1858714380E+003
    155000   0.7452831424E+003   0.1871252148E+003   0.1007458990E+003   0.1858680766E+003
    155100   0.7452340578E+003   0.1871586180E+003   0.1007482693E+003   0.1858643510E+003
    155200   0.7452097304E+003   0.1872051432E+003   0.1007379585E+003   0.1858440407E+003
    155300   0.7451800656E+003   0.1872360754E+003   0.1007300640E+003   0.1858442358E+003
    155400   0.7451929122E+003   0.1872705368E+003   0.1007271473E+003   0.1858740944E+003
    155500   0.7452248934E+003   0.1873046706E+003   0.1007294907E+003   0.1859071445E+003
    155600   0.7452303790E+003   0.1873317285E+003   0.1007425056E+003   0.1859551202E+003
    155700   0.7452225697E+003   0.1873494154E+003   0.1007594697E+003   0.1860084807E+003
    155800   0.7452162365E+003   0.1873686219E+003   0.1007717682E+003   0.1860499441E+003
    155900   0.7452056161E+003   0.1874004518E+003   0.1007668228E+003   0.1860500913E+003
    156000   0.7451805364E+003   0.1874364133E+003   0.1007572614E+003   0.1860427290E+003
    156100   0.7451649693E+003   0.1874600722E+003   0.1007475793E+003   0.1860372052E+003
    156200   0.7451209454E+003   0.1874765136E+003   0.1007488426E+003   0.1860544805E+003
    156300   0.7450762923E+003   0.1874778917E+003   0.1007500472E+003   0.1860666952E+003
    156400   0.7450158014E+003   0.1874692977E+003   0.1007549989E+003   0.1860870238E+003
    156500   0.7449562213E+003   0.1874619611E+003   0.1007646768E+003   0.1861132248E+003
    156600   0.7448943342E+003   0.1874573764E+003   0.1007836198E+003   0.1861438120E+003
    156700   0.7448233468E+003   0.1874726813E+003   0.1007980105E+003   0.1861544160E+003
    156800   0.7447837754E+003   0.1874888203E+003   0.1008008809E+003   0.1861530007E+003
    156900   0.7447209848E+003   0.1875073822E+003   0.1007969767E+003   0.1861401527E+003
    157000   0.7446358858E+003   0.1875060861E+003   0.1007899779E+003   0.1861169357E+003
    157100   0.7445450371E+003   0.1874964519E+003   0.1007856868E+003   0.1860993324E+003
    157200   0.7444447293E+003   0.1875170457E+003   0.1007865245E+003   0.1860743380E+003
    157300   0.7443206587E+003   0.1875580095E+003   0.1008064639E+003   0.1860682969E+003
    157400   0.7442372036E+003   0.1875915851E+003   0.1008183147E+003   0.1860674045E+003
    157500   0.7441688779E+003   0.1876341934E+003   0.1008307902E+003   0.1860705085E+003
    157600   0.7440958957E+003   0.1876793650E+003   0.1008390278E+003   0.1860608764E+003
    157700   0.7440236721E+003   0.1877250477E+003   0.1008513569E+003   0.1860496680E+003
    157800   0.7439780229E+003   0.1877431466E+003   0.1008658732E+003   0.1860587066E+003
    157900   0.7439087554E+003   0.1877526970E+003   0.1008640916E+003   0.1860394760E+003
    158000   0.7438669911E+003   0.1877750699E+003   0.1008780874E+003   0.1860489296E+003
    158100   0.7438009128E+003   0.1878006547E+003   0.1008956023E+003   0.1860576192E+003
    158200   0.7437247823E+003   0.1878122130E+003   0.1009100700E+003   0.1860620276E+003
    158300   0.7436819793E+003   0.1878336076E+003   0.1009382524E+003   0.1860858423E+003
    158400   0.7436521331E+003   0.1878602023E+003   0.1009621882E+003   0.1861047478E+003
    158500   0.7436138454E+003   0.1878730584E+003   0.1009835165E+003   0.1861258580E+003
    158600   0.7435492261E+003   0.1878840129E+003   0.1010046401E+003   0.1861356395E+003
    158700   0.7435135303E+003   0.1878949015E+003   0.1010262012E+003   0.1861536548E+003
    158800   0.7434689037E+003   0.1879126549E+003   0.1010342425E+003   0.1861490423E+003
    158900   0.7434099401E+003   0.1879409730E+003   0.1010445259E+003   0.1861436288E+003
    159000   0.7433544089E+003   0.1879873425E+003   0.1010457317E+003   0.1861153075E+003
    159100   0.7432743216E+003   0.1880213297E+003   0.1010589474E+003   0.1861029760E+003
    159200   0.7431619298E+003   0.1880521342E+003   0.1011009197E+003   0.1861297134E+003
    159300   0.7430407827E+003   0.1880814833E+003   0.1011545201E+003   0.1861761159E+003
    159400   0.7429433974E+003   0.1881098134E+003   0.1011933400E+003   0.1862074860E+003
    159500   0.7428616470E+003   0.1881533148E+003   0.1012224148E+003   0.1862157200E+003
    159600   0.7427757798E+003   0.1881826998E+003   0.1012488841E+003   0.1862209604E+003
    159700   0.7427123325E+003   0.1882187278E+003   0.1012679855E+003   0.1862129918E+003
    159800   0.7426188281E+003   0.1882577206E+003   0.1012825536E+003   0.1861871614E+003
    159900   0.7425668770E+003   0.1883002309E+003   0.1013048177E+003   0.1861789144E+003
    160000   0.7425086023E+003   0.1883219484E+003   0.1013264593E+003   0.1861801296E+003
    160100   0.7424480701E+003   0.1883477065E+003   0.1013867568E+003   0.1862341259E+003
    160200   0.7424029669E+003   0.1883487188E+003   0.1014230644E+003   0.1862620530E+003
    160300   0.7424045437E+003   0.1883449531E+003   0.1014481697E+003   0.1862709391E+003
    160400   0.7424273176E+003   0.1883637260E+003   0.1014574062E+003   0.1862510833E+003
    160500   0.7424516557E+003   0.1883858058E+003   0.1014797131E+003   0.1862495112E+003
    160600   0.7424708324E+003   0.1884126261E+003   0.1015256836E+003   0.1862663521E+003
    160700   0.7424545478E+003   0.1884350800E+003   0.1015675704E+003   0.1862717273E+003
    160800   0.7424186234E+003   0.1884428101E+003   0.1016078253E+003   0.1862764856E+003
    160900   0.7423937228E+003   0.1884323962E+003   0.1016422746E+003   0.1862810352E+003
    161000   0.7424130260E+003   0.1884252691E+003   0.1016755124E+003   0.1862775128E+003
    161100   0.7423838983E+003   0.1884006034E+003   0.1017111382E+003   0.1862864574E+003
    161200   0.7423367788E+003   0.1883628200E+003   0.1017519115E+003   0.1863023329E+003
    161300   0.7423030690E+003   0.1883248849E+003   0.1017848681E+003   0.1863112680E+003
    161400   0.7423123447E+003   0.1882927775E+003   0.1018161174E+003   0.1863018818E+003
    161500   0.7423277275E+003   0.1882680103E+003   0.1018466418E+003   0.1862870300E+003
    161600   0.7423399393E+003   0.1882463743E+003   0.1018672647E+003   0.1862765316E+003
    161700   0.7423451301E+003   0.1882461356E+003   0.1018954358E+003   0.1862645194E+003
    161800   0.7423574645E+003   0.1882595852E+003   0.1019352916E+003   0.1862675103E+003
    161900   0.7423375316E+003   0.1882453431E+003   0.1019714386E+003   0.1862696537E+003
    162000   0.7423376839E+003   0.1882358773E+003   0.1020099028E+003   0.1862786223E+003
    162100   0.7423822198E+003   0.1882425621E+003   0.1020612491E+003   0.1863013765E+003
    162200   0.7424079195E+003   0.1882491623E+003   0.1021031838E+003   0.1863129938E+003
    162300   0.7423736829E+003   0.1882651803E+003   0.1021385048E+003   0.1863059484E+003
    162400   0.7423763823E+003   0.1882661609E+003   0.1021597480E+003   0.1862969776E+003
    162500   0.7424294542E+003   0.1882740658E+003   0.1021905603E+003   0.1862894913E+003
    162600   0.7424661217E+003   0.1882783953E+003   0.1022189225E+003   0.1862793851E+003
    162700   0.7424828482E+003   0.1882679503E+003   0.1022383175E+003   0.1862629768E+003
    162800   0.7424897044E+003   0.1882324115E+003   0.1022540758E+003   0.1862407500E+003
    162900   0.7424726344E+003   0.1882131006E+003   0.1022717804E+003   0.1862289411E+003
    163000   0.7424706771E+003   0.1882018601E+003   0.1022963293E+003   0.1862240166E+003
    163100   0.7424841176E+003   0.1881893573E+003   0.1023234735E+003   0.1862296295E+003
    163200   0.7424948435E+003   0.1881769176E+003   0.1023587678E+003   0.1862467588E+003
    163300   0.7424918485E+003   0.1881548508E+003   0.1023931711E+003   0.1862547931E+003
    163400   0.7424940738E+003   0.1881275522E+003   0.1024305401E+003   0.1862627753E+003
    163500   0.7425464343E+003   0.1880805788E+003   0.1024789589E+003   0.1862845675E+003
    163600   0.7425757909E+003   0.1880650011E+003   0.1025193058E+003   0.1862987958E+003
    163700   0.7425761283E+003   0.1880334769E+003   0.1025570686E+003   0.1863219502E+003
    163800   0.7425852281E+003   0.1880064299E+003   0.1025913154E+003   0.1863416002E+003
    163900   0.7426056349E+003   0.1879670668E+003   0.1026099901E+003   0.1863299221E+003
    164000   0.7426384289E+003   0.1879152565E+003   0.1026219253E+003   0.1863011527E+003
    164100   0.7426572857E+003   0.1878764051E+003   0.1026451693E+003   0.1862934690E+003
    164200   0.7426553814E+003   0.1878491465E+003   0.1026729602E+003   0.1862952274E+003
    164300   0.7426133856E+003   0.1878263802E+003   0.1027065909E+003   0.1863109631E+003
    164400   0.7426002389E+003   0.1878114833E+003   0.1027586024E+003   0.1863524029E+003
    164500   0.7426078562E+003   0.1878132795E+003   0.1027877509E+003   0.1863600112E+003
    164600   0.7426068959E+003   0.1878310194E+003   0.1028213524E+003   0.1863622547E+003
    164700   0.7426013416E+003   0.1878426739E+003   0.1028545063E+003   0.1863661162E+003
    164800   0.7426019210E+003   0.1878309857E+003   0.1028781390E+003   0.1863701935E+003
    164900   0.7426055247E+003   0.1877845427E+003   0.1029010258E+003   0.1863635285E+003
    165000   0.7426128221E+003   0.1877580250E+003   0.1029217038E+003   0.1863630478E+003
    165100   0.7426484515E+003   0.1877139629E+003   0.1029347561E+003   0.1863591946E+003
    165200   0.7426710582E+003   0.1876712551E+003   0.1029480429E+003   0.1863529084E+003
    165300   0.7426718758E+003   0.1876262476E+003   0.1029676704E+003   0.1863497180E+003
    165400   0.7427461656E+003   0.1875852691E+003   0.1029791317E+003   0.1863517744E+003
    165500   0.7428370139E+003   0.1875601863E+003   0.1029938853E+003   0.1863519563E+003
    165600   0.7429154024E+003   0.1875320976E+003   0.1030065331E+003   0.1863453050E+003
    165700   0.7429814779E+003   0.1874971750E+003   0.1030329100E+003   0.1863564718E+003
    165800   0.7430418448E+003   0.1874831725E+003   0.1030505074E+003   0.1863557033E+003
    165900   0.7431086981E+003   0.1874555840E+003   0.1030720570E+003   0.1863538578E+003
    166000   0.7431700722E+003   0.1874372568E+003   0.1030910037E+003   0.1863552289E+003
    166100   0.7432285107E+003   0.1874144256E+003   0.1031000234E+003   0.1863430751E+003
    166200   0.7432711326E+003   0.1873894425E+003   0.1031109326E+003   0.1863364882E+003
    166300   0.7432961143E+003   0.1873660512E+003   0.1031235025E+003   0.1863337013E+003
    166400   0.7433204492E+003   0.1873459348E+003   0.1031335294E+003   0.1863254738E+003
    166500   0.7433393964E+003   0.1873342205E+003   0.1031460285E+003   0.1863229201E+003
    166600   0.7433146661E+003   0.1873275056E+003   0.1031524713E+003   0.1863043085E+003
    166700   0.7433048983E+003   0.1873140458E+003   0.1031581433E+003   0.1862863179E+003
    166800   0.7433419091E+003   0.1873152593E+003   0.1031651065E+003   0.1862776684E+003
    166900   0.7433543616E+003   0.1873025905E+003   0.1031776864E+003   0.1862724470E+003
    167000   0.7433680873E+003   0.1872871539E+003   0.1032022850E+003   0.1862863400E+003
    167100   0.7434084709E+003   0.1872751544E+003   0.1032087895E+003   0.1862737173E+003
    167200   0.7434780831E+003   0.1872526598E+003   0.1032198599E+003   0.1862663443E+003
    167300   0.7435395866E+003   0.1872183074E+003   0.1032343292E+003   0.1862663816E+003
    167400   0.7436199505E+003   0.1871975382E+003   0.1032553526E+003   0.1862696145E+003
    167500   0.7437133429E+003   0.1871918979E+003   0.1032590115E+003   0.1862437119E+003
    167600   0.7437843802E+003   0.1871891161E+003   0.1032728870E+003   0.1862396332E+003
    167700   0.7438799312E+003   0.1871749094E+003   0.1032940892E+003   0.1862399643E+003
    167800   0.7439922233E+003   0.1871488138E+003   0.1033226352E+003   0.1862527384E+003
    167900   0.7440851726E+003   0.1871209278E+003   0.1033402335E+003   0.1862652012E+003
    168000   0.7442022562E+003   0.1870629450E+003   0.1033627809E+003   0.1862957385E+003
    168100   0.7443840408E+003   0.1870069674E+003   0.1033827847E+003   0.1863245622E+003
    168200   0.7445442834E+003   0.1869379878E+003   0.1033806321E+003   0.1863241658E+003
    168300   0.7447492548E+003   0.1868602600E+003   0.1033855366E+003   0.1863420158E+003
    168400   0.7449629346E+003   0.1867793799E+003   0.1033849126E+003   0.1863521451E+003
    168500   0.7451915577E+003   0.1867067581E+003   0.1033824717E+003   0.1863591162E+003
    168600   0.7454636756E+003   0.1866408323E+003   0.1033909627E+003   0.1863853359E+003
    168700   0.7456950642E+003   0.1865719254E+003   0.1033975971E+003   0.1864061236E+003
    168800   0.7458776218E+003   0.1865117270E+003   0.1034012672E+003   0.1864214070E+003
    168900   0.7460775931E+003   0.1864377425E+003   0.1033991816E+003   0.1864282372E+003
    169000   0.7462584678E+003   0.1863591523E+003   0.1034029450E+003   0.1864382141E+003
    169100   0.7464544159E+003   0.1862777769E+003   0.1033967061E+003   0.1864336783E+003
    169200   0.7466537575E+003   0.1861786938E+003   0.1033909510E+003   0.1864375112E+003
    169300   0.7468700036E+003   0.1860769198E+003   0.1033787024E+003   0.1864298500E+003
    169400   0.7471010607E+003   0.1859754423E+003   0.1033811557E+003   0.1864484514E+003
    169500   0.7473181604E+003   0.1858844818E+003   0.1033698656E+003   0.1864405067E+003
    169600   0.7475675860E+003   0.1857948841E+003   0.1033626648E+003   0.1864456808E+003
    169700   0.7478245824E+003   0.1856925268E+003   0.1033422320E+003   0.1864315807E+003
    169800   0.7480454787E+003   0.1856121581E+003   0.1033255175E+003   0.1864175282E+003
    169900   0.7482710399E+003   0.1855341693E+003   0.1033152487E+003   0.1864102207E+003
    170000   0.7484672366E+003   0.1854472104E+003   0.1033149469E+003   0.1864233408E+003
    170100   0.7486821441E+003   0.1853625228E+003   0.1033261593E+003   0.1864575212E+003
    170200   0.7488520898E+003   0.1852897509E+003   0.1033333864E+003   0.1864799587E+003
    170300   0.7490719670E+003   0.1851961160E+003   0.1033281076E+003   0.1864824981E+003
    170400   0.7492477939E+003   0.1851215128E+003   0.1033296632E+003   0.1864966472E+003
    170500   0.7494558974E+003   0.1850424883E+003   0.1033479668E+003   0.1865385719E+003
    170600   0.7496420057E+003   0.1849789124E+003   0.1033596370E+003   0.1865639814E+003
    170700   0.7498296475E+003   0.1849050086E+003   0.1033596384E+003   0.1865693633E+003
    170800   0.7499981340E+003   0.1848447107E+003   0.1033522122E+003   0.1865585209E+003
    170900   0.7501862168E+003   0.1847916290E+003   0.1033391527E+003   0.1865371585E+003
    171000   0.7503419422E+003   0.1847333541E+003   0.1033307953E+003   0.1865228288E+003
    171100   0.7504859703E+003   0.1846750436E+003   0.1033267824E+003   0.1865240838E+003
    171200   0.7506331395E+003   0.1845964907E+003   0.1033352356E+003   0.1865515909E+003
    171300   0.7507769110E+003   0.1845365435E+003   0.1033429607E+003   0.1865662378E+003
    171400   0.7508879123E+003   0.1844850950E+003   0.1033483529E+003   0.1865746087E+003
    171500   0.7510126460E+003   0.1844433291E+003   0.1033563575E+003   0.1865898466E+003
    171600   0.7511405113E+003   0.1843979538E+003   0.1033529284E+003   0.1865854143E+003
    171700   0.7512708334E+003   0.1843364658E+003   0.1033490844E+003   0.1865784541E+003
    171800   0.7514392352E+003   0.1842764771E+003   0.1033485480E+003   0.1865810028E+003
    171900   0.7516131731E+003   0.1842123914E+003   0.1033514797E+003   0.1865912375E+003
    172000   0.7517469114E+003   0.1841681498E+003   0.1033493663E+003   0.1865881283E+003
    172100   0.7518461275E+003   0.1841197981E+003   0.1033519415E+003   0.1865915681E+003
    172200   0.7519085554E+003   0.1840544267E+003   0.1033562687E+003   0.1865921651E+003
    172300   0.7520089013E+003   0.1839941207E+003   0.1033726352E+003   0.1866085427E+003
    172400   0.7521036977E+003   0.1839237622E+003   0.1033894681E+003   0.1866316957E+003
    172500   0.7521928019E+003   0.1838688562E+003   0.1033962583E+003   0.1866322750E+003
    172600   0.7522579989E+003   0.1838148083E+003   0.1033966040E+003   0.1866228703E+003
    172700   0.7523363371E+003   0.1837457444E+003   0.1033995968E+003   0.1866129422E+003
    172800   0.7524321355E+003   0.1836909947E+003   0.1034151808E+003   0.1866217355E+003
    172900   0.7525300615E+003   0.1836274490E+003   0.1034157150E+003   0.1866085688E+003
    173000   0.7526285479E+003   0.1835472821E+003   0.1034177319E+003   0.1866031110E+003
    173100   0.7527463868E+003   0.1834500711E+003   0.1034192962E+003   0.1865990990E+003
    173200   0.7528276447E+003   0.1833627704E+003   0.1034211080E+003   0.1865944556E+003
    173300   0.7528874674E+003   0.1833265628E+003   0.1034296534E+003   0.1865952762E+003
    173400   0.7529362513E+003   0.1833120593E+003   0.1034425525E+003   0.1866023286E+003
    173500   0.7530075389E+003   0.1832918321E+003   0.1034602126E+003   0.1866203800E+003
    173600   0.7530546263E+003   0.1832592864E+003   0.1034793709E+003   0.1866477593E+003
    173700   0.7531224176E+003   0.1832248341E+003   0.1034887020E+003   0.1866577495E+003
    173800   0.7531524997E+003   0.1831739920E+003   0.1034992082E+003   0.1866674159E+003
    173900   0.7532065754E+003   0.1831087601E+003   0.1034958791E+003   0.1866530570E+003
    174000   0.7532543930E+003   0.1830373843E+003   0.1034839309E+003   0.1866268532E+003
    174100   0.7532803915E+003   0.1829738844E+003   0.1034794248E+003   0.1866175306E+003
    174200   0.7533589965E+003   0.1829274337E+003   0.1034791162E+003   0.1866146605E+003
    174300   0.7534407233E+003   0.1828855949E+003   0.1034747326E+003   0.1866084980E+003
    174400   0.7535425525E+003   0.1828420029E+003   0.1034608267E+003   0.1865837248E+003
    174500   0.7536307527E+003   0.1827995905E+003   0.1034580846E+003   0.1865746029E+003
    174600   0.7537039404E+003   0.1827600843E+003   0.1034650406E+003   0.1865799404E+003
    174700   0.7537901736E+003   0.1827431140E+003   0.1034778913E+003   0.1865898290E+003
    174800   0.7538797114E+003   0.1827184475E+003   0.1034824394E+003   0.1865848666E+003
    174900   0.7539219994E+003   0.1826975981E+003   0.1034902738E+003   0.1865812960E+003
    175000   0.7539562227E+003   0.1826819309E+003   0.1035032237E+003   0.1865815590E+003
    175100   0.7539658124E+003   0.1826683441E+003   0.1035193916E+003   0.1865929966E+003
    175200   0.7539995412E+003   0.1826596493E+003   0.1035323632E+003   0.1866100358E+003
    175300   0.7540312117E+003   0.1826462875E+003   0.1035340712E+003   0.1866092054E+003
    175400   0.7540518852E+003   0.1826412551E+003   0.1035352225E+003   0.1866040259E+003
    175500   0.7540780322E+003   0.1826364840E+003   0.1035356201E+003   0.1865915890E+003
    175600   0.7541131346E+003   0.1826315413E+003   0.1035339871E+003   0.1865782890E+003
    175700   0.7541611211E+003   0.1826233742E+003   0.1035381511E+003   0.1865839204E+003
    175800   0.7542078772E+003   0.1826038794E+003   0.1035311680E+003   0.1865766648E+003
    175900   0.7542384168E+003   0.1825676646E+003   0.1035222695E+003   0.1865632701E+003
    176000   0.7542793469E+003   0.1825211842E+003   0.1035120594E+003   0.1865504149E+003
    176100   0.7543023728E+003   0.1824745431E+003   0.1035022582E+003   0.1865387597E+003
    176200   0.7543478920E+003   0.1824546657E+003   0.1034930486E+003   0.1865247589E+003
    176300   0.7543926225E+003   0.1824506771E+003   0.1034917974E+003   0.1865227357E+003
    176400   0.7544353234E+003   0.1824456442E+003   0.1034952056E+003   0.1865285116E+003
    176500   0.7544404582E+003   0.1824372380E+003   0.1035014658E+003   0.1865317153E+003
    176600   0.7544661015E+003   0.1824282545E+003   0.1035038332E+003   0.1865277546E+003
    176700   0.7544835761E+003   0.1824193195E+003   0.1035007194E+003   0.1865138553E+003
    176800   0.7544740478E+003   0.1824110488E+003   0.1035034841E+003   0.1865047042E+003
    176900   0.7544579430E+003   0.1823886154E+003   0.1034991228E+003   0.1864828339E+003
    177000   0.7544663146E+003   0.1823822891E+003   0.1034989871E+003   0.1864710010E+003
    177100   0.7544521426E+003   0.1823749163E+003   0.1035056638E+003   0.1864657465E+003
    177200   0.7544405267E+003   0.1823769512E+003   0.1035208749E+003   0.1864731253E+003
    177300   0.7544386796E+003   0.1823795054E+003   0.1035321651E+003   0.1864737845E+003
    177400   0.7544187762E+003   0.1823810954E+003   0.1035455764E+003   0.1864752924E+003
    177500   0.7543547788E+003   0.1823927312E+003   0.1035551819E+003   0.1864550990E+003
    177600   0.7542938325E+003   0.1824036554E+003   0.1035691838E+003   0.1864449689E+003
    177700   0.7542258410E+003   0.1824086781E+003   0.1035861500E+003   0.1864456869E+003
    177800   0.7541578933E+003   0.1824143897E+003   0.1035991578E+003   0.1864384555E+003
    177900   0.7540966073E+003   0.1824301904E+003   0.1036099881E+003   0.1864249868E+003
    178000   0.7540381866E+003   0.1824545361E+003   0.1036351146E+003   0.1864311380E+003
    178100   0.7539718747E+003   0.1824851834E+003   0.1036582145E+003   0.1864292407E+003
    178200   0.7539027533E+003   0.1825295715E+003   0.1036814877E+003   0.1864240970E+003
    178300   0.7538555674E+003   0.1825733665E+003   0.1037077991E+003   0.1864263382E+003
    178400   0.7538218076E+003   0.1826096874E+003   0.1037316015E+003   0.1864290639E+003
    178500   0.7538015421E+003   0.1826248204E+003   0.1037548493E+003   0.1864450458E+003
    178600   0.7537662419E+003   0.1826436806E+003   0.1037852081E+003   0.1864646050E+003
    178700   0.7537318213E+003   0.1826842566E+003   0.1038057185E+003   0.1864649064E+003
    178800   0.7536778232E+003   0.1827437472E+003   0.1038412706E+003   0.1864694504E+003
    178900   0.7536155139E+003   0.1827926717E+003   0.1038736810E+003   0.1864736468E+003
    179000   0.7535474765E+003   0.1828327732E+003   0.1039075228E+003   0.1864809674E+003
    179100   0.7534916858E+003   0.1828653392E+003   0.1039419624E+003   0.1864944380E+003
    179200   0.7534000773E+003   0.1829076375E+003   0.1039732559E+003   0.1864902749E+003
    179300   0.7533393153E+003   0.1829269219E+003   0.1039958401E+003   0.1864900059E+003
    179400   0.7532943717E+003   0.1829322851E+003   0.1040070129E+003   0.1864803349E+003
    179500   0.7532635128E+003   0.1829329909E+003   0.1040189282E+003   0.1864695819E+003
    179600   0.7532785191E+003   0.1829324672E+003   0.1040264117E+003   0.1864669235E+003
    179700   0.7532780419E+003   0.1829265856E+003   0.1040271437E+003   0.1864527275E+003
    179800   0.7532649165E+003   0.1829184986E+003   0.1040312171E+003   0.1864459078E+003
    179900   0.7532662986E+003   0.1829039484E+003   0.1040341858E+003   0.1864461419E+003
    180000   0.7532837802E+003   0.1828785639E+003   0.1040352859E+003   0.1864547476E+003
    180100   0.7532829592E+003   0.1828682329E+003   0.1040349798E+003   0.1864549605E+003
    180200   0.7532899690E+003   0.1828640923E+003   0.1040288690E+003   0.1864445613E+003
    180300   0.7533053727E+003   0.1828659081E+003   0.1040274243E+003   0.1864420765E+003
    180400   0.7533070758E+003   0.1828674772E+003   0.1040310259E+003   0.1864497283E+003
    180500   0.7533179323E+003   0.1828767869E+003   0.1040397800E+003   0.1864627117E+003
    180600   0.7533197747E+003   0.1828901432E+003   0.1040414100E+003   0.1864628865E+003
    180700   0.7533096831E+003   0.1829066764E+003   0.1040342753E+003   0.1864462955E+003
    180800   0.7532854430E+003   0.1829139249E+003   0.1040275932E+003   0.1864286938E+003
    180900   0.7532473554E+003   0.1829034549E+003   0.1040219800E+003   0.1864174768E+003
    181000   0.7532227304E+003   0.1829044425E+003   0.1040180941E+003   0.1864126319E+003
    181100   0.7531991123E+003   0.1829040693E+003   0.1040112558E+003   0.1864002396E+003
    181200   0.7532062578E+003   0.1829185828E+003   0.1040050382E+003   0.1863870623E+003
    181300   0.7532128064E+003   0.1829376032E+003   0.1040010955E+003   0.1863792918E+003
    181400   0.7532059025E+003   0.1829502011E+003   0.1040062657E+003   0.1863846569E+003
    181500   0.7532005258E+003   0.1829728373E+003   0.1040122570E+003   0.1863851878E+003
    181600   0.7531933641E+003   0.1829930001E+003   0.1040169353E+003   0.1863822594E+003
    181700   0.7531740497E+003   0.1830127051E+003   0.1040167498E+003   0.1863685160E+003
    181800   0.7531506538E+003   0.1830301429E+003   0.1040121321E+003   0.1863475913E+003
    181900   0.7531402975E+003   0.1830340310E+003   0.1040049429E+003   0.1863290800E+003
    182000   0.7530962480E+003   0.1830388828E+003   0.1040075953E+003   0.1863194957E+003
    182100   0.7530408527E+003   0.1830461380E+003   0.1040126560E+003   0.1863140539E+003
    182200   0.7530020723E+003   0.1830559775E+003   0.1040272230E+003   0.1863252731E+003
    182300   0.7529768161E+003   0.1830701876E+003   0.1040377508E+003   0.1863323557E+003
    182400   0.7529592039E+003   0.1830816508E+003   0.1040474818E+003   0.1863354229E+003
    182500   0.7529440992E+003   0.1831099724E+003   0.1040707633E+003   0.1863525066E+003
    182600   0.7529240353E+003   0.1831365983E+003   0.1040863897E+003   0.1863569905E+003
    182700   0.7528896373E+003   0.1831627758E+003   0.1041096705E+003   0.1863691874E+003
    182800   0.7528389734E+003   0.1832019391E+003   0.1041388035E+003   0.1863838829E+003
    182900   0.7528086470E+003   0.1832388399E+003   0.1041596054E+003   0.1863961828E+003
    183000   0.7527596354E+003   0.1832680360E+003   0.1041752807E+003   0.1864005038E+003
    183100   0.7527062786E+003   0.1833101409E+003   0.1041949004E+003   0.1864041903E+003
    183200   0.7526543237E+003   0.1833484526E+003   0.1042084838E+003   0.1863991627E+003
    183300   0.7526125667E+003   0.1833784895E+003   0.1042174808E+003   0.1863897729E+003
    183400   0.7526038285E+003   0.1834082292E+003   0.1042230251E+003   0.1863819606E+003
    183500   0.7525764737E+003   0.1834274173E+003   0.1042304267E+003   0.1863820570E+003
    183600   0.7525369676E+003   0.1834366679E+003   0.1042293038E+003   0.1863714067E+003
    183700   0.7525015070E+003   0.1834471101E+003   0.1042270480E+003   0.1863617541E+003
    183800   0.7524964243E+003   0.1834600942E+003   0.1042276525E+003   0.1863596039E+003
    183900   0.7525213223E+003   0.1834771193E+003   0.1042221686E+003   0.1863568925E+003
    184000   0.7525623118E+003   0.1834821397E+003   0.1042124411E+003   0.1863572512E+003
    184100   0.7525938921E+003   0.1834755635E+003   0.1042030489E+003   0.1863632302E+003
    184200   0.7526325408E+003   0.1834716814E+003   0.1041938650E+003   0.1863654246E+003
    184300   0.7526843651E+003   0.1834718232E+003   0.1041939370E+003   0.1863868240E+003
    184400   0.7527527640E+003   0.1834615391E+003   0.1041842739E+003   0.1863989073E+003
    184500   0.7528311942E+003   0.1834360467E+003   0.1041808186E+003   0.1864290408E+003
    184600   0.7528822289E+003   0.1834298413E+003   0.1041735044E+003   0.1864368717E+003
    184700   0.7529261198E+003   0.1834358998E+003   0.1041604574E+003   0.1864322648E+003
    184800   0.7529573009E+003   0.1834493297E+003   0.1041481608E+003   0.1864252705E+003
    184900   0.7529829026E+003   0.1834544839E+003   0.1041328393E+003   0.1864171412E+003
    185000   0.7529872239E+003   0.1834468291E+003   0.1041224223E+003   0.1864169171E+003
    185100   0.7529796439E+003   0.1834435160E+003   0.1041102215E+003   0.1864073525E+003
    185200   0.7529443472E+003   0.1834359472E+003   0.1040999766E+003   0.1863948103E+003
    185300   0.7528851690E+003   0.1834320657E+003   0.1040872241E+003   0.1863741878E+003
    185400   0.7528532302E+003   0.1834414589E+003   0.1040863179E+003   0.1863723108E+003
    185500   0.7527993290E+003   0.1834587630E+003   0.1040916919E+003   0.1863750179E+003
    185600   0.7527421217E+003   0.1834814074E+003   0.1040988381E+003   0.1863704183E+003
    185700   0.7526847020E+003   0.1834973637E+003   0.1041089940E+003   0.1863708093E+003
    185800   0.7526365254E+003   0.1835166085E+003   0.1041247734E+003   0.1863783857E+003
    185900   0.7525912880E+003   0.1835446606E+003   0.1041354182E+003   0.1863751845E+003
    186000   0.7525318284E+003   0.1835767043E+003   0.1041457799E+003   0.1863687118E+003
    186100   0.7524760895E+003   0.1835997786E+003   0.1041541847E+003   0.1863637725E+003
    186200   0.7524158317E+003   0.1836334368E+003   0.1041635797E+003   0.1863558969E+003
    186300   0.7523526884E+003   0.1836717658E+003   0.1041718383E+003   0.1863447719E+003
    186400   0.7523129687E+003   0.1837127776E+003   0.1041797208E+003   0.1863397471E+003
    186500   0.7522501771E+003   0.1837585097E+003   0.1041939729E+003   0.1863399920E+003
    186600   0.7521872374E+003   0.1838053436E+003   0.1042126917E+003   0.1863443390E+003
    186700   0.7521286586E+003   0.1838624834E+003   0.1042264594E+003   0.1863369451E+003
    186800   0.7520809907E+003   0.1839031857E+003   0.1042381811E+003   0.1863346987E+003
    186900   0.7520141957E+003   0.1839511539E+003   0.1042486658E+003   0.1863246778E+003
    187000   0.7519308646E+003   0.1839847799E+003   0.1042477210E+003   0.1862999002E+003
    187100   0.7518572000E+003   0.1840211539E+003   0.1042548361E+003   0.1862876907E+003
    187200   0.7517679247E+003   0.1840738823E+003   0.1042720670E+003   0.1862870444E+003
    187300   0.7516792169E+003   0.1841110116E+003   0.1042846620E+003   0.1862853990E+003
    187400   0.7515656566E+003   0.1841517260E+003   0.1042951354E+003   0.1862783632E+003
    187500   0.7514697983E+003   0.1841975187E+003   0.1043064445E+003   0.1862724390E+003
    187600   0.7513738611E+003   0.1842453931E+003   0.1043204720E+003   0.1862682563E+003
    187700   0.7512652888E+003   0.1842909027E+003   0.1043343631E+003   0.1862640428E+003
    187800   0.7511561741E+003   0.1843242111E+003   0.1043516810E+003   0.1862702227E+003
    187900   0.7510336417E+003   0.1843616431E+003   0.1043691260E+003   0.1862784196E+003
    188000   0.7509064459E+003   0.1844057351E+003   0.1043911000E+003   0.1862925781E+003
    188100   0.7508190803E+003   0.1844489923E+003   0.1044144316E+003   0.1863137948E+003
    188200   0.7507335789E+003   0.1844875691E+003   0.1044341179E+003   0.1863291810E+003
    188300   0.7506476541E+003   0.1845209685E+003   0.1044411024E+003   0.1863272062E+003
    188400   0.7505857156E+003   0.1845598908E+003   0.1044517622E+003   0.1863366191E+003
    188500   0.7505243253E+003   0.1845972204E+003   0.1044615384E+003   0.1863494421E+003
    188600   0.7504492446E+003   0.1846282302E+003   0.1044622094E+003   0.1863447174E+003
    188700   0.7503621729E+003   0.1846508464E+003   0.1044700577E+003   0.1863518941E+003
    188800   0.7502841002E+003   0.1846646699E+003   0.1044775836E+003   0.1863608423E+003
    188900   0.7502068408E+003   0.1846756903E+003   0.1044724109E+003   0.1863508506E+003
    189000   0.7501097317E+003   0.1846812250E+003   0.1044646715E+003   0.1863432643E+003
    189100   0.7500492685E+003   0.1846921753E+003   0.1044588488E+003   0.1863403750E+003
    189200   0.7500005864E+003   0.1847105100E+003   0.1044583065E+003   0.1863423395E+003
    189300   0.7499692654E+003   0.1847321234E+003   0.1044513436E+003   0.1863394921E+003
    189400   0.7499496896E+003   0.1847448893E+003   0.1044446202E+003   0.1863370262E+003
    189500   0.7499013083E+003   0.1847506332E+003   0.1044352957E+003   0.1863362956E+003
    189600   0.7498458223E+003   0.1847416992E+003   0.1044368254E+003   0.1863555165E+003
    189700   0.7498015732E+003   0.1847415733E+003   0.1044285595E+003   0.1863513835E+003
    189800   0.7497571953E+003   0.1847439132E+003   0.1044123197E+003   0.1863324973E+003
    189900   0.7497306228E+003   0.1847389908E+003   0.1044041511E+003   0.1863303771E+003
    190000   0.7496934434E+003   0.1847396446E+003   0.1043926857E+003   0.1863260074E+003
    190100   0.7496398589E+003   0.1847564580E+003   0.1043873015E+003   0.1863228878E+003
    190200   0.7495859901E+003   0.1847805956E+003   0.1043820620E+003   0.1863128543E+003
    190300   0.7495418430E+003   0.1848059327E+003   0.1043797715E+003   0.1863092618E+003
    190400   0.7495107297E+003   0.1848321244E+003   0.1043796235E+003   0.1863120930E+003
    190500   0.7494786985E+003   0.1848566452E+003   0.1043765102E+003   0.1863077536E+003
    190600   0.7494637121E+003   0.1848790741E+003   0.1043725122E+003   0.1863009065E+003
    190700   0.7494565790E+003   0.1848979866E+003   0.1043621439E+003   0.1862874451E+003
    190800   0.7494411394E+003   0.1849038668E+003   0.1043521004E+003   0.1862798339E+003
    190900   0.7494234787E+003   0.1849112815E+003   0.1043506651E+003   0.1862849220E+003
    191000   0.7493847089E+003   0.1849160206E+003   0.1043554120E+003   0.1862958807E+003
    191100   0.7493480416E+003   0.1849102621E+003   0.1043450626E+003   0.1862850615E+003
    191200   0.7493114450E+003   0.1849185196E+003   0.1043301352E+003   0.1862653823E+003
    191300   0.7492800624E+003   0.1849347373E+003   0.1043187209E+003   0.1862494702E+003
    191400   0.7492303506E+003   0.1849430701E+003   0.1043190199E+003   0.1862469182E+003
    191500   0.7491736859E+003   0.1849489794E+003   0.1043207302E+003   0.1862437324E+003
    191600   0.7491159260E+003   0.1849605858E+003   0.1043280013E+003   0.1862460016E+003
    191700   0.7490476907E+003   0.1849816504E+003   0.1043388286E+003   0.1862497658E+003
    191800   0.7489940754E+003   0.1850047465E+003   0.1043460485E+003   0.1862467269E+003
    191900   0.7489672394E+003   0.1850233937E+003   0.1043604963E+003   0.1862626853E+003
    192000   0.7489386029E+003   0.1850392535E+003   0.1043702809E+003   0.1862680469E+003
    192100   0.7489233221E+003   0.1850521964E+003   0.1043707387E+003   0.1862639632E+003
    192200   0.7489149938E+003   0.1850521356E+003   0.1043725067E+003   0.1862695166E+003
    192300   0.7489037822E+003   0.1850463880E+003   0.1043690357E+003   0.1862661335E+003
    192400   0.7488875751E+003   0.1850496114E+003   0.1043648565E+003   0.1862616865E+003
    192500   0.7488877646E+003   0.1850582174E+003   0.1043684469E+003   0.1862745376E+003
    192600   0.7488768408E+003   0.1850584855E+003   0.1043680883E+003   0.1862825497E+003
    192700   0.7488613570E+003   0.1850414631E+003   0.1043685790E+003   0.1862973091E+003
    192800   0.7488736128E+003   0.1850379079E+003   0.1043630553E+003   0.1863023452E+003
    192900   0.7488931409E+003   0.1850321532E+003   0.1043551967E+003   0.1863014516E+003
    193000   0.7488958830E+003   0.1850238367E+003   0.1043506162E+003   0.1863026340E+003
    193100   0.7489089378E+003   0.1850171037E+003   0.1043475785E+003   0.1863077295E+003
    193200   0.7489599515E+003   0.1850062653E+003   0.1043382919E+003   0.1863099067E+003
    193300   0.7489816016E+003   0.1849944611E+003   0.1043316910E+003   0.1863126275E+003
    193400   0.7490345932E+003   0.1849792264E+003   0.1043286710E+003   0.1863286383E+003
    193500   0.7490678996E+003   0.1849642015E+003   0.1043253349E+003   0.1863391725E+003
    193600   0.7491167292E+003   0.1849356768E+003   0.1043160786E+003   0.1863409130E+003
    193700   0.7491997342E+003   0.1849206933E+003   0.1043108188E+003   0.1863482599E+003
    193800   0.7492565072E+003   0.1848970257E+003   0.1043090051E+003   0.1863609968E+003
    193900   0.7492901455E+003   0.1848606936E+003   0.1043041617E+003   0.1863677156E+003
    194000   0.7493017719E+003   0.1848473022E+003   0.1043070576E+003   0.1863786015E+003
    194100   0.7493200044E+003   0.1848547306E+003   0.1043152641E+003   0.1864001752E+003
    194200   0.7493370026E+003   0.1848570301E+003   0.1043171001E+003   0.1864086462E+003
    194300   0.7493698445E+003   0.1848722413E+003   0.1043216386E+003   0.1864177298E+003
    194400   0.7493976418E+003   0.1848883559E+003   0.1043150358E+003   0.1864083436E+003
    194500   0.7494008490E+003   0.1848981348E+003   0.1043132341E+003   0.1864039500E+003
    194600   0.7494261918E+003   0.1849092030E+003   0.1043069514E+003   0.1863935451E+003
    194700   0.7494360346E+003   0.1849117347E+003   0.1043009351E+003   0.1863836832E+003
    194800   0.7494434490E+003   0.1849164779E+003   0.1043045079E+003   0.1863888114E+003
    194900   0.7494320574E+003   0.1849240229E+003   0.1043138678E+003   0.1864014887E+003
    195000   0.7494064856E+003   0.1849288763E+003   0.1043208997E+003   0.1864109112E+003
    195100   0.7493838722E+003   0.1849166692E+003   0.1043189819E+003   0.1864074706E+003
    195200   0.7493569440E+003   0.1849051939E+003   0.1043229839E+003   0.1864132239E+003
    195300   0.7493259286E+003   0.1849109556E+003   0.1043322867E+003   0.1864204175E+003
    195400   0.7492809461E+003   0.1849076947E+003   0.1043477394E+003   0.1864367703E+003
    195500   0.7492297749E+003   0.1849008723E+003   0.1043644686E+003   0.1864596585E+003
    195600   0.7492053052E+003   0.1849085869E+003   0.1043765806E+003   0.1864794375E+003
    195700   0.7491905856E+003   0.1849232644E+003   0.1043809805E+003   0.1864853882E+003
    195800   0.7491560874E+003   0.1849418004E+003   0.1043865262E+003   0.1864876065E+003
    195900   0.7491243821E+003   0.1849576347E+003   0.1043886520E+003   0.1864846107E+003
    196000   0.7491033451E+003   0.1849902576E+003   0.1043908716E+003   0.1864775837E+003
    196100   0.7491094017E+003   0.1850198426E+003   0.1043855996E+003   0.1864614269E+003
    196200   0.7491039752E+003   0.1850355704E+003   0.1043823889E+003   0.1864467579E+003
    196300   0.7490968794E+003   0.1850442026E+003   0.1043824579E+003   0.1864399798E+003
    196400   0.7490810630E+003   0.1850554990E+003   0.1043871744E+003   0.1864404498E+003
    196500   0.7490841403E+003   0.1850638283E+003   0.1043863448E+003   0.1864344663E+003
    196600   0.7490803082E+003   0.1850780512E+003   0.1043866567E+003   0.1864246575E+003
    196700   0.7490615324E+003   0.1850935294E+003   0.1043997404E+003   0.1864299273E+003
    196800   0.7490537860E+003   0.1850953526E+003   0.1044061930E+003   0.1864304407E+003
    196900   0.7490531029E+003   0.1851088261E+003   0.1044217418E+003   0.1864385879E+003
    197000   0.7490584210E+003   0.1851174140E+003   0.1044297082E+003   0.1864355674E+003
    197100   0.7490555237E+003   0.1851283293E+003   0.1044327412E+003   0.1864239195E+003
    197200   0.7490550200E+003   0.1851312076E+003   0.1044340326E+003   0.1864119916E+003
    197300   0.7490777392E+003   0.1851381700E+003   0.1044367749E+003   0.1864051859E+003
    197400   0.7490763364E+003   0.1851343538E+003   0.1044372191E+003   0.1863959126E+003
    197500   0.7490751415E+003   0.1851256583E+003   0.1044411842E+003   0.1863930608E+003
    197600   0.7490630287E+003   0.1851188671E+003   0.1044447918E+003   0.1863890879E+003
    197700   0.7490316522E+003   0.1850910996E+003   0.1044571737E+003   0.1863911156E+003
    197800   0.7489886521E+003   0.1850817571E+003   0.1044681654E+003   0.1863940601E+003
    197900   0.7489470625E+003   0.1850914708E+003   0.1044743721E+003   0.1863861382E+003
    198000   0.7489151944E+003   0.1850959327E+003   0.1044740974E+003   0.1863738161E+003
    198100   0.7488876290E+003   0.1850916344E+003   0.1044731869E+003   0.1863650476E+003
    198200   0.7488757582E+003   0.1850921201E+003   0.1044697983E+003   0.1863539296E+003
    198300   0.7488507242E+003   0.1850966266E+003   0.1044656884E+003   0.1863370858E+003
    198400   0.7488091802E+003   0.1850865362E+003   0.1044507950E+003   0.1863062037E+003
    198500   0.7487938369E+003   0.1850825968E+003   0.1044397949E+003   0.1862832474E+003
    198600   0.7488018838E+003   0.1850807529E+003   0.1044341210E+003   0.1862696067E+003
    198700   0.7487983020E+003   0.1850790696E+003   0.1044358998E+003   0.1862686121E+003
    198800   0.7488117218E+003   0.1850888221E+003   0.1044402234E+003   0.1862741595E+003
    198900   0.7488121283E+003   0.1850940542E+003   0.1044368946E+003   0.1862667717E+003
    199000   0.7488246810E+003   0.1850952627E+003   0.1044313074E+003   0.1862595058E+003
    199100   0.7488429686E+003   0.1850917974E+003   0.1044298436E+003   0.1862576245E+003
    199200   0.7488599210E+003   0.1850970247E+003   0.1044276530E+003   0.1862449585E+003
    199300   0.7488743064E+003   0.1851008459E+003   0.1044350540E+003   0.1862499309E+003
    199400   0.7489003877E+003   0.1850988674E+003   0.1044397665E+003   0.1862564938E+003
    199500   0.7489156493E+003   0.1850948411E+003   0.1044434401E+003   0.1862568511E+003
    199600   0.7489122252E+003   0.1850868033E+003   0.1044412184E+003   0.1862444096E+003
    199700   0.7489110753E+003   0.1850923411E+003   0.1044404984E+003   0.1862355986E+003
    199800   0.7488955482E+003   0.1850941109E+003   0.1044430121E+003   0.1862313533E+003
    199900   0.7488764335E+003   0.1850897812E+003   0.1044409405E+003   0.1862193289E+003
    200000   0.7488660102E+003   0.1850852212E+003   0.1044414518E+003   0.1862160999E+003
