# Identity Change Acceptance ratios and number of Accepted and Trial Moves (per box) as a function of Lambda
 0.00500 0.00000         0         0 0.00000         0         0
 0.01500 0.00000         0         0 0.00000         0         0
 0.02500 0.00000         0         0 0.00000         0         0
 0.03500 0.00000         0         0 0.00000         0         0
 0.04500 0.00000         0         0 0.00000         0         0
 0.05500 0.00000         0         0 0.00000         0         0
 0.06500 0.00000         0         0 0.00000         0         0
 0.07500 0.00000         0         0 0.00000         0         0
 0.08500 0.00000         0         0 0.00000         0         0
 0.09500 0.00000         0         0 0.00000         0         0
 0.10500 0.00000         0         0 0.00000         0         0
 0.11500 0.00000         0         0 0.00000         0         0
 0.12500 0.00000         0         0 0.00000         0         0
 0.13500 0.00000         0         0 0.00000         0         0
 0.14500 0.00000         0         0 0.00000         0         0
 0.15500 0.00000         0         0 0.00000         0         0
 0.16500 0.00000         0         0 0.00000         0         0
 0.17500 0.00000         0         0 0.00000         0         0
 0.18500 0.00000         0         0 0.00000         0         0
 0.19500 0.00000         0         0 0.00000         0         0
 0.20500 0.00000         0         0 0.00000         0         0
 0.21500 0.00000         0         0 0.00000         0         0
 0.22500 0.00000         0         0 0.00000         0         0
 0.23500 0.00000         0         0 0.00000         0         0
 0.24500 0.00000         0         0 0.00000         0         0
 0.25500 0.00000         0         0 0.00000         0         0
 0.26500 0.00000         0         0 0.00000         0         0
 0.27500 0.00000         0         0 0.00000         0         0
 0.28500 0.00000         0         0 0.00000         0         0
 0.29500 0.00000         0         0 0.00000         0         0
 0.30500 0.00000         0         0 0.00000         0         0
 0.31500 0.00000         0         0 0.00000         0         0
 0.32500 0.00000         0         0 0.00000         0         0
 0.33500 0.00000         0         0 0.00000         0         0
 0.34500 0.00000         0         0 0.00000         0         0
 0.35500 0.00000         0         0 0.00000         0         0
 0.36500 0.00000         0         0 0.00000         0         0
 0.37500 0.00000         0         0 0.00000         0         0
 0.38500 0.00000         0         0 0.00000         0         0
 0.39500 0.00000         0         0 0.00000         0         0
 0.40500 0.00000         0         0 0.00000         0         0
 0.41500 0.00000         0         0 0.00000         0         0
 0.42500 0.00000         0         0 0.00000         0         0
 0.43500 0.00000         0         0 0.00000         0         0
 0.44500 0.00000         0         0 0.00000         0         0
 0.45500 0.00000         0         0 0.00000         0         0
 0.46500 0.00000         0         0 0.00000         0         0
 0.47500 0.00000         0         0 0.00000         0         0
 0.48500 0.00000         0         0 0.00000         0         0
 0.49500 0.00000         0         0 0.00000         0         0
 0.50500 0.00000         0         0 0.00000         0         0
 0.51500 0.00000         0         0 0.00000         0         0
 0.52500 0.00000         0         0 0.00000         0         0
 0.53500 0.00000         0         0 0.00000         0         0
 0.54500 0.00000         0         0 0.00000         0         0
 0.55500 0.00000         0         0 0.00000         0         0
 0.56500 0.00000         0         0 0.00000         0         0
 0.57500 0.00000         0         0 0.00000         0         0
 0.58500 0.00000         0         0 0.00000         0         0
 0.59500 0.00000         0         0 0.00000         0         0
 0.60500 0.00000         0         0 0.00000         0         0
 0.61500 0.00000         0         0 0.00000         0         0
 0.62500 0.00000         0         0 0.00000         0         0
 0.63500 0.00000         0         0 0.00000         0         0
 0.64500 0.00000         0         0 0.00000         0         0
 0.65500 0.00000         0         0 0.00000         0         0
 0.66500 0.00000         0         0 0.00000         0         0
 0.67500 0.00000         0         0 0.00000         0         0
 0.68500 0.00000         0         0 0.00000         0         0
 0.69500 0.00000         0         0 0.00000         0         0
 0.70500 0.56714     32643     57557 0.67185     32867     48920
 0.71500 0.58504     33142     56649 0.68344     33095     48424
 0.72500 0.59847     34013     56833 0.69714     33832     48530
 0.73500 0.60982     34350     56328 0.70581     34388     48721
 0.74500 0.61499     34793     56575 0.72289     34885     48258
 0.75500 0.62679     34850     55601 0.73237     34880     47626
 0.76500 0.64141     36170     56391 0.73859     36091     48865
 0.77500 0.65373     36713     56159 0.75558     36605     48446
 0.78500 0.66427     37156     55935 0.76716     37248     48553
 0.79500 0.67500     38349     56813 0.78215     38082     48689
 0.80500 0.68598     38391     55965 0.79084     38507     48691
 0.81500 0.69212     39151     56567 0.80598     39074     48480
 0.82500 0.71380     39434     55245 0.81760     39240     47994
 0.83500 0.72267     40732     56363 0.83250     40660     48841
 0.84500 0.73165     40393     55208 0.84379     40662     48190
 0.85500 0.74697     41822     55989 0.85249     41992     49258
 0.86500 0.75785     42538     56130 0.86700     42359     48857
 0.87500 0.76900     42109     54758 0.87657     42128     48060
 0.88500 0.77811     44114     56694 0.89406     44417     49680
 0.89500 0.78648     42264     53738 0.90341     42378     46909
 0.90500 0.80239     43442     54141 0.91293     43606     47765
 0.91500 0.81010     45385     56024 0.92762     45343     48881
 0.92500 0.81748     45469     55621 0.93937     45290     48213
 0.93500 0.83344     45346     54408 0.94914     45289     47716
 0.94500 0.83618     46552     55672 0.96231     46652     48479
 0.95500 0.85166     46379     54457 0.96660     46273     47872
 0.96500 0.85436     47071     55095 0.97536     47147     48338
 0.97500 0.86126     47254     54866 0.97941     47223     48216
 0.98500 0.86506     46921     54240 0.98189     46833     47697
 0.99500 0.87285     47063     53919 0.97918     46931     47929


 0.00500 0.00000         0         0 0.00000         0         0
 0.01500 0.00000         0         0 0.00000         0         0
 0.02500 0.00000         0         0 0.00000         0         0
 0.03500 0.00000         0         0 0.00000         0         0
 0.04500 0.00000         0         0 0.00000         0         0
 0.05500 0.00000         0         0 0.00000         0         0
 0.06500 0.00000         0         0 0.00000         0         0
 0.07500 0.00000         0         0 0.00000         0         0
 0.08500 0.00000         0         0 0.00000         0         0
 0.09500 0.00000         0         0 0.00000         0         0
 0.10500 0.00000         0         0 0.00000         0         0
 0.11500 0.00000         0         0 0.00000         0         0
 0.12500 0.00000         0         0 0.00000         0         0
 0.13500 0.00000         0         0 0.00000         0         0
 0.14500 0.00000         0         0 0.00000         0         0
 0.15500 0.00000         0         0 0.00000         0         0
 0.16500 0.00000         0         0 0.00000         0         0
 0.17500 0.00000         0         0 0.00000         0         0
 0.18500 0.00000         0         0 0.00000         0         0
 0.19500 0.00000         0         0 0.00000         0         0
 0.20500 0.00000         0         0 0.00000         0         0
 0.21500 0.00000         0         0 0.00000         0         0
 0.22500 0.00000         0         0 0.00000         0         0
 0.23500 0.00000         0         0 0.00000         0         0
 0.24500 0.00000         0         0 0.00000         0         0
 0.25500 0.00000         0         0 0.00000         0         0
 0.26500 0.00000         0         0 0.00000         0         0
 0.27500 0.00000         0         0 0.00000         0         0
 0.28500 0.00000         0         0 0.00000         0         0
 0.29500 0.00000         0         0 0.00000         0         0
 0.30500 0.00000         0         0 0.00000         0         0
 0.31500 0.00000         0         0 0.00000         0         0
 0.32500 0.00000         0         0 0.00000         0         0
 0.33500 0.00000         0         0 0.00000         0         0
 0.34500 0.00000         0         0 0.00000         0         0
 0.35500 0.00000         0         0 0.00000         0         0
 0.36500 0.00000         0         0 0.00000         0         0
 0.37500 0.00000         0         0 0.00000         0         0
 0.38500 0.00000         0         0 0.00000         0         0
 0.39500 0.00000         0         0 0.00000         0         0
 0.40500 0.00000         0         0 0.00000         0         0
 0.41500 0.00000         0         0 0.00000         0         0
 0.42500 0.00000         0         0 0.00000         0         0
 0.43500 0.00000         0         0 0.00000         0         0
 0.44500 0.00000         0         0 0.00000         0         0
 0.45500 0.00000         0         0 0.00000         0         0
 0.46500 0.00000         0         0 0.00000         0         0
 0.47500 0.00000         0         0 0.00000         0         0
 0.48500 0.00000         0         0 0.00000         0         0
 0.49500 0.00000         0         0 0.00000         0         0
 0.50500 0.00000         0         0 0.00000         0         0
 0.51500 0.00000         0         0 0.00000         0         0
 0.52500 0.00000         0         0 0.00000         0         0
 0.53500 0.00000         0         0 0.00000         0         0
 0.54500 0.00000         0         0 0.00000         0         0
 0.55500 0.00000         0         0 0.00000         0         0
 0.56500 0.00000         0         0 0.00000         0         0
 0.57500 0.00000         0         0 0.00000         0         0
 0.58500 0.00000         0         0 0.00000         0         0
 0.59500 0.00000         0         0 0.00000         0         0
 0.60500 0.00000         0         0 0.00000         0         0
 0.61500 0.00000         0         0 0.00000         0         0
 0.62500 0.00000         0         0 0.00000         0         0
 0.63500 0.00000         0         0 0.00000         0         0
 0.64500 0.00000         0         0 0.00000         0         0
 0.65500 0.00000         0         0 0.00000         0         0
 0.66500 0.00000         0         0 0.00000         0         0
 0.67500 0.00000         0         0 0.00000         0         0
 0.68500 0.00000         0         0 0.00000         0         0
 0.69500 0.00000         0         0 0.00000         0         0
 0.70500 0.83291     47718     57291 0.96777     47558     49142
 0.71500 0.83548     47868     57294 0.96631     47818     49485
 0.72500 0.83027     46868     56449 0.96674     47022     48640
 0.73500 0.83026     48312     58189 0.96675     48038     49690
 0.74500 0.82848     47954     57882 0.96789     48049     49643
 0.75500 0.83132     48046     57795 0.96616     48077     49761
 0.76500 0.84151     47716     56703 0.96460     47472     49214
 0.77500 0.83105     48447     58296 0.96802     48669     50277
 0.78500 0.83323     48133     57767 0.96531     47886     49607
 0.79500 0.83313     48054     57679 0.96654     47661     49311
 0.80500 0.82690     47556     57511 0.97006     47566     49034
 0.81500 0.83487     47808     57264 0.96630     47888     49558
 0.82500 0.83289     48379     58086 0.96600     48474     50180
 0.83500 0.83589     47506     56833 0.96575     47603     49291
 0.84500 0.82962     48073     57946 0.96883     47992     49536
 0.85500 0.84350     48210     57155 0.96205     48294     50199
 0.86500 0.83115     48053     57815 0.96868     47964     49515
 0.87500 0.83079     47409     57065 0.96917     47466     48976
 0.88500 0.83010     47138     56786 0.96846     47139     48674
 0.89500 0.82761     46294     55937 0.96796     46644     48188
 0.90500 0.83847     47356     56479 0.96634     47491     49145
 0.91500 0.83094     47559     57235 0.96734     47662     49271
 0.92500 0.83146     48134     57891 0.96786     48507     50118
 0.93500 0.82480     47581     57688 0.97025     47492     48948
 0.94500 0.84102     47580     56574 0.96468     47583     49325
 0.95500 0.83240     47904     57549 0.96713     47809     49434
 0.96500 0.83643     47357     56618 0.96574     47447     49130
 0.97500 0.82890     47160     56895 0.96728     46940     48528
 0.98500 0.83712     48736     58219 0.96585     48650     50370
 0.99500 0.82943     48144     58045 0.96834     48175     49750


