# Swap Acceptance ratios and number of Accepted and Trial Moves (per box) as a function of Lambda
 0.00500 0.87092     50156     57590 0.99402     50166     50468
 0.01500 0.85543     47981     56090 0.99321     47943     48271
 0.02500 0.85227     49186     57712 0.97231     49163     50563
 0.03500 0.82392     47242     57338 0.93668     47040     50220
 0.04500 0.78230     44565     56967 0.89228     44621     50008
 0.05500 0.73250     42496     58015 0.84183     42588     50590
 0.06500 0.68303     38705     56667 0.77811     38787     49848
 0.07500 0.63202     35856     56732 0.71209     35783     50251
 0.08500 0.57682     32084     55622 0.64359     32207     50043
 0.09500 0.51396     28380     55218 0.57584     28229     49022
 0.10500 0.44806     25941     57896 0.50833     25818     50790
 0.11500 0.38868     22011     56630 0.44218     21933     49602
 0.12500 0.33499     18596     55512 0.37996     18565     48861
 0.13500 0.28280     15916     56281 0.32593     16133     49499
 0.14500 0.23918     13506     56468 0.27464     13675     49792
 0.15500 0.20402     11594     56827 0.23061     11614     50362
 0.16500 0.17304      9704     56080 0.19613      9702     49467
 0.17500 0.14873      8242     55417 0.16115      8220     51008
 0.18500 0.12224      6737     55111 0.13689      6687     48849
 0.19500 0.10452      5847     55942 0.11636      5843     50213
 0.20500 0.08614      4839     56173 0.09920      4944     49840
 0.21500 0.07531      4261     56579 0.08512      4209     49447
 0.22500 0.06472      3706     57261 0.07530      3688     48978
 0.23500 0.05294      3039     57405 0.06301      3083     48925
 0.24500 0.04948      2804     56667 0.05652      2807     49662
 0.25500 0.04284      2458     57373 0.05061      2529     49973
 0.26500 0.03659      2083     56924 0.04263      2076     48695
 0.27500 0.03468      1965     56668 0.03967      1937     48833
 0.28500 0.03158      1749     55382 0.03406      1683     49410
 0.29500 0.02678      1541     57542 0.03103      1521     49019
 0.30500 0.00000         0         0 0.00000         0         0
 0.31500 0.00000         0         0 0.00000         0         0
 0.32500 0.00000         0         0 0.00000         0         0
 0.33500 0.00000         0         0 0.00000         0         0
 0.34500 0.00000         0         0 0.00000         0         0
 0.35500 0.00000         0         0 0.00000         0         0
 0.36500 0.00000         0         0 0.00000         0         0
 0.37500 0.00000         0         0 0.00000         0         0
 0.38500 0.00000         0         0 0.00000         0         0
 0.39500 0.00000         0         0 0.00000         0         0
 0.40500 0.00000         0         0 0.00000         0         0
 0.41500 0.00000         0         0 0.00000         0         0
 0.42500 0.00000         0         0 0.00000         0         0
 0.43500 0.00000         0         0 0.00000         0         0
 0.44500 0.00000         0         0 0.00000         0         0
 0.45500 0.00000         0         0 0.00000         0         0
 0.46500 0.00000         0         0 0.00000         0         0
 0.47500 0.00000         0         0 0.00000         0         0
 0.48500 0.00000         0         0 0.00000         0         0
 0.49500 0.00000         0         0 0.00000         0         0
 0.50500 0.00000         0         0 0.00000         0         0
 0.51500 0.00000         0         0 0.00000         0         0
 0.52500 0.00000         0         0 0.00000         0         0
 0.53500 0.00000         0         0 0.00000         0         0
 0.54500 0.00000         0         0 0.00000         0         0
 0.55500 0.00000         0         0 0.00000         0         0
 0.56500 0.00000         0         0 0.00000         0         0
 0.57500 0.00000         0         0 0.00000         0         0
 0.58500 0.00000         0         0 0.00000         0         0
 0.59500 0.00000         0         0 0.00000         0         0
 0.60500 0.00000         0         0 0.00000         0         0
 0.61500 0.00000         0         0 0.00000         0         0
 0.62500 0.00000         0         0 0.00000         0         0
 0.63500 0.00000         0         0 0.00000         0         0
 0.64500 0.00000         0         0 0.00000         0         0
 0.65500 0.00000         0         0 0.00000         0         0
 0.66500 0.00000         0         0 0.00000         0         0
 0.67500 0.00000         0         0 0.00000         0         0
 0.68500 0.00000         0         0 0.00000         0         0
 0.69500 0.00000         0         0 0.00000         0         0
 0.70500 0.00000         0         0 0.00000         0         0
 0.71500 0.00000         0         0 0.00000         0         0
 0.72500 0.00000         0         0 0.00000         0         0
 0.73500 0.00000         0         0 0.00000         0         0
 0.74500 0.00000         0         0 0.00000         0         0
 0.75500 0.00000         0         0 0.00000         0         0
 0.76500 0.00000         0         0 0.00000         0         0
 0.77500 0.00000         0         0 0.00000         0         0
 0.78500 0.00000         0         0 0.00000         0         0
 0.79500 0.00000         0         0 0.00000         0         0
 0.80500 0.00000         0         0 0.00000         0         0
 0.81500 0.00000         0         0 0.00000         0         0
 0.82500 0.00000         0         0 0.00000         0         0
 0.83500 0.00000         0         0 0.00000         0         0
 0.84500 0.00000         0         0 0.00000         0         0
 0.85500 0.00000         0         0 0.00000         0         0
 0.86500 0.00000         0         0 0.00000         0         0
 0.87500 0.00000         0         0 0.00000         0         0
 0.88500 0.00000         0         0 0.00000         0         0
 0.89500 0.00000         0         0 0.00000         0         0
 0.90500 0.00000         0         0 0.00000         0         0
 0.91500 0.00000         0         0 0.00000         0         0
 0.92500 0.00000         0         0 0.00000         0         0
 0.93500 0.00000         0         0 0.00000         0         0
 0.94500 0.00000         0         0 0.00000         0         0
 0.95500 0.00000         0         0 0.00000         0         0
 0.96500 0.00000         0         0 0.00000         0         0
 0.97500 0.00000         0         0 0.00000         0         0
 0.98500 0.00000         0         0 0.00000         0         0
 0.99500 0.00000         0         0 0.00000         0         0


 0.00500 0.94769     52090     54965 0.95736     51889     54200
 0.01500 0.94453     52562     55649 0.95686     52698     55074
 0.02500 0.92382     51027     55235 0.95610     51244     53597
 0.03500 0.91113     50400     55316 0.92656     50476     54477
 0.04500 0.87536     49683     56757 0.90707     49615     54698
 0.05500 0.84204     49176     58401 0.87800     49183     56017
 0.06500 0.81495     45516     55851 0.83154     45678     54932
 0.07500 0.78422     42034     53600 0.78249     41973     53640
 0.08500 0.73445     39327     53546 0.74175     39267     52938
 0.09500 0.68616     38632     56302 0.69620     38753     55664
 0.10500 0.63521     34215     53864 0.64206     34424     53615
 0.11500 0.58486     31321     53553 0.59144     31150     52668
 0.12500 0.52368     28824     55041 0.54516     28802     52832
 0.13500 0.47319     25473     53833 0.48215     25583     53060
 0.14500 0.42642     23004     53947 0.42438     23103     54439
 0.15500 0.37013     19770     53414 0.37441     19677     52554
 0.16500 0.31628     17687     55922 0.33196     17600     53018
 0.17500 0.28231     15122     53566 0.27827     15018     53969
 0.18500 0.24798     13107     52856 0.24384     13184     54069
 0.19500 0.20764     11236     54112 0.20799     11317     54411
 0.20500 0.18591      9735     52363 0.17746      9619     54203
 0.21500 0.16060      8709     54227 0.15889      8687     54674
 0.22500 0.14340      7527     52488 0.13857      7424     53575
 0.23500 0.12506      6781     54220 0.12557      6692     53294
 0.24500 0.11324      6091     53787 0.11219      6010     53571
 0.25500 0.10310      5522     53559 0.10263      5591     54477
 0.26500 0.09568      4957     51806 0.09226      4957     53727
 0.27500 0.08429      4444     52724 0.08468      4496     53097
 0.28500 0.07835      4243     54157 0.07742      4162     53759
 0.29500 0.07116      3835     53889 0.07173      3780     52698
 0.30500 0.00000         0         0 0.00000         0         0
 0.31500 0.00000         0         0 0.00000         0         0
 0.32500 0.00000         0         0 0.00000         0         0
 0.33500 0.00000         0         0 0.00000         0         0
 0.34500 0.00000         0         0 0.00000         0         0
 0.35500 0.00000         0         0 0.00000         0         0
 0.36500 0.00000         0         0 0.00000         0         0
 0.37500 0.00000         0         0 0.00000         0         0
 0.38500 0.00000         0         0 0.00000         0         0
 0.39500 0.00000         0         0 0.00000         0         0
 0.40500 0.00000         0         0 0.00000         0         0
 0.41500 0.00000         0         0 0.00000         0         0
 0.42500 0.00000         0         0 0.00000         0         0
 0.43500 0.00000         0         0 0.00000         0         0
 0.44500 0.00000         0         0 0.00000         0         0
 0.45500 0.00000         0         0 0.00000         0         0
 0.46500 0.00000         0         0 0.00000         0         0
 0.47500 0.00000         0         0 0.00000         0         0
 0.48500 0.00000         0         0 0.00000         0         0
 0.49500 0.00000         0         0 0.00000         0         0
 0.50500 0.00000         0         0 0.00000         0         0
 0.51500 0.00000         0         0 0.00000         0         0
 0.52500 0.00000         0         0 0.00000         0         0
 0.53500 0.00000         0         0 0.00000         0         0
 0.54500 0.00000         0         0 0.00000         0         0
 0.55500 0.00000         0         0 0.00000         0         0
 0.56500 0.00000         0         0 0.00000         0         0
 0.57500 0.00000         0         0 0.00000         0         0
 0.58500 0.00000         0         0 0.00000         0         0
 0.59500 0.00000         0         0 0.00000         0         0
 0.60500 0.00000         0         0 0.00000         0         0
 0.61500 0.00000         0         0 0.00000         0         0
 0.62500 0.00000         0         0 0.00000         0         0
 0.63500 0.00000         0         0 0.00000         0         0
 0.64500 0.00000         0         0 0.00000         0         0
 0.65500 0.00000         0         0 0.00000         0         0
 0.66500 0.00000         0         0 0.00000         0         0
 0.67500 0.00000         0         0 0.00000         0         0
 0.68500 0.00000         0         0 0.00000         0         0
 0.69500 0.00000         0         0 0.00000         0         0
 0.70500 0.00000         0         0 0.00000         0         0
 0.71500 0.00000         0         0 0.00000         0         0
 0.72500 0.00000         0         0 0.00000         0         0
 0.73500 0.00000         0         0 0.00000         0         0
 0.74500 0.00000         0         0 0.00000         0         0
 0.75500 0.00000         0         0 0.00000         0         0
 0.76500 0.00000         0         0 0.00000         0         0
 0.77500 0.00000         0         0 0.00000         0         0
 0.78500 0.00000         0         0 0.00000         0         0
 0.79500 0.00000         0         0 0.00000         0         0
 0.80500 0.00000         0         0 0.00000         0         0
 0.81500 0.00000         0         0 0.00000         0         0
 0.82500 0.00000         0         0 0.00000         0         0
 0.83500 0.00000         0         0 0.00000         0         0
 0.84500 0.00000         0         0 0.00000         0         0
 0.85500 0.00000         0         0 0.00000         0         0
 0.86500 0.00000         0         0 0.00000         0         0
 0.87500 0.00000         0         0 0.00000         0         0
 0.88500 0.00000         0         0 0.00000         0         0
 0.89500 0.00000         0         0 0.00000         0         0
 0.90500 0.00000         0         0 0.00000         0         0
 0.91500 0.00000         0         0 0.00000         0         0
 0.92500 0.00000         0         0 0.00000         0         0
 0.93500 0.00000         0         0 0.00000         0         0
 0.94500 0.00000         0         0 0.00000         0         0
 0.95500 0.00000         0         0 0.00000         0         0
 0.96500 0.00000         0         0 0.00000         0         0
 0.97500 0.00000         0         0 0.00000         0         0
 0.98500 0.00000         0         0 0.00000         0         0
 0.99500 0.00000         0         0 0.00000         0         0


