# Cycle, (Average volume(Ib), Ib=1,N_Box)
    100100   0.2801553388E+005   0.1424011035E+006
    100200   0.2819781829E+005   0.1355619979E+006
    100300   0.2827946536E+005   0.1331804513E+006
    100400   0.2838659299E+005   0.1326684444E+006
    100500   0.2854385805E+005   0.1317329938E+006
    100600   0.2851325435E+005   0.1306453736E+006
    100700   0.2855197623E+005   0.1299199941E+006
    100800   0.2852753292E+005   0.1295163429E+006
    100900   0.2846342584E+005   0.1301034781E+006
    101000   0.2841161877E+005   0.1298249864E+006
    101100   0.2828641600E+005   0.1302154554E+006
    101200   0.2812750659E+005   0.1312781430E+006
    101300   0.2799494107E+005   0.1314105409E+006
    101400   0.2792146998E+005   0.1319906169E+006
    101500   0.2785946935E+005   0.1323075627E+006
    101600   0.2780114465E+005   0.1327951855E+006
    101700   0.2775229016E+005   0.1333982974E+006
    101800   0.2772138076E+005   0.1341465199E+006
    101900   0.2767655539E+005   0.1351851824E+006
    102000   0.2762495180E+005   0.1362155272E+006
    102100   0.2755605781E+005   0.1368284595E+006
    102200   0.2750589401E+005   0.1372004015E+006
    102300   0.2747302232E+005   0.1373479018E+006
    102400   0.2746071379E+005   0.1377701353E+006
    102500   0.2746615064E+005   0.1381279397E+006
    102600   0.2745331730E+005   0.1385622981E+006
    102700   0.2743766996E+005   0.1388706311E+006
    102800   0.2744235882E+005   0.1388957951E+006
    102900   0.2745095229E+005   0.1391773450E+006
    103000   0.2747059641E+005   0.1395244050E+006
    103100   0.2751408952E+005   0.1400616295E+006
    103200   0.2754482918E+005   0.1402986116E+006
    103300   0.2756684715E+005   0.1404074644E+006
    103400   0.2760157637E+005   0.1403211708E+006
    103500   0.2763599779E+005   0.1402253478E+006
    103600   0.2766121734E+005   0.1405698983E+006
    103700   0.2766555538E+005   0.1406123708E+006
    103800   0.2766192908E+005   0.1407432681E+006
    103900   0.2766440402E+005   0.1408837615E+006
    104000   0.2765344912E+005   0.1410948941E+006
    104100   0.2764798666E+005   0.1411529150E+006
    104200   0.2764121064E+005   0.1414026578E+006
    104300   0.2762087510E+005   0.1413388664E+006
    104400   0.2760826567E+005   0.1411769093E+006
    104500   0.2759216491E+005   0.1410981355E+006
    104600   0.2757927930E+005   0.1411034953E+006
    104700   0.2757186363E+005   0.1410110665E+006
    104800   0.2755735338E+005   0.1408644092E+006
    104900   0.2754109794E+005   0.1407298927E+006
    105000   0.2752865115E+005   0.1407970187E+006
    105100   0.2752414630E+005   0.1409505928E+006
    105200   0.2751905029E+005   0.1412793900E+006
    105300   0.2751204275E+005   0.1415691627E+006
    105400   0.2749163116E+005   0.1416838775E+006
    105500   0.2748249915E+005   0.1419383402E+006
    105600   0.2746913636E+005   0.1422412849E+006
    105700   0.2746641946E+005   0.1424229763E+006
    105800   0.2746565112E+005   0.1424121608E+006
    105900   0.2746407505E+005   0.1423716511E+006
    106000   0.2746618296E+005   0.1423805076E+006
    106100   0.2746058480E+005   0.1424394466E+006
    106200   0.2746267792E+005   0.1424928355E+006
    106300   0.2746870240E+005   0.1423601185E+006
    106400   0.2748476419E+005   0.1422343780E+006
    106500   0.2750550167E+005   0.1422035667E+006
    106600   0.2753046747E+005   0.1421993900E+006
    106700   0.2754718730E+005   0.1422226502E+006
    106800   0.2755781378E+005   0.1422510136E+006
    106900   0.2757235311E+005   0.1420812222E+006
    107000   0.2758556649E+005   0.1420581416E+006
    107100   0.2759267949E+005   0.1421852069E+006
    107200   0.2759966919E+005   0.1423751834E+006
    107300   0.2761168384E+005   0.1424340525E+006
    107400   0.2761561903E+005   0.1424363418E+006
    107500   0.2762601635E+005   0.1424757402E+006
    107600   0.2763627589E+005   0.1423450734E+006
    107700   0.2765447345E+005   0.1422463313E+006
    107800   0.2767130277E+005   0.1422096834E+006
    107900   0.2768814244E+005   0.1421329494E+006
    108000   0.2771185856E+005   0.1421523718E+006
    108100   0.2772633036E+005   0.1420711117E+006
    108200   0.2774059822E+005   0.1420234594E+006
    108300   0.2775322293E+005   0.1419501588E+006
    108400   0.2776209477E+005   0.1418616473E+006
    108500   0.2777213771E+005   0.1417798836E+006
    108600   0.2777849666E+005   0.1417875325E+006
    108700   0.2778441921E+005   0.1418413591E+006
    108800   0.2778997690E+005   0.1418790266E+006
    108900   0.2779390291E+005   0.1418747414E+006
    109000   0.2779842436E+005   0.1418505692E+006
    109100   0.2780085576E+005   0.1418119224E+006
    109200   0.2779637742E+005   0.1417190081E+006
    109300   0.2778614200E+005   0.1417687759E+006
    109400   0.2777687838E+005   0.1418039109E+006
    109500   0.2776735462E+005   0.1417739616E+006
    109600   0.2775756334E+005   0.1417559068E+006
    109700   0.2774838166E+005   0.1418835300E+006
    109800   0.2773754695E+005   0.1419886918E+006
    109900   0.2772691154E+005   0.1421067850E+006
    110000   0.2771455914E+005   0.1422491538E+006
    110100   0.2770191766E+005   0.1422546254E+006
    110200   0.2768524582E+005   0.1422456349E+006
    110300   0.2766987055E+005   0.1423074839E+006
    110400   0.2765040716E+005   0.1423684790E+006
    110500   0.2763380742E+005   0.1423191401E+006
    110600   0.2762152407E+005   0.1423104761E+006
    110700   0.2760966295E+005   0.1423372288E+006
    110800   0.2759560130E+005   0.1422563573E+006
    110900   0.2758389132E+005   0.1421751937E+006
    111000   0.2757216154E+005   0.1422201973E+006
    111100   0.2756389625E+005   0.1422326150E+006
    111200   0.2755665829E+005   0.1422111776E+006
    111300   0.2753984022E+005   0.1421721994E+006
    111400   0.2753091757E+005   0.1421600057E+006
    111500   0.2752341207E+005   0.1421380031E+006
    111600   0.2751818990E+005   0.1421077213E+006
    111700   0.2751463858E+005   0.1420829093E+006
    111800   0.2751152472E+005   0.1420781147E+006
    111900   0.2750767464E+005   0.1420619047E+006
    112000   0.2750832938E+005   0.1420390054E+006
    112100   0.2750840091E+005   0.1420162394E+006
    112200   0.2751458717E+005   0.1420824551E+006
    112300   0.2751963597E+005   0.1420661766E+006
    112400   0.2751836327E+005   0.1420912267E+006
    112500   0.2752372519E+005   0.1422071138E+006
    112600   0.2753074661E+005   0.1422441482E+006
    112700   0.2753026955E+005   0.1423672593E+006
    112800   0.2752865891E+005   0.1423603454E+006
    112900   0.2752697556E+005   0.1423806107E+006
    113000   0.2752295036E+005   0.1424069760E+006
    113100   0.2751258566E+005   0.1424025196E+006
    113200   0.2750431810E+005   0.1424184588E+006
    113300   0.2749725183E+005   0.1424375930E+006
    113400   0.2748741610E+005   0.1424922729E+006
    113500   0.2747696369E+005   0.1425311912E+006
    113600   0.2747170754E+005   0.1425561696E+006
    113700   0.2746347670E+005   0.1425945476E+006
    113800   0.2745864515E+005   0.1426083612E+006
    113900   0.2745166808E+005   0.1426234057E+006
    114000   0.2744762992E+005   0.1426263946E+006
    114100   0.2745084530E+005   0.1426587688E+006
    114200   0.2745275450E+005   0.1427107807E+006
    114300   0.2744932473E+005   0.1426499346E+006
    114400   0.2744668088E+005   0.1426006862E+006
    114500   0.2744293337E+005   0.1425549271E+006
    114600   0.2744603765E+005   0.1425206803E+006
    114700   0.2744720338E+005   0.1425202904E+006
    114800   0.2744558273E+005   0.1425352855E+006
    114900   0.2744499160E+005   0.1425579953E+006
    115000   0.2744581825E+005   0.1425933002E+006
    115100   0.2745291249E+005   0.1426277822E+006
    115200   0.2745379013E+005   0.1426208285E+006
    115300   0.2745227571E+005   0.1425480581E+006
    115400   0.2744748444E+005   0.1425534913E+006
    115500   0.2744460655E+005   0.1425945541E+006
    115600   0.2744164900E+005   0.1425577404E+006
    115700   0.2743985415E+005   0.1424805609E+006
    115800   0.2744322103E+005   0.1424881732E+006
    115900   0.2744579639E+005   0.1424984447E+006
    116000   0.2744841607E+005   0.1424751255E+006
    116100   0.2745379451E+005   0.1424440687E+006
    116200   0.2745902795E+005   0.1423968863E+006
    116300   0.2746426178E+005   0.1423433742E+006
    116400   0.2747146087E+005   0.1422736154E+006
    116500   0.2747993438E+005   0.1422158887E+006
    116600   0.2748571012E+005   0.1421707461E+006
    116700   0.2748888890E+005   0.1421699312E+006
    116800   0.2749087512E+005   0.1421707901E+006
    116900   0.2748673792E+005   0.1421806363E+006
    117000   0.2748519504E+005   0.1421775523E+006
    117100   0.2747666965E+005   0.1421462102E+006
    117200   0.2746518076E+005   0.1421386674E+006
    117300   0.2745281476E+005   0.1421024715E+006
    117400   0.2744215742E+005   0.1421126154E+006
    117500   0.2743089777E+005   0.1421271926E+006
    117600   0.2741521467E+005   0.1420884257E+006
    117700   0.2739445059E+005   0.1420846686E+006
    117800   0.2737701817E+005   0.1421071875E+006
    117900   0.2736096861E+005   0.1420812460E+006
    118000   0.2735132261E+005   0.1421260883E+006
    118100   0.2734034129E+005   0.1422151295E+006
    118200   0.2732796900E+005   0.1422845720E+006
    118300   0.2731880983E+005   0.1423481107E+006
    118400   0.2731013326E+005   0.1424212987E+006
    118500   0.2730107433E+005   0.1424545853E+006
    118600   0.2729523414E+005   0.1424303473E+006
    118700   0.2728353234E+005   0.1424011493E+006
    118800   0.2727405608E+005   0.1424446890E+006
    118900   0.2726764351E+005   0.1424690467E+006
    119000   0.2726453568E+005   0.1424720984E+006
    119100   0.2726143874E+005   0.1424875655E+006
    119200   0.2726213155E+005   0.1424868391E+006
    119300   0.2726721041E+005   0.1425287250E+006
    119400   0.2726623534E+005   0.1425832176E+006
    119500   0.2726488264E+005   0.1426356536E+006
    119600   0.2726046341E+005   0.1426096987E+006
    119700   0.2726050498E+005   0.1425968769E+006
    119800   0.2726408737E+005   0.1426050221E+006
    119900   0.2726976309E+005   0.1425975500E+006
    120000   0.2727351477E+005   0.1425953129E+006
    120100   0.2727530434E+005   0.1425823996E+006
    120200   0.2727829981E+005   0.1425735047E+006
    120300   0.2728003221E+005   0.1425590469E+006
    120400   0.2728274955E+005   0.1425705501E+006
    120500   0.2728420584E+005   0.1425485395E+006
    120600   0.2728317630E+005   0.1425210809E+006
    120700   0.2727998229E+005   0.1424989891E+006
    120800   0.2727929806E+005   0.1425263499E+006
    120900   0.2727751000E+005   0.1425625685E+006
    121000   0.2727113019E+005   0.1425391030E+006
    121100   0.2726773449E+005   0.1425026254E+006
    121200   0.2726525793E+005   0.1424338548E+006
    121300   0.2726264804E+005   0.1423501949E+006
    121400   0.2726254657E+005   0.1422949595E+006
    121500   0.2726363374E+005   0.1423006900E+006
    121600   0.2726485060E+005   0.1423037177E+006
    121700   0.2726764102E+005   0.1422786439E+006
    121800   0.2727012959E+005   0.1422105582E+006
    121900   0.2727572741E+005   0.1421547998E+006
    122000   0.2728104145E+005   0.1420730324E+006
    122100   0.2728415801E+005   0.1420290174E+006
    122200   0.2728970358E+005   0.1420321655E+006
    122300   0.2729657817E+005   0.1420383739E+006
    122400   0.2730463017E+005   0.1420347690E+006
    122500   0.2731186384E+005   0.1419916992E+006
    122600   0.2731836193E+005   0.1419580666E+006
    122700   0.2732677371E+005   0.1419311967E+006
    122800   0.2733325095E+005   0.1419433900E+006
    122900   0.2733950111E+005   0.1419897247E+006
    123000   0.2734610992E+005   0.1420153414E+006
    123100   0.2735578109E+005   0.1420340527E+006
    123200   0.2736553513E+005   0.1420336300E+006
    123300   0.2737155675E+005   0.1420265404E+006
    123400   0.2737735042E+005   0.1420320233E+006
    123500   0.2738167334E+005   0.1420441413E+006
    123600   0.2738322849E+005   0.1420825278E+006
    123700   0.2739090695E+005   0.1420811019E+006
    123800   0.2739874608E+005   0.1420420998E+006
    123900   0.2740637531E+005   0.1420069175E+006
    124000   0.2741204203E+005   0.1419779835E+006
    124100   0.2741912751E+005   0.1419277318E+006
    124200   0.2742707175E+005   0.1418937390E+006
    124300   0.2743445943E+005   0.1419133876E+006
    124400   0.2743924156E+005   0.1419398100E+006
    124500   0.2744374147E+005   0.1419582683E+006
    124600   0.2744596146E+005   0.1419663936E+006
    124700   0.2744954729E+005   0.1419702544E+006
    124800   0.2745412657E+005   0.1419438621E+006
    124900   0.2745592274E+005   0.1419170210E+006
    125000   0.2745747757E+005   0.1419031753E+006
    125100   0.2746015204E+005   0.1418960359E+006
    125200   0.2746100247E+005   0.1419158533E+006
    125300   0.2746016006E+005   0.1419223046E+006
    125400   0.2746253847E+005   0.1419232497E+006
    125500   0.2746717952E+005   0.1419760984E+006
    125600   0.2746952149E+005   0.1420142756E+006
    125700   0.2747210128E+005   0.1420046241E+006
    125800   0.2747566064E+005   0.1419820792E+006
    125900   0.2748411707E+005   0.1419390171E+006
    126000   0.2749084634E+005   0.1419297013E+006
    126100   0.2749709804E+005   0.1419190405E+006
    126200   0.2750017082E+005   0.1418989928E+006
    126300   0.2750280699E+005   0.1418786999E+006
    126400   0.2750673805E+005   0.1418746501E+006
    126500   0.2751221874E+005   0.1418734041E+006
    126600   0.2751832554E+005   0.1418364429E+006
    126700   0.2752250347E+005   0.1418027726E+006
    126800   0.2752660896E+005   0.1417998951E+006
    126900   0.2753154479E+005   0.1417888029E+006
    127000   0.2753343145E+005   0.1417499556E+006
    127100   0.2753636661E+005   0.1417318462E+006
    127200   0.2754156033E+005   0.1417081410E+006
    127300   0.2754353753E+005   0.1417116157E+006
    127400   0.2754596047E+005   0.1416921475E+006
    127500   0.2754785143E+005   0.1416961274E+006
    127600   0.2754930445E+005   0.1416879948E+006
    127700   0.2755254946E+005   0.1416371765E+006
    127800   0.2755626687E+005   0.1415810235E+006
    127900   0.2755910070E+005   0.1415203171E+006
    128000   0.2756099978E+005   0.1415073235E+006
    128100   0.2756454714E+005   0.1415057061E+006
    128200   0.2756601702E+005   0.1415035814E+006
    128300   0.2757010313E+005   0.1414906494E+006
    128400   0.2757602670E+005   0.1414865393E+006
    128500   0.2758157844E+005   0.1414554040E+006
    128600   0.2758445720E+005   0.1414507339E+006
    128700   0.2758711871E+005   0.1414293271E+006
    128800   0.2759114570E+005   0.1413804742E+006
    128900   0.2759672889E+005   0.1413316045E+006
    129000   0.2760372851E+005   0.1413098993E+006
    129100   0.2761004943E+005   0.1413140663E+006
    129200   0.2761596433E+005   0.1413243709E+006
    129300   0.2762309285E+005   0.1413270766E+006
    129400   0.2762880653E+005   0.1413449484E+006
    129500   0.2763277895E+005   0.1413322064E+006
    129600   0.2763681114E+005   0.1412893560E+006
    129700   0.2764355127E+005   0.1412713692E+006
    129800   0.2764902852E+005   0.1412660677E+006
    129900   0.2765208186E+005   0.1412599547E+006
    130000   0.2765468354E+005   0.1412722539E+006
    130100   0.2765690869E+005   0.1412720373E+006
    130200   0.2765681678E+005   0.1412525069E+006
    130300   0.2766077352E+005   0.1412364130E+006
    130400   0.2766551655E+005   0.1412116201E+006
    130500   0.2767081248E+005   0.1411898017E+006
    130600   0.2767689237E+005   0.1411864069E+006
    130700   0.2768449564E+005   0.1411633058E+006
    130800   0.2769034354E+005   0.1411411729E+006
    130900   0.2769587362E+005   0.1411268595E+006
    131000   0.2770157749E+005   0.1411309068E+006
    131100   0.2770981842E+005   0.1411370115E+006
    131200   0.2771979576E+005   0.1411333206E+006
    131300   0.2772923629E+005   0.1410870278E+006
    131400   0.2773773419E+005   0.1410630946E+006
    131500   0.2774429538E+005   0.1410257352E+006
    131600   0.2774981938E+005   0.1410056028E+006
    131700   0.2775621496E+005   0.1410011684E+006
    131800   0.2776469407E+005   0.1410061051E+006
    131900   0.2777490903E+005   0.1410170328E+006
    132000   0.2778570927E+005   0.1410392319E+006
    132100   0.2779466214E+005   0.1410235934E+006
    132200   0.2780474189E+005   0.1410279539E+006
    132300   0.2781575988E+005   0.1410458855E+006
    132400   0.2782528180E+005   0.1410520166E+006
    132500   0.2783712658E+005   0.1410508699E+006
    132600   0.2784785950E+005   0.1410288723E+006
    132700   0.2785800828E+005   0.1409917633E+006
    132800   0.2786739214E+005   0.1409725111E+006
    132900   0.2787609608E+005   0.1409634981E+006
    133000   0.2788392095E+005   0.1409531514E+006
    133100   0.2788992462E+005   0.1409329213E+006
    133200   0.2789562411E+005   0.1409514790E+006
    133300   0.2790225917E+005   0.1409432624E+006
    133400   0.2791166193E+005   0.1409326835E+006
    133500   0.2792097100E+005   0.1409248220E+006
    133600   0.2793093984E+005   0.1409347219E+006
    133700   0.2794293723E+005   0.1409375044E+006
    133800   0.2795315108E+005   0.1409196719E+006
    133900   0.2796250852E+005   0.1409089569E+006
    134000   0.2796912876E+005   0.1408991379E+006
    134100   0.2797742641E+005   0.1409065066E+006
    134200   0.2798606956E+005   0.1409007302E+006
    134300   0.2799370255E+005   0.1408779793E+006
    134400   0.2799998985E+005   0.1408724215E+006
    134500   0.2800720158E+005   0.1408688081E+006
    134600   0.2801509699E+005   0.1408732748E+006
    134700   0.2802397822E+005   0.1408682812E+006
    134800   0.2803086930E+005   0.1408564151E+006
    134900   0.2804000390E+005   0.1408700027E+006
    135000   0.2804770434E+005   0.1408824567E+006
    135100   0.2805722884E+005   0.1408696455E+006
    135200   0.2806493459E+005   0.1408414488E+006
    135300   0.2807278352E+005   0.1408306920E+006
    135400   0.2808116354E+005   0.1408103887E+006
    135500   0.2809036091E+005   0.1407811343E+006
    135600   0.2809867133E+005   0.1407648943E+006
    135700   0.2810679721E+005   0.1407320847E+006
    135800   0.2811533411E+005   0.1407048219E+006
    135900   0.2812373450E+005   0.1406751537E+006
    136000   0.2813348259E+005   0.1406073144E+006
    136100   0.2814308199E+005   0.1405449422E+006
    136200   0.2814979165E+005   0.1404981996E+006
    136300   0.2815701629E+005   0.1404636707E+006
    136400   0.2816536492E+005   0.1404662060E+006
    136500   0.2817717354E+005   0.1404592585E+006
    136600   0.2818855904E+005   0.1404661087E+006
    136700   0.2819854557E+005   0.1404545201E+006
    136800   0.2820891414E+005   0.1404188734E+006
    136900   0.2821976488E+005   0.1403859970E+006
    137000   0.2822853093E+005   0.1403599946E+006
    137100   0.2823717576E+005   0.1403182185E+006
    137200   0.2824890091E+005   0.1402817306E+006
    137300   0.2826125099E+005   0.1402556033E+006
    137400   0.2827276327E+005   0.1402273877E+006
    137500   0.2828187208E+005   0.1402297692E+006
    137600   0.2829226934E+005   0.1402157213E+006
    137700   0.2830212907E+005   0.1401884421E+006
    137800   0.2831105626E+005   0.1401826514E+006
    137900   0.2831946027E+005   0.1401726763E+006
    138000   0.2832931914E+005   0.1401822438E+006
    138100   0.2833701046E+005   0.1401840297E+006
    138200   0.2834462494E+005   0.1401806249E+006
    138300   0.2835375868E+005   0.1401544782E+006
    138400   0.2836205091E+005   0.1401248002E+006
    138500   0.2836940410E+005   0.1400866096E+006
    138600   0.2837707309E+005   0.1400516575E+006
    138700   0.2838444119E+005   0.1400195900E+006
    138800   0.2839236199E+005   0.1399868691E+006
    138900   0.2839956931E+005   0.1399642244E+006
    139000   0.2840715336E+005   0.1399362214E+006
    139100   0.2841487416E+005   0.1399104481E+006
    139200   0.2842166663E+005   0.1399044878E+006
    139300   0.2842868329E+005   0.1399228156E+006
    139400   0.2843528810E+005   0.1399150593E+006
    139500   0.2844265404E+005   0.1399145511E+006
    139600   0.2844698610E+005   0.1398993752E+006
    139700   0.2845152475E+005   0.1398927669E+006
    139800   0.2845572361E+005   0.1398789348E+006
    139900   0.2846101754E+005   0.1398687535E+006
    140000   0.2846498883E+005   0.1398403779E+006
    140100   0.2847077184E+005   0.1398298015E+006
    140200   0.2847568727E+005   0.1398209802E+006
    140300   0.2848007573E+005   0.1397896189E+006
    140400   0.2848502020E+005   0.1397592053E+006
    140500   0.2849072158E+005   0.1397380868E+006
    140600   0.2849502600E+005   0.1397102751E+006
    140700   0.2849885935E+005   0.1397158206E+006
    140800   0.2850449892E+005   0.1397270689E+006
    140900   0.2850993175E+005   0.1397446735E+006
    141000   0.2851623182E+005   0.1397882485E+006
    141100   0.2852032064E+005   0.1397869438E+006
    141200   0.2852671106E+005   0.1397824524E+006
    141300   0.2853241508E+005   0.1397762942E+006
    141400   0.2853710718E+005   0.1397745117E+006
    141500   0.2854153515E+005   0.1397803964E+006
    141600   0.2854689312E+005   0.1397563941E+006
    141700   0.2855243487E+005   0.1397614171E+006
    141800   0.2855725313E+005   0.1397552532E+006
    141900   0.2856158367E+005   0.1397443062E+006
    142000   0.2856423848E+005   0.1397500656E+006
    142100   0.2856891046E+005   0.1397668095E+006
    142200   0.2857352140E+005   0.1397740983E+006
    142300   0.2857745991E+005   0.1397561300E+006
    142400   0.2858302738E+005   0.1397601392E+006
    142500   0.2858807999E+005   0.1397558940E+006
    142600   0.2859261047E+005   0.1397640138E+006
    142700   0.2859677511E+005   0.1397723555E+006
    142800   0.2860305263E+005   0.1397641345E+006
    142900   0.2860863331E+005   0.1397476245E+006
    143000   0.2861210075E+005   0.1397093477E+006
    143100   0.2861548893E+005   0.1396839915E+006
    143200   0.2861957093E+005   0.1396541545E+006
    143300   0.2862283469E+005   0.1396497384E+006
    143400   0.2862586033E+005   0.1396530792E+006
    143500   0.2863010114E+005   0.1396592892E+006
    143600   0.2863601147E+005   0.1396684585E+006
    143700   0.2864161897E+005   0.1396622194E+006
    143800   0.2864535940E+005   0.1396585537E+006
    143900   0.2864848652E+005   0.1396616921E+006
    144000   0.2865082345E+005   0.1396572090E+006
    144100   0.2865316895E+005   0.1396668862E+006
    144200   0.2865627257E+005   0.1396535584E+006
    144300   0.2865742887E+005   0.1396452066E+006
    144400   0.2865828241E+005   0.1396328009E+006
    144500   0.2866024907E+005   0.1396193510E+006
    144600   0.2866438204E+005   0.1396016132E+006
    144700   0.2866753333E+005   0.1395877598E+006
    144800   0.2867266870E+005   0.1395789445E+006
    144900   0.2867735634E+005   0.1395897805E+006
    145000   0.2868282701E+005   0.1396129798E+006
    145100   0.2868780587E+005   0.1396219422E+006
    145200   0.2869200510E+005   0.1396029993E+006
    145300   0.2869488631E+005   0.1395725553E+006
    145400   0.2869841188E+005   0.1395510235E+006
    145500   0.2870144419E+005   0.1395320293E+006
    145600   0.2870541216E+005   0.1395185973E+006
    145700   0.2871174784E+005   0.1395118456E+006
    145800   0.2871724421E+005   0.1394862247E+006
    145900   0.2872245243E+005   0.1394495783E+006
    146000   0.2872594086E+005   0.1394406774E+006
    146100   0.2872998535E+005   0.1394532671E+006
    146200   0.2873441831E+005   0.1394906099E+006
    146300   0.2873776946E+005   0.1395096464E+006
    146400   0.2874180053E+005   0.1395216415E+006
    146500   0.2874601813E+005   0.1395113276E+006
    146600   0.2875138880E+005   0.1395155821E+006
    146700   0.2875761686E+005   0.1395045868E+006
    146800   0.2876252166E+005   0.1394985968E+006
    146900   0.2877040296E+005   0.1395050594E+006
    147000   0.2877699318E+005   0.1394982925E+006
    147100   0.2878289004E+005   0.1394727916E+006
    147200   0.2878839355E+005   0.1394554894E+006
    147300   0.2879372250E+005   0.1394387000E+006
    147400   0.2879851582E+005   0.1394400303E+006
    147500   0.2880366088E+005   0.1394410640E+006
    147600   0.2880865402E+005   0.1394275638E+006
    147700   0.2881306986E+005   0.1394206237E+006
    147800   0.2881915037E+005   0.1394206096E+006
    147900   0.2882400274E+005   0.1394140886E+006
    148000   0.2883302190E+005   0.1394070820E+006
    148100   0.2883924258E+005   0.1394000510E+006
    148200   0.2884787039E+005   0.1393860599E+006
    148300   0.2885603071E+005   0.1393644730E+006
    148400   0.2886508264E+005   0.1393438777E+006
    148500   0.2887349345E+005   0.1393305943E+006
    148600   0.2888198019E+005   0.1393300875E+006
    148700   0.2889161674E+005   0.1393182418E+006
    148800   0.2890045681E+005   0.1393074102E+006
    148900   0.2891112740E+005   0.1392758858E+006
    149000   0.2891989567E+005   0.1392781021E+006
    149100   0.2892686540E+005   0.1392615934E+006
    149200   0.2893562010E+005   0.1392547353E+006
    149300   0.2894281852E+005   0.1392526743E+006
    149400   0.2895044705E+005   0.1392618893E+006
    149500   0.2895676802E+005   0.1392617770E+006
    149600   0.2896360134E+005   0.1392549368E+006
    149700   0.2896948525E+005   0.1392541253E+006
    149800   0.2897805829E+005   0.1392506839E+006
    149900   0.2898511610E+005   0.1392354513E+006
    150000   0.2899298754E+005   0.1392163077E+006
    150100   0.2900216497E+005   0.1392117954E+006
    150200   0.2901156145E+005   0.1392080253E+006
    150300   0.2901902524E+005   0.1391955901E+006
    150400   0.2902566239E+005   0.1391881218E+006
    150500   0.2903181556E+005   0.1391823878E+006
    150600   0.2904085171E+005   0.1391818049E+006
    150700   0.2904822180E+005   0.1391859966E+006
    150800   0.2905835006E+005   0.1391965471E+006
    150900   0.2906857112E+005   0.1391934953E+006
    151000   0.2907703940E+005   0.1391888160E+006
    151100   0.2908554836E+005   0.1391947010E+006
    151200   0.2909639451E+005   0.1392051469E+006
    151300   0.2910614215E+005   0.1392031385E+006
    151400   0.2911527573E+005   0.1391851609E+006
    151500   0.2912546091E+005   0.1391643257E+006
    151600   0.2913608386E+005   0.1391490019E+006
    151700   0.2914556365E+005   0.1391215673E+006
    151800   0.2915477555E+005   0.1390910846E+006
    151900   0.2916387257E+005   0.1390726616E+006
    152000   0.2917416597E+005   0.1390509595E+006
    152100   0.2918272138E+005   0.1390266353E+006
    152200   0.2919199313E+005   0.1390167536E+006
    152300   0.2920104465E+005   0.1390253620E+006
    152400   0.2920934335E+005   0.1390195732E+006
    152500   0.2921865869E+005   0.1390124592E+006
    152600   0.2922623689E+005   0.1389930629E+006
    152700   0.2923272849E+005   0.1389845765E+006
    152800   0.2923845503E+005   0.1389680738E+006
    152900   0.2924438163E+005   0.1389498745E+006
    153000   0.2924987042E+005   0.1389372819E+006
    153100   0.2925564406E+005   0.1389308844E+006
    153200   0.2926078583E+005   0.1389152066E+006
    153300   0.2926635803E+005   0.1389004494E+006
    153400   0.2927297633E+005   0.1388899900E+006
    153500   0.2927996040E+005   0.1388782803E+006
    153600   0.2928562343E+005   0.1388719563E+006
    153700   0.2929055617E+005   0.1388671190E+006
    153800   0.2929617507E+005   0.1388540254E+006
    153900   0.2930145411E+005   0.1388471420E+006
    154000   0.2930612524E+005   0.1388392899E+006
    154100   0.2931005853E+005   0.1388566287E+006
    154200   0.2931409361E+005   0.1388574267E+006
    154300   0.2931782770E+005   0.1388418243E+006
    154400   0.2932572793E+005   0.1388358653E+006
    154500   0.2933166715E+005   0.1388296692E+006
    154600   0.2933697010E+005   0.1388228639E+006
    154700   0.2934379335E+005   0.1388198326E+006
    154800   0.2935207068E+005   0.1388182492E+006
    154900   0.2936000098E+005   0.1388217995E+006
    155000   0.2936610471E+005   0.1388053264E+006
    155100   0.2937144403E+005   0.1387828030E+006
    155200   0.2937679887E+005   0.1387476339E+006
    155300   0.2938113376E+005   0.1387177366E+006
    155400   0.2938717808E+005   0.1386922681E+006
    155500   0.2939102804E+005   0.1386704893E+006
    155600   0.2939399976E+005   0.1386700991E+006
    155700   0.2939838765E+005   0.1386718377E+006
    155800   0.2940272474E+005   0.1386849415E+006
    155900   0.2940717601E+005   0.1386806371E+006
    156000   0.2941164274E+005   0.1386638731E+006
    156100   0.2941576065E+005   0.1386469830E+006
    156200   0.2942123641E+005   0.1386399171E+006
    156300   0.2942716042E+005   0.1386119024E+006
    156400   0.2943550142E+005   0.1385870138E+006
    156500   0.2944402188E+005   0.1385752864E+006
    156600   0.2945332291E+005   0.1385440454E+006
    156700   0.2946063509E+005   0.1385096560E+006
    156800   0.2946837138E+005   0.1384803807E+006
    156900   0.2947629127E+005   0.1384409043E+006
    157000   0.2948364847E+005   0.1384182624E+006
    157100   0.2949276303E+005   0.1383906349E+006
    157200   0.2950235560E+005   0.1383584842E+006
    157300   0.2951427804E+005   0.1383309878E+006
    157400   0.2952346194E+005   0.1383198782E+006
    157500   0.2953351032E+005   0.1383156781E+006
    157600   0.2954085369E+005   0.1383012246E+006
    157700   0.2954885030E+005   0.1382762135E+006
    157800   0.2955768945E+005   0.1382511683E+006
    157900   0.2956341118E+005   0.1382307412E+006
    158000   0.2957017610E+005   0.1382174225E+006
    158100   0.2957733005E+005   0.1382039623E+006
    158200   0.2958456284E+005   0.1381962069E+006
    158300   0.2959183156E+005   0.1381996999E+006
    158400   0.2959815055E+005   0.1381903556E+006
    158500   0.2960451521E+005   0.1381863843E+006
    158600   0.2961074698E+005   0.1381692539E+006
    158700   0.2961713181E+005   0.1381526570E+006
    158800   0.2962351988E+005   0.1381572142E+006
    158900   0.2962946228E+005   0.1381563166E+006
    159000   0.2963494080E+005   0.1381564796E+006
    159100   0.2963992063E+005   0.1381539966E+006
    159200   0.2964539270E+005   0.1381485738E+006
    159300   0.2965041341E+005   0.1381342822E+006
    159400   0.2965560418E+005   0.1381237253E+006
    159500   0.2966080009E+005   0.1381328811E+006
    159600   0.2966779376E+005   0.1381515651E+006
    159700   0.2967418895E+005   0.1381547307E+006
    159800   0.2968014541E+005   0.1381437936E+006
    159900   0.2968663528E+005   0.1381179441E+006
    160000   0.2969395568E+005   0.1381131261E+006
    160100   0.2970131163E+005   0.1381007152E+006
    160200   0.2970812841E+005   0.1380915468E+006
    160300   0.2971436709E+005   0.1380924524E+006
    160400   0.2972167729E+005   0.1380935353E+006
    160500   0.2972852143E+005   0.1380792535E+006
    160600   0.2973423886E+005   0.1380600012E+006
    160700   0.2974093745E+005   0.1380413561E+006
    160800   0.2974689172E+005   0.1380392009E+006
    160900   0.2975322768E+005   0.1380107802E+006
    161000   0.2975834172E+005   0.1380014752E+006
    161100   0.2976560432E+005   0.1379998301E+006
    161200   0.2977297060E+005   0.1379887947E+006
    161300   0.2977886468E+005   0.1379781420E+006
    161400   0.2978684223E+005   0.1379669076E+006
    161500   0.2979455149E+005   0.1379468352E+006
    161600   0.2980101430E+005   0.1379157470E+006
    161700   0.2980716341E+005   0.1378858772E+006
    161800   0.2981366959E+005   0.1378545508E+006
    161900   0.2982206195E+005   0.1378331023E+006
    162000   0.2982992685E+005   0.1378133173E+006
    162100   0.2983818171E+005   0.1377876758E+006
    162200   0.2984431222E+005   0.1377673503E+006
    162300   0.2984983547E+005   0.1377510827E+006
    162400   0.2985454489E+005   0.1377356433E+006
    162500   0.2985758355E+005   0.1377265637E+006
    162600   0.2986060791E+005   0.1377231667E+006
    162700   0.2986365543E+005   0.1377164416E+006
    162800   0.2986677767E+005   0.1377082887E+006
    162900   0.2987036014E+005   0.1377019921E+006
    163000   0.2987464432E+005   0.1377045719E+006
    163100   0.2987814316E+005   0.1377008308E+006
    163200   0.2988158387E+005   0.1376902460E+006
    163300   0.2988584497E+005   0.1376781213E+006
    163400   0.2989133148E+005   0.1376682897E+006
    163500   0.2989894636E+005   0.1376549878E+006
    163600   0.2990529856E+005   0.1376313713E+006
    163700   0.2991034906E+005   0.1376002393E+006
    163800   0.2991597637E+005   0.1375808197E+006
    163900   0.2992172478E+005   0.1375666877E+006
    164000   0.2992782614E+005   0.1375497619E+006
    164100   0.2993446123E+005   0.1375251162E+006
    164200   0.2994109538E+005   0.1374995769E+006
    164300   0.2994690370E+005   0.1374683934E+006
    164400   0.2995324602E+005   0.1374485811E+006
    164500   0.2996130856E+005   0.1374290171E+006
    164600   0.2997015231E+005   0.1374086757E+006
    164700   0.2997896304E+005   0.1373919926E+006
    164800   0.2998620485E+005   0.1373681010E+006
    164900   0.2999386022E+005   0.1373439994E+006
    165000   0.3000188258E+005   0.1373194028E+006
    165100   0.3000982154E+005   0.1372947388E+006
    165200   0.3001907117E+005   0.1372660749E+006
    165300   0.3002851261E+005   0.1372478484E+006
    165400   0.3003748846E+005   0.1372099860E+006
    165500   0.3004496369E+005   0.1371746679E+006
    165600   0.3005220530E+005   0.1371453004E+006
    165700   0.3006028184E+005   0.1371254232E+006
    165800   0.3006874714E+005   0.1371154642E+006
    165900   0.3007551483E+005   0.1371058012E+006
    166000   0.3008312200E+005   0.1370977047E+006
    166100   0.3009195864E+005   0.1370849666E+006
    166200   0.3009881374E+005   0.1370611863E+006
    166300   0.3010770512E+005   0.1370394046E+006
    166400   0.3011623881E+005   0.1370370661E+006
    166500   0.3012435747E+005   0.1370133472E+006
    166600   0.3013177774E+005   0.1369902813E+006
    166700   0.3013766470E+005   0.1369727907E+006
    166800   0.3014513659E+005   0.1369500876E+006
    166900   0.3015188497E+005   0.1369401966E+006
    167000   0.3016079217E+005   0.1369346828E+006
    167100   0.3016866244E+005   0.1369249248E+006
    167200   0.3017685779E+005   0.1369200660E+006
    167300   0.3018503877E+005   0.1369157298E+006
    167400   0.3019119737E+005   0.1369017236E+006
    167500   0.3019831640E+005   0.1368771649E+006
    167600   0.3020385928E+005   0.1368687401E+006
    167700   0.3021009363E+005   0.1368580692E+006
    167800   0.3021661564E+005   0.1368506013E+006
    167900   0.3022128104E+005   0.1368487665E+006
    168000   0.3022715968E+005   0.1368411945E+006
    168100   0.3023494428E+005   0.1368215309E+006
    168200   0.3024184144E+005   0.1367966551E+006
    168300   0.3024912430E+005   0.1367859342E+006
    168400   0.3025440481E+005   0.1367867416E+006
    168500   0.3026034884E+005   0.1367837482E+006
    168600   0.3026521400E+005   0.1367810036E+006
    168700   0.3027034463E+005   0.1367679551E+006
    168800   0.3027568336E+005   0.1367558547E+006
    168900   0.3028028320E+005   0.1367459746E+006
    169000   0.3028748222E+005   0.1367452123E+006
    169100   0.3029404994E+005   0.1367424919E+006
    169200   0.3029890314E+005   0.1367353506E+006
    169300   0.3030423291E+005   0.1367352442E+006
    169400   0.3031145497E+005   0.1367246870E+006
    169500   0.3031746419E+005   0.1367171499E+006
    169600   0.3032408001E+005   0.1367040011E+006
    169700   0.3032991312E+005   0.1366910404E+006
    169800   0.3033636752E+005   0.1366838691E+006
    169900   0.3034280283E+005   0.1366775150E+006
    170000   0.3034850518E+005   0.1366728371E+006
    170100   0.3035463380E+005   0.1366772692E+006
    170200   0.3036151273E+005   0.1366600878E+006
    170300   0.3037003542E+005   0.1366393062E+006
    170400   0.3037902026E+005   0.1366188077E+006
    170500   0.3038593771E+005   0.1365895886E+006
    170600   0.3039252721E+005   0.1365727682E+006
    170700   0.3040007978E+005   0.1365569911E+006
    170800   0.3040645954E+005   0.1365447600E+006
    170900   0.3041202002E+005   0.1365335568E+006
    171000   0.3041870238E+005   0.1365226703E+006
    171100   0.3042488335E+005   0.1365110451E+006
    171200   0.3043145349E+005   0.1365039972E+006
    171300   0.3043703339E+005   0.1364955433E+006
    171400   0.3044269444E+005   0.1364752692E+006
    171500   0.3044730705E+005   0.1364691157E+006
    171600   0.3045330133E+005   0.1364642790E+006
    171700   0.3046064029E+005   0.1364618198E+006
    171800   0.3046641204E+005   0.1364540352E+006
    171900   0.3047372287E+005   0.1364419010E+006
    172000   0.3048117351E+005   0.1364196499E+006
    172100   0.3048933839E+005   0.1363932631E+006
    172200   0.3049621021E+005   0.1363738256E+006
    172300   0.3050455644E+005   0.1363514590E+006
    172400   0.3051268626E+005   0.1363271959E+006
    172500   0.3052168521E+005   0.1363026399E+006
    172600   0.3052862521E+005   0.1362789197E+006
    172700   0.3053632832E+005   0.1362564428E+006
    172800   0.3054397417E+005   0.1362330441E+006
    172900   0.3055316929E+005   0.1362134266E+006
    173000   0.3056101452E+005   0.1361934831E+006
    173100   0.3057235027E+005   0.1361496442E+006
    173200   0.3058082016E+005   0.1361185062E+006
    173300   0.3059243301E+005   0.1360974153E+006
    173400   0.3060392420E+005   0.1360756618E+006
    173500   0.3061237505E+005   0.1360458831E+006
    173600   0.3062000777E+005   0.1360268383E+006
    173700   0.3062923677E+005   0.1360152521E+006
    173800   0.3063630447E+005   0.1359965808E+006
    173900   0.3064544971E+005   0.1359749734E+006
    174000   0.3065368718E+005   0.1359609983E+006
    174100   0.3066240189E+005   0.1359315256E+006
    174200   0.3067100485E+005   0.1359041244E+006
    174300   0.3067821083E+005   0.1358889825E+006
    174400   0.3068562308E+005   0.1358663506E+006
    174500   0.3069126225E+005   0.1358526621E+006
    174600   0.3069927731E+005   0.1358339637E+006
    174700   0.3070633866E+005   0.1358300570E+006
    174800   0.3071260078E+005   0.1358262793E+006
    174900   0.3072025152E+005   0.1358146136E+006
    175000   0.3072787107E+005   0.1357908782E+006
    175100   0.3073766301E+005   0.1357718897E+006
    175200   0.3074427415E+005   0.1357586805E+006
    175300   0.3075201081E+005   0.1357464800E+006
    175400   0.3076008538E+005   0.1357403629E+006
    175500   0.3076609310E+005   0.1357373847E+006
    175600   0.3077378806E+005   0.1357276683E+006
    175700   0.3077957475E+005   0.1357108396E+006
    175800   0.3078566203E+005   0.1356880722E+006
    175900   0.3079257599E+005   0.1356692473E+006
    176000   0.3080009666E+005   0.1356605385E+006
    176100   0.3080768145E+005   0.1356451094E+006
    176200   0.3081389243E+005   0.1356275256E+006
    176300   0.3082147526E+005   0.1356106452E+006
    176400   0.3082937071E+005   0.1356001640E+006
    176500   0.3083589406E+005   0.1355943846E+006
    176600   0.3084423584E+005   0.1355803069E+006
    176700   0.3085374664E+005   0.1355722028E+006
    176800   0.3086233539E+005   0.1355732052E+006
    176900   0.3087237218E+005   0.1355634075E+006
    177000   0.3088193650E+005   0.1355610835E+006
    177100   0.3089099882E+005   0.1355473051E+006
    177200   0.3089800707E+005   0.1355483013E+006
    177300   0.3090583253E+005   0.1355351660E+006
    177400   0.3091521282E+005   0.1355273195E+006
    177500   0.3092302120E+005   0.1355265599E+006
    177600   0.3093270815E+005   0.1355177776E+006
    177700   0.3094014019E+005   0.1355122454E+006
    177800   0.3094733482E+005   0.1354994777E+006
    177900   0.3095663157E+005   0.1354828077E+006
    178000   0.3096532426E+005   0.1354685876E+006
    178100   0.3097391496E+005   0.1354465110E+006
    178200   0.3098243963E+005   0.1354201407E+006
    178300   0.3098863574E+005   0.1354059752E+006
    178400   0.3099655651E+005   0.1353937578E+006
    178500   0.3100414895E+005   0.1353814907E+006
    178600   0.3101090233E+005   0.1353666520E+006
    178700   0.3101740081E+005   0.1353538406E+006
    178800   0.3102437643E+005   0.1353392767E+006
    178900   0.3103160170E+005   0.1353256960E+006
    179000   0.3103842881E+005   0.1353194063E+006
    179100   0.3104542967E+005   0.1353030374E+006
    179200   0.3105437678E+005   0.1352846482E+006
    179300   0.3106162104E+005   0.1352697624E+006
    179400   0.3106791838E+005   0.1352603617E+006
    179500   0.3107312768E+005   0.1352548210E+006
    179600   0.3107832971E+005   0.1352482353E+006
    179700   0.3108341670E+005   0.1352357935E+006
    179800   0.3108771022E+005   0.1352276576E+006
    179900   0.3109117157E+005   0.1352269390E+006
    180000   0.3109488332E+005   0.1352283442E+006
    180100   0.3109996444E+005   0.1352277270E+006
    180200   0.3110396691E+005   0.1352205870E+006
    180300   0.3110836637E+005   0.1352242788E+006
    180400   0.3111242623E+005   0.1352116270E+006
    180500   0.3111583167E+005   0.1352061961E+006
    180600   0.3112095356E+005   0.1352056744E+006
    180700   0.3112563906E+005   0.1352066836E+006
    180800   0.3113080005E+005   0.1351917590E+006
    180900   0.3113586377E+005   0.1351811811E+006
    181000   0.3114114105E+005   0.1351732235E+006
    181100   0.3114667478E+005   0.1351684953E+006
    181200   0.3115171353E+005   0.1351587263E+006
    181300   0.3115693440E+005   0.1351489081E+006
    181400   0.3116130755E+005   0.1351404267E+006
    181500   0.3116704039E+005   0.1351211000E+006
    181600   0.3117199572E+005   0.1351114202E+006
    181700   0.3117579712E+005   0.1351045528E+006
    181800   0.3118095927E+005   0.1351072270E+006
    181900   0.3118550031E+005   0.1351041900E+006
    182000   0.3118943887E+005   0.1351011498E+006
    182100   0.3119381066E+005   0.1350929968E+006
    182200   0.3119712664E+005   0.1350788059E+006
    182300   0.3120200827E+005   0.1350760271E+006
    182400   0.3120654611E+005   0.1350813806E+006
    182500   0.3121140688E+005   0.1350862845E+006
    182600   0.3121693251E+005   0.1350812515E+006
    182700   0.3122224916E+005   0.1350705641E+006
    182800   0.3122721846E+005   0.1350719489E+006
    182900   0.3123298867E+005   0.1350734037E+006
    183000   0.3123921247E+005   0.1350672410E+006
    183100   0.3124388533E+005   0.1350664924E+006
    183200   0.3124924763E+005   0.1350597182E+006
    183300   0.3125440247E+005   0.1350550046E+006
    183400   0.3126094824E+005   0.1350448001E+006
    183500   0.3126749475E+005   0.1350311456E+006
    183600   0.3127446128E+005   0.1350200294E+006
    183700   0.3127979474E+005   0.1350031877E+006
    183800   0.3128753184E+005   0.1349828541E+006
    183900   0.3129478760E+005   0.1349671558E+006
    184000   0.3130226603E+005   0.1349576093E+006
    184100   0.3130947927E+005   0.1349526464E+006
    184200   0.3131572246E+005   0.1349450030E+006
    184300   0.3132255037E+005   0.1349296851E+006
    184400   0.3132990951E+005   0.1349125660E+006
    184500   0.3133735673E+005   0.1348968209E+006
    184600   0.3134325342E+005   0.1348920330E+006
    184700   0.3134947250E+005   0.1348891597E+006
    184800   0.3135497439E+005   0.1348949768E+006
    184900   0.3136266194E+005   0.1348850581E+006
    185000   0.3137025700E+005   0.1348684819E+006
    185100   0.3137628382E+005   0.1348557129E+006
    185200   0.3138161996E+005   0.1348403737E+006
    185300   0.3138745815E+005   0.1348268546E+006
    185400   0.3139412103E+005   0.1348096229E+006
    185500   0.3140061107E+005   0.1347947416E+006
    185600   0.3140614037E+005   0.1347865937E+006
    185700   0.3141108131E+005   0.1347727232E+006
    185800   0.3141770711E+005   0.1347542864E+006
    185900   0.3142258112E+005   0.1347415767E+006
    186000   0.3142741843E+005   0.1347348487E+006
    186100   0.3143256470E+005   0.1347384706E+006
    186200   0.3143981100E+005   0.1347374959E+006
    186300   0.3144452885E+005   0.1347304267E+006
    186400   0.3144983538E+005   0.1347234969E+006
    186500   0.3145483760E+005   0.1347234435E+006
    186600   0.3145888419E+005   0.1347178099E+006
    186700   0.3146396142E+005   0.1346979345E+006
    186800   0.3146765662E+005   0.1346853761E+006
    186900   0.3147291708E+005   0.1346743118E+006
    187000   0.3147726953E+005   0.1346693489E+006
    187100   0.3148243556E+005   0.1346470164E+006
    187200   0.3148704310E+005   0.1346161752E+006
    187300   0.3149019157E+005   0.1345990080E+006
    187400   0.3149405772E+005   0.1345921807E+006
    187500   0.3149849311E+005   0.1345905351E+006
    187600   0.3150371747E+005   0.1345804275E+006
    187700   0.3151014223E+005   0.1345755459E+006
    187800   0.3151488570E+005   0.1345658927E+006
    187900   0.3151826452E+005   0.1345552835E+006
    188000   0.3152148767E+005   0.1345426434E+006
    188100   0.3152528195E+005   0.1345305169E+006
    188200   0.3153021954E+005   0.1345209960E+006
    188300   0.3153499488E+005   0.1345082053E+006
    188400   0.3154068600E+005   0.1344997334E+006
    188500   0.3154509843E+005   0.1344951634E+006
    188600   0.3154998836E+005   0.1344930499E+006
    188700   0.3155375402E+005   0.1344834576E+006
    188800   0.3155751849E+005   0.1344777783E+006
    188900   0.3156215090E+005   0.1344726824E+006
    189000   0.3156718752E+005   0.1344665460E+006
    189100   0.3157230477E+005   0.1344600279E+006
    189200   0.3157858270E+005   0.1344415540E+006
    189300   0.3158355242E+005   0.1344281728E+006
    189400   0.3158936798E+005   0.1344191121E+006
    189500   0.3159321450E+005   0.1344143223E+006
    189600   0.3159797901E+005   0.1343977809E+006
    189700   0.3160244062E+005   0.1343792865E+006
    189800   0.3160581967E+005   0.1343692665E+006
    189900   0.3161015557E+005   0.1343805557E+006
    190000   0.3161282667E+005   0.1343849403E+006
    190100   0.3161609304E+005   0.1343855940E+006
    190200   0.3162120739E+005   0.1343882072E+006
    190300   0.3162500409E+005   0.1343878360E+006
    190400   0.3162764690E+005   0.1343963829E+006
    190500   0.3163075588E+005   0.1343917875E+006
    190600   0.3163364866E+005   0.1343877378E+006
    190700   0.3163535766E+005   0.1343826111E+006
    190800   0.3163668965E+005   0.1343890994E+006
    190900   0.3163811449E+005   0.1343969702E+006
    191000   0.3164043902E+005   0.1344025789E+006
    191100   0.3164256862E+005   0.1343991053E+006
    191200   0.3164525502E+005   0.1343911291E+006
    191300   0.3164774607E+005   0.1343839994E+006
    191400   0.3164929041E+005   0.1343735518E+006
    191500   0.3165026634E+005   0.1343719516E+006
    191600   0.3165105760E+005   0.1343738382E+006
    191700   0.3165260986E+005   0.1343776888E+006
    191800   0.3165408880E+005   0.1343829087E+006
    191900   0.3165523200E+005   0.1343686653E+006
    192000   0.3165589502E+005   0.1343533509E+006
    192100   0.3165643531E+005   0.1343364747E+006
    192200   0.3165679309E+005   0.1343290940E+006
    192300   0.3165755421E+005   0.1343223544E+006
    192400   0.3165836050E+005   0.1343224867E+006
    192500   0.3165890133E+005   0.1343331128E+006
    192600   0.3165959202E+005   0.1343382932E+006
    192700   0.3166034503E+005   0.1343315805E+006
    192800   0.3166081299E+005   0.1343132954E+006
    192900   0.3166112830E+005   0.1342944025E+006
    193000   0.3166264804E+005   0.1342716118E+006
    193100   0.3166408323E+005   0.1342604399E+006
    193200   0.3166687111E+005   0.1342510810E+006
    193300   0.3166783311E+005   0.1342402975E+006
    193400   0.3166891598E+005   0.1342335942E+006
    193500   0.3166875895E+005   0.1342322332E+006
    193600   0.3166796210E+005   0.1342280886E+006
    193700   0.3166764186E+005   0.1342298987E+006
    193800   0.3166725819E+005   0.1342338505E+006
    193900   0.3166676949E+005   0.1342401814E+006
    194000   0.3166580027E+005   0.1342372209E+006
    194100   0.3166512275E+005   0.1342331213E+006
    194200   0.3166444845E+005   0.1342363361E+006
    194300   0.3166378927E+005   0.1342466677E+006
    194400   0.3166272658E+005   0.1342509855E+006
    194500   0.3166231494E+005   0.1342370503E+006
    194600   0.3166124686E+005   0.1342278415E+006
    194700   0.3166058361E+005   0.1342220851E+006
    194800   0.3165985639E+005   0.1342187668E+006
    194900   0.3165915031E+005   0.1342236867E+006
    195000   0.3165811423E+005   0.1342230141E+006
    195100   0.3165717359E+005   0.1342193480E+006
    195200   0.3165599848E+005   0.1342184308E+006
    195300   0.3165469240E+005   0.1342204307E+006
    195400   0.3165331612E+005   0.1342165048E+006
    195500   0.3165247686E+005   0.1342239858E+006
    195600   0.3165036559E+005   0.1342351878E+006
    195700   0.3164926351E+005   0.1342400923E+006
    195800   0.3164799248E+005   0.1342455649E+006
    195900   0.3164647951E+005   0.1342506257E+006
    196000   0.3164403773E+005   0.1342545616E+006
    196100   0.3164033462E+005   0.1342653281E+006
    196200   0.3163714642E+005   0.1342744781E+006
    196300   0.3163378418E+005   0.1342777583E+006
    196400   0.3163069715E+005   0.1342733440E+006
    196500   0.3162915414E+005   0.1342708621E+006
    196600   0.3162679350E+005   0.1342761952E+006
    196700   0.3162344552E+005   0.1342747406E+006
    196800   0.3162062307E+005   0.1342816286E+006
    196900   0.3161812427E+005   0.1342803814E+006
    197000   0.3161603234E+005   0.1342857137E+006
    197100   0.3161342741E+005   0.1342903397E+006
    197200   0.3161102378E+005   0.1342909504E+006
    197300   0.3160794637E+005   0.1342968321E+006
    197400   0.3160518644E+005   0.1342902140E+006
    197500   0.3160371692E+005   0.1342883164E+006
    197600   0.3160354910E+005   0.1342952585E+006
    197700   0.3160405361E+005   0.1343012623E+006
    197800   0.3160457440E+005   0.1343029843E+006
    197900   0.3160463734E+005   0.1343112356E+006
    198000   0.3160513091E+005   0.1343194678E+006
    198100   0.3160634458E+005   0.1343374018E+006
    198200   0.3160776715E+005   0.1343313115E+006
    198300   0.3160857754E+005   0.1343190919E+006
    198400   0.3160901098E+005   0.1343052401E+006
    198500   0.3160962644E+005   0.1343007582E+006
    198600   0.3161106667E+005   0.1343043555E+006
    198700   0.3161297252E+005   0.1343040375E+006
    198800   0.3161370533E+005   0.1343071950E+006
    198900   0.3161422091E+005   0.1343038410E+006
    199000   0.3161523109E+005   0.1343044972E+006
    199100   0.3161672183E+005   0.1343020425E+006
    199200   0.3161815505E+005   0.1343022828E+006
    199300   0.3161901907E+005   0.1343043704E+006
    199400   0.3161971882E+005   0.1342963042E+006
    199500   0.3162070893E+005   0.1342859895E+006
    199600   0.3162055548E+005   0.1342803342E+006
    199700   0.3162036638E+005   0.1342803132E+006
    199800   0.3162009381E+005   0.1342746902E+006
    199900   0.3161890394E+005   0.1342671832E+006
    200000   0.3161780866E+005   0.1342799028E+006
