# Evolution of the weightfunction during equilibration phase for fractional: Ar
# Weightfunction after cycle         82
 0.0000000    0.2600000000E+001    0.2500000000E+001
 0.0101010    0.2300000000E+001    0.1900000000E+001
 0.0202020    0.1000000000E+001    0.2000000000E+000
 0.0303030    0.2300000000E+001    0.1100000000E+001
 0.0404040    0.2400000000E+001    0.1600000000E+001
 0.0505051    0.2000000000E+001    0.1500000000E+001
 0.0606061    0.2100000000E+001    0.1300000000E+001
 0.0707071    0.1800000000E+001    0.4000000000E+000
 0.0808081    0.2700000000E+001    0.1100000000E+001
 0.0909091    0.2800000000E+001    0.2100000000E+001
 0.1010101    0.2200000000E+001    0.2000000000E+000
 0.1111111    0.2400000000E+001    0.1000000000E+001
 0.1212121    0.3300000000E+001    0.1400000000E+001
 0.1313131    0.3000000000E+001    0.2100000000E+001
 0.1414141    0.3000000000E+001    0.1400000000E+001
 0.1515152    0.2300000000E+001    0.1000000000E+001
 0.1616162    0.2500000000E+001    0.1300000000E+001
 0.1717172    0.2600000000E+001    0.1400000000E+001
 0.1818182    0.2700000000E+001    0.9000000000E+000
 0.1919192    0.1900000000E+001    0.1600000000E+001
 0.2020202    0.3300000000E+001    0.1100000000E+001
 0.2121212    0.2600000000E+001    0.1100000000E+001
 0.2222222    0.2800000000E+001    0.1400000000E+001
 0.2323232    0.1900000000E+001    0.9000000000E+000
 0.2424242    0.2200000000E+001    0.5000000000E+000
 0.2525253    0.2700000000E+001    0.1000000000E+001
 0.2626263    0.2000000000E+001    0.8000000000E+000
 0.2727273    0.1600000000E+001    0.8000000000E+000
 0.2828283    0.3100000000E+001    0.5000000000E+000
 0.2929293    0.2900000000E+001    0.1500000000E+001
 0.3030303    0.3200000000E+001    0.1400000000E+001
 0.3131313    0.2100000000E+001    0.6000000000E+000
 0.3232323    0.3400000000E+001    0.0000000000E+000
 0.3333333    0.1700000000E+001    0.9000000000E+000
 0.3434343    0.2100000000E+001    0.1400000000E+001
 0.3535354    0.2200000000E+001    0.1100000000E+001
 0.3636364    0.3000000000E+001    0.1600000000E+001
 0.3737374    0.2500000000E+001    0.1000000000E+001
 0.3838384    0.1400000000E+001    0.1200000000E+001
 0.3939394    0.2800000000E+001    0.1000000000E+001
 0.4040404    0.3000000000E+001    0.4000000000E+000
 0.4141414    0.2100000000E+001    0.7000000000E+000
 0.4242424    0.2100000000E+001    0.6000000000E+000
 0.4343434    0.1900000000E+001    0.6000000000E+000
 0.4444444    0.1300000000E+001    0.1000000000E+001
 0.4545455    0.2100000000E+001    0.1000000000E+001
 0.4646465    0.1800000000E+001    0.3000000000E+000
 0.4747475    0.1800000000E+001    0.7000000000E+000
 0.4848485    0.3000000000E+001    0.1000000000E+000
 0.4949495    0.1900000000E+001    0.7000000000E+000
 0.5050505    0.1800000000E+001    0.1100000000E+001
 0.5151515    0.1400000000E+001    0.5000000000E+000
 0.5252525    0.2000000000E+001    0.5000000000E+000
 0.5353535    0.1200000000E+001    0.0000000000E+000
 0.5454545    0.1700000000E+001    0.6000000000E+000
 0.5555556    0.1000000000E+001    0.5000000000E+000
 0.5656566    0.1600000000E+001    0.6000000000E+000
 0.5757576    0.8000000000E+000    0.8000000000E+000
 0.5858586    0.1800000000E+001    0.1000000000E+000
 0.5959596    0.8000000000E+000    0.7000000000E+000
 0.6060606    0.2100000000E+001    0.0000000000E+000
 0.6161616    0.1200000000E+001    0.1000000000E+001
 0.6262626    0.1800000000E+001    0.9000000000E+000
 0.6363636    0.1200000000E+001    0.1200000000E+001
 0.6464646    0.1700000000E+001    0.7000000000E+000
 0.6565657    0.2000000000E+001    0.1000000000E+001
 0.6666667    0.1300000000E+001    0.1400000000E+001
 0.6767677    0.1200000000E+001    0.9000000000E+000
 0.6868687    0.2200000000E+001    0.8000000000E+000
 0.6969697    0.1200000000E+001    0.1000000000E+000
 0.7070707    0.1800000000E+001    0.1200000000E+001
 0.7171717    0.3000000000E+001    0.2000000000E+001
 0.7272727    0.1400000000E+001    0.8000000000E+000
 0.7373737    0.1600000000E+001    0.7000000000E+000
 0.7474747    0.1100000000E+001    0.3000000000E+000
 0.7575758    0.1600000000E+001    0.8000000000E+000
 0.7676768    0.2100000000E+001    0.1000000000E+001
 0.7777778    0.1800000000E+001    0.1100000000E+001
 0.7878788    0.1800000000E+001    0.1600000000E+001
 0.7979798    0.2400000000E+001    0.1200000000E+001
 0.8080808    0.1400000000E+001    0.7000000000E+000
 0.8181818    0.1900000000E+001    0.1300000000E+001
 0.8282828    0.2700000000E+001    0.1500000000E+001
 0.8383838    0.1800000000E+001    0.9000000000E+000
 0.8484848    0.1800000000E+001    0.9000000000E+000
 0.8585859    0.1700000000E+001    0.1100000000E+001
 0.8686869    0.2300000000E+001    0.1000000000E+001
 0.8787879    0.2600000000E+001    0.1300000000E+001
 0.8888889    0.1600000000E+001    0.8000000000E+000
 0.8989899    0.1900000000E+001    0.1100000000E+001
 0.9090909    0.2600000000E+001    0.2100000000E+001
 0.9191919    0.1100000000E+001    0.7000000000E+000
 0.9292929    0.1500000000E+001    0.8000000000E+000
 0.9393939    0.1600000000E+001    0.1200000000E+001
 0.9494949    0.2200000000E+001    0.1700000000E+001
 0.9595960    0.1600000000E+001    0.1300000000E+001
 0.9696970    0.1100000000E+001    0.5000000000E+000
 0.9797980    0.8000000000E+000    0.3000000000E+000
 0.9898990    0.1500000000E+001    0.6000000000E+000
 1.0000000    0.1100000000E+001    0.4000000000E+000


# Weightfunction after cycle        363
 0.0000000    0.1775000000E+001    0.1075000000E+001
 0.0101010    0.1575000000E+001    0.8000000000E+000
 0.0202020    0.1725000000E+001    0.6250000000E+000
 0.0303030    0.1350000000E+001    0.6250000000E+000
 0.0404040    0.1575000000E+001    0.9500000000E+000
 0.0505051    0.1775000000E+001    0.9500000000E+000
 0.0606061    0.1700000000E+001    0.9500000000E+000
 0.0707071    0.1800000000E+001    0.6000000000E+000
 0.0808081    0.2575000000E+001    0.1100000000E+001
 0.0909091    0.2125000000E+001    0.1325000000E+001
 0.1010101    0.2150000000E+001    0.1025000000E+001
 0.1111111    0.1825000000E+001    0.8250000000E+000
 0.1212121    0.1950000000E+001    0.9500000000E+000
 0.1313131    0.2150000000E+001    0.1075000000E+001
 0.1414141    0.2350000000E+001    0.1200000000E+001
 0.1515152    0.2000000000E+001    0.1050000000E+001
 0.1616162    0.2100000000E+001    0.9750000000E+000
 0.1717172    0.2200000000E+001    0.8500000000E+000
 0.1818182    0.2125000000E+001    0.8250000000E+000
 0.1919192    0.1975000000E+001    0.4750000000E+000
 0.2020202    0.2550000000E+001    0.9500000000E+000
 0.2121212    0.2300000000E+001    0.7500000000E+000
 0.2222222    0.1750000000E+001    0.6250000000E+000
 0.2323232    0.2750000000E+001    0.1125000000E+001
 0.2424242    0.2100000000E+001    0.8500000000E+000
 0.2525253    0.2325000000E+001    0.7250000000E+000
 0.2626263    0.2125000000E+001    0.1325000000E+001
 0.2727273    0.1925000000E+001    0.9750000000E+000
 0.2828283    0.2000000000E+001    0.6500000000E+000
 0.2929293    0.1825000000E+001    0.7000000000E+000
 0.3030303    0.1775000000E+001    0.9000000000E+000
 0.3131313    0.2175000000E+001    0.8000000000E+000
 0.3232323    0.1650000000E+001    0.5000000000E+000
 0.3333333    0.1975000000E+001    0.7750000000E+000
 0.3434343    0.1925000000E+001    0.6000000000E+000
 0.3535354    0.2375000000E+001    0.3500000000E+000
 0.3636364    0.1500000000E+001    0.5500000000E+000
 0.3737374    0.1750000000E+001    0.3500000000E+000
 0.3838384    0.2225000000E+001    0.7250000000E+000
 0.3939394    0.1925000000E+001    0.6000000000E+000
 0.4040404    0.2025000000E+001    0.7250000000E+000
 0.4141414    0.1575000000E+001    0.6250000000E+000
 0.4242424    0.1650000000E+001    0.8000000000E+000
 0.4343434    0.1375000000E+001    0.4500000000E+000
 0.4444444    0.1675000000E+001    0.8750000000E+000
 0.4545455    0.1200000000E+001    0.7000000000E+000
 0.4646465    0.1450000000E+001    0.3000000000E+000
 0.4747475    0.1725000000E+001    0.2250000000E+000
 0.4848485    0.1225000000E+001    0.1025000000E+001
 0.4949495    0.1425000000E+001    0.6000000000E+000
 0.5050505    0.1300000000E+001    0.4250000000E+000
 0.5151515    0.1500000000E+001    0.4500000000E+000
 0.5252525    0.1325000000E+001    0.6000000000E+000
 0.5353535    0.1525000000E+001    0.1050000000E+001
 0.5454545    0.1025000000E+001    0.1750000000E+000
 0.5555556    0.1275000000E+001    0.6000000000E+000
 0.5656566    0.1575000000E+001    0.7500000000E+000
 0.5757576    0.1075000000E+001    0.2750000000E+000
 0.5858586    0.1525000000E+001    0.1250000000E+000
 0.5959596    0.1150000000E+001    0.7500000000E+000
 0.6060606    0.1075000000E+001    0.5000000000E+000
 0.6161616    0.1350000000E+001    0.6750000000E+000
 0.6262626    0.1325000000E+001    0.3750000000E+000
 0.6363636    0.1350000000E+001    0.6000000000E+000
 0.6464646    0.1300000000E+001    0.9000000000E+000
 0.6565657    0.8500000000E+000    0.3000000000E+000
 0.6666667    0.6500000000E+000    0.0000000000E+000
 0.6767677    0.1450000000E+001    0.1750000000E+000
 0.6868687    0.1450000000E+001    0.4500000000E+000
 0.6969697    0.1200000000E+001    0.7500000000E+000
 0.7070707    0.1125000000E+001    0.5000000000E+000
 0.7171717    0.1125000000E+001    0.4750000000E+000
 0.7272727    0.1250000000E+001    0.5750000000E+000
 0.7373737    0.1500000000E+001    0.6750000000E+000
 0.7474747    0.1175000000E+001    0.5750000000E+000
 0.7575758    0.1200000000E+001    0.6250000000E+000
 0.7676768    0.1250000000E+001    0.4750000000E+000
 0.7777778    0.1400000000E+001    0.7250000000E+000
 0.7878788    0.1125000000E+001    0.4000000000E+000
 0.7979798    0.1325000000E+001    0.7500000000E+000
 0.8080808    0.1175000000E+001    0.5750000000E+000
 0.8181818    0.1125000000E+001    0.5000000000E+000
 0.8282828    0.8250000000E+000    0.4500000000E+000
 0.8383838    0.1225000000E+001    0.6500000000E+000
 0.8484848    0.1000000000E+001    0.5500000000E+000
 0.8585859    0.1400000000E+001    0.7750000000E+000
 0.8686869    0.1125000000E+001    0.3750000000E+000
 0.8787879    0.1200000000E+001    0.8500000000E+000
 0.8888889    0.1150000000E+001    0.4750000000E+000
 0.8989899    0.1475000000E+001    0.8500000000E+000
 0.9090909    0.1375000000E+001    0.8250000000E+000
 0.9191919    0.1175000000E+001    0.9750000000E+000
 0.9292929    0.1000000000E+001    0.2500000000E+000
 0.9393939    0.1625000000E+001    0.9750000000E+000
 0.9494949    0.1200000000E+001    0.5500000000E+000
 0.9595960    0.9250000000E+000    0.4500000000E+000
 0.9696970    0.1050000000E+001    0.4250000000E+000
 0.9797980    0.1025000000E+001    0.6500000000E+000
 0.9898990    0.1375000000E+001    0.8250000000E+000
 1.0000000    0.1350000000E+001    0.6750000000E+000


# Weightfunction after cycle        859
 0.0000000    0.1418750000E+001    0.7437500000E+000
 0.0101010    0.1350000000E+001    0.7187500000E+000
 0.0202020    0.1293750000E+001    0.6312500000E+000
 0.0303030    0.1443750000E+001    0.6250000000E+000
 0.0404040    0.1306250000E+001    0.5750000000E+000
 0.0505051    0.1387500000E+001    0.7062500000E+000
 0.0606061    0.1506250000E+001    0.6812500000E+000
 0.0707071    0.1500000000E+001    0.7187500000E+000
 0.0808081    0.1493750000E+001    0.6937500000E+000
 0.0909091    0.1356250000E+001    0.5937500000E+000
 0.1010101    0.1550000000E+001    0.5625000000E+000
 0.1111111    0.1806250000E+001    0.6375000000E+000
 0.1212121    0.1706250000E+001    0.5812500000E+000
 0.1313131    0.1718750000E+001    0.6812500000E+000
 0.1414141    0.1862500000E+001    0.6562500000E+000
 0.1515152    0.1937500000E+001    0.6312500000E+000
 0.1616162    0.1881250000E+001    0.7250000000E+000
 0.1717172    0.1825000000E+001    0.7875000000E+000
 0.1818182    0.2006250000E+001    0.6375000000E+000
 0.1919192    0.1912500000E+001    0.5375000000E+000
 0.2020202    0.2025000000E+001    0.6250000000E+000
 0.2121212    0.2112500000E+001    0.6000000000E+000
 0.2222222    0.1950000000E+001    0.6812500000E+000
 0.2323232    0.1956250000E+001    0.6687500000E+000
 0.2424242    0.2012500000E+001    0.5812500000E+000
 0.2525253    0.2000000000E+001    0.6750000000E+000
 0.2626263    0.1631250000E+001    0.5875000000E+000
 0.2727273    0.1737500000E+001    0.4187500000E+000
 0.2828283    0.1900000000E+001    0.5375000000E+000
 0.2929293    0.1837500000E+001    0.5437500000E+000
 0.3030303    0.1718750000E+001    0.4000000000E+000
 0.3131313    0.1693750000E+001    0.6375000000E+000
 0.3232323    0.1825000000E+001    0.3687500000E+000
 0.3333333    0.1868750000E+001    0.4000000000E+000
 0.3434343    0.1637500000E+001    0.5375000000E+000
 0.3535354    0.1768750000E+001    0.4000000000E+000
 0.3636364    0.1531250000E+001    0.4062500000E+000
 0.3737374    0.1381250000E+001    0.4875000000E+000
 0.3838384    0.1418750000E+001    0.1000000000E+000
 0.3939394    0.1462500000E+001    0.3812500000E+000
 0.4040404    0.1500000000E+001    0.3312500000E+000
 0.4141414    0.1343750000E+001    0.4250000000E+000
 0.4242424    0.1431250000E+001    0.3062500000E+000
 0.4343434    0.1175000000E+001    0.4000000000E+000
 0.4444444    0.1206250000E+001    0.3562500000E+000
 0.4545455    0.1206250000E+001    0.3000000000E+000
 0.4646465    0.1143750000E+001    0.2000000000E+000
 0.4747475    0.8875000000E+000    0.3937500000E+000
 0.4848485    0.8062500000E+000    0.0000000000E+000
 0.4949495    0.9250000000E+000    0.2687500000E+000
 0.5050505    0.8375000000E+000    0.2375000000E+000
 0.5151515    0.8187500000E+000    0.2187500000E+000
 0.5252525    0.1106250000E+001    0.8125000000E-001
 0.5353535    0.1100000000E+001    0.3875000000E+000
 0.5454545    0.1062500000E+001    0.4125000000E+000
 0.5555556    0.9250000000E+000    0.2687500000E+000
 0.5656566    0.8625000000E+000    0.2437500000E+000
 0.5757576    0.1081250000E+001    0.1625000000E+000
 0.5858586    0.1025000000E+001    0.2125000000E+000
 0.5959596    0.8812500000E+000    0.1125000000E+000
 0.6060606    0.8687500000E+000    0.2375000000E+000
 0.6161616    0.1081250000E+001    0.2125000000E+000
 0.6262626    0.1018750000E+001    0.2687500000E+000
 0.6363636    0.7312500000E+000    0.8750000000E-001
 0.6464646    0.9250000000E+000    0.4375000000E+000
 0.6565657    0.8437500000E+000    0.3062500000E+000
 0.6666667    0.8812500000E+000    0.1812500000E+000
 0.6767677    0.1000000000E+001    0.2875000000E+000
 0.6868687    0.1037500000E+001    0.1562500000E+000
 0.6969697    0.9812500000E+000    0.2687500000E+000
 0.7070707    0.7812500000E+000    0.1687500000E+000
 0.7171717    0.8812500000E+000    0.2125000000E+000
 0.7272727    0.1031250000E+001    0.2750000000E+000
 0.7373737    0.9500000000E+000    0.3187500000E+000
 0.7474747    0.8375000000E+000    0.1812500000E+000
 0.7575758    0.1131250000E+001    0.4250000000E+000
 0.7676768    0.1025000000E+001    0.3625000000E+000
 0.7777778    0.1037500000E+001    0.3437500000E+000
 0.7878788    0.1031250000E+001    0.2812500000E+000
 0.7979798    0.8937500000E+000    0.3250000000E+000
 0.8080808    0.9750000000E+000    0.2875000000E+000
 0.8181818    0.1006250000E+001    0.2250000000E+000
 0.8282828    0.9875000000E+000    0.2312500000E+000
 0.8383838    0.8125000000E+000    0.5000000000E-001
 0.8484848    0.1018750000E+001    0.2875000000E+000
 0.8585859    0.1018750000E+001    0.2937500000E+000
 0.8686869    0.8812500000E+000    0.2187500000E+000
 0.8787879    0.1206250000E+001    0.5125000000E+000
 0.8888889    0.9687500000E+000    0.2250000000E+000
 0.8989899    0.1000000000E+001    0.3062500000E+000
 0.9090909    0.6937500000E+000    0.6875000000E-001
 0.9191919    0.8875000000E+000    0.2625000000E+000
 0.9292929    0.8812500000E+000    0.3562500000E+000
 0.9393939    0.8625000000E+000    0.1750000000E+000
 0.9494949    0.9375000000E+000    0.2125000000E+000
 0.9595960    0.8062500000E+000    0.1750000000E+000
 0.9696970    0.1031250000E+001    0.3375000000E+000
 0.9797980    0.9812500000E+000    0.2875000000E+000
 0.9898990    0.1068750000E+001    0.3625000000E+000
 1.0000000    0.9750000000E+000    0.2000000000E+000


# Weightfunction after cycle       1848
 0.0000000    0.1178125000E+001    0.4593750000E+000
 0.0101010    0.1212500000E+001    0.4734375000E+000
 0.0202020    0.1118750000E+001    0.4046875000E+000
 0.0303030    0.1262500000E+001    0.5359375000E+000
 0.0404040    0.1239062500E+001    0.4984375000E+000
 0.0505051    0.1253125000E+001    0.4250000000E+000
 0.0606061    0.1337500000E+001    0.5296875000E+000
 0.0707071    0.1284375000E+001    0.4531250000E+000
 0.0808081    0.1350000000E+001    0.4546875000E+000
 0.0909091    0.1418750000E+001    0.5078125000E+000
 0.1010101    0.1485937500E+001    0.5015625000E+000
 0.1111111    0.1573437500E+001    0.6125000000E+000
 0.1212121    0.1559375000E+001    0.4750000000E+000
 0.1313131    0.1585937500E+001    0.4578125000E+000
 0.1414141    0.1685937500E+001    0.5468750000E+000
 0.1515152    0.1728125000E+001    0.5578125000E+000
 0.1616162    0.1728125000E+001    0.5718750000E+000
 0.1717172    0.1826562500E+001    0.6062500000E+000
 0.1818182    0.1967187500E+001    0.6281250000E+000
 0.1919192    0.1603125000E+001    0.4843750000E+000
 0.2020202    0.1773437500E+001    0.5109375000E+000
 0.2121212    0.1740625000E+001    0.4296875000E+000
 0.2222222    0.1773437500E+001    0.5187500000E+000
 0.2323232    0.1723437500E+001    0.4625000000E+000
 0.2424242    0.1651562500E+001    0.4609375000E+000
 0.2525253    0.1676562500E+001    0.5531250000E+000
 0.2626263    0.1690625000E+001    0.4984375000E+000
 0.2727273    0.1612500000E+001    0.5125000000E+000
 0.2828283    0.1693750000E+001    0.4562500000E+000
 0.2929293    0.1665625000E+001    0.4000000000E+000
 0.3030303    0.1462500000E+001    0.4171875000E+000
 0.3131313    0.1525000000E+001    0.4546875000E+000
 0.3232323    0.1403125000E+001    0.5515625000E+000
 0.3333333    0.1432812500E+001    0.4328125000E+000
 0.3434343    0.1496875000E+001    0.4875000000E+000
 0.3535354    0.1381250000E+001    0.3984375000E+000
 0.3636364    0.1237500000E+001    0.3921875000E+000
 0.3737374    0.1450000000E+001    0.5000000000E+000
 0.3838384    0.1293750000E+001    0.3203125000E+000
 0.3939394    0.1271875000E+001    0.3515625000E+000
 0.4040404    0.1234375000E+001    0.3203125000E+000
 0.4141414    0.1109375000E+001    0.3234375000E+000
 0.4242424    0.1153125000E+001    0.2609375000E+000
 0.4343434    0.1112500000E+001    0.2656250000E+000
 0.4444444    0.9796875000E+000    0.1671875000E+000
 0.4545455    0.9421875000E+000    0.1000000000E+000
 0.4646465    0.9296875000E+000    0.1156250000E+000
 0.4747475    0.9171875000E+000    0.1703125000E+000
 0.4848485    0.8593750000E+000    0.1171875000E+000
 0.4949495    0.9046875000E+000    0.1500000000E+000
 0.5050505    0.8312500000E+000    0.5781250000E-001
 0.5151515    0.7593750000E+000    0.9843750000E-001
 0.5252525    0.8171875000E+000    0.2218750000E+000
 0.5353535    0.8859375000E+000    0.5468750000E-001
 0.5454545    0.7203125000E+000    0.1281250000E+000
 0.5555556    0.8000000000E+000    0.5156250000E-001
 0.5656566    0.8250000000E+000    0.3125000000E-001
 0.5757576    0.8078125000E+000    0.1609375000E+000
 0.5858586    0.7828125000E+000    0.1640625000E+000
 0.5959596    0.8031250000E+000    0.5156250000E-001
 0.6060606    0.7703125000E+000    0.1281250000E+000
 0.6161616    0.8718750000E+000    0.1812500000E+000
 0.6262626    0.9375000000E+000    0.8125000000E-001
 0.6363636    0.7875000000E+000    0.5156250000E-001
 0.6464646    0.7390625000E+000    0.5937500000E-001
 0.6565657    0.8250000000E+000    0.1406250000E+000
 0.6666667    0.8562500000E+000    0.0000000000E+000
 0.6767677    0.8390625000E+000    0.7500000000E-001
 0.6868687    0.7796875000E+000    0.7812500000E-002
 0.6969697    0.8234375000E+000    0.1609375000E+000
 0.7070707    0.8453125000E+000    0.1343750000E+000
 0.7171717    0.8046875000E+000    0.8281250000E-001
 0.7272727    0.7875000000E+000    0.4218750000E-001
 0.7373737    0.8406250000E+000    0.1000000000E+000
 0.7474747    0.9234375000E+000    0.1890625000E+000
 0.7575758    0.8250000000E+000    0.1000000000E+000
 0.7676768    0.7968750000E+000    0.3125000000E-001
 0.7777778    0.7890625000E+000    0.7343750000E-001
 0.7878788    0.8437500000E+000    0.7187500000E-001
 0.7979798    0.8250000000E+000    0.1078125000E+000
 0.8080808    0.8796875000E+000    0.1640625000E+000
 0.8181818    0.7937500000E+000    0.5625000000E-001
 0.8282828    0.8500000000E+000    0.8906250000E-001
 0.8383838    0.8406250000E+000    0.1000000000E+000
 0.8484848    0.8171875000E+000    0.8281250000E-001
 0.8585859    0.8500000000E+000    0.1359375000E+000
 0.8686869    0.8109375000E+000    0.8125000000E-001
 0.8787879    0.8859375000E+000    0.1578125000E+000
 0.8888889    0.8484375000E+000    0.8125000000E-001
 0.8989899    0.8453125000E+000    0.1312500000E+000
 0.9090909    0.9046875000E+000    0.1765625000E+000
 0.9191919    0.8359375000E+000    0.5625000000E-001
 0.9292929    0.8250000000E+000    0.1281250000E+000
 0.9393939    0.8500000000E+000    0.1359375000E+000
 0.9494949    0.7765625000E+000    0.7031250000E-001
 0.9595960    0.8593750000E+000    0.1062500000E+000
 0.9696970    0.7562500000E+000    0.5625000000E-001
 0.9797980    0.7890625000E+000    0.2500000000E-001
 0.9898990    0.7812500000E+000    0.3906250000E-001
 1.0000000    0.8421875000E+000    0.1703125000E+000


# Weightfunction after cycle       3507
 0.0000000    0.1199218750E+001    0.4984375000E+000
 0.0101010    0.1154296875E+001    0.4773437500E+000
 0.0202020    0.1134765625E+001    0.4234375000E+000
 0.0303030    0.1210546875E+001    0.5339843750E+000
 0.0404040    0.1183984375E+001    0.4789062500E+000
 0.0505051    0.1237500000E+001    0.4679687500E+000
 0.0606061    0.1297656250E+001    0.5113281250E+000
 0.0707071    0.1268359375E+001    0.4699218750E+000
 0.0808081    0.1362109375E+001    0.4941406250E+000
 0.0909091    0.1399218750E+001    0.5195312500E+000
 0.1010101    0.1483593750E+001    0.5457031250E+000
 0.1111111    0.1504687500E+001    0.5898437500E+000
 0.1212121    0.1487890625E+001    0.4792968750E+000
 0.1313131    0.1605078125E+001    0.5464843750E+000
 0.1414141    0.1680468750E+001    0.5742187500E+000
 0.1515152    0.1707031250E+001    0.6066406250E+000
 0.1616162    0.1697265625E+001    0.6316406250E+000
 0.1717172    0.1773046875E+001    0.5820312500E+000
 0.1818182    0.1808984375E+001    0.6058593750E+000
 0.1919192    0.1666406250E+001    0.5890625000E+000
 0.2020202    0.1687109375E+001    0.5320312500E+000
 0.2121212    0.1741015625E+001    0.5382812500E+000
 0.2222222    0.1735937500E+001    0.5210937500E+000
 0.2323232    0.1739062500E+001    0.5148437500E+000
 0.2424242    0.1681640625E+001    0.5121093750E+000
 0.2525253    0.1691406250E+001    0.4835937500E+000
 0.2626263    0.1664843750E+001    0.5082031250E+000
 0.2727273    0.1629296875E+001    0.5144531250E+000
 0.2828283    0.1623046875E+001    0.4437500000E+000
 0.2929293    0.1645312500E+001    0.4355468750E+000
 0.3030303    0.1537500000E+001    0.4074218750E+000
 0.3131313    0.1502343750E+001    0.4214843750E+000
 0.3232323    0.1442968750E+001    0.4566406250E+000
 0.3333333    0.1420312500E+001    0.3699218750E+000
 0.3434343    0.1395312500E+001    0.3703125000E+000
 0.3535354    0.1347656250E+001    0.3171875000E+000
 0.3636364    0.1341406250E+001    0.3574218750E+000
 0.3737374    0.1363671875E+001    0.3320312500E+000
 0.3838384    0.1217187500E+001    0.3054687500E+000
 0.3939394    0.1248046875E+001    0.2679687500E+000
 0.4040404    0.1202734375E+001    0.2253906250E+000
 0.4141414    0.1122265625E+001    0.2097656250E+000
 0.4242424    0.1134765625E+001    0.2195312500E+000
 0.4343434    0.1040625000E+001    0.2003906250E+000
 0.4444444    0.1022265625E+001    0.1347656250E+000
 0.4545455    0.9027343750E+000    0.1070312500E+000
 0.4646465    0.9261718750E+000    0.1500000000E+000
 0.4747475    0.8601562500E+000    0.1207031250E+000
 0.4848485    0.8449218750E+000    0.8359375000E-001
 0.4949495    0.7828125000E+000    0.6953125000E-001
 0.5050505    0.7972656250E+000    0.5117187500E-001
 0.5151515    0.7910156250E+000    0.1835937500E-001
 0.5252525    0.7671875000E+000    0.8085937500E-001
 0.5353535    0.7890625000E+000    0.0000000000E+000
 0.5454545    0.7562500000E+000    0.5468750000E-001
 0.5555556    0.7921875000E+000    0.4257812500E-001
 0.5656566    0.7144531250E+000    0.2070312500E-001
 0.5757576    0.8082031250E+000    0.3242187500E-001
 0.5858586    0.7781250000E+000    0.8671875000E-001
 0.5959596    0.8089843750E+000    0.3242187500E-001
 0.6060606    0.7574218750E+000    0.8242187500E-001
 0.6161616    0.7949218750E+000    0.9140625000E-001
 0.6262626    0.7863281250E+000    0.6484375000E-001
 0.6363636    0.7210937500E+000    0.3125000000E-001
 0.6464646    0.7519531250E+000    0.4570312500E-001
 0.6565657    0.7558593750E+000    0.9804687500E-001
 0.6666667    0.7691406250E+000    0.3437500000E-001
 0.6767677    0.7472656250E+000    0.6601562500E-001
 0.6868687    0.7449218750E+000    0.2421875000E-001
 0.6969697    0.7937500000E+000    0.9921875000E-001
 0.7070707    0.7742187500E+000    0.8007812500E-001
 0.7171717    0.7484375000E+000    0.5156250000E-001
 0.7272727    0.7859375000E+000    0.8554687500E-001
 0.7373737    0.7773437500E+000    0.6835937500E-001
 0.7474747    0.7789062500E+000    0.9257812500E-001
 0.7575758    0.8011718750E+000    0.9882812500E-001
 0.7676768    0.7843750000E+000    0.7578125000E-001
 0.7777778    0.7687500000E+000    0.6835937500E-001
 0.7878788    0.7742187500E+000    0.6367187500E-001
 0.7979798    0.7652343750E+000    0.8203125000E-001
 0.8080808    0.7808593750E+000    0.7695312500E-001
 0.8181818    0.7730468750E+000    0.8476562500E-001
 0.8282828    0.7750000000E+000    0.5117187500E-001
 0.8383838    0.7933593750E+000    0.7968750000E-001
 0.8484848    0.7605468750E+000    0.5859375000E-001
 0.8585859    0.8054687500E+000    0.1078125000E+000
 0.8686869    0.7402343750E+000    0.7265625000E-001
 0.8787879    0.7667968750E+000    0.7187500000E-001
 0.8888889    0.7945312500E+000    0.9531250000E-001
 0.8989899    0.7863281250E+000    0.8945312500E-001
 0.9090909    0.8230468750E+000    0.1136718750E+000
 0.9191919    0.7656250000E+000    0.5585937500E-001
 0.9292929    0.7933593750E+000    0.9218750000E-001
 0.9393939    0.8074218750E+000    0.1054687500E+000
 0.9494949    0.7640625000E+000    0.8593750000E-001
 0.9595960    0.7957031250E+000    0.1171875000E+000
 0.9696970    0.7816406250E+000    0.1007812500E+000
 0.9797980    0.7890625000E+000    0.7656250000E-001
 0.9898990    0.7722656250E+000    0.6250000000E-001
 1.0000000    0.7582031250E+000    0.8632812500E-001


# Weightfunction after cycle       9070
 0.0000000    0.1082812500E+001    0.4426757813E+000
 0.0101010    0.1088476563E+001    0.4432617188E+000
 0.0202020    0.1105566406E+001    0.4562500000E+000
 0.0303030    0.1127441406E+001    0.4888671875E+000
 0.0404040    0.1120800781E+001    0.4487304688E+000
 0.0505051    0.1162890625E+001    0.4686523438E+000
 0.0606061    0.1206152344E+001    0.4876953125E+000
 0.0707071    0.1218652344E+001    0.4689453125E+000
 0.0808081    0.1274804688E+001    0.4869140625E+000
 0.0909091    0.1312890625E+001    0.4826171875E+000
 0.1010101    0.1392968750E+001    0.5316406250E+000
 0.1111111    0.1420703125E+001    0.5341796875E+000
 0.1212121    0.1451660156E+001    0.5135742188E+000
 0.1313131    0.1536230469E+001    0.5322265625E+000
 0.1414141    0.1578417969E+001    0.5355468750E+000
 0.1515152    0.1612011719E+001    0.5538085938E+000
 0.1616162    0.1620410156E+001    0.5414062500E+000
 0.1717172    0.1670898438E+001    0.5503906250E+000
 0.1818182    0.1708300781E+001    0.5515625000E+000
 0.1919192    0.1673925781E+001    0.5385742188E+000
 0.2020202    0.1671386719E+001    0.5364257813E+000
 0.2121212    0.1677441406E+001    0.5374023438E+000
 0.2222222    0.1667871094E+001    0.5006835938E+000
 0.2323232    0.1661425781E+001    0.5150390625E+000
 0.2424242    0.1624316406E+001    0.4895507813E+000
 0.2525253    0.1586718750E+001    0.4793945313E+000
 0.2626263    0.1576953125E+001    0.4824218750E+000
 0.2727273    0.1537402344E+001    0.4593750000E+000
 0.2828283    0.1529589844E+001    0.4286132813E+000
 0.2929293    0.1509277344E+001    0.4186523438E+000
 0.3030303    0.1463867188E+001    0.4417968750E+000
 0.3131313    0.1430957031E+001    0.3867187500E+000
 0.3232323    0.1374218750E+001    0.3980468750E+000
 0.3333333    0.1358496094E+001    0.3722656250E+000
 0.3434343    0.1305371094E+001    0.3421875000E+000
 0.3535354    0.1277636719E+001    0.3171875000E+000
 0.3636364    0.1270996094E+001    0.3253906250E+000
 0.3737374    0.1191601563E+001    0.2918945313E+000
 0.3838384    0.1131542969E+001    0.2849609375E+000
 0.3939394    0.1115234375E+001    0.2535156250E+000
 0.4040404    0.1060351563E+001    0.2027343750E+000
 0.4141414    0.1028027344E+001    0.2086914062E+000
 0.4242424    0.1008984375E+001    0.2019531250E+000
 0.4343434    0.9379882812E+000    0.1548828125E+000
 0.4444444    0.8775390625E+000    0.1391601562E+000
 0.4545455    0.8040039062E+000    0.1258789062E+000
 0.4646465    0.8000000000E+000    0.1051757812E+000
 0.4747475    0.7727539062E+000    0.1022460937E+000
 0.4848485    0.7175781250E+000    0.5957031250E-001
 0.4949495    0.6404296875E+000    0.3144531250E-001
 0.5050505    0.6424804687E+000    0.1992187500E-001
 0.5151515    0.6305664062E+000    0.1240234375E-001
 0.5252525    0.6354492187E+000    0.4433593750E-001
 0.5353535    0.6126953125E+000    0.0000000000E+000
 0.5454545    0.6122070312E+000    0.2441406250E-001
 0.5555556    0.6357421875E+000    0.1582031250E-001
 0.5656566    0.6103515625E+000    0.1396484375E-001
 0.5757576    0.6381835937E+000    0.1171875000E-002
 0.5858586    0.6087890625E+000    0.2236328125E-001
 0.5959596    0.6294921875E+000    0.2070312500E-001
 0.6060606    0.6234375000E+000    0.3906250000E-001
 0.6161616    0.6133789062E+000    0.2187500000E-001
 0.6262626    0.6029296875E+000    0.4716796875E-001
 0.6363636    0.5884765625E+000    0.2685546875E-001
 0.6464646    0.6176757812E+000    0.2431640625E-001
 0.6565657    0.6122070312E+000    0.1884765625E-001
 0.6666667    0.6094726562E+000    0.2539062500E-002
 0.6767677    0.5907226562E+000    0.6445312500E-002
 0.6868687    0.5968750000E+000    0.1191406250E-001
 0.6969697    0.5989257812E+000    0.2900390625E-001
 0.7070707    0.6094726562E+000    0.1005859375E-001
 0.7171717    0.6108398438E+000    0.1152343750E-001
 0.7272727    0.6218750000E+000    0.2607421875E-001
 0.7373737    0.6041992187E+000    0.6250000000E-002
 0.7474747    0.6093750000E+000    0.2597656250E-001
 0.7575758    0.6166992187E+000    0.2714843750E-001
 0.7676768    0.6146484375E+000    0.9765625000E-002
 0.7777778    0.6128906250E+000    0.1582031250E-001
 0.7878788    0.6095703125E+000    0.8300781250E-002
 0.7979798    0.6048828125E+000    0.5859375000E-002
 0.8080808    0.6296875000E+000    0.3515625000E-001
 0.8181818    0.5932617187E+000    0.4394531250E-002
 0.8282828    0.6123046875E+000    0.8984375000E-002
 0.8383838    0.6018554687E+000    0.1064453125E-001
 0.8484848    0.6071289062E+000    0.3906250000E-002
 0.8585859    0.6114257812E+000    0.3144531250E-001
 0.8686869    0.6117187500E+000    0.2187500000E-001
 0.8787879    0.5993164062E+000    0.9277343750E-002
 0.8888889    0.6106445312E+000    0.1308593750E-001
 0.8989899    0.6125976562E+000    0.1171875000E-001
 0.9090909    0.6252929687E+000    0.3378906250E-001
 0.9191919    0.6046875000E+000    0.1025390625E-001
 0.9292929    0.6208984375E+000    0.1289062500E-001
 0.9393939    0.6144531250E+000    0.2861328125E-001
 0.9494949    0.5967773437E+000    0.3906250000E-002
 0.9595960    0.6239257812E+000    0.3378906250E-001
 0.9696970    0.6121093750E+000    0.2373046875E-001
 0.9797980    0.5994140625E+000    0.8691406250E-002
 0.9898990    0.6104492187E+000    0.2001953125E-001
 1.0000000    0.6097656250E+000    0.2216796875E-001


# Weightfunction after cycle      14367
 0.0000000    0.1068579102E+001    0.4441650391E+000
 0.0101010    0.1063061523E+001    0.4385253906E+000
 0.0202020    0.1086718750E+001    0.4588378906E+000
 0.0303030    0.1114086914E+001    0.4876953125E+000
 0.0404040    0.1106811523E+001    0.4493164063E+000
 0.0505051    0.1150610352E+001    0.4740722656E+000
 0.0606061    0.1187963867E+001    0.4874755859E+000
 0.0707071    0.1198876953E+001    0.4710693359E+000
 0.0808081    0.1268237305E+001    0.4978027344E+000
 0.0909091    0.1301660156E+001    0.4875732422E+000
 0.1010101    0.1373999023E+001    0.5340087891E+000
 0.1111111    0.1410083008E+001    0.5383544922E+000
 0.1212121    0.1439672852E+001    0.5253662109E+000
 0.1313131    0.1516284180E+001    0.5260009766E+000
 0.1414141    0.1555688477E+001    0.5397216797E+000
 0.1515152    0.1595849609E+001    0.5501708984E+000
 0.1616162    0.1606616211E+001    0.5366455078E+000
 0.1717172    0.1647094727E+001    0.5518310547E+000
 0.1818182    0.1678125000E+001    0.5386718750E+000
 0.1919192    0.1657373047E+001    0.5377441406E+000
 0.2020202    0.1652929687E+001    0.5312988281E+000
 0.2121212    0.1660107422E+001    0.5272949219E+000
 0.2222222    0.1649633789E+001    0.4972900391E+000
 0.2323232    0.1634228516E+001    0.5126953125E+000
 0.2424242    0.1603271484E+001    0.4876464844E+000
 0.2525253    0.1568041992E+001    0.4786865234E+000
 0.2626263    0.1550317383E+001    0.4800292969E+000
 0.2727273    0.1518750000E+001    0.4520751953E+000
 0.2828283    0.1504003906E+001    0.4281005859E+000
 0.2929293    0.1476123047E+001    0.4158691406E+000
 0.3030303    0.1435766602E+001    0.4269042969E+000
 0.3131313    0.1406494141E+001    0.3803710938E+000
 0.3232323    0.1346337891E+001    0.3904296875E+000
 0.3333333    0.1334497070E+001    0.3591064453E+000
 0.3434343    0.1287573242E+001    0.3327636719E+000
 0.3535354    0.1251757812E+001    0.3145263672E+000
 0.3636364    0.1234985352E+001    0.3099121094E+000
 0.3737374    0.1160473633E+001    0.2823974609E+000
 0.3838384    0.1105859375E+001    0.2752685547E+000
 0.3939394    0.1090893555E+001    0.2543212891E+000
 0.4040404    0.1028320313E+001    0.2001953125E+000
 0.4141414    0.1003173828E+001    0.2035888672E+000
 0.4242424    0.9808349609E+000    0.2020019531E+000
 0.4343434    0.9090576172E+000    0.1467773437E+000
 0.4444444    0.8586425781E+000    0.1372070312E+000
 0.4545455    0.7838378906E+000    0.1184570312E+000
 0.4646465    0.7740722656E+000    0.9941406250E-001
 0.4747475    0.7351806641E+000    0.8913574219E-001
 0.4848485    0.6830810547E+000    0.5544433594E-001
 0.4949495    0.6147460938E+000    0.2609863281E-001
 0.5050505    0.5991210938E+000    0.1613769531E-001
 0.5151515    0.5996582031E+000    0.1098632812E-001
 0.5252525    0.6001220703E+000    0.3823242187E-001
 0.5353535    0.5869384766E+000    0.2270507812E-002
 0.5454545    0.5870361328E+000    0.1479492187E-001
 0.5555556    0.6067138672E+000    0.1071777344E-001
 0.5656566    0.5811767578E+000    0.1594238281E-001
 0.5757576    0.6042480469E+000    0.3979492187E-002
 0.5858586    0.5795654297E+000    0.1936035156E-001
 0.5959596    0.5934814453E+000    0.2282714844E-001
 0.6060606    0.5924560547E+000    0.3325195312E-001
 0.6161616    0.5862548828E+000    0.2253417969E-001
 0.6262626    0.5719482422E+000    0.3703613281E-001
 0.6363636    0.5598144531E+000    0.1721191406E-001
 0.6464646    0.5878662109E+000    0.2270507812E-001
 0.6565657    0.5767822266E+000    0.1457519531E-001
 0.6666667    0.5757812500E+000    0.7177734375E-002
 0.6767677    0.5650878906E+000    0.8886718750E-002
 0.6868687    0.5675781250E+000    0.1552734375E-001
 0.6969697    0.5742431641E+000    0.2116699219E-001
 0.7070707    0.5876953125E+000    0.1442871094E-001
 0.7171717    0.5795410156E+000    0.1135253906E-001
 0.7272727    0.5934326172E+000    0.2495117187E-001
 0.7373737    0.5787597656E+000    0.5419921875E-002
 0.7474747    0.5824951172E+000    0.2558593750E-001
 0.7575758    0.5933349609E+000    0.2856445312E-001
 0.7676768    0.5893798828E+000    0.1293945312E-001
 0.7777778    0.5843261719E+000    0.1384277344E-001
 0.7878788    0.5783203125E+000    0.3247070312E-002
 0.7979798    0.5792480469E+000    0.4980468750E-002
 0.8080808    0.5946533203E+000    0.2404785156E-001
 0.8181818    0.5676269531E+000    0.5468750000E-002
 0.8282828    0.5833984375E+000    0.9179687500E-002
 0.8383838    0.5727539063E+000    0.1052246094E-001
 0.8484848    0.5732666016E+000    0.1049804687E-002
 0.8585859    0.5788574219E+000    0.2370605469E-001
 0.8686869    0.5811035156E+000    0.1936035156E-001
 0.8787879    0.5682128906E+000    0.3198242187E-002
 0.8888889    0.5790527344E+000    0.8178710937E-002
 0.8989899    0.5777587891E+000    0.2758789062E-002
 0.9090909    0.5927246094E+000    0.2067871094E-001
 0.9191919    0.5768310547E+000    0.7446289062E-002
 0.9292929    0.5835693359E+000    0.4858398437E-002
 0.9393939    0.5841796875E+000    0.2070312500E-001
 0.9494949    0.5722167969E+000    0.0000000000E+000
 0.9595960    0.5850585938E+000    0.2319335937E-001
 0.9696970    0.5784179688E+000    0.1662597656E-001
 0.9797980    0.5729248047E+000    0.1442871094E-001
 0.9898990    0.5856201172E+000    0.1777343750E-001
 1.0000000    0.5737792969E+000    0.1218261719E-001


# Weightfunction after cycle      17375
 0.0000000    0.1066760254E+001    0.4447204590E+000
 0.0101010    0.1061517334E+001    0.4390563965E+000
 0.0202020    0.1084588623E+001    0.4573303223E+000
 0.0303030    0.1112170410E+001    0.4864318848E+000
 0.0404040    0.1104272461E+001    0.4483398438E+000
 0.0505051    0.1150714111E+001    0.4760131836E+000
 0.0606061    0.1187121582E+001    0.4880798340E+000
 0.0707071    0.1199530029E+001    0.4707641602E+000
 0.0808081    0.1266479492E+001    0.4962951660E+000
 0.0909091    0.1302722168E+001    0.4898803711E+000
 0.1010101    0.1372021484E+001    0.5324279785E+000
 0.1111111    0.1410589600E+001    0.5375976563E+000
 0.1212121    0.1440344238E+001    0.5267944336E+000
 0.1313131    0.1515179443E+001    0.5257812500E+000
 0.1414141    0.1555371094E+001    0.5410705566E+000
 0.1515152    0.1595520020E+001    0.5511108398E+000
 0.1616162    0.1607244873E+001    0.5370483398E+000
 0.1717172    0.1645336914E+001    0.5507873535E+000
 0.1818182    0.1676617432E+001    0.5394531250E+000
 0.1919192    0.1657122803E+001    0.5383666992E+000
 0.2020202    0.1653985596E+001    0.5326416016E+000
 0.2121212    0.1660144043E+001    0.5270446777E+000
 0.2222222    0.1650720215E+001    0.4980224609E+000
 0.2323232    0.1634417725E+001    0.5141784668E+000
 0.2424242    0.1601037598E+001    0.4883483887E+000
 0.2525253    0.1568426514E+001    0.4765319824E+000
 0.2626263    0.1551324463E+001    0.4809570313E+000
 0.2727273    0.1518798828E+001    0.4529418945E+000
 0.2828283    0.1502056885E+001    0.4298095703E+000
 0.2929293    0.1474945068E+001    0.4169067383E+000
 0.3030303    0.1436566162E+001    0.4278503418E+000
 0.3131313    0.1407080078E+001    0.3800903320E+000
 0.3232323    0.1347204590E+001    0.3919921875E+000
 0.3333333    0.1335479736E+001    0.3593261719E+000
 0.3434343    0.1287774658E+001    0.3342163086E+000
 0.3535354    0.1250762939E+001    0.3160827637E+000
 0.3636364    0.1233270264E+001    0.3112121582E+000
 0.3737374    0.1159252930E+001    0.2845520020E+000
 0.3838384    0.1105554199E+001    0.2763488770E+000
 0.3939394    0.1090142822E+001    0.2555175781E+000
 0.4040404    0.1029650879E+001    0.2016235352E+000
 0.4141414    0.1000256348E+001    0.2049194336E+000
 0.4242424    0.9783325195E+000    0.2022888184E+000
 0.4343434    0.9094055176E+000    0.1480102539E+000
 0.4444444    0.8558776855E+000    0.1389831543E+000
 0.4545455    0.7833374023E+000    0.1188049316E+000
 0.4646465    0.7725158691E+000    0.1021484375E+000
 0.4747475    0.7306762695E+000    0.8977661133E-001
 0.4848485    0.6799255371E+000    0.5703735352E-001
 0.4949495    0.6123718262E+000    0.2762451172E-001
 0.5050505    0.5966369629E+000    0.1624145508E-001
 0.5151515    0.5992919922E+000    0.1238403320E-001
 0.5252525    0.5986206055E+000    0.3797607422E-001
 0.5353535    0.5868896484E+000    0.5603027344E-002
 0.5454545    0.5849792480E+000    0.1602172852E-001
 0.5555556    0.6029785156E+000    0.1132812500E-001
 0.5656566    0.5788574219E+000    0.1645507812E-001
 0.5757576    0.6034484863E+000    0.4644775391E-002
 0.5858586    0.5787414551E+000    0.1940307617E-001
 0.5959596    0.5930786133E+000    0.2271118164E-001
 0.6060606    0.5909118652E+000    0.3480224609E-001
 0.6161616    0.5853942871E+000    0.2557373047E-001
 0.6262626    0.5721069336E+000    0.3655395508E-001
 0.6363636    0.5586303711E+000    0.1705322266E-001
 0.6464646    0.5857238770E+000    0.2226562500E-001
 0.6565657    0.5760986328E+000    0.1569213867E-001
 0.6666667    0.5745544434E+000    0.8380126953E-002
 0.6767677    0.5651000977E+000    0.1188354492E-001
 0.6868687    0.5649230957E+000    0.1499633789E-001
 0.6969697    0.5751098633E+000    0.2175292969E-001
 0.7070707    0.5871276855E+000    0.1594238281E-001
 0.7171717    0.5779846191E+000    0.1226806641E-001
 0.7272727    0.5915466309E+000    0.2553710937E-001
 0.7373737    0.5783264160E+000    0.7196044922E-002
 0.7474747    0.5816894531E+000    0.2635498047E-001
 0.7575758    0.5914855957E+000    0.2886352539E-001
 0.7676768    0.5885192871E+000    0.1442871094E-001
 0.7777778    0.5838439941E+000    0.1491088867E-001
 0.7878788    0.5775695801E+000    0.4351806641E-002
 0.7979798    0.5778015137E+000    0.5212402344E-002
 0.8080808    0.5928588867E+000    0.2366943359E-001
 0.8181818    0.5669860840E+000    0.6152343750E-002
 0.8282828    0.5812622070E+000    0.9423828125E-002
 0.8383838    0.5709899902E+000    0.1040039062E-001
 0.8484848    0.5708618164E+000    0.9948730468E-003
 0.8585859    0.5772766113E+000    0.2372436523E-001
 0.8686869    0.5797485352E+000    0.1947631836E-001
 0.8787879    0.5687255859E+000    0.5334472656E-002
 0.8888889    0.5787780762E+000    0.9667968750E-002
 0.8989899    0.5763610840E+000    0.3338623047E-002
 0.9090909    0.5923889160E+000    0.2148437500E-001
 0.9191919    0.5774597168E+000    0.9454345703E-002
 0.9292929    0.5832153320E+000    0.6469726562E-002
 0.9393939    0.5826660156E+000    0.2156982422E-001
 0.9494949    0.5700500488E+000    0.0000000000E+000
 0.9595960    0.5827026367E+000    0.2261352539E-001
 0.9696970    0.5768981934E+000    0.1692504883E-001
 0.9797980    0.5727355957E+000    0.1505737305E-001
 0.9898990    0.5862426758E+000    0.1940307617E-001
 1.0000000    0.5720092773E+000    0.1273803711E-001


# Weightfunction after cycle      19271
 0.0000000    0.1066546631E+001    0.4444808960E+000
 0.0101010    0.1061254883E+001    0.4387374878E+000
 0.0202020    0.1084278870E+001    0.4569503784E+000
 0.0303030    0.1111758423E+001    0.4859573364E+000
 0.0404040    0.1104130554E+001    0.4481826782E+000
 0.0505051    0.1150152588E+001    0.4754821777E+000
 0.0606061    0.1186891174E+001    0.4877304077E+000
 0.0707071    0.1199021912E+001    0.4701232910E+000
 0.0808081    0.1266052246E+001    0.4961166382E+000
 0.0909091    0.1302763367E+001    0.4898910522E+000
 0.1010101    0.1371719360E+001    0.5320861816E+000
 0.1111111    0.1410234070E+001    0.5371429443E+000
 0.1212121    0.1440107727E+001    0.5266204834E+000
 0.1313131    0.1514540100E+001    0.5253082275E+000
 0.1414141    0.1555139160E+001    0.5407730103E+000
 0.1515152    0.1594844055E+001    0.5503341675E+000
 0.1616162    0.1607096863E+001    0.5367324829E+000
 0.1717172    0.1644711304E+001    0.5500335693E+000
 0.1818182    0.1676115417E+001    0.5389343262E+000
 0.1919192    0.1656692505E+001    0.5377227783E+000
 0.2020202    0.1653398132E+001    0.5322723389E+000
 0.2121212    0.1659878540E+001    0.5265640259E+000
 0.2222222    0.1650201416E+001    0.4977035522E+000
 0.2323232    0.1634178162E+001    0.5139068604E+000
 0.2424242    0.1600828552E+001    0.4880081177E+000
 0.2525253    0.1568161011E+001    0.4763671875E+000
 0.2626263    0.1551181030E+001    0.4805130005E+000
 0.2727273    0.1518402100E+001    0.4522384644E+000
 0.2828283    0.1501678467E+001    0.4294784546E+000
 0.2929293    0.1474943542E+001    0.4163970947E+000
 0.3030303    0.1436408997E+001    0.4275466919E+000
 0.3131313    0.1407135010E+001    0.3799652100E+000
 0.3232323    0.1347016907E+001    0.3914260864E+000
 0.3333333    0.1335102844E+001    0.3585128784E+000
 0.3434343    0.1287565613E+001    0.3337356567E+000
 0.3535354    0.1250790405E+001    0.3156723022E+000
 0.3636364    0.1233149719E+001    0.3108810425E+000
 0.3737374    0.1159225464E+001    0.2840942383E+000
 0.3838384    0.1105625916E+001    0.2756835938E+000
 0.3939394    0.1089843750E+001    0.2552291870E+000
 0.4040404    0.1029344177E+001    0.2012954712E+000
 0.4141414    0.1000305176E+001    0.2043197632E+000
 0.4242424    0.9781478882E+000    0.2014602661E+000
 0.4343434    0.9090362549E+000    0.1477020264E+000
 0.4444444    0.8560058594E+000    0.1385421753E+000
 0.4545455    0.7833618164E+000    0.1182464600E+000
 0.4646465    0.7724578857E+000    0.1018432617E+000
 0.4747475    0.7305313110E+000    0.8942718506E-001
 0.4848485    0.6795196533E+000    0.5636444092E-001
 0.4949495    0.6125030518E+000    0.2718505859E-001
 0.5050505    0.5965042114E+000    0.1613769531E-001
 0.5151515    0.5992401123E+000    0.1229858398E-001
 0.5252525    0.5987792969E+000    0.3743591309E-001
 0.5353535    0.5868118286E+000    0.5108642578E-002
 0.5454545    0.5848983765E+000    0.1608581543E-001
 0.5555556    0.6028091431E+000    0.1124725342E-001
 0.5656566    0.5788818359E+000    0.1617279053E-001
 0.5757576    0.6033630371E+000    0.4216003418E-002
 0.5858586    0.5785339355E+000    0.1929779053E-001
 0.5959596    0.5929962158E+000    0.2256469727E-001
 0.6060606    0.5910507202E+000    0.3444519043E-001
 0.6161616    0.5854354858E+000    0.2549438477E-001
 0.6262626    0.5723434448E+000    0.3609313965E-001
 0.6363636    0.5587188721E+000    0.1667022705E-001
 0.6464646    0.5855514526E+000    0.2201690674E-001
 0.6565657    0.5763534546E+000    0.1563262939E-001
 0.6666667    0.5747299194E+000    0.8219909668E-002
 0.6767677    0.5654510498E+000    0.1184387207E-001
 0.6868687    0.5649993896E+000    0.1479644775E-001
 0.6969697    0.5751739502E+000    0.2149658203E-001
 0.7070707    0.5874252319E+000    0.1595001221E-001
 0.7171717    0.5781677246E+000    0.1220397949E-001
 0.7272727    0.5915710449E+000    0.2539367676E-001
 0.7373737    0.5782104492E+000    0.6782531738E-002
 0.7474747    0.5818725586E+000    0.2622070312E-001
 0.7575758    0.5914718628E+000    0.2879943848E-001
 0.7676768    0.5884887695E+000    0.1414184570E-001
 0.7777778    0.5838287354E+000    0.1470947266E-001
 0.7878788    0.5774017334E+000    0.4043579102E-002
 0.7979798    0.5778198242E+000    0.5174255371E-002
 0.8080808    0.5927993774E+000    0.2334594727E-001
 0.8181818    0.5670013428E+000    0.5970764160E-002
 0.8282828    0.5811325073E+000    0.9085083008E-002
 0.8383838    0.5712905884E+000    0.1033325195E-001
 0.8484848    0.5712692261E+000    0.1097106934E-002
 0.8585859    0.5772933960E+000    0.2344055176E-001
 0.8686869    0.5796981812E+000    0.1911315918E-001
 0.8787879    0.5688873291E+000    0.5250549316E-002
 0.8888889    0.5790420532E+000    0.9600830078E-002
 0.8989899    0.5763885498E+000    0.3060913086E-002
 0.9090909    0.5923080444E+000    0.2118988037E-001
 0.9191919    0.5772827148E+000    0.8958435059E-002
 0.9292929    0.5833847046E+000    0.6239318848E-002
 0.9393939    0.5825714111E+000    0.2117462158E-001
 0.9494949    0.5703353882E+000    0.0000000000E+000
 0.9595960    0.5824844360E+000    0.2205963135E-001
 0.9696970    0.5767715454E+000    0.1643066406E-001
 0.9797980    0.5727035522E+000    0.1463317871E-001
 0.9898990    0.5858215332E+000    0.1859893799E-001
 1.0000000    0.5722122192E+000    0.1254119873E-001


