# Evolution of the weightfunction during equilibration phase for fractional: cd
# Weightfunction after cycle        102
 0.0000000    0.2700000000E+001    0.1300000000E+001
 0.0101010    0.2600000000E+001    0.2000000000E+001
 0.0202020    0.2700000000E+001    0.1800000000E+001
 0.0303030    0.2500000000E+001    0.1600000000E+001
 0.0404040    0.2800000000E+001    0.2200000000E+001
 0.0505051    0.3700000000E+001    0.2800000000E+001
 0.0606061    0.4300000000E+001    0.2900000000E+001
 0.0707071    0.4300000000E+001    0.2000000000E+001
 0.0808081    0.4000000000E+001    0.3400000000E+001
 0.0909091    0.3600000000E+001    0.2300000000E+001
 0.1010101    0.2800000000E+001    0.1500000000E+001
 0.1111111    0.4200000000E+001    0.2300000000E+001
 0.1212121    0.3700000000E+001    0.2600000000E+001
 0.1313131    0.4000000000E+001    0.2000000000E+001
 0.1414141    0.3500000000E+001    0.3100000000E+001
 0.1515152    0.3800000000E+001    0.2500000000E+001
 0.1616162    0.3500000000E+001    0.1900000000E+001
 0.1717172    0.3500000000E+001    0.2900000000E+001
 0.1818182    0.3400000000E+001    0.3500000000E+001
 0.1919192    0.3400000000E+001    0.3500000000E+001
 0.2020202    0.3200000000E+001    0.2000000000E+001
 0.2121212    0.3300000000E+001    0.2600000000E+001
 0.2222222    0.3000000000E+001    0.1500000000E+001
 0.2323232    0.2400000000E+001    0.2000000000E+001
 0.2424242    0.2200000000E+001    0.2100000000E+001
 0.2525253    0.3500000000E+001    0.2500000000E+001
 0.2626263    0.2800000000E+001    0.2100000000E+001
 0.2727273    0.2800000000E+001    0.1500000000E+001
 0.2828283    0.2100000000E+001    0.2500000000E+001
 0.2929293    0.2300000000E+001    0.1600000000E+001
 0.3030303    0.2900000000E+001    0.2200000000E+001
 0.3131313    0.2900000000E+001    0.1700000000E+001
 0.3232323    0.2100000000E+001    0.1700000000E+001
 0.3333333    0.2200000000E+001    0.2500000000E+001
 0.3434343    0.2900000000E+001    0.1100000000E+001
 0.3535354    0.2100000000E+001    0.1800000000E+001
 0.3636364    0.9000000000E+000    0.1300000000E+001
 0.3737374    0.2700000000E+001    0.1800000000E+001
 0.3838384    0.2600000000E+001    0.7000000000E+000
 0.3939394    0.2900000000E+001    0.1600000000E+001
 0.4040404    0.1400000000E+001    0.6000000000E+000
 0.4141414    0.1200000000E+001    0.1300000000E+001
 0.4242424    0.3000000000E+001    0.1200000000E+001
 0.4343434    0.2500000000E+001    0.2000000000E+001
 0.4444444    0.1600000000E+001    0.3000000000E+000
 0.4545455    0.1500000000E+001    0.1300000000E+001
 0.4646465    0.1600000000E+001    0.2000000000E+001
 0.4747475    0.2000000000E+001    0.7000000000E+000
 0.4848485    0.7000000000E+000    0.1000000000E+001
 0.4949495    0.2200000000E+001    0.1600000000E+001
 0.5050505    0.1400000000E+001    0.1200000000E+001
 0.5151515    0.1300000000E+001    0.8000000000E+000
 0.5252525    0.1900000000E+001    0.1500000000E+001
 0.5353535    0.6000000000E+000    0.1500000000E+001
 0.5454545    0.1200000000E+001    0.1600000000E+001
 0.5555556    0.1100000000E+001    0.9000000000E+000
 0.5656566    0.2100000000E+001    0.2100000000E+001
 0.5757576    0.1600000000E+001    0.1000000000E+001
 0.5858586    0.1300000000E+001    0.1700000000E+001
 0.5959596    0.1500000000E+001    0.5000000000E+000
 0.6060606    0.3100000000E+001    0.1800000000E+001
 0.6161616    0.1200000000E+001    0.1900000000E+001
 0.6262626    0.1900000000E+001    0.1600000000E+001
 0.6363636    0.1700000000E+001    0.2300000000E+001
 0.6464646    0.1400000000E+001    0.9000000000E+000
 0.6565657    0.1500000000E+001    0.1400000000E+001
 0.6666667    0.1400000000E+001    0.1200000000E+001
 0.6767677    0.1500000000E+001    0.6000000000E+000
 0.6868687    0.1600000000E+001    0.2000000000E+001
 0.6969697    0.1100000000E+001    0.6000000000E+000
 0.7070707    0.1100000000E+001    0.1800000000E+001
 0.7171717    0.1400000000E+001    0.2000000000E+001
 0.7272727    0.1300000000E+001    0.1800000000E+001
 0.7373737    0.1800000000E+001    0.2400000000E+001
 0.7474747    0.1800000000E+001    0.2500000000E+001
 0.7575758    0.1000000000E+001    0.1600000000E+001
 0.7676768    0.1800000000E+001    0.2000000000E+001
 0.7777778    0.9000000000E+000    0.1200000000E+001
 0.7878788    0.1200000000E+001    0.2000000000E+001
 0.7979798    0.1200000000E+001    0.1900000000E+001
 0.8080808    0.1300000000E+001    0.1700000000E+001
 0.8181818    0.1000000000E+001    0.1700000000E+001
 0.8282828    0.9000000000E+000    0.1400000000E+001
 0.8383838    0.1000000000E+001    0.1700000000E+001
 0.8484848    0.1300000000E+001    0.1500000000E+001
 0.8585859    0.1300000000E+001    0.2000000000E+001
 0.8686869    0.2000000000E+000    0.1000000000E+001
 0.8787879    0.1100000000E+001    0.2100000000E+001
 0.8888889    0.1400000000E+001    0.1700000000E+001
 0.8989899    0.2000000000E+001    0.2300000000E+001
 0.9090909    0.6000000000E+000    0.1300000000E+001
 0.9191919    0.1200000000E+001    0.1600000000E+001
 0.9292929    0.1200000000E+001    0.1500000000E+001
 0.9393939    0.1400000000E+001    0.2300000000E+001
 0.9494949    0.9000000000E+000    0.2000000000E+001
 0.9595960    0.1000000000E+001    0.2000000000E+001
 0.9696970    0.0000000000E+000    0.9000000000E+000
 0.9797980    0.1100000000E+001    0.1900000000E+001
 0.9898990    0.1900000000E+001    0.2800000000E+001
 1.0000000    0.1900000000E+001    0.3300000000E+001


# Weightfunction after cycle        461
 0.0000000    0.2975000000E+001    0.2250000000E+001
 0.0101010    0.3300000000E+001    0.2450000000E+001
 0.0202020    0.3000000000E+001    0.2525000000E+001
 0.0303030    0.3525000000E+001    0.2500000000E+001
 0.0404040    0.3275000000E+001    0.2625000000E+001
 0.0505051    0.2850000000E+001    0.1950000000E+001
 0.0606061    0.3300000000E+001    0.2750000000E+001
 0.0707071    0.3375000000E+001    0.2625000000E+001
 0.0808081    0.2925000000E+001    0.2225000000E+001
 0.0909091    0.3425000000E+001    0.2725000000E+001
 0.1010101    0.3225000000E+001    0.2600000000E+001
 0.1111111    0.3500000000E+001    0.2400000000E+001
 0.1212121    0.3400000000E+001    0.2450000000E+001
 0.1313131    0.3750000000E+001    0.2325000000E+001
 0.1414141    0.3525000000E+001    0.2425000000E+001
 0.1515152    0.3425000000E+001    0.2375000000E+001
 0.1616162    0.3350000000E+001    0.2425000000E+001
 0.1717172    0.3475000000E+001    0.2450000000E+001
 0.1818182    0.3150000000E+001    0.2150000000E+001
 0.1919192    0.3675000000E+001    0.2050000000E+001
 0.2020202    0.3275000000E+001    0.2300000000E+001
 0.2121212    0.3250000000E+001    0.2725000000E+001
 0.2222222    0.3375000000E+001    0.2025000000E+001
 0.2323232    0.3750000000E+001    0.2750000000E+001
 0.2424242    0.3175000000E+001    0.1925000000E+001
 0.2525253    0.3100000000E+001    0.2100000000E+001
 0.2626263    0.2600000000E+001    0.1900000000E+001
 0.2727273    0.3050000000E+001    0.2450000000E+001
 0.2828283    0.3375000000E+001    0.2425000000E+001
 0.2929293    0.3150000000E+001    0.1550000000E+001
 0.3030303    0.3325000000E+001    0.1800000000E+001
 0.3131313    0.2800000000E+001    0.1950000000E+001
 0.3232323    0.2650000000E+001    0.2200000000E+001
 0.3333333    0.2300000000E+001    0.2225000000E+001
 0.3434343    0.2775000000E+001    0.2350000000E+001
 0.3535354    0.2050000000E+001    0.1875000000E+001
 0.3636364    0.2250000000E+001    0.1825000000E+001
 0.3737374    0.2375000000E+001    0.1875000000E+001
 0.3838384    0.1825000000E+001    0.2000000000E+001
 0.3939394    0.1725000000E+001    0.1825000000E+001
 0.4040404    0.2025000000E+001    0.1700000000E+001
 0.4141414    0.1625000000E+001    0.1925000000E+001
 0.4242424    0.1775000000E+001    0.1400000000E+001
 0.4343434    0.1925000000E+001    0.1425000000E+001
 0.4444444    0.1425000000E+001    0.1325000000E+001
 0.4545455    0.1350000000E+001    0.2000000000E+001
 0.4646465    0.1550000000E+001    0.1625000000E+001
 0.4747475    0.1850000000E+001    0.1525000000E+001
 0.4848485    0.1225000000E+001    0.1400000000E+001
 0.4949495    0.1525000000E+001    0.1375000000E+001
 0.5050505    0.1025000000E+001    0.1175000000E+001
 0.5151515    0.1500000000E+001    0.1150000000E+001
 0.5252525    0.1500000000E+001    0.1025000000E+001
 0.5353535    0.1275000000E+001    0.1425000000E+001
 0.5454545    0.1500000000E+001    0.1775000000E+001
 0.5555556    0.1100000000E+001    0.1325000000E+001
 0.5656566    0.1475000000E+001    0.1700000000E+001
 0.5757576    0.1175000000E+001    0.1350000000E+001
 0.5858586    0.1400000000E+001    0.1425000000E+001
 0.5959596    0.1225000000E+001    0.1225000000E+001
 0.6060606    0.7750000000E+000    0.1375000000E+001
 0.6161616    0.1000000000E+001    0.1275000000E+001
 0.6262626    0.1175000000E+001    0.1375000000E+001
 0.6363636    0.1300000000E+001    0.1225000000E+001
 0.6464646    0.9250000000E+000    0.1750000000E+001
 0.6565657    0.1125000000E+001    0.1100000000E+001
 0.6666667    0.1150000000E+001    0.1550000000E+001
 0.6767677    0.1075000000E+001    0.1175000000E+001
 0.6868687    0.1350000000E+001    0.1475000000E+001
 0.6969697    0.1275000000E+001    0.9750000000E+000
 0.7070707    0.1125000000E+001    0.1250000000E+001
 0.7171717    0.9250000000E+000    0.1125000000E+001
 0.7272727    0.1025000000E+001    0.1475000000E+001
 0.7373737    0.9500000000E+000    0.1625000000E+001
 0.7474747    0.8500000000E+000    0.1225000000E+001
 0.7575758    0.8500000000E+000    0.9000000000E+000
 0.7676768    0.1100000000E+001    0.1575000000E+001
 0.7777778    0.5250000000E+000    0.8750000000E+000
 0.7878788    0.6000000000E+000    0.1075000000E+001
 0.7979798    0.1050000000E+001    0.1475000000E+001
 0.8080808    0.8000000000E+000    0.1325000000E+001
 0.8181818    0.7750000000E+000    0.1350000000E+001
 0.8282828    0.6750000000E+000    0.9500000000E+000
 0.8383838    0.4750000000E+000    0.1100000000E+001
 0.8484848    0.2500000000E+000    0.9250000000E+000
 0.8585859    0.7750000000E+000    0.1575000000E+001
 0.8686869    0.5000000000E+000    0.1275000000E+001
 0.8787879    0.8000000000E+000    0.1300000000E+001
 0.8888889    0.4750000000E+000    0.1075000000E+001
 0.8989899    0.3500000000E+000    0.1125000000E+001
 0.9090909    0.7000000000E+000    0.1450000000E+001
 0.9191919    0.1500000000E+000    0.8250000000E+000
 0.9292929    0.4250000000E+000    0.1175000000E+001
 0.9393939    0.5000000000E-001    0.7500000000E+000
 0.9494949    0.0000000000E+000    0.8250000000E+000
 0.9595960    0.7500000000E-001    0.1125000000E+001
 0.9696970    0.2250000000E+000    0.1125000000E+001
 0.9797980    0.1500000000E+000    0.9000000000E+000
 0.9898990    0.2500000000E-001    0.9500000000E+000
 1.0000000    0.1000000000E+000    0.9000000000E+000


# Weightfunction after cycle        973
 0.0000000    0.2956250000E+001    0.2468750000E+001
 0.0101010    0.2831250000E+001    0.2106250000E+001
 0.0202020    0.2675000000E+001    0.1931250000E+001
 0.0303030    0.2650000000E+001    0.2118750000E+001
 0.0404040    0.2750000000E+001    0.2062500000E+001
 0.0505051    0.2725000000E+001    0.2025000000E+001
 0.0606061    0.3075000000E+001    0.2306250000E+001
 0.0707071    0.3012500000E+001    0.2275000000E+001
 0.0808081    0.2956250000E+001    0.2256250000E+001
 0.0909091    0.3187500000E+001    0.2312500000E+001
 0.1010101    0.3362500000E+001    0.2381250000E+001
 0.1111111    0.2931250000E+001    0.2237500000E+001
 0.1212121    0.3256250000E+001    0.2368750000E+001
 0.1313131    0.3087500000E+001    0.2250000000E+001
 0.1414141    0.3106250000E+001    0.2243750000E+001
 0.1515152    0.3162500000E+001    0.2068750000E+001
 0.1616162    0.3043750000E+001    0.2175000000E+001
 0.1717172    0.3193750000E+001    0.2162500000E+001
 0.1818182    0.3193750000E+001    0.2181250000E+001
 0.1919192    0.3037500000E+001    0.2043750000E+001
 0.2020202    0.3006250000E+001    0.2118750000E+001
 0.2121212    0.3175000000E+001    0.2075000000E+001
 0.2222222    0.3112500000E+001    0.2206250000E+001
 0.2323232    0.3075000000E+001    0.2137500000E+001
 0.2424242    0.3000000000E+001    0.2056250000E+001
 0.2525253    0.3256250000E+001    0.2012500000E+001
 0.2626263    0.2950000000E+001    0.1987500000E+001
 0.2727273    0.2843750000E+001    0.1962500000E+001
 0.2828283    0.2775000000E+001    0.1718750000E+001
 0.2929293    0.2537500000E+001    0.1962500000E+001
 0.3030303    0.2643750000E+001    0.1762500000E+001
 0.3131313    0.2587500000E+001    0.1981250000E+001
 0.3232323    0.2393750000E+001    0.1668750000E+001
 0.3333333    0.2137500000E+001    0.1762500000E+001
 0.3434343    0.2462500000E+001    0.1831250000E+001
 0.3535354    0.2356250000E+001    0.1600000000E+001
 0.3636364    0.2012500000E+001    0.1456250000E+001
 0.3737374    0.2025000000E+001    0.1587500000E+001
 0.3838384    0.2237500000E+001    0.1587500000E+001
 0.3939394    0.1825000000E+001    0.1381250000E+001
 0.4040404    0.1687500000E+001    0.1487500000E+001
 0.4141414    0.1568750000E+001    0.1331250000E+001
 0.4242424    0.1675000000E+001    0.1475000000E+001
 0.4343434    0.1568750000E+001    0.1468750000E+001
 0.4444444    0.1218750000E+001    0.1331250000E+001
 0.4545455    0.1162500000E+001    0.1368750000E+001
 0.4646465    0.1256250000E+001    0.1125000000E+001
 0.4747475    0.1118750000E+001    0.1350000000E+001
 0.4848485    0.8125000000E+000    0.9687500000E+000
 0.4949495    0.1006250000E+001    0.1056250000E+001
 0.5050505    0.9500000000E+000    0.1193750000E+001
 0.5151515    0.7437500000E+000    0.1037500000E+001
 0.5252525    0.7937500000E+000    0.1200000000E+001
 0.5353535    0.8437500000E+000    0.1131250000E+001
 0.5454545    0.7562500000E+000    0.1137500000E+001
 0.5555556    0.9875000000E+000    0.1050000000E+001
 0.5656566    0.8062500000E+000    0.1018750000E+001
 0.5757576    0.8750000000E+000    0.1087500000E+001
 0.5858586    0.9562500000E+000    0.9250000000E+000
 0.5959596    0.7625000000E+000    0.1162500000E+001
 0.6060606    0.8437500000E+000    0.1031250000E+001
 0.6161616    0.9062500000E+000    0.9312500000E+000
 0.6262626    0.8062500000E+000    0.1006250000E+001
 0.6363636    0.8125000000E+000    0.9812500000E+000
 0.6464646    0.7250000000E+000    0.1012500000E+001
 0.6565657    0.7375000000E+000    0.1025000000E+001
 0.6666667    0.7687500000E+000    0.1006250000E+001
 0.6767677    0.7687500000E+000    0.9875000000E+000
 0.6868687    0.7250000000E+000    0.1068750000E+001
 0.6969697    0.7187500000E+000    0.8312500000E+000
 0.7070707    0.7562500000E+000    0.1081250000E+001
 0.7171717    0.6187500000E+000    0.8875000000E+000
 0.7272727    0.6437500000E+000    0.1050000000E+001
 0.7373737    0.5250000000E+000    0.9875000000E+000
 0.7474747    0.5562500000E+000    0.9125000000E+000
 0.7575758    0.3687500000E+000    0.8812500000E+000
 0.7676768    0.4812500000E+000    0.8687500000E+000
 0.7777778    0.4187500000E+000    0.9312500000E+000
 0.7878788    0.6062500000E+000    0.1068750000E+001
 0.7979798    0.5437500000E+000    0.9812500000E+000
 0.8080808    0.5437500000E+000    0.9875000000E+000
 0.8181818    0.4375000000E+000    0.9562500000E+000
 0.8282828    0.2812500000E+000    0.8625000000E+000
 0.8383838    0.4562500000E+000    0.9437500000E+000
 0.8484848    0.3312500000E+000    0.8937500000E+000
 0.8585859    0.2812500000E+000    0.9125000000E+000
 0.8686869    0.2437500000E+000    0.8562500000E+000
 0.8787879    0.2250000000E+000    0.8000000000E+000
 0.8888889    0.1812500000E+000    0.8062500000E+000
 0.8989899    0.1750000000E+000    0.9187500000E+000
 0.9090909    0.1625000000E+000    0.8000000000E+000
 0.9191919    0.1562500000E+000    0.8750000000E+000
 0.9292929    0.9375000000E-001    0.8687500000E+000
 0.9393939    0.0000000000E+000    0.7687500000E+000
 0.9494949    0.1500000000E+000    0.7875000000E+000
 0.9595960    0.2187500000E+000    0.9625000000E+000
 0.9696970    0.2500000000E-001    0.7437500000E+000
 0.9797980    0.8750000000E-001    0.9250000000E+000
 0.9898990    0.1562500000E+000    0.9375000000E+000
 1.0000000    0.2500000000E-001    0.8375000000E+000


# Weightfunction after cycle       1960
 0.0000000    0.2860937500E+001    0.2235937500E+001
 0.0101010    0.2946875000E+001    0.2173437500E+001
 0.0202020    0.3057812500E+001    0.2342187500E+001
 0.0303030    0.2989062500E+001    0.2218750000E+001
 0.0404040    0.2993750000E+001    0.2239062500E+001
 0.0505051    0.3126562500E+001    0.2310937500E+001
 0.0606061    0.3075000000E+001    0.2260937500E+001
 0.0707071    0.3176562500E+001    0.2301562500E+001
 0.0808081    0.3293750000E+001    0.2334375000E+001
 0.0909091    0.3203125000E+001    0.2234375000E+001
 0.1010101    0.3185937500E+001    0.2215625000E+001
 0.1111111    0.3260937500E+001    0.2262500000E+001
 0.1212121    0.3415625000E+001    0.2328125000E+001
 0.1313131    0.3379687500E+001    0.2360937500E+001
 0.1414141    0.3389062500E+001    0.2210937500E+001
 0.1515152    0.3415625000E+001    0.2240625000E+001
 0.1616162    0.3376562500E+001    0.2253125000E+001
 0.1717172    0.3371875000E+001    0.2207812500E+001
 0.1818182    0.3314062500E+001    0.2232812500E+001
 0.1919192    0.3387500000E+001    0.2240625000E+001
 0.2020202    0.3279687500E+001    0.2176562500E+001
 0.2121212    0.3279687500E+001    0.2212500000E+001
 0.2222222    0.3057812500E+001    0.2087500000E+001
 0.2323232    0.3209375000E+001    0.2040625000E+001
 0.2424242    0.3135937500E+001    0.2021875000E+001
 0.2525253    0.3081250000E+001    0.1937500000E+001
 0.2626263    0.2987500000E+001    0.1885937500E+001
 0.2727273    0.2837500000E+001    0.1970312500E+001
 0.2828283    0.2776562500E+001    0.1939062500E+001
 0.2929293    0.2651562500E+001    0.1876562500E+001
 0.3030303    0.2718750000E+001    0.1871875000E+001
 0.3131313    0.2528125000E+001    0.1987500000E+001
 0.3232323    0.2473437500E+001    0.1787500000E+001
 0.3333333    0.2475000000E+001    0.1731250000E+001
 0.3434343    0.2470312500E+001    0.1612500000E+001
 0.3535354    0.2351562500E+001    0.1687500000E+001
 0.3636364    0.2173437500E+001    0.1628125000E+001
 0.3737374    0.2151562500E+001    0.1657812500E+001
 0.3838384    0.2040625000E+001    0.1617187500E+001
 0.3939394    0.1892187500E+001    0.1565625000E+001
 0.4040404    0.1843750000E+001    0.1587500000E+001
 0.4141414    0.1765625000E+001    0.1498437500E+001
 0.4242424    0.1696875000E+001    0.1454687500E+001
 0.4343434    0.1675000000E+001    0.1431250000E+001
 0.4444444    0.1470312500E+001    0.1418750000E+001
 0.4545455    0.1310937500E+001    0.1343750000E+001
 0.4646465    0.1232812500E+001    0.1290625000E+001
 0.4747475    0.1193750000E+001    0.1212500000E+001
 0.4848485    0.1117187500E+001    0.1303125000E+001
 0.4949495    0.1076562500E+001    0.1089062500E+001
 0.5050505    0.1034375000E+001    0.1198437500E+001
 0.5151515    0.8218750000E+000    0.1121875000E+001
 0.5252525    0.9546875000E+000    0.1087500000E+001
 0.5353535    0.9984375000E+000    0.1114062500E+001
 0.5454545    0.8546875000E+000    0.1156250000E+001
 0.5555556    0.9328125000E+000    0.1114062500E+001
 0.5656566    0.8968750000E+000    0.1121875000E+001
 0.5757576    0.1001562500E+001    0.1187500000E+001
 0.5858586    0.8828125000E+000    0.1140625000E+001
 0.5959596    0.9187500000E+000    0.1081250000E+001
 0.6060606    0.9265625000E+000    0.1179687500E+001
 0.6161616    0.9000000000E+000    0.1101562500E+001
 0.6262626    0.8906250000E+000    0.1117187500E+001
 0.6363636    0.8921875000E+000    0.1103125000E+001
 0.6464646    0.8531250000E+000    0.1121875000E+001
 0.6565657    0.8671875000E+000    0.1065625000E+001
 0.6666667    0.8812500000E+000    0.9953125000E+000
 0.6767677    0.9093750000E+000    0.1160937500E+001
 0.6868687    0.8203125000E+000    0.1171875000E+001
 0.6969697    0.7828125000E+000    0.1021875000E+001
 0.7070707    0.8031250000E+000    0.1081250000E+001
 0.7171717    0.8015625000E+000    0.1048437500E+001
 0.7272727    0.7390625000E+000    0.1054687500E+001
 0.7373737    0.7640625000E+000    0.1159375000E+001
 0.7474747    0.6703125000E+000    0.1087500000E+001
 0.7575758    0.6312500000E+000    0.9875000000E+000
 0.7676768    0.6375000000E+000    0.1026562500E+001
 0.7777778    0.6671875000E+000    0.1075000000E+001
 0.7878788    0.6765625000E+000    0.1075000000E+001
 0.7979798    0.5453125000E+000    0.9562500000E+000
 0.8080808    0.6187500000E+000    0.1006250000E+001
 0.8181818    0.5187500000E+000    0.9703125000E+000
 0.8282828    0.5500000000E+000    0.1046875000E+001
 0.8383838    0.6156250000E+000    0.1085937500E+001
 0.8484848    0.4906250000E+000    0.9781250000E+000
 0.8585859    0.3859375000E+000    0.9031250000E+000
 0.8686869    0.4390625000E+000    0.9531250000E+000
 0.8787879    0.4234375000E+000    0.9484375000E+000
 0.8888889    0.3875000000E+000    0.9937500000E+000
 0.8989899    0.3593750000E+000    0.9468750000E+000
 0.9090909    0.2734375000E+000    0.9156250000E+000
 0.9191919    0.3296875000E+000    0.1010937500E+001
 0.9292929    0.2953125000E+000    0.9562500000E+000
 0.9393939    0.2187500000E+000    0.9562500000E+000
 0.9494949    0.1984375000E+000    0.9406250000E+000
 0.9595960    0.1937500000E+000    0.9250000000E+000
 0.9696970    0.6406250000E-001    0.8375000000E+000
 0.9797980    0.1171875000E+000    0.9078125000E+000
 0.9898990    0.4218750000E-001    0.8468750000E+000
 1.0000000    0.0000000000E+000    0.8234375000E+000


# Weightfunction after cycle       3564
 0.0000000    0.2888671875E+001    0.2261328125E+001
 0.0101010    0.2924218750E+001    0.2246484375E+001
 0.0202020    0.2896484375E+001    0.2209765625E+001
 0.0303030    0.2951562500E+001    0.2264453125E+001
 0.0404040    0.2973437500E+001    0.2294921875E+001
 0.0505051    0.3035937500E+001    0.2306640625E+001
 0.0606061    0.3042578125E+001    0.2290234375E+001
 0.0707071    0.3206250000E+001    0.2329296875E+001
 0.0808081    0.3169921875E+001    0.2294140625E+001
 0.0909091    0.3191015625E+001    0.2308984375E+001
 0.1010101    0.3217968750E+001    0.2276953125E+001
 0.1111111    0.3258593750E+001    0.2239453125E+001
 0.1212121    0.3353515625E+001    0.2353125000E+001
 0.1313131    0.3378515625E+001    0.2351562500E+001
 0.1414141    0.3365625000E+001    0.2305859375E+001
 0.1515152    0.3328125000E+001    0.2271484375E+001
 0.1616162    0.3324609375E+001    0.2237109375E+001
 0.1717172    0.3348046875E+001    0.2202734375E+001
 0.1818182    0.3260546875E+001    0.2209765625E+001
 0.1919192    0.3347656250E+001    0.2195703125E+001
 0.2020202    0.3236718750E+001    0.2167187500E+001
 0.2121212    0.3233593750E+001    0.2194531250E+001
 0.2222222    0.3132812500E+001    0.2124218750E+001
 0.2323232    0.3141015625E+001    0.2101562500E+001
 0.2424242    0.3107812500E+001    0.2084765625E+001
 0.2525253    0.2978906250E+001    0.1977343750E+001
 0.2626263    0.2879296875E+001    0.1946875000E+001
 0.2727273    0.2892187500E+001    0.1965234375E+001
 0.2828283    0.2802343750E+001    0.1930859375E+001
 0.2929293    0.2744531250E+001    0.1898828125E+001
 0.3030303    0.2630859375E+001    0.1905859375E+001
 0.3131313    0.2576953125E+001    0.1859375000E+001
 0.3232323    0.2499609375E+001    0.1834375000E+001
 0.3333333    0.2484765625E+001    0.1761718750E+001
 0.3434343    0.2366015625E+001    0.1658203125E+001
 0.3535354    0.2274609375E+001    0.1651953125E+001
 0.3636364    0.2202734375E+001    0.1596484375E+001
 0.3737374    0.2141406250E+001    0.1630468750E+001
 0.3838384    0.2025781250E+001    0.1550781250E+001
 0.3939394    0.1886328125E+001    0.1514062500E+001
 0.4040404    0.1805468750E+001    0.1489843750E+001
 0.4141414    0.1760156250E+001    0.1481250000E+001
 0.4242424    0.1722265625E+001    0.1404296875E+001
 0.4343434    0.1639062500E+001    0.1364062500E+001
 0.4444444    0.1533203125E+001    0.1399609375E+001
 0.4545455    0.1375781250E+001    0.1290625000E+001
 0.4646465    0.1287890625E+001    0.1266015625E+001
 0.4747475    0.1201562500E+001    0.1190234375E+001
 0.4848485    0.1099218750E+001    0.1250781250E+001
 0.4949495    0.1040625000E+001    0.1122656250E+001
 0.5050505    0.9777343750E+000    0.1127343750E+001
 0.5151515    0.9253906250E+000    0.1082421875E+001
 0.5252525    0.9535156250E+000    0.1070703125E+001
 0.5353535    0.9925781250E+000    0.1072265625E+001
 0.5454545    0.9308593750E+000    0.1132031250E+001
 0.5555556    0.9535156250E+000    0.1106640625E+001
 0.5656566    0.9269531250E+000    0.1092578125E+001
 0.5757576    0.9242187500E+000    0.1149609375E+001
 0.5858586    0.8714843750E+000    0.1097265625E+001
 0.5959596    0.8953125000E+000    0.1107812500E+001
 0.6060606    0.9351562500E+000    0.1104296875E+001
 0.6161616    0.9226562500E+000    0.1096875000E+001
 0.6262626    0.8769531250E+000    0.1088281250E+001
 0.6363636    0.8449218750E+000    0.1126562500E+001
 0.6464646    0.8390625000E+000    0.1106250000E+001
 0.6565657    0.8269531250E+000    0.1042187500E+001
 0.6666667    0.8890625000E+000    0.1084765625E+001
 0.6767677    0.8285156250E+000    0.1085546875E+001
 0.6868687    0.8015625000E+000    0.1103515625E+001
 0.6969697    0.7792968750E+000    0.1079687500E+001
 0.7070707    0.7660156250E+000    0.1093359375E+001
 0.7171717    0.7519531250E+000    0.1062500000E+001
 0.7272727    0.7437500000E+000    0.1044531250E+001
 0.7373737    0.6964843750E+000    0.1066406250E+001
 0.7474747    0.6710937500E+000    0.1084375000E+001
 0.7575758    0.6425781250E+000    0.1000781250E+001
 0.7676768    0.6664062500E+000    0.1048828125E+001
 0.7777778    0.6367187500E+000    0.1049609375E+001
 0.7878788    0.6523437500E+000    0.1088671875E+001
 0.7979798    0.5714843750E+000    0.1020312500E+001
 0.8080808    0.5937500000E+000    0.1038671875E+001
 0.8181818    0.5273437500E+000    0.9917968750E+000
 0.8282828    0.5000000000E+000    0.1007031250E+001
 0.8383838    0.5187500000E+000    0.1007421875E+001
 0.8484848    0.4765625000E+000    0.1015234375E+001
 0.8585859    0.4117187500E+000    0.9710937500E+000
 0.8686869    0.4253906250E+000    0.9812500000E+000
 0.8787879    0.3738281250E+000    0.9863281250E+000
 0.8888889    0.3839843750E+000    0.9984375000E+000
 0.8989899    0.3300781250E+000    0.9597656250E+000
 0.9090909    0.2988281250E+000    0.9531250000E+000
 0.9191919    0.2933593750E+000    0.1012500000E+001
 0.9292929    0.2304687500E+000    0.9359375000E+000
 0.9393939    0.2089843750E+000    0.9578125000E+000
 0.9494949    0.1656250000E+000    0.9601562500E+000
 0.9595960    0.1703125000E+000    0.9375000000E+000
 0.9696970    0.1410156250E+000    0.9300781250E+000
 0.9797980    0.1609375000E+000    0.9734375000E+000
 0.9898990    0.0000000000E+000    0.8667968750E+000
 1.0000000    0.1562500000E-001    0.8757812500E+000


# Weightfunction after cycle       7010
 0.0000000    0.2880371094E+001    0.2243945313E+001
 0.0101010    0.2906250000E+001    0.2267089844E+001
 0.0202020    0.2942382813E+001    0.2275097656E+001
 0.0303030    0.2943554688E+001    0.2291894531E+001
 0.0404040    0.2969140625E+001    0.2287011719E+001
 0.0505051    0.3031445313E+001    0.2317089844E+001
 0.0606061    0.3077148438E+001    0.2325000000E+001
 0.0707071    0.3156445313E+001    0.2332421875E+001
 0.0808081    0.3144921875E+001    0.2320703125E+001
 0.0909091    0.3195898438E+001    0.2341699219E+001
 0.1010101    0.3221679688E+001    0.2300195313E+001
 0.1111111    0.3253222656E+001    0.2291992188E+001
 0.1212121    0.3304003906E+001    0.2351953125E+001
 0.1313131    0.3334667969E+001    0.2348730469E+001
 0.1414141    0.3327734375E+001    0.2295996094E+001
 0.1515152    0.3310449219E+001    0.2278515625E+001
 0.1616162    0.3323242188E+001    0.2273730469E+001
 0.1717172    0.3325585938E+001    0.2216796875E+001
 0.1818182    0.3263671875E+001    0.2221093750E+001
 0.1919192    0.3272167969E+001    0.2227832031E+001
 0.2020202    0.3214843750E+001    0.2175878906E+001
 0.2121212    0.3216699219E+001    0.2182031250E+001
 0.2222222    0.3149121094E+001    0.2157617188E+001
 0.2323232    0.3098046875E+001    0.2102050781E+001
 0.2424242    0.3057128906E+001    0.2070019531E+001
 0.2525253    0.2960742188E+001    0.2009765625E+001
 0.2626263    0.2891113281E+001    0.2015234375E+001
 0.2727273    0.2875000000E+001    0.1982910156E+001
 0.2828283    0.2756738281E+001    0.1947070313E+001
 0.2929293    0.2717187500E+001    0.1916894531E+001
 0.3030303    0.2600585938E+001    0.1920703125E+001
 0.3131313    0.2569628906E+001    0.1873535156E+001
 0.3232323    0.2487109375E+001    0.1839648438E+001
 0.3333333    0.2434765625E+001    0.1782714844E+001
 0.3434343    0.2349902344E+001    0.1713183594E+001
 0.3535354    0.2249414063E+001    0.1678417969E+001
 0.3636364    0.2164746094E+001    0.1643847656E+001
 0.3737374    0.2106738281E+001    0.1649023438E+001
 0.3838384    0.2006054688E+001    0.1582128906E+001
 0.3939394    0.1920312500E+001    0.1557910156E+001
 0.4040404    0.1840429688E+001    0.1500976563E+001
 0.4141414    0.1745410156E+001    0.1488574219E+001
 0.4242424    0.1677636719E+001    0.1433886719E+001
 0.4343434    0.1592285156E+001    0.1390917969E+001
 0.4444444    0.1501269531E+001    0.1384472656E+001
 0.4545455    0.1371972656E+001    0.1291601562E+001
 0.4646465    0.1284667969E+001    0.1282812500E+001
 0.4747475    0.1215722656E+001    0.1225585937E+001
 0.4848485    0.1132226562E+001    0.1219628906E+001
 0.4949495    0.1030078125E+001    0.1129882812E+001
 0.5050505    0.9561523437E+000    0.1131445312E+001
 0.5151515    0.9688476562E+000    0.1084082031E+001
 0.5252525    0.9666992187E+000    0.1091503906E+001
 0.5353535    0.9687500000E+000    0.1106738281E+001
 0.5454545    0.9343750000E+000    0.1124609375E+001
 0.5555556    0.9592773437E+000    0.1134179687E+001
 0.5656566    0.9250000000E+000    0.1100390625E+001
 0.5757576    0.9413085937E+000    0.1115527344E+001
 0.5858586    0.9284179687E+000    0.1112011719E+001
 0.5959596    0.9197265625E+000    0.1114550781E+001
 0.6060606    0.9127929687E+000    0.1119140625E+001
 0.6161616    0.9299804687E+000    0.1115625000E+001
 0.6262626    0.9035156250E+000    0.1109277344E+001
 0.6363636    0.8741210937E+000    0.1134375000E+001
 0.6464646    0.8480468750E+000    0.1107421875E+001
 0.6565657    0.8470703125E+000    0.1067382812E+001
 0.6666667    0.8768554687E+000    0.1098535156E+001
 0.6767677    0.8339843750E+000    0.1084179687E+001
 0.6868687    0.8231445312E+000    0.1099023437E+001
 0.6969697    0.7779296875E+000    0.1083007812E+001
 0.7070707    0.7935546875E+000    0.1096289062E+001
 0.7171717    0.7555664062E+000    0.1060742187E+001
 0.7272727    0.7631835937E+000    0.1067968750E+001
 0.7373737    0.7335937500E+000    0.1079980469E+001
 0.7474747    0.7042968750E+000    0.1089355469E+001
 0.7575758    0.6740234375E+000    0.1035449219E+001
 0.7676768    0.6865234375E+000    0.1066796875E+001
 0.7777778    0.6352539062E+000    0.1040429687E+001
 0.7878788    0.6540039062E+000    0.1073046875E+001
 0.7979798    0.6023437500E+000    0.1043359375E+001
 0.8080808    0.6073242187E+000    0.1041894531E+001
 0.8181818    0.5484375000E+000    0.1005371094E+001
 0.8282828    0.5315429688E+000    0.1029101562E+001
 0.8383838    0.5235351563E+000    0.1021484375E+001
 0.8484848    0.5014648438E+000    0.1016796875E+001
 0.8585859    0.4426757813E+000    0.1002832031E+001
 0.8686869    0.4384765625E+000    0.9796875000E+000
 0.8787879    0.4002929688E+000    0.9759765625E+000
 0.8888889    0.3855468750E+000    0.9847656250E+000
 0.8989899    0.3248046875E+000    0.9427734375E+000
 0.9090909    0.3265625000E+000    0.9650390625E+000
 0.9191919    0.3029296875E+000    0.9914062500E+000
 0.9292929    0.2407226563E+000    0.9349609375E+000
 0.9393939    0.2240234375E+000    0.9421875000E+000
 0.9494949    0.1637695313E+000    0.9269531250E+000
 0.9595960    0.1744140625E+000    0.9220703125E+000
 0.9696970    0.1435546875E+000    0.9267578125E+000
 0.9797980    0.1262695313E+000    0.9365234375E+000
 0.9898990    0.3115234375E-001    0.8631835937E+000
 1.0000000    0.0000000000E+000    0.8688476562E+000


# Weightfunction after cycle       9685
 0.0000000    0.2886645508E+001    0.2249584961E+001
 0.0101010    0.2904907227E+001    0.2266137695E+001
 0.0202020    0.2935620117E+001    0.2267993164E+001
 0.0303030    0.2953588867E+001    0.2297314453E+001
 0.0404040    0.2977539062E+001    0.2289379883E+001
 0.0505051    0.3024902344E+001    0.2313574219E+001
 0.0606061    0.3077099609E+001    0.2322509766E+001
 0.0707071    0.3155786133E+001    0.2329199219E+001
 0.0808081    0.3147338867E+001    0.2321533203E+001
 0.0909091    0.3201708984E+001    0.2346386719E+001
 0.1010101    0.3229907227E+001    0.2308666992E+001
 0.1111111    0.3265917969E+001    0.2299536133E+001
 0.1212121    0.3305786133E+001    0.2347705078E+001
 0.1313131    0.3338208008E+001    0.2344677734E+001
 0.1414141    0.3331152344E+001    0.2298388672E+001
 0.1515152    0.3319213867E+001    0.2283325195E+001
 0.1616162    0.3334863281E+001    0.2276586914E+001
 0.1717172    0.3328881836E+001    0.2222412109E+001
 0.1818182    0.3279638672E+001    0.2229272461E+001
 0.1919192    0.3280688477E+001    0.2227832031E+001
 0.2020202    0.3226562500E+001    0.2186132812E+001
 0.2121212    0.3212915039E+001    0.2187597656E+001
 0.2222222    0.3148730469E+001    0.2153564453E+001
 0.2323232    0.3098681641E+001    0.2105883789E+001
 0.2424242    0.3059497070E+001    0.2071850586E+001
 0.2525253    0.2968188477E+001    0.2014843750E+001
 0.2626263    0.2901855469E+001    0.2017602539E+001
 0.2727273    0.2878955078E+001    0.1993212891E+001
 0.2828283    0.2764550781E+001    0.1950659180E+001
 0.2929293    0.2721777344E+001    0.1917382812E+001
 0.3030303    0.2608935547E+001    0.1927587891E+001
 0.3131313    0.2572509766E+001    0.1873803711E+001
 0.3232323    0.2495849609E+001    0.1831713867E+001
 0.3333333    0.2436791992E+001    0.1783032227E+001
 0.3434343    0.2352124023E+001    0.1724096680E+001
 0.3535354    0.2249755859E+001    0.1683569336E+001
 0.3636364    0.2167822266E+001    0.1645629883E+001
 0.3737374    0.2107519531E+001    0.1651855469E+001
 0.3838384    0.2013061523E+001    0.1589038086E+001
 0.3939394    0.1925610352E+001    0.1564428711E+001
 0.4040404    0.1846289062E+001    0.1505932617E+001
 0.4141414    0.1746752930E+001    0.1487744141E+001
 0.4242424    0.1675952148E+001    0.1437573242E+001
 0.4343434    0.1591333008E+001    0.1394409180E+001
 0.4444444    0.1500244141E+001    0.1384936523E+001
 0.4545455    0.1384228516E+001    0.1295751953E+001
 0.4646465    0.1292626953E+001    0.1283422852E+001
 0.4747475    0.1223608398E+001    0.1227001953E+001
 0.4848485    0.1137133789E+001    0.1211621094E+001
 0.4949495    0.1033959961E+001    0.1129809570E+001
 0.5050505    0.9617675781E+000    0.1124047852E+001
 0.5151515    0.9751953125E+000    0.1088232422E+001
 0.5252525    0.9680908203E+000    0.1097363281E+001
 0.5353535    0.9715332031E+000    0.1110449219E+001
 0.5454545    0.9437988281E+000    0.1122045898E+001
 0.5555556    0.9570312500E+000    0.1134423828E+001
 0.5656566    0.9280517578E+000    0.1099707031E+001
 0.5757576    0.9408691406E+000    0.1110717773E+001
 0.5858586    0.9357421875E+000    0.1110839844E+001
 0.5959596    0.9288818359E+000    0.1109033203E+001
 0.6060606    0.9178710938E+000    0.1118310547E+001
 0.6161616    0.9306640625E+000    0.1112060547E+001
 0.6262626    0.9098632813E+000    0.1111669922E+001
 0.6363636    0.8801757813E+000    0.1131323242E+001
 0.6464646    0.8611572266E+000    0.1109545898E+001
 0.6565657    0.8530517578E+000    0.1071289062E+001
 0.6666667    0.8727294922E+000    0.1100683594E+001
 0.6767677    0.8382080078E+000    0.1083349609E+001
 0.6868687    0.8249267578E+000    0.1095483398E+001
 0.6969697    0.7839599609E+000    0.1083154297E+001
 0.7070707    0.7978515625E+000    0.1091796875E+001
 0.7171717    0.7560302734E+000    0.1062231445E+001
 0.7272727    0.7653808594E+000    0.1065478516E+001
 0.7373737    0.7361083984E+000    0.1078662109E+001
 0.7474747    0.7122802734E+000    0.1089501953E+001
 0.7575758    0.6818359375E+000    0.1037011719E+001
 0.7676768    0.6889160156E+000    0.1063085937E+001
 0.7777778    0.6406738281E+000    0.1035644531E+001
 0.7878788    0.6515625000E+000    0.1066381836E+001
 0.7979798    0.6050537109E+000    0.1041210937E+001
 0.8080808    0.6034423828E+000    0.1032202148E+001
 0.8181818    0.5507812500E+000    0.9991455078E+000
 0.8282828    0.5306396484E+000    0.1020825195E+001
 0.8383838    0.5244628906E+000    0.1017138672E+001
 0.8484848    0.5017578125E+000    0.1010839844E+001
 0.8585859    0.4441406250E+000    0.9954833984E+000
 0.8686869    0.4350830078E+000    0.9755371094E+000
 0.8787879    0.4011230469E+000    0.9718261719E+000
 0.8888889    0.3937988281E+000    0.9834716797E+000
 0.8989899    0.3266357422E+000    0.9435302734E+000
 0.9090909    0.3252197266E+000    0.9588867187E+000
 0.9191919    0.2997070313E+000    0.9803466797E+000
 0.9292929    0.2444824219E+000    0.9349853516E+000
 0.9393939    0.2257568359E+000    0.9363281250E+000
 0.9494949    0.1692138672E+000    0.9207519531E+000
 0.9595960    0.1667968750E+000    0.9111083984E+000
 0.9696970    0.1387207031E+000    0.9148193359E+000
 0.9797980    0.1239257813E+000    0.9300048828E+000
 0.9898990    0.3664550781E-001    0.8625732422E+000
 1.0000000    0.0000000000E+000    0.8609619141E+000


# Weightfunction after cycle      11900
 0.0000000    0.2886541748E+001    0.2250799561E+001
 0.0101010    0.2904559326E+001    0.2267315674E+001
 0.0202020    0.2934240723E+001    0.2267694092E+001
 0.0303030    0.2954425049E+001    0.2299389648E+001
 0.0404040    0.2977221680E+001    0.2290600586E+001
 0.0505051    0.3024487305E+001    0.2314532471E+001
 0.0606061    0.3075836182E+001    0.2323272705E+001
 0.0707071    0.3153961182E+001    0.2329382324E+001
 0.0808081    0.3148596191E+001    0.2322375488E+001
 0.0909091    0.3200445557E+001    0.2345672607E+001
 0.1010101    0.3231085205E+001    0.2310162354E+001
 0.1111111    0.3266040039E+001    0.2301000977E+001
 0.1212121    0.3306176758E+001    0.2348724365E+001
 0.1313131    0.3338421631E+001    0.2345806885E+001
 0.1414141    0.3330950928E+001    0.2300183105E+001
 0.1515152    0.3318200684E+001    0.2284039307E+001
 0.1616162    0.3332775879E+001    0.2275946045E+001
 0.1717172    0.3328491211E+001    0.2223541260E+001
 0.1818182    0.3280523682E+001    0.2230993652E+001
 0.1919192    0.3279296875E+001    0.2229711914E+001
 0.2020202    0.3225952148E+001    0.2187103271E+001
 0.2121212    0.3211145020E+001    0.2188275146E+001
 0.2222222    0.3149011230E+001    0.2154602051E+001
 0.2323232    0.3097149658E+001    0.2106738281E+001
 0.2424242    0.3058441162E+001    0.2072601318E+001
 0.2525253    0.2969042969E+001    0.2017663574E+001
 0.2626263    0.2902294922E+001    0.2020092773E+001
 0.2727273    0.2878839111E+001    0.1994396973E+001
 0.2828283    0.2763836670E+001    0.1952709961E+001
 0.2929293    0.2720727539E+001    0.1918524170E+001
 0.3030303    0.2609161377E+001    0.1926605225E+001
 0.3131313    0.2570343018E+001    0.1874957275E+001
 0.3232323    0.2495019531E+001    0.1833911133E+001
 0.3333333    0.2434197998E+001    0.1785455322E+001
 0.3434343    0.2350976563E+001    0.1725714111E+001
 0.3535354    0.2249224854E+001    0.1683758545E+001
 0.3636364    0.2166748047E+001    0.1648632813E+001
 0.3737374    0.2106494141E+001    0.1653149414E+001
 0.3838384    0.2011114502E+001    0.1590905762E+001
 0.3939394    0.1923431396E+001    0.1565649414E+001
 0.4040404    0.1844079590E+001    0.1507543945E+001
 0.4141414    0.1744122314E+001    0.1489392090E+001
 0.4242424    0.1674566650E+001    0.1437127686E+001
 0.4343434    0.1590405273E+001    0.1394976807E+001
 0.4444444    0.1497918701E+001    0.1386218262E+001
 0.4545455    0.1384057617E+001    0.1297747803E+001
 0.4646465    0.1290783691E+001    0.1285406494E+001
 0.4747475    0.1222363281E+001    0.1228338623E+001
 0.4848485    0.1134393311E+001    0.1212225342E+001
 0.4949495    0.1032830811E+001    0.1130023193E+001
 0.5050505    0.9601623535E+000    0.1125701904E+001
 0.5151515    0.9741394043E+000    0.1089825439E+001
 0.5252525    0.9667602539E+000    0.1098651123E+001
 0.5353535    0.9687561035E+000    0.1111303711E+001
 0.5454545    0.9423767090E+000    0.1123199463E+001
 0.5555556    0.9556274414E+000    0.1135388184E+001
 0.5656566    0.9275634766E+000    0.1101458740E+001
 0.5757576    0.9399291992E+000    0.1113006592E+001
 0.5858586    0.9346740723E+000    0.1112255859E+001
 0.5959596    0.9285400391E+000    0.1110540771E+001
 0.6060606    0.9166870117E+000    0.1118688965E+001
 0.6161616    0.9288879395E+000    0.1112109375E+001
 0.6262626    0.9077209473E+000    0.1113574219E+001
 0.6363636    0.8801696777E+000    0.1130908203E+001
 0.6464646    0.8608337402E+000    0.1109857178E+001
 0.6565657    0.8529052734E+000    0.1072540283E+001
 0.6666667    0.8719482422E+000    0.1101458740E+001
 0.6767677    0.8374877930E+000    0.1084063721E+001
 0.6868687    0.8235290527E+000    0.1095983887E+001
 0.6969697    0.7834106445E+000    0.1083282471E+001
 0.7070707    0.7956298828E+000    0.1091204834E+001
 0.7171717    0.7561218262E+000    0.1063623047E+001
 0.7272727    0.7639709473E+000    0.1066540527E+001
 0.7373737    0.7356140137E+000    0.1079022217E+001
 0.7474747    0.7125549316E+000    0.1089093018E+001
 0.7575758    0.6823547363E+000    0.1038818359E+001
 0.7676768    0.6882568359E+000    0.1063671875E+001
 0.7777778    0.6405029297E+000    0.1037457275E+001
 0.7878788    0.6497314453E+000    0.1066345215E+001
 0.7979798    0.6041748047E+000    0.1041241455E+001
 0.8080808    0.6021362305E+000    0.1032391357E+001
 0.8181818    0.5514099121E+000    0.1000451660E+001
 0.8282828    0.5312072754E+000    0.1021893311E+001
 0.8383838    0.5247741699E+000    0.1017962646E+001
 0.8484848    0.5023986816E+000    0.1012371826E+001
 0.8585859    0.4447265625E+000    0.9959899902E+000
 0.8686869    0.4356079102E+000    0.9768127441E+000
 0.8787879    0.4018371582E+000    0.9731384277E+000
 0.8888889    0.3930297852E+000    0.9833374023E+000
 0.8989899    0.3284667969E+000    0.9456054687E+000
 0.9090909    0.3243286133E+000    0.9589843750E+000
 0.9191919    0.2994323730E+000    0.9795104980E+000
 0.9292929    0.2446960449E+000    0.9356445312E+000
 0.9393939    0.2272216797E+000    0.9379028320E+000
 0.9494949    0.1695983887E+000    0.9209777832E+000
 0.9595960    0.1662902832E+000    0.9115356445E+000
 0.9696970    0.1380126953E+000    0.9147033691E+000
 0.9797980    0.1222900391E+000    0.9290832520E+000
 0.9898990    0.3717651367E-001    0.8636169434E+000
 1.0000000    0.0000000000E+000    0.8602050781E+000


# Weightfunction after cycle      15329
 0.0000000    0.2887156677E+001    0.2252055359E+001
 0.0101010    0.2905287170E+001    0.2268629456E+001
 0.0202020    0.2934156799E+001    0.2268388367E+001
 0.0303030    0.2953991699E+001    0.2299572754E+001
 0.0404040    0.2977641296E+001    0.2291482544E+001
 0.0505051    0.3024324036E+001    0.2314984131E+001
 0.0606061    0.3075186157E+001    0.2323512268E+001
 0.0707071    0.3153428650E+001    0.2329653931E+001
 0.0808081    0.3149040222E+001    0.2323171997E+001
 0.0909091    0.3200091553E+001    0.2345928955E+001
 0.1010101    0.3231188965E+001    0.2310937500E+001
 0.1111111    0.3266461182E+001    0.2301820374E+001
 0.1212121    0.3306773376E+001    0.2349424744E+001
 0.1313131    0.3338262939E+001    0.2346162415E+001
 0.1414141    0.3331590271E+001    0.2300938416E+001
 0.1515152    0.3318898010E+001    0.2285260010E+001
 0.1616162    0.3333106995E+001    0.2276673889E+001
 0.1717172    0.3328494263E+001    0.2224720764E+001
 0.1818182    0.3281225586E+001    0.2231581116E+001
 0.1919192    0.3279158020E+001    0.2230207825E+001
 0.2020202    0.3225689697E+001    0.2187454224E+001
 0.2121212    0.3210491943E+001    0.2188824463E+001
 0.2222222    0.3148577881E+001    0.2154704285E+001
 0.2323232    0.3097224426E+001    0.2107830811E+001
 0.2424242    0.3057888794E+001    0.2073542786E+001
 0.2525253    0.2969042969E+001    0.2018548584E+001
 0.2626263    0.2902445984E+001    0.2021174622E+001
 0.2727273    0.2878758240E+001    0.1994979858E+001
 0.2828283    0.2763452148E+001    0.1952946472E+001
 0.2929293    0.2720080566E+001    0.1919586182E+001
 0.3030303    0.2608842468E+001    0.1926597595E+001
 0.3131313    0.2570712280E+001    0.1875917053E+001
 0.3232323    0.2494787598E+001    0.1834576416E+001
 0.3333333    0.2433857727E+001    0.1786215210E+001
 0.3434343    0.2350180054E+001    0.1726701355E+001
 0.3535354    0.2249208069E+001    0.1685021973E+001
 0.3636364    0.2166586304E+001    0.1649519348E+001
 0.3737374    0.2106028748E+001    0.1653890991E+001
 0.3838384    0.2010940552E+001    0.1591896057E+001
 0.3939394    0.1923060608E+001    0.1566491699E+001
 0.4040404    0.1843347168E+001    0.1508184814E+001
 0.4141414    0.1744099426E+001    0.1489984131E+001
 0.4242424    0.1673803711E+001    0.1438204956E+001
 0.4343434    0.1590017700E+001    0.1396089172E+001
 0.4444444    0.1496995544E+001    0.1386875916E+001
 0.4545455    0.1383654785E+001    0.1298616028E+001
 0.4646465    0.1289942932E+001    0.1286329651E+001
 0.4747475    0.1221594238E+001    0.1229302979E+001
 0.4848485    0.1133804321E+001    0.1212872314E+001
 0.4949495    0.1032055664E+001    0.1131127930E+001
 0.5050505    0.9594421387E+000    0.1126863098E+001
 0.5151515    0.9737838745E+000    0.1090406799E+001
 0.5252525    0.9659103394E+000    0.1099392700E+001
 0.5353535    0.9686035156E+000    0.1111918640E+001
 0.5454545    0.9420776367E+000    0.1124337769E+001
 0.5555556    0.9548538208E+000    0.1136222839E+001
 0.5656566    0.9274795532E+000    0.1102430725E+001
 0.5757576    0.9397079468E+000    0.1114086914E+001
 0.5858586    0.9342559814E+000    0.1112908936E+001
 0.5959596    0.9277313232E+000    0.1111643982E+001
 0.6060606    0.9161300659E+000    0.1119996643E+001
 0.6161616    0.9284957886E+000    0.1113114929E+001
 0.6262626    0.9072296143E+000    0.1114352417E+001
 0.6363636    0.8795989990E+000    0.1131343079E+001
 0.6464646    0.8608718872E+000    0.1110273743E+001
 0.6565657    0.8526229858E+000    0.1073562622E+001
 0.6666667    0.8710693359E+000    0.1102136230E+001
 0.6767677    0.8370956421E+000    0.1084854126E+001
 0.6868687    0.8236663818E+000    0.1096528625E+001
 0.6969697    0.7834945679E+000    0.1083839417E+001
 0.7070707    0.7951812744E+000    0.1092027283E+001
 0.7171717    0.7560821533E+000    0.1064863586E+001
 0.7272727    0.7637344360E+000    0.1067131042E+001
 0.7373737    0.7349945068E+000    0.1079667664E+001
 0.7474747    0.7126220703E+000    0.1089668274E+001
 0.7575758    0.6822204590E+000    0.1039756775E+001
 0.7676768    0.6875457764E+000    0.1064198303E+001
 0.7777778    0.6405242920E+000    0.1038192749E+001
 0.7878788    0.6492691040E+000    0.1066851807E+001
 0.7979798    0.6038833618E+000    0.1042047119E+001
 0.8080808    0.6015075684E+000    0.1032749939E+001
 0.8181818    0.5512115479E+000    0.1001600647E+001
 0.8282828    0.5311447144E+000    0.1022746277E+001
 0.8383838    0.5244476318E+000    0.1018746948E+001
 0.8484848    0.5020126343E+000    0.1013101196E+001
 0.8585859    0.4448486328E+000    0.9968795776E+000
 0.8686869    0.4356353760E+000    0.9776687622E+000
 0.8787879    0.4014343262E+000    0.9737640381E+000
 0.8888889    0.3924438477E+000    0.9838333130E+000
 0.8989899    0.3288040161E+000    0.9468811035E+000
 0.9090909    0.3239715576E+000    0.9597259521E+000
 0.9191919    0.2990676880E+000    0.9800765991E+000
 0.9292929    0.2446823120E+000    0.9366378784E+000
 0.9393939    0.2272537231E+000    0.9386291504E+000
 0.9494949    0.1694732666E+000    0.9214385986E+000
 0.9595960    0.1657226563E+000    0.9121551514E+000
 0.9696970    0.1373123169E+000    0.9150512695E+000
 0.9797980    0.1216629028E+000    0.9295425415E+000
 0.9898990    0.3663787842E-001    0.8640533447E+000
 1.0000000    0.0000000000E+000    0.8610809326E+000


