# Cycle, (volume(Ib), Ib=1,N_Box)
       100   0.9011897685E+005   0.1725218833E+006
       200   0.8911393448E+005   0.1726381742E+006
       300   0.9276228500E+005   0.1775297644E+006
       400   0.9088710148E+005   0.1706667680E+006
       500   0.9302325261E+005   0.1634333176E+006
       600   0.9334597176E+005   0.1632938319E+006
       700   0.9526197908E+005   0.1591320810E+006
       800   0.9729104823E+005   0.1515337672E+006
       900   0.9967238227E+005   0.1652432431E+006
      1000   0.9882502462E+005   0.1662772157E+006
      1100   0.9727235413E+005   0.1770493233E+006
      1200   0.9767325634E+005   0.1666428199E+006
      1300   0.9878684585E+005   0.1767087375E+006
      1400   0.9775203438E+005   0.1643764564E+006
      1500   0.1015490235E+006   0.1749135730E+006
      1600   0.1008700218E+006   0.1749226584E+006
      1700   0.1024296621E+006   0.1765187167E+006
      1800   0.9940731921E+005   0.1777673218E+006
      1900   0.9961640812E+005   0.1711145147E+006
      2000   0.9681130005E+005   0.1656666844E+006
      2100   0.9909937676E+005   0.1582402160E+006
      2200   0.9723582945E+005   0.1616714209E+006
      2300   0.9807680414E+005   0.1569010849E+006
      2400   0.9738999322E+005   0.1554760417E+006
      2500   0.9793730142E+005   0.1594457984E+006
      2600   0.1006202745E+006   0.1652497296E+006
      2700   0.9997668430E+005   0.1643360148E+006
      2800   0.1019030125E+006   0.1542766663E+006
      2900   0.1061488102E+006   0.1587492724E+006
      3000   0.1025595978E+006   0.1630676975E+006
      3100   0.1076245727E+006   0.1672537272E+006
      3200   0.1085018933E+006   0.1681117222E+006
      3300   0.1079682456E+006   0.1627489967E+006
      3400   0.1102735653E+006   0.1711595173E+006
      3500   0.1067716084E+006   0.1543904968E+006
      3600   0.1051569261E+006   0.1474469309E+006
      3700   0.1033564160E+006   0.1536472521E+006
      3800   0.1055706839E+006   0.1605242238E+006
      3900   0.1072109924E+006   0.1562350061E+006
      4000   0.1014000581E+006   0.1509213816E+006
      4100   0.1059577425E+006   0.1557845707E+006
      4200   0.1043848114E+006   0.1580304377E+006
      4300   0.1037993768E+006   0.1646970832E+006
      4400   0.1032908389E+006   0.1738538549E+006
      4500   0.1038551870E+006   0.1683883237E+006
      4600   0.1016701236E+006   0.1606567019E+006
      4700   0.1036154617E+006   0.1483157013E+006
      4800   0.1048100161E+006   0.1423142106E+006
      4900   0.1044528047E+006   0.1544448091E+006
      5000   0.1039919792E+006   0.1456469426E+006
      5100   0.1060584834E+006   0.1523860357E+006
      5200   0.1045206602E+006   0.1593241280E+006
      5300   0.1060118856E+006   0.1665747746E+006
      5400   0.1056162308E+006   0.1767984402E+006
      5500   0.1057416058E+006   0.1555354021E+006
      5600   0.1062219350E+006   0.1564829750E+006
      5700   0.1043781834E+006   0.1494635970E+006
      5800   0.1024787860E+006   0.1484444858E+006
      5900   0.1009686431E+006   0.1464505910E+006
      6000   0.1037350205E+006   0.1293903201E+006
      6100   0.1059174648E+006   0.1316805555E+006
      6200   0.1053366379E+006   0.1492397324E+006
      6300   0.1105774845E+006   0.1407025235E+006
      6400   0.1113360823E+006   0.1417930710E+006
      6500   0.1112322662E+006   0.1388825128E+006
      6600   0.1111201423E+006   0.1434810608E+006
      6700   0.1160792548E+006   0.1395134181E+006
      6800   0.1133304346E+006   0.1505134368E+006
      6900   0.1138903286E+006   0.1342542660E+006
      7000   0.1107988635E+006   0.1385492955E+006
      7100   0.1157859030E+006   0.1287296550E+006
      7200   0.1189928551E+006   0.1351693215E+006
      7300   0.1189926733E+006   0.1362770838E+006
      7400   0.1181636068E+006   0.1288441582E+006
      7500   0.1170482641E+006   0.1369237441E+006
      7600   0.1187207546E+006   0.1343184317E+006
      7700   0.1180168062E+006   0.1386309646E+006
      7800   0.1202337475E+006   0.1375450124E+006
      7900   0.1186944531E+006   0.1407995976E+006
      8000   0.1188977208E+006   0.1235586767E+006
      8100   0.1160628247E+006   0.1427472463E+006
      8200   0.1171252781E+006   0.1361121768E+006
      8300   0.1181048435E+006   0.1315201192E+006
      8400   0.1182631064E+006   0.1337203963E+006
      8500   0.1188879540E+006   0.1341274330E+006
      8600   0.1181099358E+006   0.1340760431E+006
      8700   0.1139480225E+006   0.1437488234E+006
      8800   0.1155439839E+006   0.1417533900E+006
      8900   0.1192248860E+006   0.1403741418E+006
      9000   0.1160339302E+006   0.1450273310E+006
      9100   0.1162747366E+006   0.1406216853E+006
      9200   0.1182246232E+006   0.1349151030E+006
      9300   0.1153566594E+006   0.1432202459E+006
      9400   0.1175581011E+006   0.1305060572E+006
      9500   0.1191483044E+006   0.1302632401E+006
      9600   0.1190779254E+006   0.1324758725E+006
      9700   0.1206058619E+006   0.1443121290E+006
      9800   0.1171787483E+006   0.1338852239E+006
      9900   0.1209489953E+006   0.1417693616E+006
     10000   0.1205883660E+006   0.1321076219E+006
     10100   0.1197736606E+006   0.1282417113E+006
     10200   0.1173392819E+006   0.1313232813E+006
     10300   0.1179945461E+006   0.1222576248E+006
     10400   0.1196160548E+006   0.1128388266E+006
     10500   0.1201471189E+006   0.1302807574E+006
     10600   0.1201888499E+006   0.1269506400E+006
     10700   0.1183221308E+006   0.1339147721E+006
     10800   0.1179378848E+006   0.1344256696E+006
     10900   0.1174830367E+006   0.1417972759E+006
     11000   0.1192758876E+006   0.1187874976E+006
     11100   0.1177278019E+006   0.1242357791E+006
     11200   0.1170719293E+006   0.1195497110E+006
     11300   0.1150351968E+006   0.1220408988E+006
     11400   0.1153772409E+006   0.1234636422E+006
     11500   0.1221536969E+006   0.1284977717E+006
     11600   0.1211703338E+006   0.1351792204E+006
     11700   0.1211867618E+006   0.1364428545E+006
     11800   0.1204237621E+006   0.1527052533E+006
     11900   0.1183199306E+006   0.1446714058E+006
     12000   0.1176261910E+006   0.1414240234E+006
     12100   0.1153500106E+006   0.1516332561E+006
     12200   0.1186945416E+006   0.1515587644E+006
     12300   0.1171877182E+006   0.1481503088E+006
     12400   0.1153679504E+006   0.1471265352E+006
     12500   0.1156492264E+006   0.1454943385E+006
     12600   0.1179240228E+006   0.1474582992E+006
     12700   0.1177929010E+006   0.1471347648E+006
     12800   0.1171021680E+006   0.1318428667E+006
     12900   0.1152264893E+006   0.1356112691E+006
     13000   0.1157291566E+006   0.1417746698E+006
     13100   0.1194923540E+006   0.1347366410E+006
     13200   0.1181980559E+006   0.1279938722E+006
     13300   0.1190646472E+006   0.1251627997E+006
     13400   0.1223980366E+006   0.1146259616E+006
     13500   0.1194137784E+006   0.1199831843E+006
     13600   0.1208148182E+006   0.1261691729E+006
     13700   0.1189530893E+006   0.1162407714E+006
     13800   0.1192535087E+006   0.1146459507E+006
     13900   0.1191675092E+006   0.1201561378E+006
     14000   0.1232130825E+006   0.1176471993E+006
     14100   0.1215619033E+006   0.1197326111E+006
     14200   0.1186651630E+006   0.1305699196E+006
     14300   0.1203759176E+006   0.1244473095E+006
     14400   0.1241016072E+006   0.1193989815E+006
     14500   0.1233963684E+006   0.1165906694E+006
     14600   0.1271471713E+006   0.1318306060E+006
     14700   0.1274365854E+006   0.1306069241E+006
     14800   0.1287320392E+006   0.1264732559E+006
     14900   0.1251308174E+006   0.1243577782E+006
     15000   0.1250955521E+006   0.1155126312E+006
     15100   0.1256432549E+006   0.1088327940E+006
     15200   0.1310823560E+006   0.1175315841E+006
     15300   0.1348084188E+006   0.1197001220E+006
     15400   0.1303620709E+006   0.1167260168E+006
     15500   0.1283048572E+006   0.1195827410E+006
     15600   0.1294416929E+006   0.1224491062E+006
     15700   0.1335704320E+006   0.1212936531E+006
     15800   0.1298642906E+006   0.1162221470E+006
     15900   0.1286571728E+006   0.1180385306E+006
     16000   0.1293101017E+006   0.1210834368E+006
     16100   0.1248524207E+006   0.1082884191E+006
     16200   0.1264301963E+006   0.1130771519E+006
     16300   0.1252698174E+006   0.1265468679E+006
     16400   0.1231447236E+006   0.1248898085E+006
     16500   0.1284528872E+006   0.1181978068E+006
     16600   0.1281620448E+006   0.1183754839E+006
     16700   0.1257179060E+006   0.1163492469E+006
     16800   0.1345703013E+006   0.1209097279E+006
     16900   0.1356159663E+006   0.1101329598E+006
     17000   0.1345644962E+006   0.1117685321E+006
     17100   0.1321854032E+006   0.1175771113E+006
     17200   0.1273641310E+006   0.1168355972E+006
     17300   0.1304154825E+006   0.1097653404E+006
     17400   0.1263086397E+006   0.1085093540E+006
     17500   0.1258172290E+006   0.1110128069E+006
     17600   0.1282290871E+006   0.1148522611E+006
     17700   0.1240342130E+006   0.1133372908E+006
     17800   0.1214485214E+006   0.1210777548E+006
     17900   0.1257988924E+006   0.1186778563E+006
     18000   0.1288321618E+006   0.1180891351E+006
     18100   0.1289611349E+006   0.1195835124E+006
     18200   0.1305709464E+006   0.1246061600E+006
     18300   0.1299761644E+006   0.1113787901E+006
     18400   0.1347350244E+006   0.1063501542E+006
     18500   0.1332641510E+006   0.1016265871E+006
     18600   0.1323946281E+006   0.1045689004E+006
     18700   0.1291740801E+006   0.1096867316E+006
     18800   0.1299974667E+006   0.1205660705E+006
     18900   0.1335298319E+006   0.1219998985E+006
     19000   0.1292115888E+006   0.1166634620E+006
     19100   0.1298408707E+006   0.1158163773E+006
     19200   0.1326464294E+006   0.1250773185E+006
     19300   0.1281062330E+006   0.1190480447E+006
     19400   0.1290661227E+006   0.1203687351E+006
     19500   0.1229964678E+006   0.1151012110E+006
     19600   0.1257359124E+006   0.1131085363E+006
     19700   0.1248774183E+006   0.1242937329E+006
     19800   0.1254918718E+006   0.1210704394E+006
     19900   0.1247271353E+006   0.1180880027E+006
     20000   0.1291682006E+006   0.1159200947E+006
     20100   0.1276701015E+006   0.1100177262E+006
     20200   0.1299820380E+006   0.1235215699E+006
     20300   0.1298626851E+006   0.1214712629E+006
     20400   0.1336589160E+006   0.1239866526E+006
     20500   0.1299521543E+006   0.1285314952E+006
     20600   0.1323496428E+006   0.1352722718E+006
     20700   0.1311680497E+006   0.1278296699E+006
     20800   0.1342464389E+006   0.1294887734E+006
     20900   0.1322877852E+006   0.1192029509E+006
     21000   0.1367272161E+006   0.1072314409E+006
     21100   0.1312990396E+006   0.1257231973E+006
     21200   0.1268334376E+006   0.1155849327E+006
     21300   0.1300334748E+006   0.1168196490E+006
     21400   0.1307269407E+006   0.1284653957E+006
     21500   0.1290416899E+006   0.1306268388E+006
     21600   0.1271828331E+006   0.1192915123E+006
     21700   0.1246145622E+006   0.1186972865E+006
     21800   0.1268324063E+006   0.1233547184E+006
     21900   0.1256847782E+006   0.1332005574E+006
     22000   0.1280247626E+006   0.1337661404E+006
     22100   0.1249164101E+006   0.1295390881E+006
     22200   0.1238563634E+006   0.1357853494E+006
     22300   0.1245260131E+006   0.1279032835E+006
     22400   0.1254677903E+006   0.1208969480E+006
     22500   0.1266538353E+006   0.1290143023E+006
     22600   0.1265814168E+006   0.1183495043E+006
     22700   0.1298128430E+006   0.1181684979E+006
     22800   0.1320679524E+006   0.1179722762E+006
     22900   0.1291406945E+006   0.1234891946E+006
     23000   0.1273985628E+006   0.1181123297E+006
     23100   0.1251731507E+006   0.1273603253E+006
     23200   0.1268556704E+006   0.1182710482E+006
     23300   0.1309717888E+006   0.1241443755E+006
     23400   0.1250197405E+006   0.1265492642E+006
     23500   0.1246540964E+006   0.1240299758E+006
     23600   0.1232697814E+006   0.1341237331E+006
     23700   0.1236505820E+006   0.1220357550E+006
     23800   0.1215492783E+006   0.1199271382E+006
     23900   0.1207039951E+006   0.1276004022E+006
     24000   0.1201785897E+006   0.1283659434E+006
     24100   0.1191653374E+006   0.1329106445E+006
     24200   0.1216701561E+006   0.1276794259E+006
     24300   0.1197806273E+006   0.1144952463E+006
     24400   0.1245523796E+006   0.1233849637E+006
     24500   0.1248363227E+006   0.1240865907E+006
     24600   0.1275320739E+006   0.1246743926E+006
     24700   0.1244829704E+006   0.1205060283E+006
     24800   0.1253599616E+006   0.1246132335E+006
     24900   0.1261578819E+006   0.1206606371E+006
     25000   0.1245299655E+006   0.1246985668E+006
     25100   0.1280774496E+006   0.1349193040E+006
     25200   0.1295219415E+006   0.1295110367E+006
     25300   0.1243598954E+006   0.1189058311E+006
     25400   0.1265005554E+006   0.1080245570E+006
     25500   0.1304867001E+006   0.1126278062E+006
     25600   0.1304559163E+006   0.1180879309E+006
     25700   0.1270591763E+006   0.1233508461E+006
     25800   0.1294639425E+006   0.1203246946E+006
     25900   0.1293105728E+006   0.1351955607E+006
     26000   0.1312046800E+006   0.1229675799E+006
     26100   0.1297658507E+006   0.1190883181E+006
     26200   0.1339221193E+006   0.1198692805E+006
     26300   0.1308652612E+006   0.1324061216E+006
     26400   0.1371543732E+006   0.1338134598E+006
     26500   0.1339764197E+006   0.1365508369E+006
     26600   0.1367784451E+006   0.1223118533E+006
     26700   0.1335260210E+006   0.1281591137E+006
     26800   0.1298267736E+006   0.1251507959E+006
     26900   0.1315900895E+006   0.1262258829E+006
     27000   0.1306515006E+006   0.1264807410E+006
     27100   0.1322693437E+006   0.1296422623E+006
     27200   0.1297004659E+006   0.1125392775E+006
     27300   0.1347788642E+006   0.1149643058E+006
     27400   0.1333493504E+006   0.1123888125E+006
     27500   0.1350326344E+006   0.1139044532E+006
     27600   0.1288751343E+006   0.1078678503E+006
     27700   0.1310523117E+006   0.1139211042E+006
     27800   0.1352156323E+006   0.1205901600E+006
     27900   0.1316800927E+006   0.1214664762E+006
     28000   0.1335940434E+006   0.1084377628E+006
     28100   0.1359681624E+006   0.1124666416E+006
     28200   0.1336132955E+006   0.1046848013E+006
     28300   0.1352014404E+006   0.1149779088E+006
     28400   0.1322246573E+006   0.1033348895E+006
     28500   0.1378190034E+006   0.1178169498E+006
     28600   0.1377052407E+006   0.1163462347E+006
     28700   0.1341823609E+006   0.9979995631E+005
     28800   0.1408398088E+006   0.1149020812E+006
     28900   0.1357906688E+006   0.1112675410E+006
     29000   0.1340346029E+006   0.1059099135E+006
     29100   0.1299578798E+006   0.1107508494E+006
     29200   0.1302402341E+006   0.1132707208E+006
     29300   0.1329847345E+006   0.1138772023E+006
     29400   0.1357177207E+006   0.1066802500E+006
     29500   0.1322429651E+006   0.1130372668E+006
     29600   0.1318898232E+006   0.1192308794E+006
     29700   0.1363016893E+006   0.1190720887E+006
     29800   0.1407320020E+006   0.1107859070E+006
     29900   0.1397165386E+006   0.1027425104E+006
     30000   0.1459383725E+006   0.1024130079E+006
     30100   0.1420645391E+006   0.1029942791E+006
     30200   0.1399492311E+006   0.9678320262E+005
     30300   0.1396760127E+006   0.1027052236E+006
     30400   0.1402133767E+006   0.1050380011E+006
     30500   0.1430805258E+006   0.1102270757E+006
     30600   0.1441482913E+006   0.9619910611E+005
     30700   0.1463605092E+006   0.1010322600E+006
     30800   0.1497980947E+006   0.1003114709E+006
     30900   0.1485307448E+006   0.1012727245E+006
     31000   0.1458471859E+006   0.1042919134E+006
     31100   0.1493120647E+006   0.1039753614E+006
     31200   0.1473632306E+006   0.9603111971E+005
     31300   0.1434999651E+006   0.9993978563E+005
     31400   0.1424579808E+006   0.9431657000E+005
     31500   0.1432239105E+006   0.1052168428E+006
     31600   0.1475480015E+006   0.1028627778E+006
     31700   0.1410268658E+006   0.1011566771E+006
     31800   0.1446657661E+006   0.1039792908E+006
     31900   0.1470932288E+006   0.1018667680E+006
     32000   0.1443943382E+006   0.1030381057E+006
     32100   0.1434682689E+006   0.9909733771E+005
     32200   0.1473396684E+006   0.9047659412E+005
     32300   0.1515353355E+006   0.1004916080E+006
     32400   0.1474600583E+006   0.9201059511E+005
     32500   0.1489166404E+006   0.9438087683E+005
     32600   0.1538986507E+006   0.9458408296E+005
     32700   0.1536753493E+006   0.8987837415E+005
     32800   0.1528401760E+006   0.9171233308E+005
     32900   0.1529371448E+006   0.8689303591E+005
     33000   0.1526477815E+006   0.9570655960E+005
     33100   0.1505351788E+006   0.8467505348E+005
     33200   0.1479158288E+006   0.8524653291E+005
     33300   0.1496453044E+006   0.8715221079E+005
     33400   0.1501853861E+006   0.8521342940E+005
     33500   0.1500251350E+006   0.9382808276E+005
     33600   0.1535999433E+006   0.9681347211E+005
     33700   0.1536078776E+006   0.1025881807E+006
     33800   0.1474397045E+006   0.1002266965E+006
     33900   0.1475793060E+006   0.1029673912E+006
     34000   0.1473700287E+006   0.1011712131E+006
     34100   0.1486813108E+006   0.9932010336E+005
     34200   0.1512316327E+006   0.1008525065E+006
     34300   0.1485187811E+006   0.1001313781E+006
     34400   0.1469680445E+006   0.1016258596E+006
     34500   0.1484349371E+006   0.1011685890E+006
     34600   0.1415772064E+006   0.1018465593E+006
     34700   0.1444418883E+006   0.1101016587E+006
     34800   0.1491251353E+006   0.1084352486E+006
     34900   0.1517654107E+006   0.9177363866E+005
     35000   0.1466603919E+006   0.8581196079E+005
     35100   0.1502508503E+006   0.9207183060E+005
     35200   0.1584779185E+006   0.8825571541E+005
     35300   0.1564896037E+006   0.8924000789E+005
     35400   0.1537742409E+006   0.9400706212E+005
     35500   0.1493312305E+006   0.9448211955E+005
     35600   0.1485310373E+006   0.9499136463E+005
     35700   0.1512344589E+006   0.9894674304E+005
     35800   0.1494258228E+006   0.9574670889E+005
     35900   0.1547814412E+006   0.9004632203E+005
     36000   0.1531580801E+006   0.9223786367E+005
     36100   0.1515633466E+006   0.9499966698E+005
     36200   0.1494144452E+006   0.9407311722E+005
     36300   0.1496413776E+006   0.9533861379E+005
     36400   0.1477676180E+006   0.9945474099E+005
     36500   0.1494729258E+006   0.1025554972E+006
     36600   0.1479756393E+006   0.9513279451E+005
     36700   0.1447716567E+006   0.9620619127E+005
     36800   0.1483837159E+006   0.1005075604E+006
     36900   0.1459895240E+006   0.9463454907E+005
     37000   0.1453862691E+006   0.9218109398E+005
     37100   0.1472426198E+006   0.8776754039E+005
     37200   0.1485902297E+006   0.8323335339E+005
     37300   0.1459383114E+006   0.8116721148E+005
     37400   0.1497347794E+006   0.8423809578E+005
     37500   0.1550832564E+006   0.8673144682E+005
     37600   0.1549886341E+006   0.8900342996E+005
     37700   0.1537065697E+006   0.9379053494E+005
     37800   0.1598952562E+006   0.9842743735E+005
     37900   0.1568190163E+006   0.1059801647E+006
     38000   0.1505015953E+006   0.1085987159E+006
     38100   0.1532089976E+006   0.9739336601E+005
     38200   0.1540476738E+006   0.9812479645E+005
     38300   0.1575656745E+006   0.9706471810E+005
     38400   0.1608939982E+006   0.9936552030E+005
     38500   0.1616697717E+006   0.9081467706E+005
     38600   0.1650229739E+006   0.8941060268E+005
     38700   0.1653493201E+006   0.9663857605E+005
     38800   0.1626568431E+006   0.8829696134E+005
     38900   0.1659369876E+006   0.9675498023E+005
     39000   0.1534146899E+006   0.9871982102E+005
     39100   0.1558864616E+006   0.9955962431E+005
     39200   0.1545722191E+006   0.8676362729E+005
     39300   0.1609453119E+006   0.8670469419E+005
     39400   0.1603686873E+006   0.8829900370E+005
     39500   0.1588344441E+006   0.8926826103E+005
     39600   0.1552068755E+006   0.9250706941E+005
     39700   0.1548633423E+006   0.9238695061E+005
     39800   0.1592189854E+006   0.9141552980E+005
     39900   0.1614125228E+006   0.9759346333E+005
     40000   0.1652985729E+006   0.8701348492E+005
     40100   0.1623882792E+006   0.8136038678E+005
     40200   0.1692187507E+006   0.8391880134E+005
     40300   0.1621999349E+006   0.8264944178E+005
     40400   0.1686716178E+006   0.8240429675E+005
     40500   0.1701873651E+006   0.8327103351E+005
     40600   0.1683527185E+006   0.7972549940E+005
     40700   0.1709559561E+006   0.7678171047E+005
     40800   0.1824452744E+006   0.7737175634E+005
     40900   0.1785612212E+006   0.7525500085E+005
     41000   0.1748663314E+006   0.7270731918E+005
     41100   0.1775121597E+006   0.7031927042E+005
     41200   0.1747050814E+006   0.6832949494E+005
     41300   0.1796840261E+006   0.6680512234E+005
     41400   0.1784183225E+006   0.6586867115E+005
     41500   0.1782238417E+006   0.6103230512E+005
     41600   0.1762542562E+006   0.6159464575E+005
     41700   0.1786925579E+006   0.5787506672E+005
     41800   0.1884616106E+006   0.5613656137E+005
     41900   0.1873623130E+006   0.4858037625E+005
     42000   0.1836935107E+006   0.5219172977E+005
     42100   0.1819587777E+006   0.5317012061E+005
     42200   0.1802703619E+006   0.6408880717E+005
     42300   0.1859105825E+006   0.5710749698E+005
     42400   0.1954699913E+006   0.5933683791E+005
     42500   0.2103788516E+006   0.5819084305E+005
     42600   0.1939602146E+006   0.5934453688E+005
     42700   0.1948769094E+006   0.6086015369E+005
     42800   0.1896593364E+006   0.5678321306E+005
     42900   0.1908417712E+006   0.6679092418E+005
     43000   0.1927475638E+006   0.5473780231E+005
     43100   0.1837143918E+006   0.5869071325E+005
     43200   0.1865270692E+006   0.6075119601E+005
     43300   0.1871610771E+006   0.6107402275E+005
     43400   0.1905361761E+006   0.5973857123E+005
     43500   0.1930123702E+006   0.5035549375E+005
     43600   0.1893079512E+006   0.5205990439E+005
     43700   0.1897436059E+006   0.4898534993E+005
     43800   0.2043893463E+006   0.5248602104E+005
     43900   0.1991743791E+006   0.5150778175E+005
     44000   0.2000894117E+006   0.4797261694E+005
     44100   0.2045556454E+006   0.4854017957E+005
     44200   0.2091616615E+006   0.5067354181E+005
     44300   0.2075726575E+006   0.5303455031E+005
     44400   0.2116565431E+006   0.4883724099E+005
     44500   0.2090645468E+006   0.4737758436E+005
     44600   0.2154085897E+006   0.4631395771E+005
     44700   0.2131830012E+006   0.4382163194E+005
     44800   0.2182604965E+006   0.4202030987E+005
     44900   0.2109195548E+006   0.4232642979E+005
     45000   0.2073803317E+006   0.4736065187E+005
     45100   0.2103209035E+006   0.4798429470E+005
     45200   0.2148363304E+006   0.5290872209E+005
     45300   0.2056497044E+006   0.5264367318E+005
     45400   0.2070720890E+006   0.5194059223E+005
     45500   0.2150881129E+006   0.5345575638E+005
     45600   0.2224956163E+006   0.4878845691E+005
     45700   0.2302905987E+006   0.4603577989E+005
     45800   0.2278672191E+006   0.4137385062E+005
     45900   0.2303664763E+006   0.4679393835E+005
     46000   0.2335735794E+006   0.4351944853E+005
     46100   0.2279972096E+006   0.4050556838E+005
     46200   0.2319001300E+006   0.3840718047E+005
     46300   0.2150172402E+006   0.3717224186E+005
