# Cycle, ((Average density(Ib,Tm), Tm=1,N_MolType), Ib=1,N_Box)
    100100   0.1019336910E+004   0.1857258201E+002   0.6005930064E+002   0.2757798250E+002
    100200   0.1014557483E+004   0.1922011019E+002   0.5995379032E+002   0.2745218229E+002
    100300   0.1008501172E+004   0.1951286467E+002   0.5925499818E+002   0.2711661056E+002
    100400   0.1000918736E+004   0.2134197631E+002   0.5921213854E+002   0.2698792969E+002
    100500   0.1000030749E+004   0.2361200097E+002   0.5882328065E+002   0.2666626142E+002
    100600   0.1000199706E+004   0.2336579417E+002   0.5903912950E+002   0.2676224878E+002
    100700   0.1002318599E+004   0.2287623569E+002   0.5936508536E+002   0.2694764154E+002
    100800   0.1002673167E+004   0.2309046196E+002   0.5976506225E+002   0.2710195784E+002
    100900   0.1002940679E+004   0.2341732764E+002   0.5958475788E+002   0.2703099526E+002
    101000   0.1004091062E+004   0.2311905403E+002   0.5937720898E+002   0.2700324022E+002
    101100   0.1003162250E+004   0.2368015191E+002   0.5922528770E+002   0.2691682867E+002
    101200   0.1002698764E+004   0.2421480785E+002   0.5930324927E+002   0.2692936795E+002
    101300   0.1003842645E+004   0.2500701924E+002   0.5943378414E+002   0.2695302683E+002
    101400   0.1005325181E+004   0.2526039806E+002   0.5980754172E+002   0.2712343525E+002
    101500   0.1006142083E+004   0.2542726834E+002   0.5974100447E+002   0.2710271813E+002
    101600   0.1005921859E+004   0.2525018253E+002   0.5974547311E+002   0.2712256358E+002
    101700   0.1005448189E+004   0.2524633359E+002   0.5976675695E+002   0.2713195352E+002
    101800   0.1005399397E+004   0.2519648454E+002   0.5974397770E+002   0.2713060961E+002
    101900   0.1004272398E+004   0.2509565955E+002   0.5972591046E+002   0.2712746868E+002
    102000   0.1002302016E+004   0.2568779711E+002   0.5996541101E+002   0.2717261802E+002
    102100   0.1000915731E+004   0.2592433479E+002   0.6032084649E+002   0.2729133458E+002
    102200   0.1000064847E+004   0.2567619660E+002   0.6026322661E+002   0.2727251704E+002
    102300   0.9987592079E+003   0.2534297907E+002   0.6031432427E+002   0.2731182786E+002
    102400   0.9977869497E+003   0.2541392123E+002   0.6040047226E+002   0.2733666810E+002
    102500   0.9974351435E+003   0.2565876504E+002   0.6050660921E+002   0.2736501226E+002
    102600   0.9966333447E+003   0.2589408808E+002   0.6051552278E+002   0.2734165278E+002
    102700   0.9962815133E+003   0.2576647944E+002   0.6054154936E+002   0.2734452408E+002
    102800   0.9959714981E+003   0.2545687441E+002   0.6046272185E+002   0.2731643396E+002
    102900   0.9953394154E+003   0.2545538824E+002   0.6043823520E+002   0.2729934136E+002
    103000   0.9947420053E+003   0.2518625212E+002   0.6038402271E+002   0.2727655236E+002
    103100   0.9947635777E+003   0.2492500823E+002   0.6032811958E+002   0.2725385454E+002
    103200   0.9948293312E+003   0.2480831158E+002   0.6035784180E+002   0.2725845872E+002
    103300   0.9945491122E+003   0.2474144473E+002   0.6036254333E+002   0.2724991383E+002
    103400   0.9940593386E+003   0.2476198706E+002   0.6028989365E+002   0.2720034198E+002
    103500   0.9941466321E+003   0.2484795643E+002   0.6029551984E+002   0.2718403791E+002
    103600   0.9939345513E+003   0.2488912949E+002   0.6038551045E+002   0.2720668375E+002
    103700   0.9938329199E+003   0.2509828455E+002   0.6048984283E+002   0.2722882297E+002
    103800   0.9937897094E+003   0.2521999678E+002   0.6046857796E+002   0.2720047425E+002
    103900   0.9939469838E+003   0.2533043185E+002   0.6052369101E+002   0.2720663078E+002
    104000   0.9945459941E+003   0.2517288523E+002   0.6044731365E+002   0.2717173362E+002
    104100   0.9958953269E+003   0.2487330643E+002   0.6033446550E+002   0.2713355448E+002
    104200   0.9972952382E+003   0.2457588915E+002   0.6026078902E+002   0.2711210926E+002
    104300   0.9984120940E+003   0.2443553436E+002   0.6028451273E+002   0.2713054733E+002
    104400   0.9992632422E+003   0.2429690310E+002   0.6029190166E+002   0.2713726633E+002
    104500   0.1000155720E+004   0.2433274523E+002   0.6030861548E+002   0.2713759705E+002
    104600   0.1000308074E+004   0.2431576540E+002   0.6024767201E+002   0.2710132406E+002
    104700   0.1000293095E+004   0.2442061604E+002   0.6021316990E+002   0.2707172689E+002
    104800   0.1000239817E+004   0.2454876257E+002   0.6028538536E+002   0.2708002250E+002
    104900   0.1000468824E+004   0.2443615754E+002   0.6024786805E+002   0.2705800703E+002
    105000   0.1000881008E+004   0.2422012774E+002   0.6022439467E+002   0.2704908738E+002
    105100   0.1001294389E+004   0.2418328790E+002   0.6026050435E+002   0.2705433427E+002
    105200   0.1001374005E+004   0.2425273910E+002   0.6025894387E+002   0.2703148342E+002
    105300   0.1001273770E+004   0.2429177870E+002   0.6027857558E+002   0.2702041849E+002
    105400   0.1001254751E+004   0.2427020819E+002   0.6028166616E+002   0.2699729230E+002
    105500   0.1001353213E+004   0.2432507502E+002   0.6028185161E+002   0.2697737890E+002
    105600   0.1001394854E+004   0.2447593344E+002   0.6031304859E+002   0.2696333075E+002
    105700   0.1001315450E+004   0.2443161198E+002   0.6032409379E+002   0.2695188591E+002
    105800   0.1001501323E+004   0.2432448955E+002   0.6029008617E+002   0.2692230551E+002
    105900   0.1001587602E+004   0.2421659237E+002   0.6030460408E+002   0.2690896749E+002
    106000   0.1001531242E+004   0.2426974942E+002   0.6028565236E+002   0.2687575167E+002
    106100   0.1001465372E+004   0.2419390732E+002   0.6028941933E+002   0.2685931682E+002
    106200   0.1001572844E+004   0.2403305479E+002   0.6026829727E+002   0.2683944291E+002
    106300   0.1001458435E+004   0.2407130577E+002   0.6029042682E+002   0.2683292457E+002
    106400   0.1001379441E+004   0.2410889102E+002   0.6024633972E+002   0.2679106992E+002
    106500   0.1001228462E+004   0.2391407106E+002   0.6027507063E+002   0.2679306337E+002
    106600   0.1001115500E+004   0.2382214465E+002   0.6028748518E+002   0.2678895108E+002
    106700   0.1000902882E+004   0.2374106421E+002   0.6031337513E+002   0.2678631765E+002
    106800   0.1000559390E+004   0.2376570849E+002   0.6034345086E+002   0.2677811600E+002
    106900   0.1000629929E+004   0.2382835767E+002   0.6037672542E+002   0.2676851629E+002
    107000   0.1000805718E+004   0.2398793760E+002   0.6041645546E+002   0.2676103803E+002
    107100   0.1000712263E+004   0.2398558538E+002   0.6045598512E+002   0.2676370717E+002
    107200   0.1000604722E+004   0.2392683326E+002   0.6047701576E+002   0.2676253003E+002
    107300   0.1000246435E+004   0.2395243417E+002   0.6050797318E+002   0.2676250808E+002
    107400   0.9999534820E+003   0.2395873126E+002   0.6048387061E+002   0.2674267990E+002
    107500   0.9997553763E+003   0.2399868297E+002   0.6046567013E+002   0.2672683157E+002
    107600   0.9998065954E+003   0.2402833891E+002   0.6044454940E+002   0.2671234566E+002
    107700   0.9997256918E+003   0.2401937355E+002   0.6039813782E+002   0.2668821720E+002
    107800   0.9997016879E+003   0.2401516315E+002   0.6039942630E+002   0.2668577821E+002
    107900   0.9995512698E+003   0.2397004826E+002   0.6036134985E+002   0.2666638081E+002
    108000   0.9992677906E+003   0.2388530745E+002   0.6034544359E+002   0.2665928101E+002
    108100   0.9992523686E+003   0.2379074781E+002   0.6028628629E+002   0.2663732532E+002
    108200   0.9994337609E+003   0.2368757999E+002   0.6023263178E+002   0.2661767327E+002
    108300   0.9995683054E+003   0.2347629304E+002   0.6021227142E+002   0.2661728347E+002
    108400   0.9994414729E+003   0.2330840212E+002   0.6022598628E+002   0.2662902273E+002
    108500   0.9991162560E+003   0.2314218880E+002   0.6019762206E+002   0.2662329202E+002
    108600   0.9988939656E+003   0.2307311145E+002   0.6018003155E+002   0.2661899038E+002
    108700   0.9987368726E+003   0.2306864740E+002   0.6019404714E+002   0.2662275032E+002
    108800   0.9985044494E+003   0.2306161656E+002   0.6021669946E+002   0.2662922314E+002
    108900   0.9986368275E+003   0.2301319833E+002   0.6019492937E+002   0.2661705968E+002
    109000   0.9990518116E+003   0.2290337217E+002   0.6017383039E+002   0.2660857107E+002
    109100   0.9992331792E+003   0.2283919140E+002   0.6021070956E+002   0.2662471458E+002
    109200   0.9992926952E+003   0.2280822127E+002   0.6028293985E+002   0.2665267110E+002
    109300   0.9991639479E+003   0.2284464780E+002   0.6033497867E+002   0.2666639259E+002
    109400   0.9990490928E+003   0.2283861273E+002   0.6032233544E+002   0.2665553498E+002
    109500   0.9989635355E+003   0.2281875037E+002   0.6031533374E+002   0.2664662385E+002
    109600   0.9988221490E+003   0.2277104654E+002   0.6028940705E+002   0.2663368536E+002
    109700   0.9986878788E+003   0.2272284934E+002   0.6028785025E+002   0.2663077699E+002
    109800   0.9984365704E+003   0.2263441617E+002   0.6027987424E+002   0.2662340935E+002
    109900   0.9981957433E+003   0.2270532622E+002   0.6027940705E+002   0.2661078382E+002
    110000   0.9980165819E+003   0.2290292670E+002   0.6025296192E+002   0.2658127570E+002
    110100   0.9978406270E+003   0.2305830843E+002   0.6024454407E+002   0.2656364821E+002
    110200   0.9973533331E+003   0.2329419753E+002   0.6025952188E+002   0.2654773388E+002
    110300   0.9969562929E+003   0.2341870653E+002   0.6026003380E+002   0.2653440548E+002
    110400   0.9968281776E+003   0.2356780861E+002   0.6024629181E+002   0.2651714290E+002
    110500   0.9968386019E+003   0.2369428850E+002   0.6023929971E+002   0.2650483618E+002
    110600   0.9966460037E+003   0.2374823261E+002   0.6023125009E+002   0.2649373460E+002
    110700   0.9964461693E+003   0.2379876036E+002   0.6020611168E+002   0.2647438925E+002
    110800   0.9963331935E+003   0.2387863547E+002   0.6019293469E+002   0.2645922175E+002
    110900   0.9964275130E+003   0.2384443655E+002   0.6021035874E+002   0.2646374869E+002
    111000   0.9964553853E+003   0.2380926317E+002   0.6021739404E+002   0.2646511276E+002
    111100   0.9964435793E+003   0.2386169239E+002   0.6021408016E+002   0.2645511924E+002
    111200   0.9963084272E+003   0.2386681292E+002   0.6019252503E+002   0.2643768082E+002
    111300   0.9963057107E+003   0.2395172685E+002   0.6018505351E+002   0.2642443380E+002
    111400   0.9962864285E+003   0.2393017172E+002   0.6016965171E+002   0.2641289854E+002
    111500   0.9964189877E+003   0.2394167126E+002   0.6018917763E+002   0.2641189347E+002
    111600   0.9964932640E+003   0.2393170316E+002   0.6018056977E+002   0.2640355147E+002
    111700   0.9963634701E+003   0.2399851911E+002   0.6020374691E+002   0.2640546300E+002
    111800   0.9962560427E+003   0.2402280338E+002   0.6023632304E+002   0.2641418467E+002
    111900   0.9959824214E+003   0.2405518143E+002   0.6024887807E+002   0.2641236524E+002
    112000   0.9958521575E+003   0.2412140054E+002   0.6023457188E+002   0.2639794003E+002
    112100   0.9956540211E+003   0.2408860977E+002   0.6027249960E+002   0.2640856112E+002
    112200   0.9957280260E+003   0.2403282751E+002   0.6026368198E+002   0.2640090136E+002
    112300   0.9957534748E+003   0.2398086753E+002   0.6029547124E+002   0.2641266095E+002
    112400   0.9957361761E+003   0.2399142235E+002   0.6031227845E+002   0.2641418067E+002
    112500   0.9957182022E+003   0.2399458633E+002   0.6031738997E+002   0.2641076389E+002
    112600   0.9958027163E+003   0.2393558127E+002   0.6033000707E+002   0.2641359385E+002
    112700   0.9959323409E+003   0.2392094523E+002   0.6034153651E+002   0.2641568073E+002
    112800   0.9960462333E+003   0.2392770803E+002   0.6032656279E+002   0.2640784907E+002
    112900   0.9964451583E+003   0.2391183330E+002   0.6031571216E+002   0.2640358498E+002
    113000   0.9967707330E+003   0.2387355496E+002   0.6028686583E+002   0.2639255578E+002
    113100   0.9968543601E+003   0.2382188196E+002   0.6025902222E+002   0.2638078904E+002
    113200   0.9968740196E+003   0.2382654720E+002   0.6024094486E+002   0.2637058929E+002
    113300   0.9967749306E+003   0.2383596009E+002   0.6025758352E+002   0.2637517383E+002
    113400   0.9966501514E+003   0.2385134258E+002   0.6027150645E+002   0.2637956516E+002
    113500   0.9965242145E+003   0.2386335026E+002   0.6027490489E+002   0.2638028172E+002
    113600   0.9962489933E+003   0.2389344131E+002   0.6026035626E+002   0.2637004301E+002
    113700   0.9960959217E+003   0.2389734256E+002   0.6025142742E+002   0.2636424527E+002
    113800   0.9960498796E+003   0.2380132287E+002   0.6022334585E+002   0.2635860097E+002
    113900   0.9960638676E+003   0.2372580767E+002   0.6022592557E+002   0.2636594950E+002
    114000   0.9960209527E+003   0.2369008020E+002   0.6022674026E+002   0.2637070802E+002
    114100   0.9959782977E+003   0.2364218947E+002   0.6022017276E+002   0.2637246423E+002
    114200   0.9960085146E+003   0.2364243830E+002   0.6021468869E+002   0.2637087344E+002
    114300   0.9961629976E+003   0.2360491801E+002   0.6019864968E+002   0.2636776279E+002
    114400   0.9961241814E+003   0.2363999401E+002   0.6019857352E+002   0.2636625180E+002
    114500   0.9960626477E+003   0.2371694777E+002   0.6019464251E+002   0.2636112131E+002
    114600   0.9960827640E+003   0.2379387193E+002   0.6019965481E+002   0.2636026450E+002
    114700   0.9961448522E+003   0.2385836143E+002   0.6019955812E+002   0.2635792976E+002
    114800   0.9962600028E+003   0.2386592390E+002   0.6019600225E+002   0.2635815377E+002
    114900   0.9962886355E+003   0.2385186791E+002   0.6017289307E+002   0.2635029243E+002
    115000   0.9962239820E+003   0.2386561143E+002   0.6017505805E+002   0.2635071538E+002
    115100   0.9962011001E+003   0.2385078460E+002   0.6018901316E+002   0.2635848450E+002
    115200   0.9961952766E+003   0.2387899937E+002   0.6019064755E+002   0.2635892767E+002
    115300   0.9961888012E+003   0.2388361376E+002   0.6018089849E+002   0.2635753918E+002
    115400   0.9962190840E+003   0.2387701617E+002   0.6017362049E+002   0.2635752009E+002
    115500   0.9962061175E+003   0.2391263819E+002   0.6017512372E+002   0.2635743812E+002
    115600   0.9962083054E+003   0.2389954121E+002   0.6016026557E+002   0.2635354029E+002
    115700   0.9962416139E+003   0.2388248789E+002   0.6015051145E+002   0.2635326173E+002
    115800   0.9962713481E+003   0.2389909019E+002   0.6015471555E+002   0.2635760862E+002
    115900   0.9962687457E+003   0.2389381229E+002   0.6013513900E+002   0.2635349828E+002
    116000   0.9962980916E+003   0.2389017127E+002   0.6014753824E+002   0.2636276700E+002
    116100   0.9963208346E+003   0.2392162470E+002   0.6013160356E+002   0.2635752285E+002
    116200   0.9962793266E+003   0.2389442428E+002   0.6012765907E+002   0.2636182131E+002
    116300   0.9960992056E+003   0.2389409800E+002   0.6013087331E+002   0.2636726131E+002
    116400   0.9958323422E+003   0.2383371956E+002   0.6014110503E+002   0.2638055303E+002
    116500   0.9956276401E+003   0.2381650956E+002   0.6014102952E+002   0.2638679154E+002
    116600   0.9955292101E+003   0.2379779791E+002   0.6014151474E+002   0.2639455106E+002
    116700   0.9954072411E+003   0.2379342327E+002   0.6013211863E+002   0.2639530323E+002
    116800   0.9952995142E+003   0.2379991916E+002   0.6011349618E+002   0.2639370524E+002
    116900   0.9953114480E+003   0.2382716628E+002   0.6010405109E+002   0.2639508264E+002
    117000   0.9954227941E+003   0.2383786697E+002   0.6007785998E+002   0.2639390432E+002
    117100   0.9954277279E+003   0.2387908983E+002   0.6008401349E+002   0.2640274027E+002
    117200   0.9953591903E+003   0.2390737540E+002   0.6009327396E+002   0.2641288972E+002
    117300   0.9951962774E+003   0.2396347064E+002   0.6009821184E+002   0.2641883235E+002
    117400   0.9951133504E+003   0.2400061903E+002   0.6009450609E+002   0.2642026417E+002
    117500   0.9950609467E+003   0.2405565979E+002   0.6008381415E+002   0.2641941695E+002
    117600   0.9950343563E+003   0.2405239760E+002   0.6006731526E+002   0.2642075451E+002
    117700   0.9951106294E+003   0.2399510376E+002   0.6006627080E+002   0.2643417963E+002
    117800   0.9950646093E+003   0.2393708667E+002   0.6008364639E+002   0.2645472381E+002
    117900   0.9950563144E+003   0.2385161243E+002   0.6006525507E+002   0.2645982532E+002
    118000   0.9950537874E+003   0.2379161704E+002   0.6006268499E+002   0.2647208072E+002
    118100   0.9950159521E+003   0.2381974418E+002   0.6005770743E+002   0.2647541117E+002
    118200   0.9950551883E+003   0.2382127210E+002   0.6005304716E+002   0.2647957512E+002
    118300   0.9950679556E+003   0.2382588016E+002   0.6005790450E+002   0.2648798883E+002
    118400   0.9951040703E+003   0.2382931404E+002   0.6004190162E+002   0.2648788491E+002
    118500   0.9951131325E+003   0.2382871487E+002   0.6004420395E+002   0.2649441387E+002
    118600   0.9951175639E+003   0.2386468140E+002   0.6004320201E+002   0.2649555712E+002
    118700   0.9951418294E+003   0.2392614490E+002   0.6003665330E+002   0.2649260685E+002
    118800   0.9951611200E+003   0.2398211356E+002   0.6005295174E+002   0.2650087031E+002
    118900   0.9951237209E+003   0.2401024741E+002   0.6005733216E+002   0.2650518751E+002
    119000   0.9950667363E+003   0.2403937236E+002   0.6006263708E+002   0.2650820830E+002
    119100   0.9949371601E+003   0.2407525119E+002   0.6005838706E+002   0.2650684653E+002
    119200   0.9948703044E+003   0.2408493561E+002   0.6005234808E+002   0.2650737783E+002
    119300   0.9947794811E+003   0.2408422254E+002   0.6002889245E+002   0.2650125509E+002
    119400   0.9946425857E+003   0.2407721776E+002   0.6001273133E+002   0.2649775010E+002
    119500   0.9945302612E+003   0.2410067301E+002   0.6002257231E+002   0.2650456450E+002
    119600   0.9944208032E+003   0.2411189541E+002   0.6002659379E+002   0.2651157731E+002
    119700   0.9944176019E+003   0.2414261730E+002   0.6002847668E+002   0.2651727709E+002
    119800   0.9943825490E+003   0.2417025265E+002   0.6002931684E+002   0.2652135574E+002
    119900   0.9942709341E+003   0.2421093605E+002   0.6001244200E+002   0.2651619735E+002
    120000   0.9942063012E+003   0.2424412780E+002   0.6000134160E+002   0.2651385383E+002
    120100   0.9941345479E+003   0.2429805070E+002   0.5999404909E+002   0.2651058254E+002
    120200   0.9940563124E+003   0.2437359795E+002   0.5999052815E+002   0.2650867208E+002
    120300   0.9939727877E+003   0.2441945771E+002   0.5998720680E+002   0.2650826135E+002
    120400   0.9939014152E+003   0.2443317122E+002   0.5998357080E+002   0.2651150293E+002
    120500   0.9938762683E+003   0.2446665383E+002   0.5997606397E+002   0.2651358585E+002
    120600   0.9939091226E+003   0.2447341560E+002   0.5995623405E+002   0.2651222244E+002
    120700   0.9939947490E+003   0.2447729537E+002   0.5994853249E+002   0.2651707804E+002
    120800   0.9941709434E+003   0.2446564854E+002   0.5994163565E+002   0.2652557869E+002
    120900   0.9943803340E+003   0.2446362807E+002   0.5993215749E+002   0.2653148310E+002
    121000   0.9945755324E+003   0.2441038551E+002   0.5992597269E+002   0.2654346893E+002
    121100   0.9947333903E+003   0.2437036951E+002   0.5989611569E+002   0.2654348006E+002
    121200   0.9949137245E+003   0.2431672816E+002   0.5987524952E+002   0.2654901075E+002
    121300   0.9950543819E+003   0.2426506912E+002   0.5987062739E+002   0.2656201639E+002
    121400   0.9951564491E+003   0.2422586984E+002   0.5985830048E+002   0.2656837438E+002
    121500   0.9952588690E+003   0.2417301709E+002   0.5984528940E+002   0.2657652698E+002
    121600   0.9952953453E+003   0.2413726666E+002   0.5982178603E+002   0.2657805233E+002
    121700   0.9952658550E+003   0.2412644151E+002   0.5981032089E+002   0.2658176658E+002
    121800   0.9953031673E+003   0.2412429652E+002   0.5979681836E+002   0.2658361162E+002
    121900   0.9952858759E+003   0.2416742550E+002   0.5978776627E+002   0.2658570616E+002
    122000   0.9952122026E+003   0.2418548989E+002   0.5977921230E+002   0.2658663643E+002
    122100   0.9950428180E+003   0.2421128396E+002   0.5976504078E+002   0.2658410623E+002
    122200   0.9947912715E+003   0.2423444958E+002   0.5975890434E+002   0.2658393561E+002
    122300   0.9945703907E+003   0.2425816957E+002   0.5976869257E+002   0.2659030066E+002
    122400   0.9944228274E+003   0.2431008419E+002   0.5977301967E+002   0.2659257184E+002
    122500   0.9943635265E+003   0.2435808539E+002   0.5978378989E+002   0.2659905164E+002
    122600   0.9944397473E+003   0.2440857625E+002   0.5978103822E+002   0.2659951470E+002
    122700   0.9944566754E+003   0.2447279097E+002   0.5978087536E+002   0.2659926003E+002
    122800   0.9944231304E+003   0.2452399003E+002   0.5978058161E+002   0.2659922453E+002
    122900   0.9944373760E+003   0.2458000671E+002   0.5977758884E+002   0.2659821277E+002
    123000   0.9944229726E+003   0.2461598013E+002   0.5977917989E+002   0.2660037629E+002
    123100   0.9943638729E+003   0.2463327330E+002   0.5977428399E+002   0.2660062091E+002
    123200   0.9942628754E+003   0.2465133358E+002   0.5976540524E+002   0.2659845290E+002
    123300   0.9942167424E+003   0.2463932166E+002   0.5975190470E+002   0.2659632916E+002
    123400   0.9942359614E+003   0.2463152427E+002   0.5974660443E+002   0.2659655973E+002
    123500   0.9941815089E+003   0.2466451601E+002   0.5973700807E+002   0.2659124368E+002
    123600   0.9942112819E+003   0.2469365208E+002   0.5973827876E+002   0.2659134195E+002
    123700   0.9942526729E+003   0.2470050638E+002   0.5971329488E+002   0.2658156801E+002
    123800   0.9943006193E+003   0.2467686825E+002   0.5970079186E+002   0.2657994848E+002
    123900   0.9943614605E+003   0.2468282375E+002   0.5970109908E+002   0.2658230167E+002
    124000   0.9945227988E+003   0.2465707873E+002   0.5969900667E+002   0.2658668015E+002
    124100   0.9947353268E+003   0.2458221392E+002   0.5968886588E+002   0.2659112525E+002
    124200   0.9949867025E+003   0.2452102106E+002   0.5968251078E+002   0.2659668953E+002
    124300   0.9951387653E+003   0.2448950183E+002   0.5966614035E+002   0.2659564462E+002
    124400   0.9952750019E+003   0.2448424228E+002   0.5964268813E+002   0.2658905558E+002
    124500   0.9954953311E+003   0.2446833530E+002   0.5963671679E+002   0.2659190602E+002
    124600   0.9956294761E+003   0.2443485664E+002   0.5963967245E+002   0.2659905287E+002
    124700   0.9957223195E+003   0.2442064171E+002   0.5964958081E+002   0.2660715171E+002
    124800   0.9957540064E+003   0.2444513081E+002   0.5965233961E+002   0.2660905586E+002
    124900   0.9957536614E+003   0.2448395406E+002   0.5964664259E+002   0.2660508367E+002
    125000   0.9957396616E+003   0.2454742166E+002   0.5965465567E+002   0.2660544544E+002
    125100   0.9957238886E+003   0.2456647117E+002   0.5965395082E+002   0.2660465515E+002
    125200   0.9958188367E+003   0.2453109507E+002   0.5965248437E+002   0.2660694742E+002
    125300   0.9958970639E+003   0.2452466538E+002   0.5966810171E+002   0.2661394091E+002
    125400   0.9959330778E+003   0.2450065691E+002   0.5966703833E+002   0.2661469664E+002
    125500   0.9959415105E+003   0.2446128275E+002   0.5966049966E+002   0.2661351636E+002
    125600   0.9959773324E+003   0.2447278852E+002   0.5965376465E+002   0.2660858294E+002
    125700   0.9960509220E+003   0.2449410842E+002   0.5964962578E+002   0.2660423858E+002
    125800   0.9960754712E+003   0.2453609143E+002   0.5964480887E+002   0.2659840709E+002
    125900   0.9961198866E+003   0.2457298142E+002   0.5964589530E+002   0.2659540522E+002
    126000   0.9961286240E+003   0.2461593633E+002   0.5964618315E+002   0.2659126256E+002
    126100   0.9961374641E+003   0.2463800446E+002   0.5965510271E+002   0.2659229292E+002
    126200   0.9960716519E+003   0.2467597956E+002   0.5967113644E+002   0.2659426314E+002
    126300   0.9960309793E+003   0.2471409794E+002   0.5968120829E+002   0.2659307397E+002
    126400   0.9960627848E+003   0.2476426402E+002   0.5971206031E+002   0.2659897150E+002
    126500   0.9960995102E+003   0.2477921250E+002   0.5971635828E+002   0.2659504003E+002
    126600   0.9961671707E+003   0.2474400513E+002   0.5971359890E+002   0.2659011706E+002
    126700   0.9961743277E+003   0.2472095708E+002   0.5970940432E+002   0.2658433421E+002
    126800   0.9961931626E+003   0.2472491742E+002   0.5970459224E+002   0.2657583904E+002
    126900   0.9961702773E+003   0.2469564363E+002   0.5969850496E+002   0.2656994701E+002
    127000   0.9961718120E+003   0.2465215099E+002   0.5970034751E+002   0.2656811048E+002
    127100   0.9962088586E+003   0.2463263374E+002   0.5970969895E+002   0.2656942370E+002
    127200   0.9962230270E+003   0.2464095697E+002   0.5971351214E+002   0.2656668585E+002
    127300   0.9961598882E+003   0.2465807000E+002   0.5972423596E+002   0.2656723769E+002
    127400   0.9960243416E+003   0.2467454649E+002   0.5973039082E+002   0.2656529726E+002
    127500   0.9958830414E+003   0.2468786777E+002   0.5972958547E+002   0.2655995948E+002
    127600   0.9957130497E+003   0.2471496037E+002   0.5973482307E+002   0.2655627761E+002
    127700   0.9955943510E+003   0.2474489578E+002   0.5974097264E+002   0.2655368353E+002
    127800   0.9954776028E+003   0.2477861787E+002   0.5976448352E+002   0.2655829065E+002
    127900   0.9953362450E+003   0.2483398902E+002   0.5977950894E+002   0.2655701309E+002
    128000   0.9952031599E+003   0.2487162463E+002   0.5978006685E+002   0.2655065549E+002
    128100   0.9951377113E+003   0.2488990740E+002   0.5978309817E+002   0.2654729589E+002
    128200   0.9950681747E+003   0.2490089713E+002   0.5978633841E+002   0.2654316414E+002
    128300   0.9950645231E+003   0.2488737318E+002   0.5978510575E+002   0.2654017771E+002
    128400   0.9951022849E+003   0.2487212698E+002   0.5978515086E+002   0.2653816921E+002
    128500   0.9950969870E+003   0.2485583932E+002   0.5981804207E+002   0.2654952126E+002
    128600   0.9950939625E+003   0.2484723607E+002   0.5983294109E+002   0.2655281903E+002
    128700   0.9951584296E+003   0.2484255892E+002   0.5983367864E+002   0.2655138255E+002
    128800   0.9952089786E+003   0.2487396858E+002   0.5983744117E+002   0.2654971966E+002
    128900   0.9952187035E+003   0.2490505876E+002   0.5984573427E+002   0.2654941925E+002
    129000   0.9951729397E+003   0.2491568886E+002   0.5984574421E+002   0.2654611833E+002
    129100   0.9951762327E+003   0.2489971054E+002   0.5984348707E+002   0.2654360511E+002
    129200   0.9951655343E+003   0.2489227067E+002   0.5984401908E+002   0.2654151889E+002
    129300   0.9952199422E+003   0.2487192239E+002   0.5983679703E+002   0.2653732090E+002
    129400   0.9952931569E+003   0.2484247602E+002   0.5983160951E+002   0.2653534349E+002
    129500   0.9954249332E+003   0.2481358296E+002   0.5983607844E+002   0.2653841041E+002
    129600   0.9955333670E+003   0.2479178313E+002   0.5982737094E+002   0.2653457971E+002
    129700   0.9955924968E+003   0.2478593215E+002   0.5983768032E+002   0.2653792593E+002
    129800   0.9956264548E+003   0.2477339928E+002   0.5985432296E+002   0.2654329218E+002
    129900   0.9957189473E+003   0.2476708198E+002   0.5984716214E+002   0.2653751922E+002
    130000   0.9957657218E+003   0.2476746092E+002   0.5985129875E+002   0.2653655273E+002
    130100   0.9957547456E+003   0.2476721437E+002   0.5985878623E+002   0.2653644208E+002
    130200   0.9957758226E+003   0.2474012527E+002   0.5985780943E+002   0.2653422330E+002
    130300   0.9958828453E+003   0.2468927259E+002   0.5985785536E+002   0.2653389791E+002
    130400   0.9959538047E+003   0.2465318841E+002   0.5985412234E+002   0.2653144356E+002
    130500   0.9960554711E+003   0.2461726655E+002   0.5985105878E+002   0.2652988439E+002
    130600   0.9961128935E+003   0.2461258181E+002   0.5985183243E+002   0.2652795433E+002
    130700   0.9961206201E+003   0.2460987881E+002   0.5985131151E+002   0.2652544189E+002
    130800   0.9961159249E+003   0.2459754815E+002   0.5983962289E+002   0.2651831026E+002
    130900   0.9961092948E+003   0.2458466750E+002   0.5983811950E+002   0.2651645939E+002
    131000   0.9960925352E+003   0.2457491248E+002   0.5984116895E+002   0.2651635661E+002
    131100   0.9960757917E+003   0.2453763459E+002   0.5983814749E+002   0.2651555825E+002
    131200   0.9960666858E+003   0.2452015567E+002   0.5983166907E+002   0.2651230955E+002
    131300   0.9960979081E+003   0.2454380429E+002   0.5984744780E+002   0.2651636596E+002
    131400   0.9961135527E+003   0.2455070990E+002   0.5984586085E+002   0.2651395509E+002
    131500   0.9961324948E+003   0.2456002590E+002   0.5985913348E+002   0.2651803427E+002
    131600   0.9961399700E+003   0.2458050011E+002   0.5986887743E+002   0.2652002425E+002
    131700   0.9961081609E+003   0.2458827970E+002   0.5988088459E+002   0.2652363935E+002
    131800   0.9960608920E+003   0.2457248994E+002   0.5989371070E+002   0.2652899660E+002
    131900   0.9960396456E+003   0.2455333750E+002   0.5989139574E+002   0.2652896381E+002
    132000   0.9960224975E+003   0.2452597747E+002   0.5989377354E+002   0.2653247099E+002
    132100   0.9960366693E+003   0.2451693445E+002   0.5988569884E+002   0.2653030766E+002
    132200   0.9960407856E+003   0.2454135724E+002   0.5987961366E+002   0.2652685988E+002
    132300   0.9960111483E+003   0.2455920470E+002   0.5987912843E+002   0.2652610338E+002
    132400   0.9959954702E+003   0.2458715311E+002   0.5987363769E+002   0.2652275631E+002
    132500   0.9959061315E+003   0.2460325627E+002   0.5987733533E+002   0.2652377778E+002
    132600   0.9958010031E+003   0.2463556684E+002   0.5987893565E+002   0.2652256812E+002
    132700   0.9957096184E+003   0.2466639724E+002   0.5987194584E+002   0.2651803119E+002
    132800   0.9956173726E+003   0.2467666654E+002   0.5985878770E+002   0.2651279692E+002
    132900   0.9955101708E+003   0.2468659592E+002   0.5986023005E+002   0.2651414430E+002
    133000   0.9954084298E+003   0.2470948672E+002   0.5985683653E+002   0.2651256652E+002
    133100   0.9953173538E+003   0.2472269814E+002   0.5985871358E+002   0.2651441613E+002
    133200   0.9952431563E+003   0.2471226614E+002   0.5986044081E+002   0.2651754981E+002
    133300   0.9952039782E+003   0.2471269693E+002   0.5984804899E+002   0.2651437489E+002
    133400   0.9951859566E+003   0.2472156547E+002   0.5984610349E+002   0.2651441968E+002
    133500   0.9951828788E+003   0.2472773550E+002   0.5984374916E+002   0.2651460833E+002
    133600   0.9951507402E+003   0.2472044038E+002   0.5983949734E+002   0.2651458285E+002
    133700   0.9951958280E+003   0.2471863744E+002   0.5983191437E+002   0.2651350133E+002
    133800   0.9952527662E+003   0.2470203486E+002   0.5982556873E+002   0.2651407609E+002
    133900   0.9953319159E+003   0.2467508223E+002   0.5982433543E+002   0.2651752346E+002
    134000   0.9954222543E+003   0.2467897639E+002   0.5982180663E+002   0.2651831105E+002
    134100   0.9955000634E+003   0.2467173645E+002   0.5982278429E+002   0.2652180270E+002
    134200   0.9955725155E+003   0.2464766721E+002   0.5981998330E+002   0.2652549056E+002
    134300   0.9957011538E+003   0.2460138490E+002   0.5980242689E+002   0.2652305825E+002
    134400   0.9957886643E+003   0.2457220251E+002   0.5979678075E+002   0.2652552762E+002
    134500   0.9958328418E+003   0.2455894751E+002   0.5979168770E+002   0.2652690820E+002
    134600   0.9959501117E+003   0.2456013971E+002   0.5979726078E+002   0.2653220254E+002
    134700   0.9960396591E+003   0.2456358202E+002   0.5979610944E+002   0.2653370823E+002
    134800   0.9960849499E+003   0.2454779975E+002   0.5979664430E+002   0.2653735924E+002
    134900   0.9960965756E+003   0.2454869167E+002   0.5979439075E+002   0.2653875235E+002
    135000   0.9961086907E+003   0.2455141029E+002   0.5979907763E+002   0.2654272878E+002
    135100   0.9961628093E+003   0.2455743718E+002   0.5979909210E+002   0.2654448244E+002
    135200   0.9962520017E+003   0.2454624351E+002   0.5979644421E+002   0.2654578571E+002
    135300   0.9963038692E+003   0.2454363463E+002   0.5979405216E+002   0.2654593189E+002
    135400   0.9963102316E+003   0.2455184216E+002   0.5978416939E+002   0.2654168937E+002
    135500   0.9962613165E+003   0.2454912664E+002   0.5978550944E+002   0.2654324811E+002
    135600   0.9962330055E+003   0.2454725629E+002   0.5978083082E+002   0.2654208525E+002
    135700   0.9961859256E+003   0.2456143178E+002   0.5977946622E+002   0.2654126320E+002
    135800   0.9961486688E+003   0.2457668997E+002   0.5977550095E+002   0.2653920089E+002
    135900   0.9961000258E+003   0.2459142277E+002   0.5977994740E+002   0.2654107389E+002
    136000   0.9960697576E+003   0.2461890085E+002   0.5978612141E+002   0.2654258358E+002
    136100   0.9960537136E+003   0.2464582017E+002   0.5978224953E+002   0.2653958777E+002
    136200   0.9960422198E+003   0.2465789272E+002   0.5976831790E+002   0.2653352667E+002
    136300   0.9960149518E+003   0.2465402224E+002   0.5976383361E+002   0.2653278936E+002
    136400   0.9959731234E+003   0.2467648161E+002   0.5977599320E+002   0.2653774417E+002
    136500   0.9958988700E+003   0.2470519027E+002   0.5978516343E+002   0.2654083947E+002
    136600   0.9958151365E+003   0.2472371283E+002   0.5979299545E+002   0.2654402342E+002
    136700   0.9957284254E+003   0.2472474233E+002   0.5979665866E+002   0.2654596184E+002
    136800   0.9956528236E+003   0.2473738390E+002   0.5980722028E+002   0.2655055934E+002
    136900   0.9956592615E+003   0.2475811274E+002   0.5981462921E+002   0.2655435723E+002
    137000   0.9956397030E+003   0.2477661929E+002   0.5980893106E+002   0.2655297590E+002
    137100   0.9955576105E+003   0.2479806075E+002   0.5980660104E+002   0.2655297513E+002
    137200   0.9954873578E+003   0.2480136159E+002   0.5980159916E+002   0.2655327858E+002
    137300   0.9954468320E+003   0.2479116028E+002   0.5978906575E+002   0.2655116071E+002
    137400   0.9953831640E+003   0.2479685144E+002   0.5978469268E+002   0.2655234319E+002
    137500   0.9953524033E+003   0.2480819719E+002   0.5978051637E+002   0.2655246883E+002
    137600   0.9953340540E+003   0.2482722277E+002   0.5978409638E+002   0.2655588326E+002
    137700   0.9953213598E+003   0.2484446194E+002   0.5978020653E+002   0.2655685106E+002
    137800   0.9953080655E+003   0.2486754962E+002   0.5978345692E+002   0.2656048832E+002
    137900   0.9952709019E+003   0.2488639950E+002   0.5978240615E+002   0.2656145824E+002
    138000   0.9952298883E+003   0.2492511836E+002   0.5978188795E+002   0.2656082780E+002
    138100   0.9951790536E+003   0.2495353188E+002   0.5977263964E+002   0.2655704051E+002
    138200   0.9951254885E+003   0.2497549366E+002   0.5977017688E+002   0.2655630512E+002
    138300   0.9950711219E+003   0.2500458804E+002   0.5977495330E+002   0.2655856783E+002
    138400   0.9949951084E+003   0.2501344388E+002   0.5976968490E+002   0.2655736701E+002
    138500   0.9949068280E+003   0.2499760183E+002   0.5976744169E+002   0.2655873018E+002
    138600   0.9948216215E+003   0.2499750352E+002   0.5977040189E+002   0.2656143850E+002
    138700   0.9947563664E+003   0.2500187370E+002   0.5976227275E+002   0.2655906201E+002
    138800   0.9947218240E+003   0.2499920432E+002   0.5976450515E+002   0.2656239563E+002
    138900   0.9946948067E+003   0.2500131914E+002   0.5975924661E+002   0.2656201716E+002
    139000   0.9947130275E+003   0.2501316859E+002   0.5975845451E+002   0.2656322608E+002
    139100   0.9947227058E+003   0.2502412857E+002   0.5975849568E+002   0.2656489637E+002
    139200   0.9947562060E+003   0.2501121369E+002   0.5974945294E+002   0.2656469865E+002
    139300   0.9947760250E+003   0.2499438659E+002   0.5974368960E+002   0.2656585367E+002
    139400   0.9947622876E+003   0.2498617298E+002   0.5973895776E+002   0.2656667302E+002
    139500   0.9947182912E+003   0.2499345398E+002   0.5973664943E+002   0.2656760050E+002
    139600   0.9946886411E+003   0.2500789494E+002   0.5972106820E+002   0.2656271555E+002
    139700   0.9946722105E+003   0.2503043442E+002   0.5972376100E+002   0.2656447715E+002
    139800   0.9946489701E+003   0.2506701000E+002   0.5972521222E+002   0.2656570246E+002
    139900   0.9946326201E+003   0.2509726731E+002   0.5972065281E+002   0.2656449336E+002
    140000   0.9946131735E+003   0.2510492954E+002   0.5971482185E+002   0.2656364685E+002
    140100   0.9946265071E+003   0.2511827366E+002   0.5971688529E+002   0.2656636794E+002
    140200   0.9946434072E+003   0.2513775013E+002   0.5971162805E+002   0.2656524188E+002
    140300   0.9946443072E+003   0.2515471775E+002   0.5971554519E+002   0.2656874744E+002
    140400   0.9946366052E+003   0.2516543702E+002   0.5971436252E+002   0.2657010556E+002
    140500   0.9946569217E+003   0.2517230575E+002   0.5971687640E+002   0.2657323861E+002
    140600   0.9946502273E+003   0.2517161294E+002   0.5971077845E+002   0.2657288396E+002
    140700   0.9946395153E+003   0.2516456533E+002   0.5970570185E+002   0.2657407057E+002
    140800   0.9946212078E+003   0.2516891005E+002   0.5970015776E+002   0.2657447587E+002
    140900   0.9946219714E+003   0.2517978201E+002   0.5969836662E+002   0.2657605266E+002
    141000   0.9946445035E+003   0.2518352536E+002   0.5969183810E+002   0.2657558615E+002
    141100   0.9946845413E+003   0.2517854159E+002   0.5969126652E+002   0.2657864498E+002
    141200   0.9947666508E+003   0.2517116203E+002   0.5968787287E+002   0.2658168988E+002
    141300   0.9948719255E+003   0.2518253157E+002   0.5968926966E+002   0.2658610347E+002
    141400   0.9949799022E+003   0.2519085204E+002   0.5968563984E+002   0.2658919444E+002
    141500   0.9951096476E+003   0.2517991341E+002   0.5967495788E+002   0.2659071776E+002
    141600   0.9952180308E+003   0.2514693037E+002   0.5966787870E+002   0.2659526243E+002
    141700   0.9952742016E+003   0.2511837374E+002   0.5965856874E+002   0.2659727628E+002
    141800   0.9952731918E+003   0.2509764577E+002   0.5964424439E+002   0.2659593910E+002
    141900   0.9952166999E+003   0.2509940053E+002   0.5963563773E+002   0.2659476825E+002
    142000   0.9951543179E+003   0.2512759230E+002   0.5963369454E+002   0.2659449757E+002
    142100   0.9950959047E+003   0.2516418139E+002   0.5963276273E+002   0.2659374517E+002
    142200   0.9950164443E+003   0.2520175528E+002   0.5963112583E+002   0.2659320635E+002
    142300   0.9949242427E+003   0.2521930314E+002   0.5962985294E+002   0.2659454884E+002
    142400   0.9948557892E+003   0.2524327568E+002   0.5963122183E+002   0.2659691940E+002
    142500   0.9947618231E+003   0.2524523216E+002   0.5962806417E+002   0.2659880385E+002
    142600   0.9946934780E+003   0.2524962061E+002   0.5961971060E+002   0.2659760880E+002
    142700   0.9946749677E+003   0.2525486900E+002   0.5961148785E+002   0.2659700212E+002
    142800   0.9946718415E+003   0.2526483557E+002   0.5960746065E+002   0.2659847858E+002
    142900   0.9946710914E+003   0.2528815490E+002   0.5960563195E+002   0.2660025137E+002
    143000   0.9946331001E+003   0.2530667064E+002   0.5960210489E+002   0.2660064068E+002
    143100   0.9946193455E+003   0.2532768008E+002   0.5959793979E+002   0.2660000191E+002
    143200   0.9946199199E+003   0.2534653950E+002   0.5959354196E+002   0.2660003798E+002
    143300   0.9946122875E+003   0.2536378075E+002   0.5959398014E+002   0.2660288636E+002
    143400   0.9945612255E+003   0.2537917447E+002   0.5960185623E+002   0.2660790113E+002
    143500   0.9945213018E+003   0.2538977154E+002   0.5960334350E+002   0.2661090820E+002
    143600   0.9944383466E+003   0.2540940393E+002   0.5960489112E+002   0.2661315986E+002
    143700   0.9943782795E+003   0.2542369638E+002   0.5959572776E+002   0.2661053670E+002
    143800   0.9943645726E+003   0.2543741313E+002   0.5959242983E+002   0.2661036953E+002
    143900   0.9943244491E+003   0.2545194679E+002   0.5959033398E+002   0.2661052066E+002
    144000   0.9942753272E+003   0.2545833841E+002   0.5959388072E+002   0.2661407355E+002
    144100   0.9942375561E+003   0.2546296264E+002   0.5959251497E+002   0.2661668518E+002
    144200   0.9942363236E+003   0.2547160631E+002   0.5959783868E+002   0.2662226479E+002
    144300   0.9942379293E+003   0.2548706512E+002   0.5959822613E+002   0.2662519430E+002
    144400   0.9942578221E+003   0.2551173222E+002   0.5959282946E+002   0.2662623925E+002
    144500   0.9942905160E+003   0.2552380148E+002   0.5958252376E+002   0.2662654631E+002
    144600   0.9942855371E+003   0.2552840361E+002   0.5957922974E+002   0.2662856915E+002
    144700   0.9942881203E+003   0.2553770273E+002   0.5957712788E+002   0.2663083047E+002
    144800   0.9942838083E+003   0.2553703256E+002   0.5957173383E+002   0.2663316587E+002
    144900   0.9942637005E+003   0.2553065505E+002   0.5956114756E+002   0.2663549459E+002
    145000   0.9942101478E+003   0.2553560549E+002   0.5955977589E+002   0.2664084992E+002
    145100   0.9941329352E+003   0.2555100448E+002   0.5956031725E+002   0.2664331822E+002
    145200   0.9940442119E+003   0.2556617885E+002   0.5956063532E+002   0.2664549907E+002
    145300   0.9939741102E+003   0.2557862569E+002   0.5955850035E+002   0.2664784037E+002
    145400   0.9939228815E+003   0.2558343532E+002   0.5955186701E+002   0.2665004621E+002
    145500   0.9938989335E+003   0.2557835420E+002   0.5954485917E+002   0.2665286528E+002
    145600   0.9938681314E+003   0.2556116879E+002   0.5953431737E+002   0.2665497368E+002
    145700   0.9938586446E+003   0.2555529274E+002   0.5953217676E+002   0.2665989152E+002
    145800   0.9938325288E+003   0.2553612870E+002   0.5952579667E+002   0.2666547369E+002
    145900   0.9938266242E+003   0.2551982060E+002   0.5952065810E+002   0.2667153879E+002
    146000   0.9938370976E+003   0.2550244530E+002   0.5951169158E+002   0.2667676990E+002
    146100   0.9938872852E+003   0.2548186180E+002   0.5950397246E+002   0.2668347381E+002
    146200   0.9939257349E+003   0.2545967204E+002   0.5949649824E+002   0.2669105977E+002
    146300   0.9939461577E+003   0.2546426491E+002   0.5949136356E+002   0.2669566623E+002
    146400   0.9939665319E+003   0.2547700648E+002   0.5948404965E+002   0.2669872829E+002
    146500   0.9939573593E+003   0.2549866465E+002   0.5947508538E+002   0.2669915129E+002
    146600   0.9939433252E+003   0.2551665732E+002   0.5947110830E+002   0.2670131002E+002
    146700   0.9939357301E+003   0.2553727792E+002   0.5946595370E+002   0.2670375094E+002
    146800   0.9939196446E+003   0.2554091070E+002   0.5946368920E+002   0.2670691935E+002
    146900   0.9938838947E+003   0.2555422545E+002   0.5946041331E+002   0.2670970251E+002
    147000   0.9938648854E+003   0.2556506103E+002   0.5944989837E+002   0.2670949992E+002
    147100   0.9938513499E+003   0.2557232486E+002   0.5944570798E+002   0.2671249963E+002
    147200   0.9938355996E+003   0.2558475831E+002   0.5944575128E+002   0.2671619133E+002
    147300   0.9938015962E+003   0.2560639523E+002   0.5944203337E+002   0.2671782025E+002
    147400   0.9937461253E+003   0.2561758409E+002   0.5944369124E+002   0.2672362617E+002
    147500   0.9937211282E+003   0.2561819789E+002   0.5943755139E+002   0.2672609600E+002
    147600   0.9937239142E+003   0.2561346563E+002   0.5942464322E+002   0.2672698436E+002
    147700   0.9936975861E+003   0.2561103813E+002   0.5941658300E+002   0.2672855927E+002
    147800   0.9936571633E+003   0.2561972363E+002   0.5941400954E+002   0.2673022389E+002
    147900   0.9936315389E+003   0.2562892996E+002   0.5940599528E+002   0.2673050790E+002
    148000   0.9936110810E+003   0.2563075118E+002   0.5939991400E+002   0.2673148504E+002
    148100   0.9936441509E+003   0.2562580136E+002   0.5938874307E+002   0.2673186189E+002
    148200   0.9936754670E+003   0.2561931100E+002   0.5938634880E+002   0.2673825482E+002
    148300   0.9937347274E+003   0.2560618108E+002   0.5937674176E+002   0.2674113237E+002
    148400   0.9937498936E+003   0.2560201944E+002   0.5937429822E+002   0.2674512999E+002
    148500   0.9937495548E+003   0.2559264777E+002   0.5936204598E+002   0.2674578794E+002
    148600   0.9937481480E+003   0.2558979650E+002   0.5934969830E+002   0.2674484645E+002
    148700   0.9937312640E+003   0.2559385980E+002   0.5934296692E+002   0.2674622173E+002
    148800   0.9936977137E+003   0.2559757771E+002   0.5934189646E+002   0.2675071139E+002
    148900   0.9936689062E+003   0.2560120600E+002   0.5933355366E+002   0.2675141278E+002
    149000   0.9936973933E+003   0.2560513021E+002   0.5933254252E+002   0.2675659754E+002
    149100   0.9936890507E+003   0.2561632783E+002   0.5932837283E+002   0.2675848487E+002
    149200   0.9936345964E+003   0.2562588414E+002   0.5932741331E+002   0.2676249263E+002
    149300   0.9935985698E+003   0.2563354397E+002   0.5932150280E+002   0.2676284676E+002
    149400   0.9935458920E+003   0.2562968326E+002   0.5931491861E+002   0.2676365049E+002
    149500   0.9934941785E+003   0.2563332352E+002   0.5931227398E+002   0.2676590362E+002
    149600   0.9934168925E+003   0.2563037555E+002   0.5931008318E+002   0.2676859606E+002
    149700   0.9933607625E+003   0.2562572289E+002   0.5931009017E+002   0.2677171201E+002
    149800   0.9933383875E+003   0.2562367433E+002   0.5931611320E+002   0.2677883671E+002
    149900   0.9932908669E+003   0.2564024566E+002   0.5931228204E+002   0.2677914911E+002
    150000   0.9932371085E+003   0.2566150280E+002   0.5931443970E+002   0.2678171453E+002
    150100   0.9931911934E+003   0.2566629893E+002   0.5931705621E+002   0.2678635512E+002
    150200   0.9931845445E+003   0.2567244095E+002   0.5931943537E+002   0.2678993081E+002
    150300   0.9931617850E+003   0.2566678196E+002   0.5931536674E+002   0.2679194050E+002
    150400   0.9931032151E+003   0.2567230855E+002   0.5930656749E+002   0.2679121975E+002
    150500   0.9930663256E+003   0.2568207166E+002   0.5929719706E+002   0.2678937194E+002
    150600   0.9930702929E+003   0.2567934039E+002   0.5928949590E+002   0.2678962606E+002
    150700   0.9930460819E+003   0.2568512031E+002   0.5928515549E+002   0.2679062285E+002
    150800   0.9930211262E+003   0.2569452215E+002   0.5928053662E+002   0.2679038223E+002
    150900   0.9929843434E+003   0.2571166287E+002   0.5928382329E+002   0.2679248806E+002
    151000   0.9929893692E+003   0.2573478505E+002   0.5928045418E+002   0.2679219735E+002
    151100   0.9929839130E+003   0.2573869469E+002   0.5927773763E+002   0.2679330614E+002
    151200   0.9929899228E+003   0.2572096876E+002   0.5927288484E+002   0.2679659588E+002
    151300   0.9930412650E+003   0.2570789401E+002   0.5926549322E+002   0.2679811041E+002
    151400   0.9930767373E+003   0.2569380330E+002   0.5925908981E+002   0.2680054381E+002
    151500   0.9931129412E+003   0.2567286479E+002   0.5925697355E+002   0.2680583376E+002
    151600   0.9931069415E+003   0.2565808603E+002   0.5924540374E+002   0.2680500972E+002
    151700   0.9931428961E+003   0.2564772683E+002   0.5924003662E+002   0.2680720181E+002
    151800   0.9931967669E+003   0.2564632282E+002   0.5923215550E+002   0.2680725776E+002
    151900   0.9932290401E+003   0.2564659061E+002   0.5923009919E+002   0.2680890647E+002
    152000   0.9932360508E+003   0.2564738814E+002   0.5922980053E+002   0.2681090312E+002
    152100   0.9932412838E+003   0.2564792316E+002   0.5922758889E+002   0.2681258653E+002
    152200   0.9932447187E+003   0.2565117058E+002   0.5921983269E+002   0.2681155871E+002
    152300   0.9932756221E+003   0.2565054893E+002   0.5921317533E+002   0.2681156228E+002
    152400   0.9932602063E+003   0.2565343547E+002   0.5921769826E+002   0.2681638460E+002
    152500   0.9932309185E+003   0.2565886626E+002   0.5921635562E+002   0.2681734714E+002
    152600   0.9932049752E+003   0.2565145069E+002   0.5921350453E+002   0.2681845099E+002
    152700   0.9932041656E+003   0.2563895678E+002   0.5920685050E+002   0.2681841001E+002
    152800   0.9932485749E+003   0.2563045708E+002   0.5920263995E+002   0.2681972810E+002
    152900   0.9933057366E+003   0.2561530657E+002   0.5920135710E+002   0.2682288212E+002
    153000   0.9933155500E+003   0.2561499431E+002   0.5920031923E+002   0.2682416941E+002
    153100   0.9932971864E+003   0.2562539991E+002   0.5919574258E+002   0.2682300280E+002
    153200   0.9932496514E+003   0.2563142378E+002   0.5919568439E+002   0.2682347285E+002
    153300   0.9932048541E+003   0.2563326324E+002   0.5919534656E+002   0.2682426034E+002
    153400   0.9931537637E+003   0.2564334944E+002   0.5919155320E+002   0.2682261405E+002
    153500   0.9930643516E+003   0.2566027710E+002   0.5918676916E+002   0.2682007556E+002
    153600   0.9930098723E+003   0.2567025738E+002   0.5918448535E+002   0.2681900690E+002
    153700   0.9929568258E+003   0.2568678551E+002   0.5918282192E+002   0.2681794195E+002
    153800   0.9928757504E+003   0.2571365547E+002   0.5919033978E+002   0.2682011045E+002
    153900   0.9928311644E+003   0.2573004795E+002   0.5919275739E+002   0.2682079738E+002
    154000   0.9928063142E+003   0.2574638187E+002   0.5919460197E+002   0.2682153389E+002
    154100   0.9927970379E+003   0.2574924903E+002   0.5920476548E+002   0.2682649581E+002
    154200   0.9928151440E+003   0.2575984149E+002   0.5921074671E+002   0.2682861479E+002
    154300   0.9928199562E+003   0.2576009220E+002   0.5921051721E+002   0.2682830682E+002
    154400   0.9928141720E+003   0.2576275096E+002   0.5921294403E+002   0.2682926766E+002
    154500   0.9927968797E+003   0.2576682397E+002   0.5921523116E+002   0.2683009971E+002
    154600   0.9927851258E+003   0.2577483513E+002   0.5921330209E+002   0.2682876236E+002
    154700   0.9927719333E+003   0.2578215450E+002   0.5921377265E+002   0.2682846878E+002
    154800   0.9927598074E+003   0.2578083796E+002   0.5921776699E+002   0.2683051957E+002
    154900   0.9927433916E+003   0.2577830187E+002   0.5922092585E+002   0.2683204659E+002
    155000   0.9927377632E+003   0.2578147523E+002   0.5922136800E+002   0.2683168065E+002
    155100   0.9927213349E+003   0.2578879048E+002   0.5922411215E+002   0.2683200663E+002
    155200   0.9927032461E+003   0.2579873950E+002   0.5923347776E+002   0.2683459350E+002
    155300   0.9926315905E+003   0.2581399820E+002   0.5924118308E+002   0.2683582294E+002
    155400   0.9925620688E+003   0.2583472522E+002   0.5923994926E+002   0.2683297955E+002
    155500   0.9924889836E+003   0.2584259037E+002   0.5924161929E+002   0.2683228661E+002
    155600   0.9924417457E+003   0.2584554541E+002   0.5924012454E+002   0.2683022299E+002
    155700   0.9924132365E+003   0.2584365981E+002   0.5925012744E+002   0.2683385871E+002
    155800   0.9923695858E+003   0.2584463231E+002   0.5925047037E+002   0.2683262129E+002
    155900   0.9923182347E+003   0.2585912081E+002   0.5924979620E+002   0.2683007282E+002
    156000   0.9922937412E+003   0.2585189792E+002   0.5925203841E+002   0.2683015585E+002
    156100   0.9922809259E+003   0.2585417579E+002   0.5925187471E+002   0.2682846398E+002
    156200   0.9922569514E+003   0.2586291186E+002   0.5924675732E+002   0.2682405391E+002
    156300   0.9922307335E+003   0.2587178292E+002   0.5924687049E+002   0.2682196061E+002
    156400   0.9922098907E+003   0.2588913476E+002   0.5924854565E+002   0.2682042930E+002
    156500   0.9921788522E+003   0.2589748314E+002   0.5925695661E+002   0.2682220505E+002
    156600   0.9921244681E+003   0.2591493271E+002   0.5925877947E+002   0.2682074766E+002
    156700   0.9920688320E+003   0.2592406168E+002   0.5925936711E+002   0.2681887054E+002
    156800   0.9920518147E+003   0.2592180448E+002   0.5926197253E+002   0.2681866160E+002
    156900   0.9920547633E+003   0.2592925973E+002   0.5926435115E+002   0.2681816291E+002
    157000   0.9920228496E+003   0.2591737446E+002   0.5926384165E+002   0.2681750694E+002
    157100   0.9920010709E+003   0.2590713532E+002   0.5926761714E+002   0.2681841165E+002
    157200   0.9920101622E+003   0.2590729666E+002   0.5926923243E+002   0.2681785064E+002
    157300   0.9920108386E+003   0.2591521580E+002   0.5927364568E+002   0.2681819629E+002
    157400   0.9920101289E+003   0.2591784821E+002   0.5927201051E+002   0.2681636008E+002
    157500   0.9920056448E+003   0.2591184392E+002   0.5927202931E+002   0.2681570905E+002
    157600   0.9919802670E+003   0.2590278072E+002   0.5927235077E+002   0.2681572610E+002
    157700   0.9919471894E+003   0.2590442846E+002   0.5927117205E+002   0.2681467348E+002
    157800   0.9919343073E+003   0.2589503836E+002   0.5927038037E+002   0.2681496163E+002
    157900   0.9919727045E+003   0.2588423346E+002   0.5926847468E+002   0.2681511359E+002
    158000   0.9920317010E+003   0.2587277059E+002   0.5927058972E+002   0.2681788606E+002
    158100   0.9921084910E+003   0.2586191380E+002   0.5927056322E+002   0.2681935137E+002
    158200   0.9922069428E+003   0.2585123579E+002   0.5926983821E+002   0.2682036550E+002
    158300   0.9923066697E+003   0.2582980548E+002   0.5926882602E+002   0.2682167468E+002
    158400   0.9924008623E+003   0.2581041276E+002   0.5926070042E+002   0.2681984552E+002
    158500   0.9924950925E+003   0.2579106516E+002   0.5925637810E+002   0.2681989985E+002
    158600   0.9925687394E+003   0.2577993375E+002   0.5925548739E+002   0.2682105315E+002
    158700   0.9926144829E+003   0.2577219610E+002   0.5925418253E+002   0.2682145569E+002
    158800   0.9926439070E+003   0.2577404972E+002   0.5925195007E+002   0.2682055598E+002
    158900   0.9927082190E+003   0.2576267149E+002   0.5924773508E+002   0.2681955293E+002
    159000   0.9927704763E+003   0.2574355537E+002   0.5924376951E+002   0.2681900206E+002
    159100   0.9928606115E+003   0.2573148207E+002   0.5923832897E+002   0.2681785855E+002
    159200   0.9929506774E+003   0.2570949805E+002   0.5923515576E+002   0.2681859701E+002
    159300   0.9930423792E+003   0.2569223430E+002   0.5923216949E+002   0.2681910347E+002
    159400   0.9931053174E+003   0.2568743846E+002   0.5922970769E+002   0.2681890722E+002
    159500   0.9931571004E+003   0.2567922259E+002   0.5921890932E+002   0.2681491144E+002
    159600   0.9931892559E+003   0.2568000823E+002   0.5921314643E+002   0.2681252802E+002
    159700   0.9932353327E+003   0.2567645685E+002   0.5920962304E+002   0.2681171131E+002
    159800   0.9932803743E+003   0.2567534642E+002   0.5920098216E+002   0.2680859397E+002
    159900   0.9933363147E+003   0.2567755662E+002   0.5920080649E+002   0.2680935487E+002
    160000   0.9934073173E+003   0.2567422607E+002   0.5920590769E+002   0.2681333733E+002
    160100   0.9934650597E+003   0.2566427104E+002   0.5920435300E+002   0.2681471413E+002
    160200   0.9934841450E+003   0.2565504760E+002   0.5920145102E+002   0.2681507367E+002
    160300   0.9935181519E+003   0.2564035768E+002   0.5920159427E+002   0.2681714626E+002
    160400   0.9935243925E+003   0.2563263930E+002   0.5919744970E+002   0.2681652048E+002
    160500   0.9935436668E+003   0.2563840458E+002   0.5919829858E+002   0.2681757614E+002
    160600   0.9935628079E+003   0.2563984150E+002   0.5919546176E+002   0.2681751012E+002
    160700   0.9935728637E+003   0.2564843222E+002   0.5919400026E+002   0.2681764830E+002
    160800   0.9935430959E+003   0.2565942460E+002   0.5919521261E+002   0.2681859475E+002
    160900   0.9935295536E+003   0.2565984643E+002   0.5919211453E+002   0.2681797432E+002
    161000   0.9935458332E+003   0.2566037092E+002   0.5919140358E+002   0.2681874337E+002
    161100   0.9935496425E+003   0.2565332036E+002   0.5919610824E+002   0.2682226295E+002
    161200   0.9935438060E+003   0.2565936412E+002   0.5920048844E+002   0.2682441704E+002
    161300   0.9935431027E+003   0.2566448583E+002   0.5920015174E+002   0.2682453047E+002
    161400   0.9935480870E+003   0.2567030784E+002   0.5919750315E+002   0.2682352064E+002
    161500   0.9935380008E+003   0.2567710414E+002   0.5920023882E+002   0.2682452923E+002
    161600   0.9935093303E+003   0.2568226430E+002   0.5920111200E+002   0.2682463383E+002
    161700   0.9934876347E+003   0.2568343695E+002   0.5919764420E+002   0.2682347864E+002
    161800   0.9934683165E+003   0.2568425549E+002   0.5919621681E+002   0.2682328705E+002
    161900   0.9934269108E+003   0.2568184557E+002   0.5919600215E+002   0.2682361903E+002
    162000   0.9933912323E+003   0.2568428950E+002   0.5919802896E+002   0.2682500688E+002
    162100   0.9933585404E+003   0.2568374445E+002   0.5919886193E+002   0.2682649440E+002
    162200   0.9933394777E+003   0.2569499309E+002   0.5919807152E+002   0.2682649270E+002
    162300   0.9933249876E+003   0.2571161764E+002   0.5919839585E+002   0.2682677545E+002
    162400   0.9933154148E+003   0.2572055000E+002   0.5920500204E+002   0.2682995865E+002
    162500   0.9933297865E+003   0.2573676456E+002   0.5920640481E+002   0.2683087442E+002
    162600   0.9933743710E+003   0.2574232622E+002   0.5920118254E+002   0.2682943223E+002
    162700   0.9934307259E+003   0.2574089842E+002   0.5919654507E+002   0.2682844790E+002
    162800   0.9934443048E+003   0.2572763677E+002   0.5919058134E+002   0.2682750873E+002
    162900   0.9934940404E+003   0.2570715995E+002   0.5918836150E+002   0.2682934753E+002
    163000   0.9935550384E+003   0.2569487744E+002   0.5918487042E+002   0.2683003115E+002
    163100   0.9935705884E+003   0.2569156541E+002   0.5918473383E+002   0.2683115362E+002
    163200   0.9935804336E+003   0.2568298175E+002   0.5917810136E+002   0.2682957124E+002
    163300   0.9935996115E+003   0.2566964765E+002   0.5917159817E+002   0.2682911739E+002
    163400   0.9936126854E+003   0.2567259910E+002   0.5917019102E+002   0.2683002634E+002
    163500   0.9936123290E+003   0.2567129298E+002   0.5916908877E+002   0.2683151390E+002
    163600   0.9936400370E+003   0.2566858381E+002   0.5916686506E+002   0.2683285744E+002
    163700   0.9936804078E+003   0.2566188925E+002   0.5916514120E+002   0.2683515587E+002
    163800   0.9937380726E+003   0.2564232949E+002   0.5916613156E+002   0.2683976443E+002
    163900   0.9937592519E+003   0.2562816200E+002   0.5916375074E+002   0.2684190714E+002
    164000   0.9937998558E+003   0.2561787910E+002   0.5916422933E+002   0.2684546265E+002
    164100   0.9938397618E+003   0.2561350668E+002   0.5916420212E+002   0.2684802029E+002
    164200   0.9938545386E+003   0.2561799757E+002   0.5916211711E+002   0.2684798087E+002
    164300   0.9938483197E+003   0.2562190925E+002   0.5916073458E+002   0.2684845493E+002
    164400   0.9938892850E+003   0.2562913210E+002   0.5915736431E+002   0.2684782272E+002
    164500   0.9939256813E+003   0.2562449190E+002   0.5915331080E+002   0.2684728606E+002
    164600   0.9939774228E+003   0.2561449572E+002   0.5915241632E+002   0.2684848092E+002
    164700   0.9940113918E+003   0.2560868297E+002   0.5915280394E+002   0.2684978898E+002
    164800   0.9940700037E+003   0.2558319483E+002   0.5915391040E+002   0.2685306883E+002
    164900   0.9941037150E+003   0.2556267238E+002   0.5915166768E+002   0.2685415487E+002
    165000   0.9941082935E+003   0.2556405779E+002   0.5915182410E+002   0.2685471014E+002
    165100   0.9941119362E+003   0.2556153476E+002   0.5914581932E+002   0.2685273426E+002
    165200   0.9941068098E+003   0.2554402046E+002   0.5914153741E+002   0.2685299026E+002
    165300   0.9941138162E+003   0.2553219763E+002   0.5913557907E+002   0.2685210819E+002
    165400   0.9941340497E+003   0.2552767707E+002   0.5913247517E+002   0.2685171951E+002
    165500   0.9941513291E+003   0.2552395069E+002   0.5912788982E+002   0.2685097124E+002
    165600   0.9941843849E+003   0.2551661890E+002   0.5912744769E+002   0.2685250557E+002
    165700   0.9942186072E+003   0.2551060419E+002   0.5913067754E+002   0.2685595652E+002
    165800   0.9942367918E+003   0.2551436845E+002   0.5913031990E+002   0.2685644634E+002
    165900   0.9942720864E+003   0.2551448773E+002   0.5912709264E+002   0.2685624874E+002
    166000   0.9942841139E+003   0.2551276493E+002   0.5913014875E+002   0.2685852361E+002
    166100   0.9942919215E+003   0.2551047178E+002   0.5913332615E+002   0.2686086507E+002
    166200   0.9943122473E+003   0.2550278624E+002   0.5912704498E+002   0.2685939909E+002
    166300   0.9943113155E+003   0.2549711949E+002   0.5912378570E+002   0.2685908009E+002
    166400   0.9943006696E+003   0.2548606169E+002   0.5911993442E+002   0.2685885506E+002
    166500   0.9942901526E+003   0.2547417183E+002   0.5911293589E+002   0.2685745877E+002
    166600   0.9942870322E+003   0.2546308770E+002   0.5911044314E+002   0.2685807918E+002
    166700   0.9942910409E+003   0.2545447347E+002   0.5910809054E+002   0.2685852107E+002
    166800   0.9943040252E+003   0.2543666780E+002   0.5910175153E+002   0.2685816292E+002
    166900   0.9942947017E+003   0.2542527544E+002   0.5909291675E+002   0.2685634032E+002
    167000   0.9942996083E+003   0.2542033655E+002   0.5909014774E+002   0.2685638360E+002
    167100   0.9942835536E+003   0.2541683363E+002   0.5908599877E+002   0.2685590037E+002
    167200   0.9942969575E+003   0.2542259932E+002   0.5908585780E+002   0.2685642966E+002
    167300   0.9943185860E+003   0.2542016641E+002   0.5908457577E+002   0.2685737573E+002
    167400   0.9943202551E+003   0.2542331648E+002   0.5908496274E+002   0.2685865109E+002
    167500   0.9943402944E+003   0.2542086630E+002   0.5908896176E+002   0.2686229423E+002
    167600   0.9943478597E+003   0.2541342167E+002   0.5908330952E+002   0.2686165368E+002
    167700   0.9943360281E+003   0.2541560247E+002   0.5907787676E+002   0.2686047798E+002
    167800   0.9943285723E+003   0.2540827317E+002   0.5907669927E+002   0.2686219835E+002
    167900   0.9943083448E+003   0.2540646037E+002   0.5907620651E+002   0.2686381559E+002
    168000   0.9942890132E+003   0.2540374429E+002   0.5908008866E+002   0.2686826566E+002
    168100   0.9942778767E+003   0.2540848644E+002   0.5907975287E+002   0.2687007280E+002
    168200   0.9942593330E+003   0.2541878228E+002   0.5907828246E+002   0.2687084554E+002
    168300   0.9942225108E+003   0.2543053353E+002   0.5907798429E+002   0.2687138524E+002
    168400   0.9941904672E+003   0.2542800080E+002   0.5907578282E+002   0.2687275075E+002
    168500   0.9941648069E+003   0.2543977362E+002   0.5907734124E+002   0.2687513558E+002
    168600   0.9941409440E+003   0.2544581021E+002   0.5907497046E+002   0.2687541572E+002
    168700   0.9941202576E+003   0.2546168065E+002   0.5907524114E+002   0.2687702956E+002
    168800   0.9940971540E+003   0.2547578253E+002   0.5907402293E+002   0.2687765433E+002
    168900   0.9940717782E+003   0.2549271696E+002   0.5907087508E+002   0.2687676034E+002
    169000   0.9940613072E+003   0.2550554037E+002   0.5907149531E+002   0.2687815791E+002
    169100   0.9940640744E+003   0.2551457045E+002   0.5907121909E+002   0.2687996758E+002
    169200   0.9940569849E+003   0.2552234094E+002   0.5906831439E+002   0.2688040898E+002
    169300   0.9940579905E+003   0.2553160146E+002   0.5906867022E+002   0.2688266347E+002
    169400   0.9940718201E+003   0.2553160396E+002   0.5906500558E+002   0.2688351449E+002
    169500   0.9941122521E+003   0.2552123296E+002   0.5906143688E+002   0.2688614844E+002
    169600   0.9941907890E+003   0.2550390171E+002   0.5905649723E+002   0.2688944847E+002
    169700   0.9942357321E+003   0.2549792700E+002   0.5905358328E+002   0.2689172834E+002
    169800   0.9943018754E+003   0.2548191124E+002   0.5905161089E+002   0.2689529596E+002
    169900   0.9943648901E+003   0.2547716464E+002   0.5905240887E+002   0.2689864694E+002
    170000   0.9943996301E+003   0.2547397300E+002   0.5905369750E+002   0.2690157481E+002
    170100   0.9944248752E+003   0.2547414563E+002   0.5905351536E+002   0.2690338052E+002
    170200   0.9944351959E+003   0.2548412526E+002   0.5905273666E+002   0.2690401037E+002
    170300   0.9944244057E+003   0.2548397094E+002   0.5905354880E+002   0.2690636426E+002
    170400   0.9944257087E+003   0.2548056808E+002   0.5905176933E+002   0.2690764655E+002
    170500   0.9944694835E+003   0.2548281142E+002   0.5904905749E+002   0.2690848722E+002
    170600   0.9945115383E+003   0.2549682317E+002   0.5905145159E+002   0.2691061488E+002
    170700   0.9945582250E+003   0.2550569371E+002   0.5904858436E+002   0.2691059503E+002
    170800   0.9945875943E+003   0.2551841145E+002   0.5904375270E+002   0.2690948639E+002
    170900   0.9946316691E+003   0.2553115731E+002   0.5904324613E+002   0.2691067573E+002
    171000   0.9946800752E+003   0.2553883203E+002   0.5904087241E+002   0.2691121064E+002
    171100   0.9947436148E+003   0.2553776294E+002   0.5904043435E+002   0.2691360962E+002
    171200   0.9947530823E+003   0.2553059440E+002   0.5903449996E+002   0.2691378565E+002
    171300   0.9947552836E+003   0.2552742444E+002   0.5903097254E+002   0.2691472648E+002
    171400   0.9947540107E+003   0.2552598528E+002   0.5902970042E+002   0.2691615623E+002
    171500   0.9947616144E+003   0.2552309957E+002   0.5903168805E+002   0.2691944081E+002
    171600   0.9947787592E+003   0.2552600555E+002   0.5902672841E+002   0.2691864141E+002
    171700   0.9947848422E+003   0.2553250387E+002   0.5902456991E+002   0.2691856316E+002
    171800   0.9947903545E+003   0.2553785992E+002   0.5902245232E+002   0.2691855349E+002
    171900   0.9948024060E+003   0.2554512048E+002   0.5902224985E+002   0.2691968635E+002
    172000   0.9948258357E+003   0.2554362251E+002   0.5901814937E+002   0.2691965954E+002
    172100   0.9948780869E+003   0.2552625935E+002   0.5901301933E+002   0.2692012779E+002
    172200   0.9949191174E+003   0.2551336998E+002   0.5900682722E+002   0.2692028324E+002
    172300   0.9949401483E+003   0.2549268381E+002   0.5900300361E+002   0.2692219937E+002
    172400   0.9949605146E+003   0.2548101545E+002   0.5900303073E+002   0.2692478212E+002
    172500   0.9949805267E+003   0.2547029828E+002   0.5900221697E+002   0.2692691084E+002
    172600   0.9949969195E+003   0.2545775067E+002   0.5900189621E+002   0.2692936528E+002
    172700   0.9950229480E+003   0.2545844250E+002   0.5900116827E+002   0.2693106550E+002
    172800   0.9950433618E+003   0.2546158116E+002   0.5900266252E+002   0.2693335447E+002
    172900   0.9950489311E+003   0.2546510900E+002   0.5900589155E+002   0.2693723942E+002
    173000   0.9950394625E+003   0.2546842380E+002   0.5900449430E+002   0.2693824595E+002
    173100   0.9950329944E+003   0.2547733763E+002   0.5900982947E+002   0.2694222631E+002
    173200   0.9950235365E+003   0.2548076132E+002   0.5901407327E+002   0.2694632656E+002
    173300   0.9950547586E+003   0.2547596702E+002   0.5901140997E+002   0.2694865889E+002
    173400   0.9950854942E+003   0.2547144656E+002   0.5901062964E+002   0.2695170416E+002
    173500   0.9950964728E+003   0.2546549053E+002   0.5900449073E+002   0.2695165989E+002
    173600   0.9951244083E+003   0.2545519827E+002   0.5899721372E+002   0.2695209084E+002
    173700   0.9951148601E+003   0.2544990002E+002   0.5899765593E+002   0.2695544466E+002
    173800   0.9950942445E+003   0.2544554316E+002   0.5899675166E+002   0.2695787600E+002
    173900   0.9950769788E+003   0.2543759583E+002   0.5899312064E+002   0.2695873876E+002
    174000   0.9950371240E+003   0.2544001978E+002   0.5899143080E+002   0.2696007246E+002
    174100   0.9950146478E+003   0.2544967741E+002   0.5898785257E+002   0.2695940907E+002
    174200   0.9949979210E+003   0.2545752397E+002   0.5898521898E+002   0.2695934850E+002
    174300   0.9950021657E+003   0.2546638964E+002   0.5898457729E+002   0.2695994910E+002
    174400   0.9949863780E+003   0.2546701825E+002   0.5898030148E+002   0.2695978619E+002
    174500   0.9949773349E+003   0.2546823788E+002   0.5897749971E+002   0.2696024437E+002
    174600   0.9949902626E+003   0.2546505973E+002   0.5897750684E+002   0.2696326099E+002
    174700   0.9950092452E+003   0.2544647870E+002   0.5897201341E+002   0.2696538315E+002
    174800   0.9950280667E+003   0.2544274879E+002   0.5897103081E+002   0.2696790295E+002
    174900   0.9950336007E+003   0.2544646230E+002   0.5896757729E+002   0.2696855453E+002
    175000   0.9950267933E+003   0.2544914166E+002   0.5896345422E+002   0.2696871166E+002
    175100   0.9950219260E+003   0.2544697394E+002   0.5896434310E+002   0.2697170009E+002
    175200   0.9950334214E+003   0.2545208976E+002   0.5896227078E+002   0.2697257579E+002
    175300   0.9950685986E+003   0.2545105965E+002   0.5895875783E+002   0.2697392018E+002
    175400   0.9951274926E+003   0.2543777207E+002   0.5895394245E+002   0.2697653432E+002
    175500   0.9951949706E+003   0.2542529179E+002   0.5894890070E+002   0.2697902661E+002
    175600   0.9952661201E+003   0.2541319946E+002   0.5894331016E+002   0.2698131821E+002
    175700   0.9953308274E+003   0.2541212068E+002   0.5894105171E+002   0.2698462555E+002
    175800   0.9953657002E+003   0.2541727216E+002   0.5894124595E+002   0.2698718684E+002
    175900   0.9953993363E+003   0.2540846366E+002   0.5893752016E+002   0.2699032046E+002
    176000   0.9954119203E+003   0.2539754690E+002   0.5893560090E+002   0.2699416670E+002
    176100   0.9954157908E+003   0.2539565528E+002   0.5893659523E+002   0.2699726394E+002
    176200   0.9954152393E+003   0.2540336562E+002   0.5893543309E+002   0.2700018778E+002
    176300   0.9954201410E+003   0.2541213126E+002   0.5893113612E+002   0.2700073703E+002
    176400   0.9953979398E+003   0.2541159345E+002   0.5892449341E+002   0.2700042717E+002
    176500   0.9953985738E+003   0.2541210991E+002   0.5892158057E+002   0.2700132251E+002
    176600   0.9954120534E+003   0.2540352171E+002   0.5891594021E+002   0.2700162949E+002
    176700   0.9954300758E+003   0.2539412160E+002   0.5891382074E+002   0.2700433302E+002
    176800   0.9954560318E+003   0.2538899711E+002   0.5891319492E+002   0.2700708043E+002
    176900   0.9954631887E+003   0.2537536785E+002   0.5890725002E+002   0.2700823128E+002
    177000   0.9954779583E+003   0.2536940828E+002   0.5890674761E+002   0.2701078789E+002
    177100   0.9954979459E+003   0.2536218346E+002   0.5890216210E+002   0.2701209229E+002
    177200   0.9954881126E+003   0.2535622355E+002   0.5889843533E+002   0.2701425562E+002
    177300   0.9954993174E+003   0.2535928494E+002   0.5889740942E+002   0.2701678933E+002
    177400   0.9955332906E+003   0.2536267707E+002   0.5889869010E+002   0.2701986575E+002
    177500   0.9955517304E+003   0.2537170781E+002   0.5889799465E+002   0.2702142989E+002
    177600   0.9955409203E+003   0.2538044858E+002   0.5889599474E+002   0.2702188943E+002
    177700   0.9955428038E+003   0.2538376981E+002   0.5889371947E+002   0.2702347037E+002
    177800   0.9955460011E+003   0.2538480071E+002   0.5889186790E+002   0.2702533271E+002
    177900   0.9955396618E+003   0.2539183153E+002   0.5889064782E+002   0.2702684333E+002
    178000   0.9955677955E+003   0.2539187035E+002   0.5888929035E+002   0.2703046023E+002
    178100   0.9955931976E+003   0.2537931071E+002   0.5888760591E+002   0.2703446383E+002
    178200   0.9956140041E+003   0.2537204642E+002   0.5887969771E+002   0.2703476707E+002
    178300   0.9956176106E+003   0.2537213882E+002   0.5887197143E+002   0.2703448685E+002
    178400   0.9956255243E+003   0.2537507906E+002   0.5887189605E+002   0.2703752211E+002
    178500   0.9956151880E+003   0.2537649711E+002   0.5887061639E+002   0.2703976982E+002
    178600   0.9956107012E+003   0.2538667562E+002   0.5887039033E+002   0.2704204189E+002
    178700   0.9956043536E+003   0.2539430342E+002   0.5886704528E+002   0.2704288894E+002
    178800   0.9956248277E+003   0.2540959839E+002   0.5885999011E+002   0.2704190861E+002
    178900   0.9956416230E+003   0.2541741941E+002   0.5884977415E+002   0.2703997163E+002
    179000   0.9956674468E+003   0.2542710286E+002   0.5884001622E+002   0.2703809908E+002
    179100   0.9956983721E+003   0.2543176136E+002   0.5883587127E+002   0.2703932841E+002
    179200   0.9957261433E+003   0.2542899524E+002   0.5883077144E+002   0.2704072809E+002
    179300   0.9957771310E+003   0.2542704619E+002   0.5882511327E+002   0.2704125951E+002
    179400   0.9958170191E+003   0.2542655241E+002   0.5882562255E+002   0.2704600317E+002
    179500   0.9958496196E+003   0.2542433978E+002   0.5882407188E+002   0.2704820790E+002
    179600   0.9958920987E+003   0.2542099796E+002   0.5882045651E+002   0.2705093679E+002
    179700   0.9958985767E+003   0.2541463437E+002   0.5881994860E+002   0.2705494760E+002
    179800   0.9959157687E+003   0.2541795101E+002   0.5881660516E+002   0.2705590295E+002
    179900   0.9959125858E+003   0.2542070731E+002   0.5881289620E+002   0.2705723269E+002
    180000   0.9959045135E+003   0.2541919287E+002   0.5880758446E+002   0.2705828849E+002
    180100   0.9959108685E+003   0.2541786758E+002   0.5880611248E+002   0.2706062286E+002
    180200   0.9959180633E+003   0.2540983587E+002   0.5880070380E+002   0.2706229769E+002
    180300   0.9959221401E+003   0.2540170447E+002   0.5879686891E+002   0.2706386406E+002
    180400   0.9959393871E+003   0.2540446611E+002   0.5879144756E+002   0.2706402285E+002
    180500   0.9959447336E+003   0.2542228211E+002   0.5878702331E+002   0.2706335087E+002
    180600   0.9959318689E+003   0.2542991223E+002   0.5878738781E+002   0.2706521809E+002
    180700   0.9958962323E+003   0.2543457942E+002   0.5878547490E+002   0.2706610589E+002
    180800   0.9958385294E+003   0.2543980385E+002   0.5878260252E+002   0.2706604153E+002
    180900   0.9957885980E+003   0.2544807204E+002   0.5878254414E+002   0.2706754681E+002
    181000   0.9957333626E+003   0.2545740367E+002   0.5877963393E+002   0.2706741061E+002
    181100   0.9956755912E+003   0.2546471496E+002   0.5877846710E+002   0.2706797262E+002
    181200   0.9956478721E+003   0.2545636704E+002   0.5877561005E+002   0.2706892002E+002
    181300   0.9956510186E+003   0.2543599074E+002   0.5876540548E+002   0.2706787707E+002
    181400   0.9956607010E+003   0.2542596658E+002   0.5876249068E+002   0.2706966730E+002
    181500   0.9956670802E+003   0.2542161490E+002   0.5875831541E+002   0.2707010145E+002
    181600   0.9956616785E+003   0.2542702766E+002   0.5875613998E+002   0.2707091863E+002
    181700   0.9956576569E+003   0.2543542195E+002   0.5875442178E+002   0.2707075297E+002
    181800   0.9956555826E+003   0.2544387360E+002   0.5875625951E+002   0.2707323754E+002
    181900   0.9956500507E+003   0.2545084094E+002   0.5875893994E+002   0.2707649889E+002
    182000   0.9956458405E+003   0.2546085350E+002   0.5875651244E+002   0.2707701378E+002
    182100   0.9956459113E+003   0.2546799910E+002   0.5875364073E+002   0.2707745668E+002
    182200   0.9956304871E+003   0.2546940147E+002   0.5875168361E+002   0.2707845510E+002
    182300   0.9956005603E+003   0.2547190001E+002   0.5875154463E+002   0.2708080291E+002
    182400   0.9955610506E+003   0.2548290491E+002   0.5874919036E+002   0.2708076107E+002
    182500   0.9955347687E+003   0.2550277351E+002   0.5874796577E+002   0.2708095273E+002
    182600   0.9955305578E+003   0.2551432264E+002   0.5874815397E+002   0.2708213724E+002
    182700   0.9955218524E+003   0.2551982951E+002   0.5874932539E+002   0.2708459972E+002
    182800   0.9955213859E+003   0.2552891208E+002   0.5874905218E+002   0.2708661865E+002
    182900   0.9955348813E+003   0.2553568242E+002   0.5874519182E+002   0.2708692710E+002
    183000   0.9955343079E+003   0.2553680243E+002   0.5874137630E+002   0.2708761826E+002
    183100   0.9955273477E+003   0.2553590719E+002   0.5874096359E+002   0.2708994966E+002
    183200   0.9955304386E+003   0.2553628121E+002   0.5874119320E+002   0.2709231695E+002
    183300   0.9955403478E+003   0.2553636851E+002   0.5874000136E+002   0.2709384164E+002
    183400   0.9955669344E+003   0.2553481462E+002   0.5873919870E+002   0.2709630845E+002
    183500   0.9955888218E+003   0.2553435851E+002   0.5873733188E+002   0.2709760812E+002
    183600   0.9955976660E+003   0.2553422605E+002   0.5873459169E+002   0.2709864859E+002
    183700   0.9955864652E+003   0.2553446488E+002   0.5872746704E+002   0.2709786379E+002
    183800   0.9955805185E+003   0.2553281600E+002   0.5872401933E+002   0.2709868416E+002
    183900   0.9955794220E+003   0.2553320364E+002   0.5872388929E+002   0.2710079246E+002
    184000   0.9955682268E+003   0.2553806206E+002   0.5872516073E+002   0.2710346132E+002
    184100   0.9955584330E+003   0.2554226024E+002   0.5872386490E+002   0.2710465861E+002
    184200   0.9955442528E+003   0.2554895818E+002   0.5872039851E+002   0.2710508841E+002
    184300   0.9955375114E+003   0.2555762250E+002   0.5871736309E+002   0.2710555561E+002
    184400   0.9955305543E+003   0.2556235517E+002   0.5871522231E+002   0.2710711086E+002
    184500   0.9955391794E+003   0.2555424809E+002   0.5870686763E+002   0.2710690015E+002
    184600   0.9955710102E+003   0.2554362593E+002   0.5870234485E+002   0.2710836686E+002
    184700   0.9955773364E+003   0.2553848532E+002   0.5870021235E+002   0.2711053226E+002
    184800   0.9955796265E+003   0.2554214460E+002   0.5869881420E+002   0.2711151259E+002
    184900   0.9955623722E+003   0.2554737598E+002   0.5870079328E+002   0.2711397092E+002
    185000   0.9955290629E+003   0.2555205254E+002   0.5869783113E+002   0.2711458991E+002
    185100   0.9955111365E+003   0.2555517363E+002   0.5869748095E+002   0.2711604215E+002
    185200   0.9954924497E+003   0.2555677772E+002   0.5869865240E+002   0.2711901800E+002
    185300   0.9954774617E+003   0.2555764957E+002   0.5869761093E+002   0.2712110190E+002
    185400   0.9954771750E+003   0.2555698601E+002   0.5869744871E+002   0.2712351575E+002
    185500   0.9954994742E+003   0.2556005344E+002   0.5869721651E+002   0.2712678199E+002
    185600   0.9955257284E+003   0.2555875438E+002   0.5869708858E+002   0.2713049701E+002
    185700   0.9955710452E+003   0.2555999858E+002   0.5869253011E+002   0.2713122485E+002
    185800   0.9956034893E+003   0.2556212332E+002   0.5869152670E+002   0.2713380489E+002
    185900   0.9956405998E+003   0.2556517996E+002   0.5868836725E+002   0.2713585629E+002
    186000   0.9956697270E+003   0.2556633125E+002   0.5868519752E+002   0.2713761211E+002
    186100   0.9956845380E+003   0.2556855501E+002   0.5868158826E+002   0.2713887489E+002
    186200   0.9957274211E+003   0.2556343974E+002   0.5867414523E+002   0.2714006625E+002
    186300   0.9957814076E+003   0.2555646812E+002   0.5866979965E+002   0.2714270649E+002
    186400   0.9958381794E+003   0.2555038212E+002   0.5866808386E+002   0.2714674619E+002
    186500   0.9958791211E+003   0.2555084440E+002   0.5866569717E+002   0.2714935283E+002
    186600   0.9959062089E+003   0.2555189688E+002   0.5866204253E+002   0.2715075564E+002
    186700   0.9959158958E+003   0.2554762120E+002   0.5865757044E+002   0.2715279539E+002
    186800   0.9959264553E+003   0.2555360288E+002   0.5865482001E+002   0.2715468756E+002
    186900   0.9959340914E+003   0.2555364920E+002   0.5865305017E+002   0.2715693843E+002
    187000   0.9959276914E+003   0.2554753357E+002   0.5865036522E+002   0.2715873508E+002
    187100   0.9959245255E+003   0.2554781561E+002   0.5864622390E+002   0.2715990505E+002
    187200   0.9959297918E+003   0.2553896466E+002   0.5863860219E+002   0.2716099931E+002
    187300   0.9959329327E+003   0.2552720272E+002   0.5863402474E+002   0.2716390057E+002
    187400   0.9959287235E+003   0.2552987605E+002   0.5862990525E+002   0.2716605334E+002
    187500   0.9959318858E+003   0.2554022463E+002   0.5862853927E+002   0.2716758100E+002
    187600   0.9959227932E+003   0.2554272771E+002   0.5862567049E+002   0.2716928044E+002
    187700   0.9959251561E+003   0.2553956907E+002   0.5862291421E+002   0.2717100864E+002
    187800   0.9959295521E+003   0.2553590665E+002   0.5861774827E+002   0.2717186696E+002
    187900   0.9959283672E+003   0.2553051244E+002   0.5861433883E+002   0.2717451629E+002
    188000   0.9959324810E+003   0.2553073594E+002   0.5861195652E+002   0.2717703659E+002
    188100   0.9959376248E+003   0.2553394527E+002   0.5860914829E+002   0.2717861214E+002
    188200   0.9959472069E+003   0.2553515737E+002   0.5860613893E+002   0.2718005805E+002
    188300   0.9959658132E+003   0.2553372838E+002   0.5860505113E+002   0.2718309192E+002
    188400   0.9959771327E+003   0.2553046788E+002   0.5860119012E+002   0.2718385582E+002
    188500   0.9959738844E+003   0.2552700626E+002   0.5859719269E+002   0.2718521478E+002
    188600   0.9959791602E+003   0.2552782499E+002   0.5859307873E+002   0.2718551218E+002
    188700   0.9959885473E+003   0.2553287595E+002   0.5859220239E+002   0.2718712732E+002
    188800   0.9959829731E+003   0.2553682675E+002   0.5859168941E+002   0.2718885961E+002
    188900   0.9959708183E+003   0.2554291828E+002   0.5859097522E+002   0.2719029311E+002
    189000   0.9959675889E+003   0.2554718223E+002   0.5858989312E+002   0.2719140768E+002
    189100   0.9959628457E+003   0.2554238513E+002   0.5858891039E+002   0.2719420456E+002
    189200   0.9959581047E+003   0.2554138634E+002   0.5858552497E+002   0.2719489993E+002
    189300   0.9959591549E+003   0.2554095787E+002   0.5858692593E+002   0.2719859029E+002
    189400   0.9959502795E+003   0.2554241780E+002   0.5858553601E+002   0.2720053014E+002
    189500   0.9959416958E+003   0.2554819835E+002   0.5858548175E+002   0.2720242016E+002
    189600   0.9959278672E+003   0.2554636405E+002   0.5858085763E+002   0.2720277414E+002
    189700   0.9959174459E+003   0.2554599844E+002   0.5858172889E+002   0.2720557861E+002
    189800   0.9959034971E+003   0.2555464211E+002   0.5857979217E+002   0.2720586737E+002
    189900   0.9958901143E+003   0.2555939548E+002   0.5857904131E+002   0.2720674030E+002
    190000   0.9958742999E+003   0.2555452701E+002   0.5857886954E+002   0.2720864137E+002
    190100   0.9958525921E+003   0.2555208598E+002   0.5857673154E+002   0.2720919226E+002
    190200   0.9958294108E+003   0.2556278516E+002   0.5857775606E+002   0.2721050389E+002
    190300   0.9958115772E+003   0.2556544641E+002   0.5858029788E+002   0.2721325143E+002
    190400   0.9958160737E+003   0.2556818616E+002   0.5857950364E+002   0.2721445182E+002
    190500   0.9958198513E+003   0.2558215597E+002   0.5858242771E+002   0.2721662472E+002
    190600   0.9958158294E+003   0.2558962174E+002   0.5858309948E+002   0.2721803636E+002
    190700   0.9958244052E+003   0.2559115192E+002   0.5858366682E+002   0.2722059834E+002
    190800   0.9958497999E+003   0.2559131427E+002   0.5857954987E+002   0.2722133377E+002
    190900   0.9958657910E+003   0.2558003040E+002   0.5857657650E+002   0.2722328621E+002
    191000   0.9959077323E+003   0.2557164924E+002   0.5857621951E+002   0.2722625587E+002
    191100   0.9959299910E+003   0.2556939506E+002   0.5857303964E+002   0.2722690179E+002
    191200   0.9959522358E+003   0.2556634404E+002   0.5857058210E+002   0.2722810768E+002
    191300   0.9959757656E+003   0.2555867678E+002   0.5856606162E+002   0.2722853570E+002
    191400   0.9960186287E+003   0.2555230947E+002   0.5856357678E+002   0.2722973681E+002
    191500   0.9960520632E+003   0.2554236656E+002   0.5856237889E+002   0.2723206448E+002
    191600   0.9960889100E+003   0.2553428212E+002   0.5856093724E+002   0.2723430602E+002
    191700   0.9961195320E+003   0.2552138656E+002   0.5855847696E+002   0.2723684772E+002
    191800   0.9961322517E+003   0.2550925098E+002   0.5855473329E+002   0.2723830182E+002
    191900   0.9961501401E+003   0.2549461331E+002   0.5854826761E+002   0.2723908317E+002
    192000   0.9961488844E+003   0.2548944360E+002   0.5854515842E+002   0.2723992257E+002
    192100   0.9961437097E+003   0.2548025101E+002   0.5854413492E+002   0.2724260855E+002
    192200   0.9961289223E+003   0.2546946913E+002   0.5854213231E+002   0.2724455758E+002
    192300   0.9961197153E+003   0.2546472730E+002   0.5854353262E+002   0.2724754264E+002
    192400   0.9961365287E+003   0.2546482943E+002   0.5853914640E+002   0.2724797774E+002
    192500   0.9961408261E+003   0.2546122486E+002   0.5853622059E+002   0.2724885407E+002
    192600   0.9961439983E+003   0.2545554872E+002   0.5853344485E+002   0.2725056598E+002
    192700   0.9961733834E+003   0.2544853084E+002   0.5853392786E+002   0.2725378476E+002
    192800   0.9961912459E+003   0.2543834245E+002   0.5852893668E+002   0.2725507636E+002
    192900   0.9961959338E+003   0.2543620912E+002   0.5852794316E+002   0.2725652056E+002
    193000   0.9961946729E+003   0.2543055747E+002   0.5852211055E+002   0.2725691485E+002
    193100   0.9961891130E+003   0.2542546792E+002   0.5851667782E+002   0.2725778644E+002
    193200   0.9961916582E+003   0.2543172616E+002   0.5851312703E+002   0.2725807866E+002
    193300   0.9962139368E+003   0.2543462487E+002   0.5851519615E+002   0.2726199580E+002
    193400   0.9962418013E+003   0.2542956743E+002   0.5851419451E+002   0.2726504863E+002
    193500   0.9962518929E+003   0.2542518689E+002   0.5851391706E+002   0.2726790146E+002
    193600   0.9962577710E+003   0.2542272843E+002   0.5851332945E+002   0.2726962329E+002
    193700   0.9962384580E+003   0.2542414074E+002   0.5851137189E+002   0.2727031899E+002
    193800   0.9962106527E+003   0.2542982616E+002   0.5850870189E+002   0.2727055127E+002
    193900   0.9961803881E+003   0.2543243762E+002   0.5850862809E+002   0.2727247671E+002
    194000   0.9961493611E+003   0.2544114541E+002   0.5850367816E+002   0.2727157271E+002
    194100   0.9961363398E+003   0.2545775790E+002   0.5850140741E+002   0.2727154944E+002
    194200   0.9961316298E+003   0.2546872955E+002   0.5850006256E+002   0.2727223667E+002
    194300   0.9961435844E+003   0.2547166444E+002   0.5849748114E+002   0.2727289953E+002
    194400   0.9961504782E+003   0.2547059947E+002   0.5849640163E+002   0.2727469651E+002
    194500   0.9961639902E+003   0.2546490644E+002   0.5849206799E+002   0.2727547283E+002
    194600   0.9961820052E+003   0.2546820213E+002   0.5848939884E+002   0.2727656426E+002
    194700   0.9962016514E+003   0.2546372036E+002   0.5848693161E+002   0.2727805345E+002
    194800   0.9962108184E+003   0.2546474478E+002   0.5848061828E+002   0.2727745784E+002
    194900   0.9962259196E+003   0.2546829163E+002   0.5847630572E+002   0.2727763313E+002
    195000   0.9962291479E+003   0.2546504260E+002   0.5847504846E+002   0.2727986749E+002
    195100   0.9962411011E+003   0.2545798955E+002   0.5846911634E+002   0.2728042890E+002
    195200   0.9962271423E+003   0.2545284237E+002   0.5846608768E+002   0.2728145666E+002
    195300   0.9962082936E+003   0.2544897526E+002   0.5846309105E+002   0.2728263823E+002
    195400   0.9961833279E+003   0.2544695721E+002   0.5846145654E+002   0.2728412988E+002
    195500   0.9961709073E+003   0.2544607330E+002   0.5845916405E+002   0.2728541654E+002
    195600   0.9961624661E+003   0.2544679802E+002   0.5845932839E+002   0.2728749832E+002
    195700   0.9961754145E+003   0.2544876877E+002   0.5845529615E+002   0.2728766175E+002
    195800   0.9961743643E+003   0.2545928614E+002   0.5845650245E+002   0.2728930165E+002
    195900   0.9961746535E+003   0.2546871840E+002   0.5845786768E+002   0.2729119751E+002
    196000   0.9961649623E+003   0.2547225548E+002   0.5845824793E+002   0.2729265261E+002
    196100   0.9961533100E+003   0.2547743762E+002   0.5845735582E+002   0.2729374796E+002
    196200   0.9961548618E+003   0.2548373389E+002   0.5845612480E+002   0.2729461331E+002
    196300   0.9961371574E+003   0.2549050250E+002   0.5845478113E+002   0.2729523275E+002
    196400   0.9961308858E+003   0.2549756892E+002   0.5845233406E+002   0.2729580494E+002
    196500   0.9961151339E+003   0.2550423970E+002   0.5845093635E+002   0.2729737413E+002
    196600   0.9960980183E+003   0.2550336415E+002   0.5844831434E+002   0.2729834901E+002
    196700   0.9960735473E+003   0.2550324724E+002   0.5844745164E+002   0.2730012128E+002
    196800   0.9960447679E+003   0.2550441869E+002   0.5844407409E+002   0.2730012422E+002
    196900   0.9960051591E+003   0.2550576438E+002   0.5844315024E+002   0.2730216830E+002
    197000   0.9959850158E+003   0.2550637176E+002   0.5844346240E+002   0.2730421811E+002
    197100   0.9959873007E+003   0.2550649477E+002   0.5844292028E+002   0.2730695269E+002
    197200   0.9960030847E+003   0.2550843708E+002   0.5844088213E+002   0.2730836762E+002
    197300   0.9960182365E+003   0.2550959805E+002   0.5843948796E+002   0.2731011703E+002
    197400   0.9960244258E+003   0.2550841900E+002   0.5843757307E+002   0.2731163693E+002
    197500   0.9960162587E+003   0.2551281830E+002   0.5843341303E+002   0.2731185005E+002
    197600   0.9960043167E+003   0.2552162436E+002   0.5843062750E+002   0.2731300016E+002
    197700   0.9960065674E+003   0.2552791720E+002   0.5843188283E+002   0.2731641283E+002
    197800   0.9960166946E+003   0.2553895332E+002   0.5843114774E+002   0.2731810631E+002
    197900   0.9960182315E+003   0.2554689800E+002   0.5842998132E+002   0.2731999094E+002
    198000   0.9960236085E+003   0.2555071161E+002   0.5842872424E+002   0.2732180696E+002
    198100   0.9960185263E+003   0.2554734813E+002   0.5842719218E+002   0.2732411230E+002
    198200   0.9959988905E+003   0.2554644055E+002   0.5842580417E+002   0.2732637824E+002
    198300   0.9959901272E+003   0.2555072600E+002   0.5842195090E+002   0.2732655935E+002
    198400   0.9959654944E+003   0.2555111033E+002   0.5842049459E+002   0.2732879619E+002
    198500   0.9959490995E+003   0.2555756546E+002   0.5841988572E+002   0.2733097284E+002
    198600   0.9959222621E+003   0.2556490021E+002   0.5841976587E+002   0.2733299004E+002
    198700   0.9959008968E+003   0.2557376807E+002   0.5841712099E+002   0.2733360202E+002
    198800   0.9958750610E+003   0.2558270219E+002   0.5841394820E+002   0.2733415379E+002
    198900   0.9958729732E+003   0.2558299817E+002   0.5841087518E+002   0.2733545859E+002
    199000   0.9958527991E+003   0.2558457774E+002   0.5840654789E+002   0.2733643133E+002
    199100   0.9958429938E+003   0.2559613882E+002   0.5840684508E+002   0.2733839268E+002
    199200   0.9958370953E+003   0.2560309184E+002   0.5840527300E+002   0.2733918516E+002
    199300   0.9958380269E+003   0.2560198231E+002   0.5839979758E+002   0.2733931783E+002
    199400   0.9958496724E+003   0.2559802599E+002   0.5839582540E+002   0.2734072576E+002
    199500   0.9958606366E+003   0.2560057670E+002   0.5839166927E+002   0.2734152033E+002
    199600   0.9958654002E+003   0.2561026881E+002   0.5838762224E+002   0.2734154913E+002
    199700   0.9958587549E+003   0.2561945325E+002   0.5838465432E+002   0.2734159040E+002
    199800   0.9958682963E+003   0.2562070234E+002   0.5838065776E+002   0.2734237905E+002
    199900   0.9958726674E+003   0.2561598448E+002   0.5837567698E+002   0.2734313766E+002
    200000   0.9958732205E+003   0.2561823321E+002   0.5837335259E+002   0.2734434384E+002
