# Cycle, (Average volume(Ib), Ib=1,N_Box)
    100100   0.3649650065E+005   0.1684281688E+006
    100200   0.3649859120E+005   0.1728742781E+006
    100300   0.3680189793E+005   0.1735804069E+006
    100400   0.3692653917E+005   0.1751078259E+006
    100500   0.3694275229E+005   0.1738551320E+006
    100600   0.3699053519E+005   0.1706207589E+006
    100700   0.3697152918E+005   0.1689978077E+006
    100800   0.3693879610E+005   0.1693605079E+006
    100900   0.3692217856E+005   0.1707548918E+006
    101000   0.3690206353E+005   0.1722949859E+006
    101100   0.3688352536E+005   0.1729016921E+006
    101200   0.3689311625E+005   0.1729098597E+006
    101300   0.3692824666E+005   0.1727818919E+006
    101400   0.3694906829E+005   0.1723548869E+006
    101500   0.3694253983E+005   0.1723347278E+006
    101600   0.3695530820E+005   0.1726388445E+006
    101700   0.3696731209E+005   0.1728030283E+006
    101800   0.3697097820E+005   0.1728057868E+006
    101900   0.3697505122E+005   0.1727595485E+006
    102000   0.3700715013E+005   0.1726641999E+006
    102100   0.3703618926E+005   0.1722698369E+006
    102200   0.3704150835E+005   0.1722986467E+006
    102300   0.3703470330E+005   0.1720581376E+006
    102400   0.3703591314E+005   0.1717158855E+006
    102500   0.3703555430E+005   0.1717139642E+006
    102600   0.3704080986E+005   0.1718342214E+006
    102700   0.3703577665E+005   0.1720563846E+006
    102800   0.3703407512E+005   0.1721408641E+006
    102900   0.3702366631E+005   0.1725128551E+006
    103000   0.3701515514E+005   0.1723795485E+006
    103100   0.3699070337E+005   0.1726183597E+006
    103200   0.3695353430E+005   0.1728544486E+006
    103300   0.3691780105E+005   0.1730921267E+006
    103400   0.3687257767E+005   0.1733499328E+006
    103500   0.3684073920E+005   0.1735952067E+006
    103600   0.3682532288E+005   0.1736986377E+006
    103700   0.3681123028E+005   0.1737734096E+006
    103800   0.3680054578E+005   0.1739102276E+006
    103900   0.3677479047E+005   0.1742312490E+006
    104000   0.3675946138E+005   0.1742750043E+006
    104100   0.3674584470E+005   0.1742200906E+006
    104200   0.3672759190E+005   0.1743976871E+006
    104300   0.3669611018E+005   0.1744521341E+006
    104400   0.3667020439E+005   0.1745238570E+006
    104500   0.3665710428E+005   0.1745612106E+006
    104600   0.3664801860E+005   0.1745110558E+006
    104700   0.3664070691E+005   0.1743343829E+006
    104800   0.3662509903E+005   0.1745159883E+006
    104900   0.3661563345E+005   0.1744787465E+006
    105000   0.3661268101E+005   0.1742987745E+006
    105100   0.3662187236E+005   0.1742245515E+006
    105200   0.3663933005E+005   0.1740077018E+006
    105300   0.3664984839E+005   0.1739464878E+006
    105400   0.3665317259E+005   0.1738794724E+006
    105500   0.3665991973E+005   0.1737806295E+006
    105600   0.3667095112E+005   0.1736324202E+006
    105700   0.3668689569E+005   0.1736026212E+006
    105800   0.3670469447E+005   0.1734927564E+006
    105900   0.3672421684E+005   0.1735081229E+006
    106000   0.3674801640E+005   0.1734253319E+006
    106100   0.3677182744E+005   0.1735234871E+006
    106200   0.3677849122E+005   0.1734974532E+006
    106300   0.3678526304E+005   0.1735479927E+006
    106400   0.3677982600E+005   0.1736795206E+006
    106500   0.3677190584E+005   0.1737326808E+006
    106600   0.3676197701E+005   0.1738455598E+006
    106700   0.3674969992E+005   0.1740934188E+006
    106800   0.3674589757E+005   0.1740360380E+006
    106900   0.3675306530E+005   0.1740084649E+006
    107000   0.3676299027E+005   0.1740849519E+006
    107100   0.3677903722E+005   0.1739725935E+006
    107200   0.3679664953E+005   0.1739965332E+006
    107300   0.3681011194E+005   0.1738843807E+006
    107400   0.3680685600E+005   0.1738949017E+006
    107500   0.3680535662E+005   0.1737639012E+006
    107600   0.3680435372E+005   0.1738273493E+006
    107700   0.3679575030E+005   0.1740049834E+006
    107800   0.3678094946E+005   0.1739748667E+006
    107900   0.3676421146E+005   0.1739840673E+006
    108000   0.3675803744E+005   0.1739141302E+006
    108100   0.3674466289E+005   0.1739003787E+006
    108200   0.3673359357E+005   0.1740514382E+006
    108300   0.3672614580E+005   0.1741993202E+006
    108400   0.3671159695E+005   0.1744062834E+006
    108500   0.3669743186E+005   0.1745026373E+006
    108600   0.3669115278E+005   0.1745135021E+006
    108700   0.3668527423E+005   0.1744759564E+006
    108800   0.3666777868E+005   0.1744114854E+006
    108900   0.3665099709E+005   0.1742257262E+006
    109000   0.3663907521E+005   0.1741055410E+006
    109100   0.3663203740E+005   0.1738863495E+006
    109200   0.3662610853E+005   0.1738024277E+006
    109300   0.3662489453E+005   0.1738032531E+006
    109400   0.3662523342E+005   0.1737708276E+006
    109500   0.3662204879E+005   0.1736239455E+006
    109600   0.3662110272E+005   0.1734947624E+006
    109700   0.3662332676E+005   0.1734191606E+006
    109800   0.3663249047E+005   0.1733695721E+006
    109900   0.3664333953E+005   0.1734357658E+006
    110000   0.3665000436E+005   0.1734514539E+006
    110100   0.3665871369E+005   0.1734476291E+006
    110200   0.3666120488E+005   0.1734582940E+006
    110300   0.3665267472E+005   0.1736161407E+006
    110400   0.3664711442E+005   0.1737704776E+006
    110500   0.3664127263E+005   0.1737528128E+006
    110600   0.3663418416E+005   0.1737803637E+006
    110700   0.3662840686E+005   0.1738422689E+006
    110800   0.3661141692E+005   0.1739737569E+006
    110900   0.3659802547E+005   0.1739830835E+006
    111000   0.3658314179E+005   0.1741341411E+006
    111100   0.3655644409E+005   0.1743406254E+006
    111200   0.3653491301E+005   0.1745334506E+006
    111300   0.3651606464E+005   0.1746446666E+006
    111400   0.3650076512E+005   0.1746420557E+006
    111500   0.3649274733E+005   0.1746125369E+006
    111600   0.3648380429E+005   0.1746822474E+006
    111700   0.3647031246E+005   0.1747917840E+006
    111800   0.3645821431E+005   0.1749229817E+006
    111900   0.3644937372E+005   0.1750706591E+006
    112000   0.3643427688E+005   0.1752476847E+006
    112100   0.3642241679E+005   0.1753837939E+006
    112200   0.3640338660E+005   0.1755212068E+006
    112300   0.3638590106E+005   0.1755168862E+006
    112400   0.3637508146E+005   0.1754982363E+006
    112500   0.3636924758E+005   0.1755763663E+006
    112600   0.3636230522E+005   0.1757001128E+006
    112700   0.3636039860E+005   0.1757133856E+006
    112800   0.3635378803E+005   0.1757875162E+006
    112900   0.3634171088E+005   0.1759980467E+006
    113000   0.3633430588E+005   0.1761301954E+006
    113100   0.3632568956E+005   0.1761687708E+006
    113200   0.3631853424E+005   0.1761496205E+006
    113300   0.3630992426E+005   0.1760962304E+006
    113400   0.3630219943E+005   0.1761194223E+006
    113500   0.3629728267E+005   0.1760597868E+006
    113600   0.3628902188E+005   0.1760688352E+006
    113700   0.3628417596E+005   0.1760720084E+006
    113800   0.3628116486E+005   0.1760844358E+006
    113900   0.3628253989E+005   0.1760750902E+006
    114000   0.3628870401E+005   0.1760389566E+006
    114100   0.3629501210E+005   0.1760355318E+006
    114200   0.3629884018E+005   0.1760492856E+006
    114300   0.3630286545E+005   0.1759901054E+006
    114400   0.3630664899E+005   0.1759605646E+006
    114500   0.3630900170E+005   0.1760466299E+006
    114600   0.3630907407E+005   0.1760769881E+006
    114700   0.3630938221E+005   0.1761091157E+006
    114800   0.3631792512E+005   0.1761442084E+006
    114900   0.3632601775E+005   0.1761909930E+006
    115000   0.3633327831E+005   0.1762164967E+006
    115100   0.3633847334E+005   0.1761695529E+006
    115200   0.3634656306E+005   0.1762237633E+006
    115300   0.3635399323E+005   0.1762384111E+006
    115400   0.3635660032E+005   0.1762555535E+006
    115500   0.3636117398E+005   0.1762316756E+006
    115600   0.3636394341E+005   0.1762346475E+006
    115700   0.3637203426E+005   0.1761096308E+006
    115800   0.3638325563E+005   0.1760500537E+006
    115900   0.3639501398E+005   0.1760084251E+006
    116000   0.3641097103E+005   0.1758777941E+006
    116100   0.3642400891E+005   0.1757286355E+006
    116200   0.3644024795E+005   0.1755956806E+006
    116300   0.3645121630E+005   0.1755716873E+006
    116400   0.3646120062E+005   0.1755901293E+006
    116500   0.3647471024E+005   0.1755913788E+006
    116600   0.3648682005E+005   0.1755665125E+006
    116700   0.3650215795E+005   0.1755113181E+006
    116800   0.3651990157E+005   0.1754300880E+006
    116900   0.3653651776E+005   0.1753615793E+006
    117000   0.3655431826E+005   0.1752651475E+006
    117100   0.3656999834E+005   0.1752088517E+006
    117200   0.3658749695E+005   0.1751149909E+006
    117300   0.3660297994E+005   0.1750415308E+006
    117400   0.3662524068E+005   0.1749437906E+006
    117500   0.3664787701E+005   0.1748257940E+006
    117600   0.3666347577E+005   0.1747732952E+006
    117700   0.3668305330E+005   0.1747146840E+006
    117800   0.3670560477E+005   0.1746880209E+006
    117900   0.3671921921E+005   0.1746300102E+006
    118000   0.3673028506E+005   0.1745709645E+006
    118100   0.3674865340E+005   0.1744681218E+006
    118200   0.3676667977E+005   0.1744338792E+006
    118300   0.3678963271E+005   0.1743603317E+006
    118400   0.3681064317E+005   0.1743356296E+006
    118500   0.3682995869E+005   0.1742516958E+006
    118600   0.3684979474E+005   0.1742430677E+006
    118700   0.3686226117E+005   0.1741811700E+006
    118800   0.3687343000E+005   0.1741183136E+006
    118900   0.3688739885E+005   0.1740460248E+006
    119000   0.3690086037E+005   0.1739820829E+006
    119100   0.3692007980E+005   0.1739328150E+006
    119200   0.3693827769E+005   0.1738558195E+006
    119300   0.3694944156E+005   0.1738422801E+006
    119400   0.3695884024E+005   0.1738241920E+006
    119500   0.3697124356E+005   0.1738421955E+006
    119600   0.3698366249E+005   0.1738196862E+006
    119700   0.3699741950E+005   0.1737667547E+006
    119800   0.3701166308E+005   0.1737528914E+006
    119900   0.3702705415E+005   0.1737390320E+006
    120000   0.3704193337E+005   0.1737077504E+006
    120100   0.3705499940E+005   0.1736513175E+006
    120200   0.3706688877E+005   0.1735990793E+006
    120300   0.3707980910E+005   0.1735385383E+006
    120400   0.3709527557E+005   0.1734646675E+006
    120500   0.3711404827E+005   0.1734277203E+006
    120600   0.3713342837E+005   0.1733670697E+006
    120700   0.3715779562E+005   0.1732957088E+006
    120800   0.3717283961E+005   0.1732802877E+006
    120900   0.3718755220E+005   0.1732343922E+006
    121000   0.3720879931E+005   0.1731932864E+006
    121100   0.3722938266E+005   0.1731888555E+006
    121200   0.3724659196E+005   0.1731873951E+006
    121300   0.3726218866E+005   0.1731575557E+006
    121400   0.3727653231E+005   0.1731522500E+006
    121500   0.3729067379E+005   0.1730895786E+006
    121600   0.3730878267E+005   0.1730408554E+006
    121700   0.3732857519E+005   0.1729821673E+006
    121800   0.3734444297E+005   0.1729159195E+006
    121900   0.3736815954E+005   0.1728682544E+006
    122000   0.3739054011E+005   0.1727612874E+006
    122100   0.3741506620E+005   0.1726654174E+006
    122200   0.3743457303E+005   0.1725747156E+006
    122300   0.3745387637E+005   0.1725282556E+006
    122400   0.3747482131E+005   0.1724641635E+006
    122500   0.3749573652E+005   0.1724110745E+006
    122600   0.3751591678E+005   0.1723715719E+006
    122700   0.3753102983E+005   0.1723031516E+006
    122800   0.3754643760E+005   0.1722569132E+006
    122900   0.3756681986E+005   0.1722297849E+006
    123000   0.3758057301E+005   0.1722145266E+006
    123100   0.3759183889E+005   0.1722302338E+006
    123200   0.3760117157E+005   0.1722139188E+006
    123300   0.3761300871E+005   0.1721955491E+006
    123400   0.3762683089E+005   0.1721840904E+006
    123500   0.3764048817E+005   0.1721574072E+006
    123600   0.3765140407E+005   0.1721207601E+006
    123700   0.3766892105E+005   0.1721301114E+006
    123800   0.3768206252E+005   0.1721391034E+006
    123900   0.3769418603E+005   0.1721481405E+006
    124000   0.3770461275E+005   0.1721412063E+006
    124100   0.3770978395E+005   0.1721260626E+006
    124200   0.3771443425E+005   0.1721405202E+006
    124300   0.3771952149E+005   0.1721427570E+006
    124400   0.3772270522E+005   0.1721494865E+006
    124500   0.3772682087E+005   0.1721356956E+006
    124600   0.3773302358E+005   0.1721261408E+006
    124700   0.3774255119E+005   0.1721175227E+006
    124800   0.3775015036E+005   0.1720821093E+006
    124900   0.3775708511E+005   0.1720815449E+006
    125000   0.3776361637E+005   0.1720746044E+006
    125100   0.3777305397E+005   0.1720689364E+006
    125200   0.3778482953E+005   0.1720936441E+006
    125300   0.3779780137E+005   0.1720966122E+006
    125400   0.3780837234E+005   0.1720770360E+006
    125500   0.3782157031E+005   0.1720182581E+006
    125600   0.3783290135E+005   0.1720005315E+006
    125700   0.3784487070E+005   0.1720128503E+006
    125800   0.3785553704E+005   0.1719927936E+006
    125900   0.3786883823E+005   0.1719522247E+006
    126000   0.3788060395E+005   0.1719174858E+006
    126100   0.3789120357E+005   0.1718964391E+006
    126200   0.3790301973E+005   0.1718266940E+006
    126300   0.3792243643E+005   0.1718246436E+006
    126400   0.3793900330E+005   0.1717622711E+006
    126500   0.3795889177E+005   0.1716825778E+006
    126600   0.3797570302E+005   0.1716314417E+006
    126700   0.3799079587E+005   0.1715768748E+006
    126800   0.3800727012E+005   0.1715008857E+006
    126900   0.3802350165E+005   0.1714643658E+006
    127000   0.3803761096E+005   0.1713804410E+006
    127100   0.3804958782E+005   0.1713389899E+006
    127200   0.3806247509E+005   0.1713093901E+006
    127300   0.3807530235E+005   0.1712483604E+006
    127400   0.3808723951E+005   0.1711807823E+006
    127500   0.3810383903E+005   0.1711144079E+006
    127600   0.3811724329E+005   0.1711067254E+006
    127700   0.3812650308E+005   0.1710908480E+006
    127800   0.3813465506E+005   0.1710295140E+006
    127900   0.3814369213E+005   0.1710013004E+006
    128000   0.3815303917E+005   0.1709326408E+006
    128100   0.3816285513E+005   0.1708870389E+006
    128200   0.3817074639E+005   0.1708534399E+006
    128300   0.3817936411E+005   0.1707901239E+006
    128400   0.3819187705E+005   0.1707699802E+006
    128500   0.3820356053E+005   0.1707211240E+006
    128600   0.3821292282E+005   0.1707176986E+006
    128700   0.3822261395E+005   0.1707385678E+006
    128800   0.3822978060E+005   0.1707589892E+006
    128900   0.3823685591E+005   0.1707404032E+006
    129000   0.3824160660E+005   0.1706897894E+006
    129100   0.3824557598E+005   0.1706690902E+006
    129200   0.3825171271E+005   0.1706748610E+006
    129300   0.3825591605E+005   0.1706722215E+006
    129400   0.3826135919E+005   0.1706575642E+006
    129500   0.3826778173E+005   0.1706894495E+006
    129600   0.3827712400E+005   0.1706803719E+006
    129700   0.3828358573E+005   0.1706740385E+006
    129800   0.3828687810E+005   0.1706813566E+006
    129900   0.3828911186E+005   0.1707008494E+006
    130000   0.3829205936E+005   0.1707281381E+006
    130100   0.3829474106E+005   0.1707394314E+006
    130200   0.3829671606E+005   0.1707462565E+006
    130300   0.3829675591E+005   0.1707574973E+006
    130400   0.3829616090E+005   0.1707796177E+006
    130500   0.3829535197E+005   0.1708088391E+006
    130600   0.3829408540E+005   0.1708149425E+006
    130700   0.3829264738E+005   0.1708247375E+006
    130800   0.3829355400E+005   0.1708167000E+006
    130900   0.3829405276E+005   0.1708109704E+006
    131000   0.3829621064E+005   0.1707887236E+006
    131100   0.3829919896E+005   0.1707899386E+006
    131200   0.3830208318E+005   0.1707878224E+006
    131300   0.3830322992E+005   0.1708004765E+006
    131400   0.3830300243E+005   0.1708029682E+006
    131500   0.3830295215E+005   0.1708357346E+006
    131600   0.3830309572E+005   0.1708433452E+006
    131700   0.3830300664E+005   0.1708605463E+006
    131800   0.3830265488E+005   0.1708664270E+006
    131900   0.3830181176E+005   0.1708600858E+006
    132000   0.3830024251E+005   0.1708531621E+006
    132100   0.3829822377E+005   0.1708483480E+006
    132200   0.3829809285E+005   0.1708502799E+006
    132300   0.3829977133E+005   0.1708468852E+006
    132400   0.3830052023E+005   0.1708483402E+006
    132500   0.3830129329E+005   0.1707808323E+006
    132600   0.3830245835E+005   0.1707336522E+006
    132700   0.3830357994E+005   0.1706604135E+006
    132800   0.3830397222E+005   0.1705994193E+006
    132900   0.3830495759E+005   0.1706106851E+006
    133000   0.3830694090E+005   0.1705974349E+006
    133100   0.3831121604E+005   0.1705993650E+006
    133200   0.3831640190E+005   0.1706103584E+006
    133300   0.3831856563E+005   0.1706131290E+006
    133400   0.3832071367E+005   0.1705786698E+006
    133500   0.3832439948E+005   0.1705723768E+006
    133600   0.3832797448E+005   0.1705439524E+006
    133700   0.3833127911E+005   0.1705375033E+006
    133800   0.3833395590E+005   0.1705336247E+006
    133900   0.3833763712E+005   0.1705388422E+006
    134000   0.3834081529E+005   0.1705080623E+006
    134100   0.3834441154E+005   0.1704991684E+006
    134200   0.3835075628E+005   0.1704969674E+006
    134300   0.3835524099E+005   0.1704724713E+006
    134400   0.3836140407E+005   0.1704269836E+006
    134500   0.3836570778E+005   0.1704187239E+006
    134600   0.3837039512E+005   0.1703676474E+006
    134700   0.3837436659E+005   0.1703595552E+006
    134800   0.3837846407E+005   0.1703561099E+006
    134900   0.3838324671E+005   0.1703491839E+006
    135000   0.3838750887E+005   0.1703308632E+006
    135100   0.3838958179E+005   0.1703275293E+006
    135200   0.3839097907E+005   0.1703291747E+006
    135300   0.3839421926E+005   0.1702938757E+006
    135400   0.3839722678E+005   0.1702743441E+006
    135500   0.3840047561E+005   0.1702865590E+006
    135600   0.3840403377E+005   0.1703026227E+006
    135700   0.3840579698E+005   0.1702974845E+006
    135800   0.3840674797E+005   0.1702997337E+006
    135900   0.3840853344E+005   0.1702963317E+006
    136000   0.3841028718E+005   0.1702874542E+006
    136100   0.3841181774E+005   0.1703131435E+006
    136200   0.3841482177E+005   0.1703387021E+006
    136300   0.3841880836E+005   0.1703255794E+006
    136400   0.3842659277E+005   0.1703006433E+006
    136500   0.3843279154E+005   0.1702765546E+006
    136600   0.3843787719E+005   0.1702458076E+006
    136700   0.3844107821E+005   0.1702161216E+006
    136800   0.3844615383E+005   0.1701844061E+006
    136900   0.3845082794E+005   0.1701504264E+006
    137000   0.3845448639E+005   0.1701304659E+006
    137100   0.3845710182E+005   0.1701040545E+006
    137200   0.3845943258E+005   0.1701074175E+006
    137300   0.3846444922E+005   0.1701266787E+006
    137400   0.3846891777E+005   0.1701416996E+006
    137500   0.3847442753E+005   0.1701012487E+006
    137600   0.3848027764E+005   0.1700599694E+006
    137700   0.3848582442E+005   0.1700269040E+006
    137800   0.3849211342E+005   0.1700128260E+006
    137900   0.3849830574E+005   0.1700385472E+006
    138000   0.3850356825E+005   0.1700377229E+006
    138100   0.3850542510E+005   0.1700191391E+006
    138200   0.3850490429E+005   0.1700159366E+006
    138300   0.3850401090E+005   0.1700183746E+006
    138400   0.3850436285E+005   0.1700164776E+006
    138500   0.3850743647E+005   0.1700062494E+006
    138600   0.3850765425E+005   0.1699847624E+006
    138700   0.3850826382E+005   0.1699661351E+006
    138800   0.3850891774E+005   0.1699703492E+006
    138900   0.3851227316E+005   0.1699591695E+006
    139000   0.3851678787E+005   0.1699442534E+006
    139100   0.3852089776E+005   0.1699549806E+006
    139200   0.3852572396E+005   0.1699206959E+006
    139300   0.3852836069E+005   0.1699186492E+006
    139400   0.3852994929E+005   0.1699024221E+006
    139500   0.3853218038E+005   0.1698671326E+006
    139600   0.3853565030E+005   0.1698315096E+006
    139700   0.3853916785E+005   0.1698011427E+006
    139800   0.3854438707E+005   0.1697945565E+006
    139900   0.3855005668E+005   0.1697936638E+006
    140000   0.3855640679E+005   0.1697679733E+006
    140100   0.3856253948E+005   0.1697313327E+006
    140200   0.3856772704E+005   0.1697162293E+006
    140300   0.3857543262E+005   0.1697062500E+006
    140400   0.3858248284E+005   0.1696837491E+006
    140500   0.3858783822E+005   0.1696528699E+006
    140600   0.3859537562E+005   0.1695868010E+006
    140700   0.3860022509E+005   0.1695489764E+006
    140800   0.3860395568E+005   0.1695228454E+006
    140900   0.3860801524E+005   0.1694655022E+006
    141000   0.3861115555E+005   0.1694581823E+006
    141100   0.3861541617E+005   0.1694613075E+006
    141200   0.3862025011E+005   0.1694516168E+006
    141300   0.3862628754E+005   0.1694617732E+006
    141400   0.3863329574E+005   0.1694590494E+006
    141500   0.3864085063E+005   0.1694389890E+006
    141600   0.3864729438E+005   0.1694176591E+006
    141700   0.3865284804E+005   0.1693951168E+006
    141800   0.3865817860E+005   0.1693471475E+006
    141900   0.3866134622E+005   0.1693182676E+006
    142000   0.3866409358E+005   0.1692977040E+006
    142100   0.3866576007E+005   0.1693044748E+006
    142200   0.3866716091E+005   0.1692915327E+006
    142300   0.3866828256E+005   0.1692842612E+006
    142400   0.3867025697E+005   0.1692780435E+006
    142500   0.3867395119E+005   0.1692587247E+006
    142600   0.3867654487E+005   0.1692689195E+006
    142700   0.3867837456E+005   0.1692570595E+006
    142800   0.3868079202E+005   0.1692500509E+006
    142900   0.3868413161E+005   0.1692377493E+006
    143000   0.3868656433E+005   0.1692022016E+006
    143100   0.3868933282E+005   0.1691841696E+006
    143200   0.3869147375E+005   0.1691440575E+006
    143300   0.3869482734E+005   0.1691336236E+006
    143400   0.3869669434E+005   0.1691490205E+006
    143500   0.3869929102E+005   0.1691436876E+006
    143600   0.3870146123E+005   0.1691493027E+006
    143700   0.3870700824E+005   0.1691445702E+006
    143800   0.3870946895E+005   0.1691272855E+006
    143900   0.3871424908E+005   0.1691163063E+006
    144000   0.3871792336E+005   0.1691011137E+006
    144100   0.3872286498E+005   0.1690826013E+006
    144200   0.3872631310E+005   0.1690910934E+006
    144300   0.3872982481E+005   0.1690972874E+006
    144400   0.3873132582E+005   0.1690927847E+006
    144500   0.3873199401E+005   0.1690734530E+006
    144600   0.3873222903E+005   0.1690884426E+006
    144700   0.3873103429E+005   0.1690904428E+006
    144800   0.3872872403E+005   0.1691008237E+006
    144900   0.3872620777E+005   0.1691123285E+006
    145000   0.3872480883E+005   0.1691385192E+006
    145100   0.3872428687E+005   0.1691542797E+006
    145200   0.3872694757E+005   0.1691953496E+006
    145300   0.3872967025E+005   0.1692273243E+006
    145400   0.3873130801E+005   0.1692272022E+006
    145500   0.3873202290E+005   0.1692458204E+006
    145600   0.3873170118E+005   0.1692300657E+006
    145700   0.3873128126E+005   0.1692320161E+006
    145800   0.3873065933E+005   0.1692717245E+006
    145900   0.3873075076E+005   0.1692948420E+006
    146000   0.3873011535E+005   0.1693099695E+006
    146100   0.3872823423E+005   0.1693106938E+006
    146200   0.3872690231E+005   0.1693036981E+006
    146300   0.3872613310E+005   0.1693070728E+006
    146400   0.3872435861E+005   0.1692878461E+006
    146500   0.3872051051E+005   0.1692779888E+006
    146600   0.3871745724E+005   0.1692935065E+006
    146700   0.3871404061E+005   0.1693083616E+006
    146800   0.3871113910E+005   0.1693207473E+006
    146900   0.3870735651E+005   0.1693110872E+006
    147000   0.3870485183E+005   0.1693163294E+006
    147100   0.3870322728E+005   0.1693134209E+006
    147200   0.3870209972E+005   0.1693134940E+006
    147300   0.3870153829E+005   0.1693094736E+006
    147400   0.3870098417E+005   0.1693361850E+006
    147500   0.3870166341E+005   0.1693769944E+006
    147600   0.3870047513E+005   0.1693939255E+006
    147700   0.3869918683E+005   0.1693903887E+006
    147800   0.3869666127E+005   0.1694127841E+006
    147900   0.3869469921E+005   0.1694079005E+006
    148000   0.3869425878E+005   0.1693814958E+006
    148100   0.3869429386E+005   0.1693557825E+006
    148200   0.3869488798E+005   0.1693484912E+006
    148300   0.3869729695E+005   0.1693422761E+006
    148400   0.3870073200E+005   0.1693249732E+006
    148500   0.3870294526E+005   0.1693214845E+006
    148600   0.3870505183E+005   0.1693306394E+006
    148700   0.3870801088E+005   0.1693598765E+006
    148800   0.3871217687E+005   0.1693402243E+006
    148900   0.3871613038E+005   0.1693298223E+006
    149000   0.3871805687E+005   0.1693282715E+006
    149100   0.3872018373E+005   0.1693270566E+006
    149200   0.3872240923E+005   0.1693201023E+006
    149300   0.3872400440E+005   0.1693070313E+006
    149400   0.3872590096E+005   0.1692968826E+006
    149500   0.3872899511E+005   0.1692823295E+006
    149600   0.3873284018E+005   0.1692725590E+006
    149700   0.3873760628E+005   0.1692627643E+006
    149800   0.3874061162E+005   0.1692703383E+006
    149900   0.3874302244E+005   0.1692932175E+006
    150000   0.3874501762E+005   0.1693087054E+006
    150100   0.3874776811E+005   0.1693322873E+006
    150200   0.3875117685E+005   0.1692981483E+006
    150300   0.3875315999E+005   0.1692774399E+006
    150400   0.3875576397E+005   0.1692581127E+006
    150500   0.3875680585E+005   0.1692392815E+006
    150600   0.3875803969E+005   0.1692193951E+006
    150700   0.3875941173E+005   0.1692262948E+006
    150800   0.3876102480E+005   0.1692228316E+006
    150900   0.3876281361E+005   0.1692088781E+006
    151000   0.3876399008E+005   0.1692043564E+006
    151100   0.3876625668E+005   0.1692008738E+006
    151200   0.3876895874E+005   0.1691946545E+006
    151300   0.3877176304E+005   0.1691764702E+006
    151400   0.3877436600E+005   0.1691716246E+006
    151500   0.3877582322E+005   0.1691599554E+006
    151600   0.3877714031E+005   0.1691562651E+006
    151700   0.3877942495E+005   0.1691484181E+006
    151800   0.3878095313E+005   0.1691488409E+006
    151900   0.3878293134E+005   0.1691112766E+006
    152000   0.3878472762E+005   0.1690888390E+006
    152100   0.3878628209E+005   0.1690695062E+006
    152200   0.3878748447E+005   0.1690572053E+006
    152300   0.3878986149E+005   0.1690529561E+006
    152400   0.3879231972E+005   0.1690269059E+006
    152500   0.3879478209E+005   0.1690120983E+006
    152600   0.3879795602E+005   0.1690029316E+006
    152700   0.3880085756E+005   0.1690031032E+006
    152800   0.3880248847E+005   0.1690220141E+006
    152900   0.3880403061E+005   0.1690282708E+006
    153000   0.3880497722E+005   0.1690069694E+006
    153100   0.3880616264E+005   0.1689934876E+006
    153200   0.3880710281E+005   0.1689964258E+006
    153300   0.3880788499E+005   0.1689971133E+006
    153400   0.3880784049E+005   0.1689894962E+006
    153500   0.3880857501E+005   0.1689947432E+006
    153600   0.3880927088E+005   0.1690010288E+006
    153700   0.3880840973E+005   0.1689987451E+006
    153800   0.3880941598E+005   0.1689976990E+006
    153900   0.3881052340E+005   0.1689910609E+006
    154000   0.3881195230E+005   0.1690146867E+006
    154100   0.3881398767E+005   0.1690166831E+006
    154200   0.3881469892E+005   0.1690087170E+006
    154300   0.3881682293E+005   0.1689988838E+006
    154400   0.3881877417E+005   0.1689744033E+006
    154500   0.3882065686E+005   0.1689482422E+006
    154600   0.3882212359E+005   0.1689285473E+006
    154700   0.3882406912E+005   0.1689302806E+006
    154800   0.3882662180E+005   0.1689281765E+006
    154900   0.3882865450E+005   0.1689281155E+006
    155000   0.3883262136E+005   0.1689312942E+006
    155100   0.3883764187E+005   0.1689228243E+006
    155200   0.3884365359E+005   0.1689300056E+006
    155300   0.3884833971E+005   0.1689291339E+006
    155400   0.3885351195E+005   0.1689152591E+006
    155500   0.3886097252E+005   0.1689077921E+006
    155600   0.3886711525E+005   0.1688962568E+006
    155700   0.3887273265E+005   0.1688795680E+006
    155800   0.3887825921E+005   0.1688555012E+006
    155900   0.3888371492E+005   0.1688439590E+006
    156000   0.3888898855E+005   0.1688315003E+006
    156100   0.3889428849E+005   0.1687987123E+006
    156200   0.3890065313E+005   0.1687926534E+006
    156300   0.3890766640E+005   0.1687532212E+006
    156400   0.3891531285E+005   0.1687088999E+006
    156500   0.3892313916E+005   0.1686802690E+006
    156600   0.3892963532E+005   0.1686435955E+006
    156700   0.3893763703E+005   0.1686125638E+006
    156800   0.3894531643E+005   0.1685906641E+006
    156900   0.3895232067E+005   0.1685735083E+006
    157000   0.3895877861E+005   0.1685502311E+006
    157100   0.3896694395E+005   0.1685172583E+006
    157200   0.3897443813E+005   0.1684973790E+006
    157300   0.3898231893E+005   0.1684673622E+006
    157400   0.3898933082E+005   0.1684446183E+006
    157500   0.3899597059E+005   0.1684108541E+006
    157600   0.3900441072E+005   0.1683955584E+006
    157700   0.3901420408E+005   0.1683642177E+006
    157800   0.3902361166E+005   0.1683404183E+006
    157900   0.3903147058E+005   0.1683175946E+006
    158000   0.3904105169E+005   0.1682963639E+006
    158100   0.3904843960E+005   0.1682833451E+006
    158200   0.3905615766E+005   0.1682622099E+006
    158300   0.3906526438E+005   0.1682216364E+006
    158400   0.3907449330E+005   0.1681887545E+006
    158500   0.3908360477E+005   0.1681652557E+006
    158600   0.3909089895E+005   0.1681504342E+006
    158700   0.3909855789E+005   0.1681327228E+006
    158800   0.3910667357E+005   0.1681157756E+006
    158900   0.3911366952E+005   0.1681036901E+006
    159000   0.3912337064E+005   0.1680839512E+006
    159100   0.3912988607E+005   0.1680744065E+006
    159200   0.3913559975E+005   0.1680645524E+006
    159300   0.3914265726E+005   0.1680555268E+006
    159400   0.3915072965E+005   0.1680598146E+006
    159500   0.3915638812E+005   0.1680355164E+006
    159600   0.3916169427E+005   0.1680070092E+006
    159700   0.3916531614E+005   0.1679974287E+006
    159800   0.3916910704E+005   0.1680035326E+006
    159900   0.3917235360E+005   0.1679868112E+006
    160000   0.3917444384E+005   0.1679748295E+006
    160100   0.3917706189E+005   0.1679247799E+006
    160200   0.3917920651E+005   0.1678957009E+006
    160300   0.3918140588E+005   0.1678774636E+006
    160400   0.3918526054E+005   0.1678686998E+006
    160500   0.3918801951E+005   0.1678913532E+006
    160600   0.3919215112E+005   0.1679002078E+006
    160700   0.3919435802E+005   0.1678975938E+006
    160800   0.3919649082E+005   0.1679014186E+006
    160900   0.3919869407E+005   0.1679074272E+006
    161000   0.3920013311E+005   0.1679073840E+006
    161100   0.3920227230E+005   0.1679083971E+006
    161200   0.3920381993E+005   0.1679067291E+006
    161300   0.3920553488E+005   0.1679081622E+006
    161400   0.3920909598E+005   0.1679309716E+006
    161500   0.3921075284E+005   0.1679412374E+006
    161600   0.3921308354E+005   0.1679489106E+006
    161700   0.3921504638E+005   0.1679478182E+006
    161800   0.3921698262E+005   0.1679562021E+006
    161900   0.3921839202E+005   0.1679661952E+006
    162000   0.3922123908E+005   0.1679660565E+006
    162100   0.3922445347E+005   0.1679585808E+006
    162200   0.3922690471E+005   0.1679679677E+006
    162300   0.3922983262E+005   0.1679591998E+006
    162400   0.3923247801E+005   0.1679459808E+006
    162500   0.3923641844E+005   0.1679093462E+006
    162600   0.3924104397E+005   0.1678951724E+006
    162700   0.3924565235E+005   0.1678918551E+006
    162800   0.3924956783E+005   0.1678709847E+006
    162900   0.3925487124E+005   0.1678494427E+006
    163000   0.3925879388E+005   0.1678434595E+006
    163100   0.3926272184E+005   0.1678520708E+006
    163200   0.3926594682E+005   0.1678374878E+006
    163300   0.3926973232E+005   0.1678260871E+006
    163400   0.3927348199E+005   0.1678169230E+006
    163500   0.3927759923E+005   0.1678001660E+006
    163600   0.3928042646E+005   0.1677721093E+006
    163700   0.3928296471E+005   0.1677385096E+006
    163800   0.3928687259E+005   0.1676959267E+006
    163900   0.3929138957E+005   0.1676608383E+006
    164000   0.3929466878E+005   0.1676280777E+006
    164100   0.3929772860E+005   0.1676257077E+006
    164200   0.3930035214E+005   0.1676200150E+006
    164300   0.3930291077E+005   0.1676244574E+006
    164400   0.3930459527E+005   0.1676202654E+006
    164500   0.3930663592E+005   0.1676114814E+006
    164600   0.3930952206E+005   0.1675941940E+006
    164700   0.3931224551E+005   0.1675821513E+006
    164800   0.3931374621E+005   0.1675444685E+006
    164900   0.3931469032E+005   0.1675301210E+006
    165000   0.3931566875E+005   0.1675190178E+006
    165100   0.3931668377E+005   0.1675111348E+006
    165200   0.3931770531E+005   0.1675115193E+006
    165300   0.3932022037E+005   0.1675046537E+006
    165400   0.3932194435E+005   0.1675211133E+006
    165500   0.3932327597E+005   0.1675029782E+006
    165600   0.3932400214E+005   0.1674902141E+006
    165700   0.3932568850E+005   0.1674877648E+006
    165800   0.3932620758E+005   0.1674716589E+006
    165900   0.3932613375E+005   0.1674871382E+006
    166000   0.3932591047E+005   0.1675085547E+006
    166100   0.3932486840E+005   0.1675086962E+006
    166200   0.3932330374E+005   0.1674792150E+006
    166300   0.3932300601E+005   0.1674508497E+006
    166400   0.3932185027E+005   0.1674369943E+006
    166500   0.3931990439E+005   0.1674308518E+006
    166600   0.3931762530E+005   0.1674182095E+006
    166700   0.3931638300E+005   0.1674327687E+006
    166800   0.3931518426E+005   0.1674440521E+006
    166900   0.3931431664E+005   0.1674431633E+006
    167000   0.3931324241E+005   0.1674564271E+006
    167100   0.3931071465E+005   0.1674655953E+006
    167200   0.3930836380E+005   0.1674708793E+006
    167300   0.3930616353E+005   0.1674781075E+006
    167400   0.3930300123E+005   0.1674726825E+006
    167500   0.3929955530E+005   0.1674840098E+006
    167600   0.3929589894E+005   0.1674699227E+006
    167700   0.3929318182E+005   0.1674576400E+006
    167800   0.3928925318E+005   0.1674498347E+006
    167900   0.3928673094E+005   0.1674600087E+006
    168000   0.3928358408E+005   0.1674908010E+006
    168100   0.3928257630E+005   0.1674931747E+006
    168200   0.3928131858E+005   0.1674939799E+006
    168300   0.3927973836E+005   0.1674897207E+006
    168400   0.3927760872E+005   0.1675014026E+006
    168500   0.3927564529E+005   0.1675126682E+006
    168600   0.3927458422E+005   0.1675193569E+006
    168700   0.3927435881E+005   0.1675467384E+006
    168800   0.3927398065E+005   0.1675653032E+006
    168900   0.3927331088E+005   0.1675802889E+006
    169000   0.3927204044E+005   0.1676041787E+006
    169100   0.3927112588E+005   0.1675988231E+006
    169200   0.3927058444E+005   0.1675881005E+006
    169300   0.3926892074E+005   0.1675731055E+006
    169400   0.3926584577E+005   0.1675578549E+006
    169500   0.3926325552E+005   0.1675683339E+006
    169600   0.3926173555E+005   0.1675667859E+006
    169700   0.3925913850E+005   0.1675598367E+006
    169800   0.3925676425E+005   0.1675563451E+006
    169900   0.3925300458E+005   0.1675512170E+006
    170000   0.3924956470E+005   0.1675447157E+006
    170100   0.3924596415E+005   0.1675549222E+006
    170200   0.3924226652E+005   0.1675450127E+006
    170300   0.3923865320E+005   0.1675471505E+006
    170400   0.3923442721E+005   0.1675533700E+006
    170500   0.3923195670E+005   0.1675521520E+006
    170600   0.3923005507E+005   0.1675482019E+006
    170700   0.3922955343E+005   0.1675631579E+006
    170800   0.3922954060E+005   0.1675769319E+006
    170900   0.3922894026E+005   0.1675829390E+006
    171000   0.3922886083E+005   0.1675741061E+006
    171100   0.3922854027E+005   0.1675610620E+006
    171200   0.3922845855E+005   0.1675432225E+006
    171300   0.3922843511E+005   0.1675292648E+006
    171400   0.3922807734E+005   0.1675322156E+006
    171500   0.3922762355E+005   0.1675231146E+006
    171600   0.3922810590E+005   0.1675107825E+006
    171700   0.3922679750E+005   0.1675079894E+006
    171800   0.3922570643E+005   0.1675156908E+006
    171900   0.3922537923E+005   0.1674995836E+006
    172000   0.3922452037E+005   0.1674708781E+006
    172100   0.3922348019E+005   0.1674492457E+006
    172200   0.3922345108E+005   0.1674483871E+006
    172300   0.3922282882E+005   0.1674538092E+006
    172400   0.3922194341E+005   0.1674602989E+006
    172500   0.3922092100E+005   0.1674605843E+006
    172600   0.3921976468E+005   0.1674881805E+006
    172700   0.3921973221E+005   0.1674927741E+006
    172800   0.3921932891E+005   0.1675012983E+006
    172900   0.3921914285E+005   0.1675091060E+006
    173000   0.3921998903E+005   0.1675098988E+006
    173100   0.3922159394E+005   0.1675034504E+006
    173200   0.3922207014E+005   0.1674901165E+006
    173300   0.3922316777E+005   0.1674823674E+006
    173400   0.3922372151E+005   0.1674744700E+006
    173500   0.3922415464E+005   0.1674650010E+006
    173600   0.3922472879E+005   0.1674774691E+006
    173700   0.3922521561E+005   0.1674778691E+006
    173800   0.3922557902E+005   0.1674850264E+006
    173900   0.3922586577E+005   0.1674661675E+006
    174000   0.3922531888E+005   0.1674512543E+006
    174100   0.3922484510E+005   0.1674720762E+006
    174200   0.3922363774E+005   0.1674844491E+006
    174300   0.3922172737E+005   0.1674814184E+006
    174400   0.3922092970E+005   0.1674810132E+006
    174500   0.3922040471E+005   0.1674814866E+006
    174600   0.3922040191E+005   0.1674959251E+006
    174700   0.3921947935E+005   0.1675143512E+006
    174800   0.3921863454E+005   0.1675280421E+006
    174900   0.3921815853E+005   0.1675232546E+006
    175000   0.3921778439E+005   0.1675236681E+006
    175100   0.3921730681E+005   0.1675503723E+006
    175200   0.3921700411E+005   0.1675518147E+006
    175300   0.3921572053E+005   0.1675392578E+006
    175400   0.3921523579E+005   0.1675191780E+006
    175500   0.3921499491E+005   0.1674853919E+006
    175600   0.3921473364E+005   0.1674729941E+006
    175700   0.3921467351E+005   0.1674733018E+006
    175800   0.3921567115E+005   0.1674730347E+006
    175900   0.3921587198E+005   0.1674644673E+006
    176000   0.3921641666E+005   0.1674596598E+006
    176100   0.3921721670E+005   0.1674587897E+006
    176200   0.3921811870E+005   0.1674433216E+006
    176300   0.3921926197E+005   0.1674416358E+006
    176400   0.3922079862E+005   0.1674482363E+006
    176500   0.3922111374E+005   0.1674489836E+006
    176600   0.3922109442E+005   0.1674588186E+006
    176700   0.3922095256E+005   0.1674596593E+006
    176800   0.3922060286E+005   0.1674539909E+006
    176900   0.3922067584E+005   0.1674513025E+006
    177000   0.3922012210E+005   0.1674710237E+006
    177100   0.3921988880E+005   0.1674695290E+006
    177200   0.3921852289E+005   0.1674627270E+006
    177300   0.3921733328E+005   0.1674638415E+006
    177400   0.3921626003E+005   0.1674592223E+006
    177500   0.3921455060E+005   0.1674598596E+006
    177600   0.3921271814E+005   0.1674644768E+006
    177700   0.3921022106E+005   0.1674652005E+006
    177800   0.3920754549E+005   0.1674809267E+006
    177900   0.3920552709E+005   0.1674898671E+006
    178000   0.3920414890E+005   0.1674930415E+006
    178100   0.3920204627E+005   0.1674957899E+006
    178200   0.3919982954E+005   0.1675102593E+006
    178300   0.3919760716E+005   0.1675303958E+006
    178400   0.3919496964E+005   0.1675350914E+006
    178500   0.3919221574E+005   0.1675527336E+006
    178600   0.3918825396E+005   0.1675822742E+006
    178700   0.3918363393E+005   0.1676042511E+006
    178800   0.3917858706E+005   0.1676329239E+006
    178900   0.3917467960E+005   0.1676591445E+006
    179000   0.3917074490E+005   0.1676859282E+006
    179100   0.3916568508E+005   0.1676974920E+006
    179200   0.3916213627E+005   0.1677080758E+006
    179300   0.3915884924E+005   0.1677160864E+006
    179400   0.3915484460E+005   0.1677314157E+006
    179500   0.3915128742E+005   0.1677408525E+006
    179600   0.3914782392E+005   0.1677468152E+006
    179700   0.3914469344E+005   0.1677481238E+006
    179800   0.3914106405E+005   0.1677556331E+006
    179900   0.3913815736E+005   0.1677663267E+006
    180000   0.3913594503E+005   0.1677712886E+006
    180100   0.3913376466E+005   0.1677739977E+006
    180200   0.3913225443E+005   0.1677783633E+006
    180300   0.3913036250E+005   0.1677911875E+006
    180400   0.3912848673E+005   0.1677986849E+006
    180500   0.3912596284E+005   0.1678146617E+006
    180600   0.3912399839E+005   0.1678176114E+006
    180700   0.3912139784E+005   0.1678381592E+006
    180800   0.3912070058E+005   0.1678437008E+006
    180900   0.3912026543E+005   0.1678523141E+006
    181000   0.3911996803E+005   0.1678534962E+006
    181100   0.3911884458E+005   0.1678532971E+006
    181200   0.3911809611E+005   0.1678454891E+006
    181300   0.3911694030E+005   0.1678338067E+006
    181400   0.3911551518E+005   0.1678234828E+006
    181500   0.3911397528E+005   0.1678260298E+006
    181600   0.3911421674E+005   0.1678246403E+006
    181700   0.3911461146E+005   0.1678169521E+006
    181800   0.3911478498E+005   0.1678153987E+006
    181900   0.3911465753E+005   0.1678169300E+006
    182000   0.3911464975E+005   0.1678197030E+006
    182100   0.3911462887E+005   0.1678165831E+006
    182200   0.3911428183E+005   0.1678141724E+006
    182300   0.3911384960E+005   0.1678151963E+006
    182400   0.3911265036E+005   0.1678226423E+006
    182500   0.3910983647E+005   0.1678340599E+006
    182600   0.3910692326E+005   0.1678523768E+006
    182700   0.3910426366E+005   0.1678608165E+006
    182800   0.3909988005E+005   0.1678743679E+006
    182900   0.3909722797E+005   0.1678864725E+006
    183000   0.3909396715E+005   0.1678903701E+006
    183100   0.3909125736E+005   0.1679024184E+006
    183200   0.3908922501E+005   0.1679137731E+006
    183300   0.3908622784E+005   0.1679347735E+006
    183400   0.3908322553E+005   0.1679609673E+006
    183500   0.3907944974E+005   0.1679822073E+006
    183600   0.3907602357E+005   0.1679860978E+006
    183700   0.3907374885E+005   0.1679955277E+006
    183800   0.3907110216E+005   0.1680077464E+006
    183900   0.3906676911E+005   0.1680146671E+006
    184000   0.3906313988E+005   0.1680187134E+006
    184100   0.3905989935E+005   0.1680266773E+006
    184200   0.3905621532E+005   0.1680458994E+006
    184300   0.3905414621E+005   0.1680404741E+006
    184400   0.3905321466E+005   0.1680475832E+006
    184500   0.3905179122E+005   0.1680559195E+006
    184600   0.3904969573E+005   0.1680450358E+006
    184700   0.3904763932E+005   0.1680454010E+006
    184800   0.3904540902E+005   0.1680417728E+006
    184900   0.3904332188E+005   0.1680554114E+006
    185000   0.3904171990E+005   0.1680617494E+006
    185100   0.3904014085E+005   0.1680688113E+006
    185200   0.3903796373E+005   0.1680798812E+006
    185300   0.3903598343E+005   0.1680898641E+006
    185400   0.3903354384E+005   0.1680902146E+006
    185500   0.3903161924E+005   0.1680858754E+006
    185600   0.3903068065E+005   0.1681013260E+006
    185700   0.3903070145E+005   0.1681143251E+006
    185800   0.3903037626E+005   0.1681325304E+006
    185900   0.3903020323E+005   0.1681425889E+006
    186000   0.3902992156E+005   0.1681388738E+006
    186100   0.3902894342E+005   0.1681458755E+006
    186200   0.3902799624E+005   0.1681593769E+006
    186300   0.3902696980E+005   0.1681640113E+006
    186400   0.3902573527E+005   0.1681688561E+006
    186500   0.3902428919E+005   0.1681646938E+006
    186600   0.3902277808E+005   0.1681791762E+006
    186700   0.3902048158E+005   0.1681909470E+006
    186800   0.3901783497E+005   0.1681868404E+006
    186900   0.3901507339E+005   0.1681962061E+006
    187000   0.3901272508E+005   0.1681994229E+006
    187100   0.3901094209E+005   0.1681880971E+006
    187200   0.3900971070E+005   0.1681741197E+006
    187300   0.3900838611E+005   0.1681808718E+006
    187400   0.3900733112E+005   0.1681908860E+006
    187500   0.3900669523E+005   0.1681982874E+006
    187600   0.3900631504E+005   0.1681851498E+006
    187700   0.3900648837E+005   0.1681850326E+006
    187800   0.3900571774E+005   0.1681777338E+006
    187900   0.3900363229E+005   0.1681717167E+006
    188000   0.3900179064E+005   0.1681726871E+006
    188100   0.3899984404E+005   0.1681824273E+006
    188200   0.3899899651E+005   0.1681821027E+006
    188300   0.3899742147E+005   0.1681867691E+006
    188400   0.3899600839E+005   0.1681943796E+006
    188500   0.3899417053E+005   0.1682117390E+006
    188600   0.3899285767E+005   0.1682321458E+006
    188700   0.3899197526E+005   0.1682370722E+006
    188800   0.3899126572E+005   0.1682496137E+006
    188900   0.3899071503E+005   0.1682507016E+006
    189000   0.3898978141E+005   0.1682463537E+006
    189100   0.3898818023E+005   0.1682490881E+006
    189200   0.3898660530E+005   0.1682520391E+006
    189300   0.3898496061E+005   0.1682547401E+006
    189400   0.3898392904E+005   0.1682565377E+006
    189500   0.3898314435E+005   0.1682475633E+006
    189600   0.3898210435E+005   0.1682567590E+006
    189700   0.3898033362E+005   0.1682633451E+006
    189800   0.3897925246E+005   0.1682550947E+006
    189900   0.3897784485E+005   0.1682637006E+006
    190000   0.3897615105E+005   0.1682860492E+006
    190100   0.3897466506E+005   0.1683043540E+006
    190200   0.3897310310E+005   0.1683077105E+006
    190300   0.3897188900E+005   0.1683086583E+006
    190400   0.3897034719E+005   0.1683020558E+006
    190500   0.3896892097E+005   0.1682823720E+006
    190600   0.3896638687E+005   0.1682713412E+006
    190700   0.3896321329E+005   0.1682790839E+006
    190800   0.3895999992E+005   0.1682874294E+006
    190900   0.3895581485E+005   0.1682967344E+006
    191000   0.3895226794E+005   0.1682996190E+006
    191100   0.3894934534E+005   0.1683030112E+006
    191200   0.3894596786E+005   0.1683036418E+006
    191300   0.3894367932E+005   0.1683118388E+006
    191400   0.3894259782E+005   0.1683146198E+006
    191500   0.3894115135E+005   0.1683365314E+006
    191600   0.3893932173E+005   0.1683621958E+006
    191700   0.3893823044E+005   0.1683755561E+006
    191800   0.3893818421E+005   0.1683713202E+006
    191900   0.3893890145E+005   0.1683728481E+006
    192000   0.3893933157E+005   0.1683825671E+006
    192100   0.3893958210E+005   0.1683829612E+006
    192200   0.3894035123E+005   0.1683828112E+006
    192300   0.3894136037E+005   0.1683777419E+006
    192400   0.3894211037E+005   0.1683675802E+006
    192500   0.3894315151E+005   0.1683643086E+006
    192600   0.3894378440E+005   0.1683709305E+006
    192700   0.3894487056E+005   0.1683597257E+006
    192800   0.3894617482E+005   0.1683542733E+006
    192900   0.3894881043E+005   0.1683560386E+006
    193000   0.3895049408E+005   0.1683540888E+006
    193100   0.3895091463E+005   0.1683486245E+006
    193200   0.3895134143E+005   0.1683466425E+006
    193300   0.3895259688E+005   0.1683353984E+006
    193400   0.3895517635E+005   0.1683261948E+006
    193500   0.3895854439E+005   0.1683077176E+006
    193600   0.3896240056E+005   0.1682886515E+006
    193700   0.3896645099E+005   0.1682862412E+006
    193800   0.3897049168E+005   0.1682722704E+006
    193900   0.3897412291E+005   0.1682619548E+006
    194000   0.3897727507E+005   0.1682567667E+006
    194100   0.3898016726E+005   0.1682491216E+006
    194200   0.3898271416E+005   0.1682485353E+006
    194300   0.3898500716E+005   0.1682523012E+006
    194400   0.3898680636E+005   0.1682366386E+006
    194500   0.3898813346E+005   0.1682411172E+006
    194600   0.3898917606E+005   0.1682544749E+006
    194700   0.3899026773E+005   0.1682607461E+006
    194800   0.3899162028E+005   0.1682563491E+006
    194900   0.3899189470E+005   0.1682517649E+006
    195000   0.3899274161E+005   0.1682605944E+006
    195100   0.3899374846E+005   0.1682592268E+006
    195200   0.3899518033E+005   0.1682546480E+006
    195300   0.3899606943E+005   0.1682530226E+006
    195400   0.3899783952E+005   0.1682518016E+006
    195500   0.3899977259E+005   0.1682471832E+006
    195600   0.3900200063E+005   0.1682454268E+006
    195700   0.3900441605E+005   0.1682393329E+006
    195800   0.3900778693E+005   0.1682363444E+006
    195900   0.3901084804E+005   0.1682326427E+006
    196000   0.3901524677E+005   0.1682260946E+006
    196100   0.3902081769E+005   0.1682242855E+006
    196200   0.3902465524E+005   0.1682180233E+006
    196300   0.3902773204E+005   0.1682210989E+006
    196400   0.3903088099E+005   0.1682122403E+006
    196500   0.3903369234E+005   0.1682023539E+006
    196600   0.3903672779E+005   0.1682041825E+006
    196700   0.3904065310E+005   0.1682066572E+006
    196800   0.3904301051E+005   0.1682053114E+006
    196900   0.3904705173E+005   0.1681989788E+006
    197000   0.3905092942E+005   0.1682050205E+006
    197100   0.3905454806E+005   0.1682008383E+006
    197200   0.3905795067E+005   0.1681899759E+006
    197300   0.3906107502E+005   0.1681885256E+006
    197400   0.3906571707E+005   0.1681763784E+006
    197500   0.3906948523E+005   0.1681680412E+006
    197600   0.3907321022E+005   0.1681629526E+006
    197700   0.3907697925E+005   0.1681574603E+006
    197800   0.3908045500E+005   0.1681396238E+006
    197900   0.3908505522E+005   0.1681329270E+006
    198000   0.3908997101E+005   0.1681169974E+006
    198100   0.3909418513E+005   0.1681082153E+006
    198200   0.3909849997E+005   0.1680977063E+006
    198300   0.3910304934E+005   0.1680840024E+006
    198400   0.3910733550E+005   0.1680687891E+006
    198500   0.3911344901E+005   0.1680481597E+006
    198600   0.3911919128E+005   0.1680299240E+006
    198700   0.3912371156E+005   0.1680141170E+006
    198800   0.3913036507E+005   0.1679966932E+006
    198900   0.3913685579E+005   0.1679771252E+006
    199000   0.3914289593E+005   0.1679603950E+006
    199100   0.3914799652E+005   0.1679484181E+006
    199200   0.3915263111E+005   0.1679356620E+006
    199300   0.3915723261E+005   0.1679213456E+006
    199400   0.3916240095E+005   0.1679062784E+006
    199500   0.3916628888E+005   0.1678949084E+006
    199600   0.3917059109E+005   0.1678842705E+006
    199700   0.3917399571E+005   0.1678716099E+006
    199800   0.3917750720E+005   0.1678562373E+006
    199900   0.3918099864E+005   0.1678446705E+006
    200000   0.3918569884E+005   0.1678333989E+006
