# Cycle, (Average volume(Ib), Ib=1,N_Box)
    100100   0.3555516442E+005   0.1875678108E+006
    100200   0.3541022300E+005   0.1828718756E+006
    100300   0.3555633953E+005   0.1848391801E+006
    100400   0.3572174926E+005   0.1853305659E+006
    100500   0.3597739675E+005   0.1838437377E+006
    100600   0.3611952580E+005   0.1815232671E+006
    100700   0.3623296845E+005   0.1817599496E+006
    100800   0.3645175017E+005   0.1813710324E+006
    100900   0.3670006271E+005   0.1798756231E+006
    101000   0.3678931035E+005   0.1791607791E+006
    101100   0.3685301680E+005   0.1791164945E+006
    101200   0.3687955155E+005   0.1785686528E+006
    101300   0.3689164533E+005   0.1777470001E+006
    101400   0.3695747534E+005   0.1775876711E+006
    101500   0.3697810707E+005   0.1771070592E+006
    101600   0.3695919484E+005   0.1772085137E+006
    101700   0.3686208012E+005   0.1767939321E+006
    101800   0.3673519635E+005   0.1766433247E+006
    101900   0.3664190865E+005   0.1762144275E+006
    102000   0.3657348065E+005   0.1753171406E+006
    102100   0.3650983641E+005   0.1745135999E+006
    102200   0.3647653282E+005   0.1740907744E+006
    102300   0.3644631327E+005   0.1740173528E+006
    102400   0.3643598571E+005   0.1737307341E+006
    102500   0.3646250977E+005   0.1737573968E+006
    102600   0.3648761533E+005   0.1739878043E+006
    102700   0.3650743453E+005   0.1739391018E+006
    102800   0.3655193423E+005   0.1736427091E+006
    102900   0.3657340046E+005   0.1734173383E+006
    103000   0.3659465055E+005   0.1734828832E+006
    103100   0.3662331737E+005   0.1734838332E+006
    103200   0.3659394292E+005   0.1735255020E+006
    103300   0.3659434299E+005   0.1733588745E+006
    103400   0.3661245462E+005   0.1728637444E+006
    103500   0.3663618943E+005   0.1729791560E+006
    103600   0.3663449895E+005   0.1730362146E+006
    103700   0.3664208788E+005   0.1732584042E+006
    103800   0.3665236287E+005   0.1737035190E+006
    103900   0.3666093161E+005   0.1738269142E+006
    104000   0.3668610924E+005   0.1742836654E+006
    104100   0.3671842933E+005   0.1744715512E+006
    104200   0.3672277499E+005   0.1743849507E+006
    104300   0.3672949026E+005   0.1742225921E+006
    104400   0.3673451618E+005   0.1741382498E+006
    104500   0.3675646977E+005   0.1740313732E+006
    104600   0.3676955544E+005   0.1738386604E+006
    104700   0.3678282757E+005   0.1739997980E+006
    104800   0.3678844193E+005   0.1740034097E+006
    104900   0.3679450328E+005   0.1741355766E+006
    105000   0.3682436099E+005   0.1741137411E+006
    105100   0.3683331039E+005   0.1741661831E+006
    105200   0.3682697891E+005   0.1740401624E+006
    105300   0.3682042585E+005   0.1739614343E+006
    105400   0.3680147235E+005   0.1739420925E+006
    105500   0.3676981431E+005   0.1741270526E+006
    105600   0.3674129301E+005   0.1743578439E+006
    105700   0.3670992673E+005   0.1744827600E+006
    105800   0.3668609045E+005   0.1747850834E+006
    105900   0.3666270032E+005   0.1752355209E+006
    106000   0.3659933720E+005   0.1754996662E+006
    106100   0.3652999934E+005   0.1757985239E+006
    106200   0.3647211109E+005   0.1759502866E+006
    106300   0.3642222718E+005   0.1759778007E+006
    106400   0.3638030460E+005   0.1762485888E+006
    106500   0.3633834998E+005   0.1763468967E+006
    106600   0.3629742490E+005   0.1764725559E+006
    106700   0.3625912763E+005   0.1765999391E+006
    106800   0.3622112101E+005   0.1766299573E+006
    106900   0.3619126317E+005   0.1767506211E+006
    107000   0.3617864873E+005   0.1767647014E+006
    107100   0.3616784147E+005   0.1767687617E+006
    107200   0.3614646303E+005   0.1769210307E+006
    107300   0.3614295704E+005   0.1770080031E+006
    107400   0.3614512369E+005   0.1769424497E+006
    107500   0.3614614336E+005   0.1769223141E+006
    107600   0.3613784224E+005   0.1769694855E+006
    107700   0.3612670373E+005   0.1769023491E+006
    107800   0.3612243458E+005   0.1768481829E+006
    107900   0.3612107834E+005   0.1768875983E+006
    108000   0.3611390166E+005   0.1767750430E+006
    108100   0.3611995672E+005   0.1766757632E+006
    108200   0.3612896287E+005   0.1766761364E+006
    108300   0.3614207951E+005   0.1769512798E+006
    108400   0.3615397107E+005   0.1770312527E+006
    108500   0.3617513183E+005   0.1769503352E+006
    108600   0.3619347000E+005   0.1768935531E+006
    108700   0.3620869786E+005   0.1767927190E+006
    108800   0.3622422674E+005   0.1766972362E+006
    108900   0.3623940335E+005   0.1765262196E+006
    109000   0.3624219811E+005   0.1763555006E+006
    109100   0.3624416457E+005   0.1763278832E+006
    109200   0.3623880442E+005   0.1763494185E+006
    109300   0.3623479329E+005   0.1763662931E+006
    109400   0.3623870154E+005   0.1761891695E+006
    109500   0.3624244250E+005   0.1761971106E+006
    109600   0.3624579371E+005   0.1762059920E+006
    109700   0.3624612489E+005   0.1761441745E+006
    109800   0.3624490402E+005   0.1760774965E+006
    109900   0.3624125677E+005   0.1759547416E+006
    110000   0.3623578118E+005   0.1759614408E+006
    110100   0.3623218068E+005   0.1759463959E+006
    110200   0.3623524415E+005   0.1758741274E+006
    110300   0.3623784621E+005   0.1757806229E+006
    110400   0.3623709614E+005   0.1757028099E+006
    110500   0.3623111401E+005   0.1757940951E+006
    110600   0.3623329663E+005   0.1758319794E+006
    110700   0.3623368616E+005   0.1758573163E+006
    110800   0.3624278729E+005   0.1758058643E+006
    110900   0.3625043737E+005   0.1758698713E+006
    111000   0.3626105891E+005   0.1758376909E+006
    111100   0.3627682985E+005   0.1758483683E+006
    111200   0.3629763566E+005   0.1758127515E+006
    111300   0.3632109392E+005   0.1757094717E+006
    111400   0.3633742119E+005   0.1757624255E+006
    111500   0.3634445134E+005   0.1759069004E+006
    111600   0.3634901568E+005   0.1759900044E+006
    111700   0.3636261579E+005   0.1759230884E+006
    111800   0.3637510563E+005   0.1757927106E+006
    111900   0.3638754183E+005   0.1756914983E+006
    112000   0.3639475308E+005   0.1755295179E+006
    112100   0.3640371598E+005   0.1753320556E+006
    112200   0.3641618764E+005   0.1752036334E+006
    112300   0.3642501759E+005   0.1750089561E+006
    112400   0.3643245908E+005   0.1749408952E+006
    112500   0.3643582386E+005   0.1748470590E+006
    112600   0.3643644605E+005   0.1748889010E+006
    112700   0.3644169108E+005   0.1748213212E+006
    112800   0.3644705356E+005   0.1747399504E+006
    112900   0.3644865424E+005   0.1747277190E+006
    113000   0.3644818398E+005   0.1748537042E+006
    113100   0.3645211333E+005   0.1750015817E+006
    113200   0.3645561302E+005   0.1750258856E+006
    113300   0.3646078396E+005   0.1750034741E+006
    113400   0.3646177311E+005   0.1751356686E+006
    113500   0.3646328749E+005   0.1752385602E+006
    113600   0.3646168397E+005   0.1751682786E+006
    113700   0.3645506663E+005   0.1751600519E+006
    113800   0.3645128202E+005   0.1751561985E+006
    113900   0.3644755571E+005   0.1751409849E+006
    114000   0.3644754853E+005   0.1751082239E+006
    114100   0.3644809376E+005   0.1750606813E+006
    114200   0.3644879108E+005   0.1750378761E+006
    114300   0.3645226364E+005   0.1749849519E+006
    114400   0.3645434936E+005   0.1749057704E+006
    114500   0.3645909058E+005   0.1748195605E+006
    114600   0.3646473009E+005   0.1747694165E+006
    114700   0.3647052287E+005   0.1748335955E+006
    114800   0.3647804984E+005   0.1749270340E+006
    114900   0.3647980552E+005   0.1749706039E+006
    115000   0.3647889003E+005   0.1749729693E+006
    115100   0.3647779066E+005   0.1750337705E+006
    115200   0.3648107150E+005   0.1750493388E+006
    115300   0.3648291489E+005   0.1750285778E+006
    115400   0.3648840723E+005   0.1749394967E+006
    115500   0.3649048907E+005   0.1749065006E+006
    115600   0.3649401012E+005   0.1749465573E+006
    115700   0.3649747380E+005   0.1749949431E+006
    115800   0.3650253726E+005   0.1749306558E+006
    115900   0.3651029949E+005   0.1748390373E+006
    116000   0.3651742014E+005   0.1748443352E+006
    116100   0.3652335073E+005   0.1749080277E+006
    116200   0.3652635899E+005   0.1748822107E+006
    116300   0.3652935524E+005   0.1748215894E+006
    116400   0.3652800537E+005   0.1747777820E+006
    116500   0.3652422657E+005   0.1747815596E+006
    116600   0.3652496949E+005   0.1748526480E+006
    116700   0.3652539774E+005   0.1749042317E+006
    116800   0.3652735553E+005   0.1748946371E+006
    116900   0.3652692728E+005   0.1749393556E+006
    117000   0.3652533788E+005   0.1749678795E+006
    117100   0.3652244076E+005   0.1749693064E+006
    117200   0.3651888683E+005   0.1749691482E+006
    117300   0.3651598841E+005   0.1749325176E+006
    117400   0.3651743893E+005   0.1748404472E+006
    117500   0.3652113042E+005   0.1747071680E+006
    117600   0.3652310641E+005   0.1746875052E+006
    117700   0.3652296491E+005   0.1746840603E+006
    117800   0.3652039867E+005   0.1746728328E+006
    117900   0.3651959327E+005   0.1746438560E+006
    118000   0.3651784456E+005   0.1746390179E+006
    118100   0.3651287483E+005   0.1746278987E+006
    118200   0.3651261365E+005   0.1747295958E+006
    118300   0.3651390780E+005   0.1747898347E+006
    118400   0.3651453786E+005   0.1748206195E+006
    118500   0.3651152553E+005   0.1748084288E+006
    118600   0.3650808949E+005   0.1748404448E+006
    118700   0.3650524982E+005   0.1748517102E+006
    118800   0.3650807440E+005   0.1748758713E+006
    118900   0.3651125685E+005   0.1748961549E+006
    119000   0.3651119974E+005   0.1749705603E+006
    119100   0.3651283981E+005   0.1750383784E+006
    119200   0.3651059591E+005   0.1750851700E+006
    119300   0.3650693050E+005   0.1751040782E+006
    119400   0.3650212866E+005   0.1751470380E+006
    119500   0.3649716694E+005   0.1752007439E+006
    119600   0.3649262439E+005   0.1752984072E+006
    119700   0.3648414267E+005   0.1753970059E+006
    119800   0.3647701416E+005   0.1754594895E+006
    119900   0.3647004013E+005   0.1754567843E+006
    120000   0.3646568142E+005   0.1754861367E+006
    120100   0.3646204110E+005   0.1754927702E+006
    120200   0.3646416644E+005   0.1755049876E+006
    120300   0.3646641000E+005   0.1754808500E+006
    120400   0.3646515697E+005   0.1754148885E+006
    120500   0.3646155952E+005   0.1754107353E+006
    120600   0.3645769289E+005   0.1754527726E+006
    120700   0.3645263494E+005   0.1754728660E+006
    120800   0.3644983136E+005   0.1754470192E+006
    120900   0.3645026334E+005   0.1754461993E+006
    121000   0.3645332437E+005   0.1754213523E+006
    121100   0.3645684271E+005   0.1754205164E+006
    121200   0.3646185492E+005   0.1754337005E+006
    121300   0.3646681866E+005   0.1754268979E+006
    121400   0.3647252664E+005   0.1753416712E+006
    121500   0.3647242761E+005   0.1752955072E+006
    121600   0.3647079325E+005   0.1752449021E+006
    121700   0.3646878723E+005   0.1752728346E+006
    121800   0.3646750728E+005   0.1753030169E+006
    121900   0.3646697223E+005   0.1752389931E+006
    122000   0.3646763440E+005   0.1751309864E+006
    122100   0.3646969017E+005   0.1750221915E+006
    122200   0.3647231554E+005   0.1749593014E+006
    122300   0.3647706626E+005   0.1749148574E+006
    122400   0.3648114499E+005   0.1749125547E+006
    122500   0.3648893519E+005   0.1749040699E+006
    122600   0.3649657655E+005   0.1748982105E+006
    122700   0.3650206998E+005   0.1748834215E+006
    122800   0.3650558590E+005   0.1748427963E+006
    122900   0.3650867603E+005   0.1747925095E+006
    123000   0.3651181851E+005   0.1748130865E+006
    123100   0.3651254499E+005   0.1748311030E+006
    123200   0.3650899066E+005   0.1749037752E+006
    123300   0.3650441871E+005   0.1749519723E+006
    123400   0.3649925917E+005   0.1749201176E+006
    123500   0.3649729873E+005   0.1749550283E+006
    123600   0.3649792519E+005   0.1750048220E+006
    123700   0.3649899957E+005   0.1750447109E+006
    123800   0.3650099085E+005   0.1750686414E+006
    123900   0.3649858027E+005   0.1750937238E+006
    124000   0.3649434768E+005   0.1750909670E+006
    124100   0.3648863675E+005   0.1751122684E+006
    124200   0.3648659056E+005   0.1751412386E+006
    124300   0.3648399862E+005   0.1751731969E+006
    124400   0.3648194074E+005   0.1752154153E+006
    124500   0.3648047018E+005   0.1752444115E+006
    124600   0.3647754517E+005   0.1752474238E+006
    124700   0.3647529568E+005   0.1752680138E+006
    124800   0.3647181930E+005   0.1752525325E+006
    124900   0.3646484993E+005   0.1752490299E+006
    125000   0.3645546956E+005   0.1752825981E+006
    125100   0.3644602953E+005   0.1753375020E+006
    125200   0.3643453969E+005   0.1753696323E+006
    125300   0.3642138961E+005   0.1753809471E+006
    125400   0.3641138338E+005   0.1754576045E+006
    125500   0.3640102518E+005   0.1755059433E+006
    125600   0.3638824007E+005   0.1755162471E+006
    125700   0.3637782661E+005   0.1755400950E+006
    125800   0.3636321073E+005   0.1755473253E+006
    125900   0.3634979046E+005   0.1755591767E+006
    126000   0.3633398123E+005   0.1755698298E+006
    126100   0.3631298884E+005   0.1756052666E+006
    126200   0.3629430124E+005   0.1756189831E+006
    126300   0.3627791474E+005   0.1756444555E+006
    126400   0.3626270995E+005   0.1756745275E+006
    126500   0.3625061410E+005   0.1757292088E+006
    126600   0.3623565734E+005   0.1757626454E+006
    126700   0.3622304225E+005   0.1758259674E+006
    126800   0.3621532270E+005   0.1758074297E+006
    126900   0.3620906914E+005   0.1758105027E+006
    127000   0.3620199696E+005   0.1758645350E+006
    127100   0.3619108491E+005   0.1758637507E+006
    127200   0.3617864791E+005   0.1758552318E+006
    127300   0.3616464491E+005   0.1759120458E+006
    127400   0.3614877337E+005   0.1759319075E+006
    127500   0.3613485727E+005   0.1759187602E+006
    127600   0.3612233049E+005   0.1759704824E+006
    127700   0.3611048437E+005   0.1760200755E+006
    127800   0.3609715646E+005   0.1760748828E+006
    127900   0.3608803227E+005   0.1761221587E+006
    128000   0.3607840675E+005   0.1761669569E+006
    128100   0.3606511290E+005   0.1762277549E+006
    128200   0.3605066669E+005   0.1762627837E+006
    128300   0.3603382195E+005   0.1762751099E+006
    128400   0.3601968131E+005   0.1762498500E+006
    128500   0.3600444535E+005   0.1763020929E+006
    128600   0.3598915873E+005   0.1763723320E+006
    128700   0.3597160054E+005   0.1764473324E+006
    128800   0.3596001314E+005   0.1765270973E+006
    128900   0.3594858662E+005   0.1765864657E+006
    129000   0.3593175877E+005   0.1766593865E+006
    129100   0.3591106965E+005   0.1767281332E+006
    129200   0.3589598751E+005   0.1767898526E+006
    129300   0.3588124873E+005   0.1768510462E+006
    129400   0.3586876399E+005   0.1768724987E+006
    129500   0.3585722932E+005   0.1769068947E+006
    129600   0.3584428410E+005   0.1769022518E+006
    129700   0.3583330950E+005   0.1769516442E+006
    129800   0.3581948173E+005   0.1770040555E+006
    129900   0.3580566759E+005   0.1770848582E+006
    130000   0.3579292620E+005   0.1771588041E+006
    130100   0.3578089625E+005   0.1772189671E+006
    130200   0.3576989957E+005   0.1772918665E+006
    130300   0.3576209842E+005   0.1773489481E+006
    130400   0.3575505993E+005   0.1773701655E+006
    130500   0.3574851957E+005   0.1773991137E+006
    130600   0.3574334564E+005   0.1774255643E+006
    130700   0.3573604293E+005   0.1774907066E+006
    130800   0.3572602092E+005   0.1775469470E+006
    130900   0.3571736343E+005   0.1775673529E+006
    131000   0.3570746116E+005   0.1775583177E+006
    131100   0.3569680053E+005   0.1775942276E+006
    131200   0.3568753495E+005   0.1776461667E+006
    131300   0.3567548386E+005   0.1776870319E+006
    131400   0.3566170240E+005   0.1777713254E+006
    131500   0.3564485363E+005   0.1778232227E+006
    131600   0.3563153916E+005   0.1778570792E+006
    131700   0.3561509941E+005   0.1779153905E+006
    131800   0.3560068329E+005   0.1779458715E+006
    131900   0.3558499458E+005   0.1779648031E+006
    132000   0.3556964895E+005   0.1779876484E+006
    132100   0.3555696796E+005   0.1780112330E+006
    132200   0.3554642821E+005   0.1780263573E+006
    132300   0.3553592395E+005   0.1780395915E+006
    132400   0.3552559112E+005   0.1781024237E+006
    132500   0.3551224174E+005   0.1781740145E+006
    132600   0.3549862974E+005   0.1782578118E+006
    132700   0.3548878952E+005   0.1783236162E+006
    132800   0.3548058272E+005   0.1783808232E+006
    132900   0.3546996134E+005   0.1784411535E+006
    133000   0.3545931184E+005   0.1784462612E+006
    133100   0.3545163298E+005   0.1784965281E+006
    133200   0.3544430306E+005   0.1785425504E+006
    133300   0.3543609595E+005   0.1785812574E+006
    133400   0.3542546569E+005   0.1786219160E+006
    133500   0.3541717325E+005   0.1786376318E+006
    133600   0.3540661736E+005   0.1786209892E+006
    133700   0.3539713179E+005   0.1786055225E+006
    133800   0.3538736421E+005   0.1785810325E+006
    133900   0.3537651481E+005   0.1785986434E+006
    134000   0.3536803091E+005   0.1786115922E+006
    134100   0.3536034375E+005   0.1786277380E+006
    134200   0.3535250621E+005   0.1786335762E+006
    134300   0.3534535306E+005   0.1787072004E+006
    134400   0.3533956419E+005   0.1787366038E+006
    134500   0.3533537012E+005   0.1787618154E+006
    134600   0.3532942165E+005   0.1787910741E+006
    134700   0.3532210247E+005   0.1788196454E+006
    134800   0.3531804532E+005   0.1788324769E+006
    134900   0.3531185988E+005   0.1788670885E+006
    135000   0.3530454889E+005   0.1788487145E+006
    135100   0.3529911016E+005   0.1788442728E+006
    135200   0.3529219423E+005   0.1788526938E+006
    135300   0.3528466599E+005   0.1788650201E+006
    135400   0.3527848311E+005   0.1788754850E+006
    135500   0.3527248430E+005   0.1788818623E+006
    135600   0.3526743396E+005   0.1789326964E+006
    135700   0.3526236963E+005   0.1789397579E+006
    135800   0.3525741955E+005   0.1789474226E+006
    135900   0.3525322968E+005   0.1789824016E+006
    136000   0.3525017150E+005   0.1789963032E+006
    136100   0.3524491839E+005   0.1789875063E+006
    136200   0.3523971207E+005   0.1789856385E+006
    136300   0.3523431284E+005   0.1789804179E+006
    136400   0.3523170009E+005   0.1789781022E+006
    136500   0.3523051528E+005   0.1789843908E+006
    136600   0.3523105376E+005   0.1789828320E+006
    136700   0.3523120908E+005   0.1789720009E+006
    136800   0.3523103727E+005   0.1789838480E+006
    136900   0.3523246063E+005   0.1790106743E+006
    137000   0.3523455214E+005   0.1790427847E+006
    137100   0.3523419976E+005   0.1790535876E+006
    137200   0.3523486307E+005   0.1790662703E+006
    137300   0.3523527601E+005   0.1790692892E+006
    137400   0.3523642854E+005   0.1791060923E+006
    137500   0.3523741889E+005   0.1790686645E+006
    137600   0.3523740769E+005   0.1790310534E+006
    137700   0.3523660134E+005   0.1790493951E+006
    137800   0.3523710590E+005   0.1790744058E+006
    137900   0.3523779273E+005   0.1790677208E+006
    138000   0.3523689984E+005   0.1790524381E+006
    138100   0.3523595465E+005   0.1790428338E+006
    138200   0.3523558297E+005   0.1790518621E+006
    138300   0.3523697494E+005   0.1790037017E+006
    138400   0.3523781009E+005   0.1789796956E+006
    138500   0.3523936951E+005   0.1789692786E+006
    138600   0.3523953622E+005   0.1789335943E+006
    138700   0.3523855359E+005   0.1789310304E+006
    138800   0.3523924778E+005   0.1789166299E+006
    138900   0.3524223820E+005   0.1789005553E+006
    139000   0.3524573797E+005   0.1788945325E+006
    139100   0.3524886058E+005   0.1789078409E+006
    139200   0.3525196219E+005   0.1789388919E+006
    139300   0.3525403110E+005   0.1789497531E+006
    139400   0.3525593932E+005   0.1789258469E+006
    139500   0.3525639384E+005   0.1789119954E+006
    139600   0.3525863156E+005   0.1788842022E+006
    139700   0.3526396188E+005   0.1788658022E+006
    139800   0.3526979925E+005   0.1788422782E+006
    139900   0.3527550718E+005   0.1788616430E+006
    140000   0.3527999120E+005   0.1788535596E+006
    140100   0.3528513319E+005   0.1788246946E+006
    140200   0.3529114415E+005   0.1788057714E+006
    140300   0.3529733663E+005   0.1788087303E+006
    140400   0.3530264713E+005   0.1787886643E+006
    140500   0.3530973138E+005   0.1787744612E+006
    140600   0.3531584489E+005   0.1787316032E+006
    140700   0.3532153336E+005   0.1786713002E+006
    140800   0.3532589568E+005   0.1786269063E+006
    140900   0.3532970485E+005   0.1786086967E+006
    141000   0.3533655845E+005   0.1785780126E+006
    141100   0.3534304739E+005   0.1785526211E+006
    141200   0.3535069467E+005   0.1785441274E+006
    141300   0.3535935496E+005   0.1784992222E+006
    141400   0.3536975833E+005   0.1784460823E+006
    141500   0.3538301142E+005   0.1784131354E+006
    141600   0.3539268828E+005   0.1783828419E+006
    141700   0.3540250208E+005   0.1783479893E+006
    141800   0.3541141405E+005   0.1783300846E+006
    141900   0.3541978228E+005   0.1783044294E+006
    142000   0.3542818514E+005   0.1782823229E+006
    142100   0.3543479697E+005   0.1782666872E+006
    142200   0.3544307248E+005   0.1782390006E+006
    142300   0.3545369215E+005   0.1782065924E+006
    142400   0.3546219353E+005   0.1781930983E+006
    142500   0.3546889336E+005   0.1781618793E+006
    142600   0.3547982124E+005   0.1781188515E+006
    142700   0.3548939838E+005   0.1780645107E+006
    142800   0.3550018456E+005   0.1780147889E+006
    142900   0.3551567002E+005   0.1779884824E+006
    143000   0.3552606733E+005   0.1779810365E+006
    143100   0.3554016181E+005   0.1779668670E+006
    143200   0.3555313563E+005   0.1779358454E+006
    143300   0.3556393429E+005   0.1778726508E+006
    143400   0.3557474593E+005   0.1778428252E+006
    143500   0.3558590616E+005   0.1777873443E+006
    143600   0.3559596091E+005   0.1777745159E+006
    143700   0.3560566707E+005   0.1777750551E+006
    143800   0.3561514961E+005   0.1777516568E+006
    143900   0.3562399497E+005   0.1777371680E+006
    144000   0.3563344573E+005   0.1777562081E+006
    144100   0.3564296930E+005   0.1777363692E+006
    144200   0.3565179601E+005   0.1777139761E+006
    144300   0.3566227246E+005   0.1777011599E+006
    144400   0.3567419375E+005   0.1777130602E+006
    144500   0.3568474727E+005   0.1777106320E+006
    144600   0.3569398349E+005   0.1776850122E+006
    144700   0.3570185574E+005   0.1776832553E+006
    144800   0.3570966631E+005   0.1776539698E+006
    144900   0.3571794390E+005   0.1776673428E+006
    145000   0.3572528797E+005   0.1776469095E+006
    145100   0.3573504393E+005   0.1776067466E+006
    145200   0.3574257531E+005   0.1775746213E+006
    145300   0.3575306085E+005   0.1775316339E+006
    145400   0.3576245119E+005   0.1775094249E+006
    145500   0.3576906731E+005   0.1774720741E+006
    145600   0.3577572897E+005   0.1774292729E+006
    145700   0.3578280662E+005   0.1773909170E+006
    145800   0.3579144504E+005   0.1773588727E+006
    145900   0.3579887950E+005   0.1773585025E+006
    146000   0.3580533920E+005   0.1773516400E+006
    146100   0.3581228413E+005   0.1773414217E+006
    146200   0.3582126352E+005   0.1773382574E+006
    146300   0.3582949490E+005   0.1773358669E+006
    146400   0.3583851038E+005   0.1773303850E+006
    146500   0.3584968765E+005   0.1772974108E+006
    146600   0.3585776293E+005   0.1772812064E+006
    146700   0.3586636162E+005   0.1772441031E+006
    146800   0.3587839222E+005   0.1772270860E+006
    146900   0.3588988940E+005   0.1772091261E+006
    147000   0.3590149337E+005   0.1771885479E+006
    147100   0.3591612825E+005   0.1771639768E+006
    147200   0.3592928098E+005   0.1771279216E+006
    147300   0.3594305689E+005   0.1770807901E+006
    147400   0.3595557660E+005   0.1770656294E+006
    147500   0.3596732127E+005   0.1770255882E+006
    147600   0.3598035598E+005   0.1769821190E+006
    147700   0.3599580752E+005   0.1769492254E+006
    147800   0.3600570204E+005   0.1769177654E+006
    147900   0.3601790301E+005   0.1768927332E+006
    148000   0.3603002628E+005   0.1768540144E+006
    148100   0.3604430575E+005   0.1768220440E+006
    148200   0.3605338006E+005   0.1767785199E+006
    148300   0.3606346870E+005   0.1767275462E+006
    148400   0.3607143150E+005   0.1767042696E+006
    148500   0.3608432144E+005   0.1766614658E+006
    148600   0.3609320045E+005   0.1766384562E+006
    148700   0.3610351019E+005   0.1766070710E+006
    148800   0.3611240251E+005   0.1765696393E+006
    148900   0.3612358310E+005   0.1765386812E+006
    149000   0.3613607193E+005   0.1764972638E+006
    149100   0.3614893271E+005   0.1764446072E+006
    149200   0.3616156580E+005   0.1764235306E+006
    149300   0.3617429045E+005   0.1763948317E+006
    149400   0.3618778673E+005   0.1763327941E+006
    149500   0.3619796780E+005   0.1762866396E+006
    149600   0.3620724051E+005   0.1762550677E+006
    149700   0.3621617069E+005   0.1762352819E+006
    149800   0.3622441023E+005   0.1762072139E+006
    149900   0.3623704391E+005   0.1761731273E+006
    150000   0.3624901150E+005   0.1761447346E+006
    150100   0.3626220712E+005   0.1761340569E+006
    150200   0.3627402492E+005   0.1760824391E+006
    150300   0.3628496183E+005   0.1760554116E+006
    150400   0.3629409937E+005   0.1760245853E+006
    150500   0.3630401453E+005   0.1760033416E+006
    150600   0.3631494495E+005   0.1759896638E+006
    150700   0.3632320963E+005   0.1759952391E+006
    150800   0.3633280134E+005   0.1759857968E+006
    150900   0.3634188316E+005   0.1759640501E+006
    151000   0.3635314618E+005   0.1759554687E+006
    151100   0.3636215050E+005   0.1759209865E+006
    151200   0.3637329923E+005   0.1758973287E+006
    151300   0.3638279293E+005   0.1758782091E+006
    151400   0.3639285320E+005   0.1758557873E+006
    151500   0.3640474663E+005   0.1758441269E+006
    151600   0.3641344613E+005   0.1758602884E+006
    151700   0.3642177468E+005   0.1758479002E+006
    151800   0.3642825543E+005   0.1758379409E+006
    151900   0.3643570851E+005   0.1758127756E+006
    152000   0.3644282798E+005   0.1757776580E+006
    152100   0.3645155021E+005   0.1757410238E+006
    152200   0.3645712215E+005   0.1757147283E+006
    152300   0.3646471636E+005   0.1756707116E+006
    152400   0.3647169203E+005   0.1756497586E+006
    152500   0.3647958508E+005   0.1756172581E+006
    152600   0.3648983727E+005   0.1755729920E+006
    152700   0.3649848737E+005   0.1755435160E+006
    152800   0.3650899333E+005   0.1754960083E+006
    152900   0.3652020338E+005   0.1754529267E+006
    153000   0.3652651207E+005   0.1754277515E+006
    153100   0.3653478088E+005   0.1753875896E+006
    153200   0.3654589322E+005   0.1753630201E+006
    153300   0.3655505109E+005   0.1753440416E+006
    153400   0.3656441758E+005   0.1753312506E+006
    153500   0.3657265788E+005   0.1753155242E+006
    153600   0.3657987880E+005   0.1752909282E+006
    153700   0.3658864442E+005   0.1752553652E+006
    153800   0.3659688116E+005   0.1752267907E+006
    153900   0.3660645153E+005   0.1751948209E+006
    154000   0.3661502590E+005   0.1751514131E+006
    154100   0.3662397766E+005   0.1751072692E+006
    154200   0.3663289799E+005   0.1750661377E+006
    154300   0.3664268303E+005   0.1750132308E+006
    154400   0.3665072905E+005   0.1749968807E+006
    154500   0.3666285684E+005   0.1749687484E+006
    154600   0.3667348766E+005   0.1749379413E+006
    154700   0.3668562616E+005   0.1749097782E+006
    154800   0.3669539074E+005   0.1748796412E+006
    154900   0.3670654944E+005   0.1748398094E+006
    155000   0.3671691550E+005   0.1748050392E+006
    155100   0.3672742691E+005   0.1747809040E+006
    155200   0.3674114097E+005   0.1747485675E+006
    155300   0.3675375191E+005   0.1747313692E+006
    155400   0.3676647586E+005   0.1747110258E+006
    155500   0.3678182797E+005   0.1746764178E+006
    155600   0.3680018381E+005   0.1746293470E+006
    155700   0.3681699023E+005   0.1745964926E+006
    155800   0.3683314530E+005   0.1745544334E+006
    155900   0.3684573927E+005   0.1745127762E+006
    156000   0.3686094101E+005   0.1744543401E+006
    156100   0.3687397590E+005   0.1744142603E+006
    156200   0.3688722448E+005   0.1743943966E+006
    156300   0.3690214688E+005   0.1743463744E+006
    156400   0.3691246163E+005   0.1743000681E+006
    156500   0.3692540700E+005   0.1742507260E+006
    156600   0.3693625418E+005   0.1741964757E+006
    156700   0.3695173447E+005   0.1741390576E+006
    156800   0.3696559353E+005   0.1740943053E+006
    156900   0.3697872943E+005   0.1740614995E+006
    157000   0.3699345901E+005   0.1740250335E+006
    157100   0.3700676508E+005   0.1739759501E+006
    157200   0.3702061208E+005   0.1739381432E+006
    157300   0.3703348243E+005   0.1738989142E+006
    157400   0.3704986547E+005   0.1738311047E+006
    157500   0.3706703425E+005   0.1737685565E+006
    157600   0.3708024194E+005   0.1737250743E+006
    157700   0.3709500335E+005   0.1736595952E+006
    157800   0.3710839468E+005   0.1736080691E+006
    157900   0.3711975560E+005   0.1735678074E+006
    158000   0.3713330211E+005   0.1735240463E+006
    158100   0.3714892126E+005   0.1734738744E+006
    158200   0.3716387746E+005   0.1734237896E+006
    158300   0.3717597441E+005   0.1733733877E+006
    158400   0.3718790954E+005   0.1733290081E+006
    158500   0.3720145899E+005   0.1732956968E+006
    158600   0.3721592294E+005   0.1732516003E+006
    158700   0.3722823587E+005   0.1732147573E+006
    158800   0.3724243759E+005   0.1731787784E+006
    158900   0.3725588606E+005   0.1731393126E+006
    159000   0.3727043235E+005   0.1730918957E+006
    159100   0.3728369057E+005   0.1730479255E+006
    159200   0.3729705946E+005   0.1730028987E+006
    159300   0.3731335080E+005   0.1729588052E+006
    159400   0.3732444439E+005   0.1729083533E+006
    159500   0.3733752545E+005   0.1728738723E+006
    159600   0.3735133595E+005   0.1728403467E+006
    159700   0.3736217243E+005   0.1728029932E+006
    159800   0.3737059586E+005   0.1727637655E+006
    159900   0.3738388484E+005   0.1727171684E+006
    160000   0.3739446004E+005   0.1726874203E+006
    160100   0.3740219230E+005   0.1726713855E+006
    160200   0.3740924649E+005   0.1726422511E+006
    160300   0.3742132789E+005   0.1726063428E+006
    160400   0.3743148035E+005   0.1725687751E+006
    160500   0.3744187382E+005   0.1725069349E+006
    160600   0.3744899418E+005   0.1724772241E+006
    160700   0.3745620523E+005   0.1724534671E+006
    160800   0.3746523918E+005   0.1724109221E+006
    160900   0.3747417970E+005   0.1723755371E+006
    161000   0.3748270617E+005   0.1723486261E+006
    161100   0.3749375168E+005   0.1723315857E+006
    161200   0.3750280475E+005   0.1723115639E+006
    161300   0.3751108469E+005   0.1722954482E+006
    161400   0.3752194981E+005   0.1722834448E+006
    161500   0.3753299448E+005   0.1722568582E+006
    161600   0.3754057067E+005   0.1722337091E+006
    161700   0.3754889671E+005   0.1722108154E+006
    161800   0.3755821655E+005   0.1721876371E+006
    161900   0.3756665135E+005   0.1721621855E+006
    162000   0.3757536321E+005   0.1721379725E+006
    162100   0.3758313755E+005   0.1721179380E+006
    162200   0.3759018539E+005   0.1720867856E+006
    162300   0.3759848935E+005   0.1720449326E+006
    162400   0.3760685977E+005   0.1719994099E+006
    162500   0.3761550436E+005   0.1719556300E+006
    162600   0.3762514693E+005   0.1719394320E+006
    162700   0.3763444753E+005   0.1719172704E+006
    162800   0.3764280049E+005   0.1718994525E+006
    162900   0.3764959887E+005   0.1718704273E+006
    163000   0.3765684501E+005   0.1718339561E+006
    163100   0.3766586671E+005   0.1717921563E+006
    163200   0.3767175604E+005   0.1717594220E+006
    163300   0.3768019377E+005   0.1717183761E+006
    163400   0.3768760352E+005   0.1716863126E+006
    163500   0.3769565094E+005   0.1716790582E+006
    163600   0.3770387477E+005   0.1716537051E+006
    163700   0.3771305264E+005   0.1716173355E+006
    163800   0.3772392669E+005   0.1715656749E+006
    163900   0.3773526477E+005   0.1715132897E+006
    164000   0.3774566849E+005   0.1714715340E+006
    164100   0.3775580436E+005   0.1714428347E+006
    164200   0.3776293760E+005   0.1714128149E+006
    164300   0.3777290365E+005   0.1713874759E+006
    164400   0.3778061466E+005   0.1713738302E+006
    164500   0.3779018068E+005   0.1713586566E+006
    164600   0.3779897127E+005   0.1713289899E+006
    164700   0.3780878924E+005   0.1713215061E+006
    164800   0.3781836345E+005   0.1712931491E+006
    164900   0.3782804372E+005   0.1712639983E+006
    165000   0.3783894434E+005   0.1712251265E+006
    165100   0.3784748174E+005   0.1711969628E+006
    165200   0.3785743301E+005   0.1711706369E+006
    165300   0.3786603006E+005   0.1711378056E+006
    165400   0.3787327300E+005   0.1711012512E+006
    165500   0.3788150570E+005   0.1710527282E+006
    165600   0.3788988129E+005   0.1710334887E+006
    165700   0.3790002707E+005   0.1710134598E+006
    165800   0.3791239925E+005   0.1710005692E+006
    165900   0.3792354338E+005   0.1709863830E+006
    166000   0.3793224141E+005   0.1709595216E+006
    166100   0.3794133871E+005   0.1709348450E+006
    166200   0.3795102260E+005   0.1708830273E+006
    166300   0.3796098732E+005   0.1708507616E+006
    166400   0.3796897600E+005   0.1708251310E+006
    166500   0.3797927338E+005   0.1707949713E+006
    166600   0.3799260868E+005   0.1707557800E+006
    166700   0.3800459638E+005   0.1707130760E+006
    166800   0.3801451897E+005   0.1706865085E+006
    166900   0.3802551038E+005   0.1706622629E+006
    167000   0.3803552840E+005   0.1706383544E+006
    167100   0.3804433938E+005   0.1706100077E+006
    167200   0.3805381276E+005   0.1705865642E+006
    167300   0.3806385510E+005   0.1705487981E+006
    167400   0.3807274978E+005   0.1705132845E+006
    167500   0.3808130312E+005   0.1704821653E+006
    167600   0.3809249547E+005   0.1704374047E+006
    167700   0.3810295576E+005   0.1704005411E+006
    167800   0.3811282701E+005   0.1703745911E+006
    167900   0.3812065417E+005   0.1703573539E+006
    168000   0.3813218760E+005   0.1703362909E+006
    168100   0.3814166264E+005   0.1703142210E+006
    168200   0.3815093185E+005   0.1702900880E+006
    168300   0.3816278410E+005   0.1702584041E+006
    168400   0.3817426421E+005   0.1702169223E+006
    168500   0.3818430717E+005   0.1701874133E+006
    168600   0.3819182488E+005   0.1701703103E+006
    168700   0.3820070046E+005   0.1701575434E+006
    168800   0.3820935793E+005   0.1701354808E+006
    168900   0.3821637543E+005   0.1701097066E+006
    169000   0.3822322898E+005   0.1700881677E+006
    169100   0.3823032207E+005   0.1700729882E+006
    169200   0.3823561829E+005   0.1700579385E+006
    169300   0.3824293692E+005   0.1700386725E+006
    169400   0.3824947951E+005   0.1700158345E+006
    169500   0.3825824022E+005   0.1699826847E+006
    169600   0.3826471733E+005   0.1699620769E+006
    169700   0.3827117193E+005   0.1699495678E+006
    169800   0.3827660906E+005   0.1699422477E+006
    169900   0.3828153475E+005   0.1699307663E+006
    170000   0.3828570411E+005   0.1699086243E+006
    170100   0.3829044604E+005   0.1698926754E+006
    170200   0.3829591895E+005   0.1698731694E+006
    170300   0.3830002878E+005   0.1698648705E+006
    170400   0.3830589218E+005   0.1698483081E+006
    170500   0.3831237765E+005   0.1698409198E+006
    170600   0.3831707543E+005   0.1698276034E+006
    170700   0.3832227698E+005   0.1698250588E+006
    170800   0.3832779558E+005   0.1697988483E+006
    170900   0.3833330690E+005   0.1697826544E+006
    171000   0.3833819565E+005   0.1697596236E+006
    171100   0.3834513719E+005   0.1697416460E+006
    171200   0.3835255785E+005   0.1697217191E+006
    171300   0.3835866670E+005   0.1697030351E+006
    171400   0.3836431287E+005   0.1696842282E+006
    171500   0.3837213681E+005   0.1696562989E+006
    171600   0.3837820211E+005   0.1696323727E+006
    171700   0.3838469868E+005   0.1696073847E+006
    171800   0.3839064398E+005   0.1695948188E+006
    171900   0.3839858351E+005   0.1695694200E+006
    172000   0.3840575824E+005   0.1695558892E+006
    172100   0.3841245235E+005   0.1695452941E+006
    172200   0.3841829598E+005   0.1695323782E+006
    172300   0.3842441262E+005   0.1695333132E+006
    172400   0.3843237165E+005   0.1695218750E+006
    172500   0.3844136161E+005   0.1694989547E+006
    172600   0.3844873255E+005   0.1694723339E+006
    172700   0.3845388406E+005   0.1694574259E+006
    172800   0.3846123382E+005   0.1694381630E+006
    172900   0.3846773713E+005   0.1694232802E+006
    173000   0.3847606207E+005   0.1694156374E+006
    173100   0.3848261085E+005   0.1694036433E+006
    173200   0.3849017569E+005   0.1693789774E+006
    173300   0.3849763426E+005   0.1693636846E+006
    173400   0.3850427040E+005   0.1693540253E+006
    173500   0.3851199703E+005   0.1693277853E+006
    173600   0.3851738449E+005   0.1693058564E+006
    173700   0.3852328525E+005   0.1692642255E+006
    173800   0.3852806922E+005   0.1692420555E+006
    173900   0.3853384668E+005   0.1692211317E+006
    174000   0.3853951819E+005   0.1692002638E+006
    174100   0.3854495037E+005   0.1691945982E+006
    174200   0.3855049278E+005   0.1691864395E+006
    174300   0.3855610523E+005   0.1691782668E+006
    174400   0.3856138218E+005   0.1691730527E+006
    174500   0.3856734657E+005   0.1691649298E+006
    174600   0.3857196767E+005   0.1691489167E+006
    174700   0.3857558350E+005   0.1691240098E+006
    174800   0.3857929745E+005   0.1690866111E+006
    174900   0.3858443359E+005   0.1690565834E+006
    175000   0.3858901979E+005   0.1690478383E+006
    175100   0.3859316257E+005   0.1690405596E+006
    175200   0.3859694991E+005   0.1690399957E+006
    175300   0.3860047029E+005   0.1690293120E+006
    175400   0.3860354809E+005   0.1690225242E+006
    175500   0.3860586354E+005   0.1690094671E+006
    175600   0.3860907113E+005   0.1689913926E+006
    175700   0.3861214648E+005   0.1689721500E+006
    175800   0.3861674308E+005   0.1689466081E+006
    175900   0.3862059179E+005   0.1689382717E+006
    176000   0.3862426074E+005   0.1689262282E+006
    176100   0.3862867188E+005   0.1689304227E+006
    176200   0.3863355125E+005   0.1689355855E+006
    176300   0.3863742253E+005   0.1689268128E+006
    176400   0.3864056330E+005   0.1689252644E+006
    176500   0.3864428887E+005   0.1689289812E+006
    176600   0.3864827091E+005   0.1689378355E+006
    176700   0.3865119202E+005   0.1689358836E+006
    176800   0.3865417525E+005   0.1689333701E+006
    176900   0.3865676078E+005   0.1689311674E+006
    177000   0.3865919085E+005   0.1689419849E+006
    177100   0.3866146831E+005   0.1689442929E+006
    177200   0.3866461470E+005   0.1689532940E+006
    177300   0.3866671494E+005   0.1689474372E+006
    177400   0.3866955592E+005   0.1689490723E+006
    177500   0.3867286676E+005   0.1689430052E+006
    177600   0.3867578409E+005   0.1689301691E+006
    177700   0.3867877517E+005   0.1689018085E+006
    177800   0.3868015390E+005   0.1688886063E+006
    177900   0.3868327593E+005   0.1688869344E+006
    178000   0.3868576841E+005   0.1688791714E+006
    178100   0.3868833786E+005   0.1688677442E+006
    178200   0.3869016972E+005   0.1688583555E+006
    178300   0.3869246939E+005   0.1688724872E+006
    178400   0.3869483565E+005   0.1688788757E+006
    178500   0.3869602423E+005   0.1688871330E+006
    178600   0.3869679284E+005   0.1688908273E+006
    178700   0.3869700436E+005   0.1689047937E+006
    178800   0.3869721289E+005   0.1689103267E+006
    178900   0.3869683708E+005   0.1689155351E+006
    179000   0.3869641324E+005   0.1689233196E+006
    179100   0.3869687793E+005   0.1689235078E+006
    179200   0.3869739459E+005   0.1689293529E+006
    179300   0.3869770543E+005   0.1689317460E+006
    179400   0.3869834525E+005   0.1689401870E+006
    179500   0.3869978274E+005   0.1689633749E+006
    179600   0.3870069737E+005   0.1689659582E+006
    179700   0.3870281560E+005   0.1689541647E+006
    179800   0.3870521632E+005   0.1689396172E+006
    179900   0.3870700659E+005   0.1689435198E+006
    180000   0.3870930786E+005   0.1689509717E+006
    180100   0.3870971426E+005   0.1689591943E+006
    180200   0.3871034396E+005   0.1689728566E+006
    180300   0.3871079524E+005   0.1689790383E+006
    180400   0.3871203810E+005   0.1689840614E+006
    180500   0.3871440494E+005   0.1690001864E+006
    180600   0.3871614719E+005   0.1689983620E+006
    180700   0.3871802663E+005   0.1689959373E+006
    180800   0.3872034133E+005   0.1689935660E+006
    180900   0.3872227068E+005   0.1689954279E+006
    181000   0.3872454362E+005   0.1689903123E+006
    181100   0.3872631162E+005   0.1689794402E+006
    181200   0.3872787897E+005   0.1689710510E+006
    181300   0.3873030270E+005   0.1689626046E+006
    181400   0.3873315769E+005   0.1689563328E+006
    181500   0.3873643479E+005   0.1689487067E+006
    181600   0.3873816991E+005   0.1689405109E+006
    181700   0.3874094196E+005   0.1689312496E+006
    181800   0.3874289354E+005   0.1689302891E+006
    181900   0.3874497312E+005   0.1689188276E+006
    182000   0.3874795373E+005   0.1689111280E+006
    182100   0.3875031305E+005   0.1689196575E+006
    182200   0.3875322477E+005   0.1689119901E+006
    182300   0.3875541117E+005   0.1689112321E+006
    182400   0.3875830774E+005   0.1689333886E+006
    182500   0.3876014161E+005   0.1689349800E+006
    182600   0.3876284795E+005   0.1689362718E+006
    182700   0.3876490186E+005   0.1689415924E+006
    182800   0.3876832426E+005   0.1689406317E+006
    182900   0.3877308962E+005   0.1689419286E+006
    183000   0.3877540114E+005   0.1689393196E+006
    183100   0.3877858301E+005   0.1689264862E+006
    183200   0.3878199668E+005   0.1689208525E+006
    183300   0.3878512167E+005   0.1689001239E+006
    183400   0.3878784890E+005   0.1688977186E+006
    183500   0.3879079213E+005   0.1688944945E+006
    183600   0.3879370408E+005   0.1688949972E+006
    183700   0.3879801139E+005   0.1688963290E+006
    183800   0.3880104784E+005   0.1688800735E+006
    183900   0.3880557895E+005   0.1688664139E+006
    184000   0.3880822332E+005   0.1688600216E+006
    184100   0.3881078043E+005   0.1688484452E+006
    184200   0.3881359399E+005   0.1688344309E+006
    184300   0.3881546754E+005   0.1688262834E+006
    184400   0.3881753359E+005   0.1688210096E+006
    184500   0.3881987278E+005   0.1688033213E+006
    184600   0.3882128143E+005   0.1687971167E+006
    184700   0.3882363671E+005   0.1687924717E+006
    184800   0.3882680977E+005   0.1687845538E+006
    184900   0.3883033511E+005   0.1687624530E+006
    185000   0.3883428791E+005   0.1687473859E+006
    185100   0.3883800577E+005   0.1687378219E+006
    185200   0.3884162959E+005   0.1687088364E+006
    185300   0.3884539703E+005   0.1686871518E+006
    185400   0.3884857284E+005   0.1686698848E+006
    185500   0.3885245138E+005   0.1686535644E+006
    185600   0.3885601444E+005   0.1686447105E+006
    185700   0.3885846917E+005   0.1686361202E+006
    185800   0.3886077297E+005   0.1686173537E+006
    185900   0.3886358809E+005   0.1686070049E+006
    186000   0.3886724693E+005   0.1686112286E+006
    186100   0.3887111895E+005   0.1686119739E+006
    186200   0.3887374127E+005   0.1686138307E+006
    186300   0.3887607037E+005   0.1686087915E+006
    186400   0.3887876261E+005   0.1685977110E+006
    186500   0.3888101701E+005   0.1685869438E+006
    186600   0.3888363991E+005   0.1685831473E+006
    186700   0.3888602616E+005   0.1685687870E+006
    186800   0.3888898834E+005   0.1685639856E+006
    186900   0.3889083254E+005   0.1685558848E+006
    187000   0.3889300897E+005   0.1685530179E+006
    187100   0.3889532552E+005   0.1685408919E+006
    187200   0.3889826458E+005   0.1685268749E+006
    187300   0.3890013492E+005   0.1685150376E+006
    187400   0.3890353967E+005   0.1684972554E+006
    187500   0.3890736048E+005   0.1684730028E+006
    187600   0.3891073425E+005   0.1684619935E+006
    187700   0.3891352169E+005   0.1684604512E+006
    187800   0.3891650560E+005   0.1684541801E+006
    187900   0.3891949952E+005   0.1684467183E+006
    188000   0.3892377366E+005   0.1684406325E+006
    188100   0.3892720555E+005   0.1684385924E+006
    188200   0.3893146544E+005   0.1684509595E+006
    188300   0.3893364571E+005   0.1684468328E+006
    188400   0.3893652483E+005   0.1684329847E+006
    188500   0.3894060441E+005   0.1684199126E+006
    188600   0.3894437945E+005   0.1683942444E+006
    188700   0.3894826231E+005   0.1683807118E+006
    188800   0.3895040026E+005   0.1683637544E+006
    188900   0.3895265758E+005   0.1683557606E+006
    189000   0.3895509051E+005   0.1683522629E+006
    189100   0.3895863467E+005   0.1683463786E+006
    189200   0.3896231247E+005   0.1683192698E+006
    189300   0.3896530117E+005   0.1683069950E+006
    189400   0.3896819011E+005   0.1682998462E+006
    189500   0.3897182623E+005   0.1682753520E+006
    189600   0.3897546288E+005   0.1682551836E+006
    189700   0.3898013094E+005   0.1682351195E+006
    189800   0.3898467564E+005   0.1682132112E+006
    189900   0.3899010121E+005   0.1681931974E+006
    190000   0.3899487326E+005   0.1681893657E+006
    190100   0.3899851165E+005   0.1681815926E+006
    190200   0.3900279029E+005   0.1681708383E+006
    190300   0.3900699470E+005   0.1681607702E+006
    190400   0.3901039771E+005   0.1681537367E+006
    190500   0.3901440465E+005   0.1681460810E+006
    190600   0.3901711298E+005   0.1681350907E+006
    190700   0.3902030341E+005   0.1681267798E+006
    190800   0.3902381051E+005   0.1681228729E+006
    190900   0.3902619953E+005   0.1681150766E+006
    191000   0.3903059309E+005   0.1681115857E+006
    191100   0.3903551387E+005   0.1680950375E+006
    191200   0.3903972976E+005   0.1680821352E+006
    191300   0.3904484918E+005   0.1680632434E+006
    191400   0.3905069890E+005   0.1680598307E+006
    191500   0.3905696278E+005   0.1680427083E+006
    191600   0.3906243989E+005   0.1680323011E+006
    191700   0.3906841270E+005   0.1680181437E+006
    191800   0.3907495189E+005   0.1680011087E+006
    191900   0.3908028124E+005   0.1679812850E+006
    192000   0.3908512574E+005   0.1679680503E+006
    192100   0.3909107821E+005   0.1679442936E+006
    192200   0.3909485194E+005   0.1679339829E+006
    192300   0.3909881847E+005   0.1679161546E+006
    192400   0.3910448493E+005   0.1678988089E+006
    192500   0.3910889137E+005   0.1678746894E+006
    192600   0.3911449059E+005   0.1678587269E+006
    192700   0.3911870479E+005   0.1678452363E+006
    192800   0.3912480895E+005   0.1678197900E+006
    192900   0.3913029340E+005   0.1677995830E+006
    193000   0.3913512444E+005   0.1677776927E+006
    193100   0.3914082693E+005   0.1677635999E+006
    193200   0.3914761524E+005   0.1677392662E+006
    193300   0.3915511377E+005   0.1677108415E+006
    193400   0.3916102255E+005   0.1676950736E+006
    193500   0.3916744483E+005   0.1676675889E+006
    193600   0.3917378010E+005   0.1676479184E+006
    193700   0.3917935940E+005   0.1676249713E+006
    193800   0.3918637462E+005   0.1676025579E+006
    193900   0.3919169704E+005   0.1675876476E+006
    194000   0.3919950358E+005   0.1675611256E+006
    194100   0.3920582372E+005   0.1675535535E+006
    194200   0.3921290299E+005   0.1675406113E+006
    194300   0.3921973998E+005   0.1675191257E+006
    194400   0.3922644781E+005   0.1675004978E+006
    194500   0.3923119772E+005   0.1674946492E+006
    194600   0.3923750772E+005   0.1674756753E+006
    194700   0.3924332250E+005   0.1674538069E+006
    194800   0.3924834011E+005   0.1674322543E+006
    194900   0.3925455824E+005   0.1674181120E+006
    195000   0.3926064314E+005   0.1674060522E+006
    195100   0.3926672843E+005   0.1673897173E+006
    195200   0.3927235574E+005   0.1673710880E+006
    195300   0.3927751369E+005   0.1673540350E+006
    195400   0.3928344803E+005   0.1673368811E+006
    195500   0.3928822357E+005   0.1673138009E+006
    195600   0.3929245232E+005   0.1672928353E+006
    195700   0.3929698553E+005   0.1672761066E+006
    195800   0.3930184544E+005   0.1672555731E+006
    195900   0.3930671209E+005   0.1672216340E+006
    196000   0.3931023074E+005   0.1672089067E+006
    196100   0.3931299398E+005   0.1672006574E+006
    196200   0.3931595126E+005   0.1671902785E+006
    196300   0.3931895422E+005   0.1671774414E+006
    196400   0.3932196172E+005   0.1671760245E+006
    196500   0.3932551218E+005   0.1671743223E+006
    196600   0.3932794292E+005   0.1671646490E+006
    196700   0.3933093615E+005   0.1671520775E+006
    196800   0.3933425645E+005   0.1671421514E+006
    196900   0.3933740159E+005   0.1671266280E+006
    197000   0.3934079740E+005   0.1671147001E+006
    197100   0.3934516920E+005   0.1671008099E+006
    197200   0.3934953002E+005   0.1670875228E+006
    197300   0.3935278564E+005   0.1670742757E+006
    197400   0.3935624159E+005   0.1670691558E+006
    197500   0.3935997758E+005   0.1670605754E+006
    197600   0.3936394645E+005   0.1670444125E+006
    197700   0.3936889009E+005   0.1670311084E+006
    197800   0.3937414447E+005   0.1670218607E+006
    197900   0.3937714498E+005   0.1670170794E+006
    198000   0.3938195869E+005   0.1670056206E+006
    198100   0.3938809820E+005   0.1669831870E+006
    198200   0.3939268728E+005   0.1669609528E+006
    198300   0.3939619250E+005   0.1669448973E+006
    198400   0.3939925279E+005   0.1669303004E+006
    198500   0.3940549838E+005   0.1669063093E+006
    198600   0.3941033008E+005   0.1668834449E+006
    198700   0.3941495177E+005   0.1668643279E+006
    198800   0.3941943357E+005   0.1668515619E+006
    198900   0.3942300785E+005   0.1668461539E+006
    199000   0.3942727355E+005   0.1668268516E+006
    199100   0.3943014384E+005   0.1668195276E+006
    199200   0.3943373368E+005   0.1668111229E+006
    199300   0.3943675691E+005   0.1667983654E+006
    199400   0.3943905706E+005   0.1667870540E+006
    199500   0.3944192463E+005   0.1667794224E+006
    199600   0.3944396942E+005   0.1667752513E+006
    199700   0.3944805342E+005   0.1667672574E+006
    199800   0.3945170170E+005   0.1667629871E+006
    199900   0.3945458769E+005   0.1667543549E+006
    200000   0.3945834858E+005   0.1667535109E+006
