# Evolution of the weightfunction during equilibration phase for fractional: Ar
# Weightfunction after cycle        211
 0.0000000    0.2200000000E+001    0.5000000000E+000
 0.0101010    0.2900000000E+001    0.1600000000E+001
 0.0202020    0.2800000000E+001    0.1600000000E+001
 0.0303030    0.3400000000E+001    0.1700000000E+001
 0.0404040    0.2800000000E+001    0.1400000000E+001
 0.0505051    0.3600000000E+001    0.1300000000E+001
 0.0606061    0.2600000000E+001    0.3000000000E+000
 0.0707071    0.3200000000E+001    0.1400000000E+001
 0.0808081    0.3200000000E+001    0.1800000000E+001
 0.0909091    0.2900000000E+001    0.1200000000E+001
 0.1010101    0.3900000000E+001    0.1800000000E+001
 0.1111111    0.3600000000E+001    0.1800000000E+001
 0.1212121    0.2800000000E+001    0.1200000000E+001
 0.1313131    0.3400000000E+001    0.9000000000E+000
 0.1414141    0.3100000000E+001    0.1800000000E+001
 0.1515152    0.3200000000E+001    0.1000000000E+000
 0.1616162    0.4300000000E+001    0.1700000000E+001
 0.1717172    0.3700000000E+001    0.1300000000E+001
 0.1818182    0.3700000000E+001    0.7000000000E+000
 0.1919192    0.4500000000E+001    0.1500000000E+001
 0.2020202    0.3700000000E+001    0.1200000000E+001
 0.2121212    0.3900000000E+001    0.1800000000E+001
 0.2222222    0.4500000000E+001    0.1700000000E+001
 0.2323232    0.4300000000E+001    0.1700000000E+001
 0.2424242    0.4400000000E+001    0.1500000000E+001
 0.2525253    0.3200000000E+001    0.1000000000E+001
 0.2626263    0.3500000000E+001    0.1200000000E+001
 0.2727273    0.3300000000E+001    0.5000000000E+000
 0.2828283    0.3700000000E+001    0.1500000000E+001
 0.2929293    0.3800000000E+001    0.1400000000E+001
 0.3030303    0.3700000000E+001    0.9000000000E+000
 0.3131313    0.3400000000E+001    0.9000000000E+000
 0.3232323    0.3400000000E+001    0.6000000000E+000
 0.3333333    0.3600000000E+001    0.1000000000E+001
 0.3434343    0.2500000000E+001    0.1200000000E+001
 0.3535354    0.4400000000E+001    0.1600000000E+001
 0.3636364    0.3800000000E+001    0.1400000000E+001
 0.3737374    0.2700000000E+001    0.7000000000E+000
 0.3838384    0.2400000000E+001    0.1200000000E+001
 0.3939394    0.3200000000E+001    0.1900000000E+001
 0.4040404    0.3100000000E+001    0.1700000000E+001
 0.4141414    0.2100000000E+001    0.6000000000E+000
 0.4242424    0.1600000000E+001    0.2100000000E+001
 0.4343434    0.2100000000E+001    0.1600000000E+001
 0.4444444    0.2500000000E+001    0.1000000000E+001
 0.4545455    0.2500000000E+001    0.6000000000E+000
 0.4646465    0.3000000000E+001    0.1600000000E+001
 0.4747475    0.2900000000E+001    0.9000000000E+000
 0.4848485    0.2900000000E+001    0.2200000000E+001
 0.4949495    0.2500000000E+001    0.1000000000E+001
 0.5050505    0.2500000000E+001    0.1000000000E+001
 0.5151515    0.1500000000E+001    0.1600000000E+001
 0.5252525    0.2100000000E+001    0.1700000000E+001
 0.5353535    0.3200000000E+001    0.1500000000E+001
 0.5454545    0.2500000000E+001    0.1800000000E+001
 0.5555556    0.2500000000E+001    0.2800000000E+001
 0.5656566    0.1700000000E+001    0.9000000000E+000
 0.5757576    0.2800000000E+001    0.7000000000E+000
 0.5858586    0.2600000000E+001    0.4000000000E+000
 0.5959596    0.1900000000E+001    0.1000000000E+000
 0.6060606    0.2300000000E+001    0.9000000000E+000
 0.6161616    0.2500000000E+001    0.1000000000E+000
 0.6262626    0.2800000000E+001    0.9000000000E+000
 0.6363636    0.2700000000E+001    0.6000000000E+000
 0.6464646    0.2200000000E+001    0.4000000000E+000
 0.6565657    0.2500000000E+001    0.8000000000E+000
 0.6666667    0.2100000000E+001    0.1100000000E+001
 0.6767677    0.2100000000E+001    0.1000000000E+000
 0.6868687    0.2800000000E+001    0.6000000000E+000
 0.6969697    0.2900000000E+001    0.1100000000E+001
 0.7070707    0.2400000000E+001    0.6000000000E+000
 0.7171717    0.2500000000E+001    0.4000000000E+000
 0.7272727    0.2100000000E+001    0.5000000000E+000
 0.7373737    0.2700000000E+001    0.8000000000E+000
 0.7474747    0.3700000000E+001    0.1700000000E+001
 0.7575758    0.2500000000E+001    0.9000000000E+000
 0.7676768    0.2400000000E+001    0.5000000000E+000
 0.7777778    0.2300000000E+001    0.4000000000E+000
 0.7878788    0.2500000000E+001    0.1000000000E+001
 0.7979798    0.2600000000E+001    0.1000000000E+001
 0.8080808    0.3300000000E+001    0.1100000000E+001
 0.8181818    0.3000000000E+001    0.1000000000E+001
 0.8282828    0.2500000000E+001    0.6000000000E+000
 0.8383838    0.3000000000E+001    0.1100000000E+001
 0.8484848    0.1900000000E+001    0.0000000000E+000
 0.8585859    0.3500000000E+001    0.1700000000E+001
 0.8686869    0.3200000000E+001    0.1200000000E+001
 0.8787879    0.3000000000E+001    0.1100000000E+001
 0.8888889    0.2100000000E+001    0.3000000000E+000
 0.8989899    0.2200000000E+001    0.7000000000E+000
 0.9090909    0.2200000000E+001    0.8000000000E+000
 0.9191919    0.2500000000E+001    0.6000000000E+000
 0.9292929    0.2900000000E+001    0.1100000000E+001
 0.9393939    0.2500000000E+001    0.6000000000E+000
 0.9494949    0.3100000000E+001    0.1200000000E+001
 0.9595960    0.2500000000E+001    0.7000000000E+000
 0.9696970    0.3500000000E+001    0.1200000000E+001
 0.9797980    0.2500000000E+001    0.3000000000E+000
 0.9898990    0.2600000000E+001    0.4000000000E+000
 1.0000000    0.2800000000E+001    0.1100000000E+001


# Weightfunction after cycle        862
 0.0000000    0.2200000000E+001    0.6250000000E+000
 0.0101010    0.2450000000E+001    0.8500000000E+000
 0.0202020    0.2900000000E+001    0.1250000000E+001
 0.0303030    0.2325000000E+001    0.7750000000E+000
 0.0404040    0.2750000000E+001    0.8250000000E+000
 0.0505051    0.2175000000E+001    0.4250000000E+000
 0.0606061    0.2375000000E+001    0.5250000000E+000
 0.0707071    0.2825000000E+001    0.9500000000E+000
 0.0808081    0.2700000000E+001    0.5750000000E+000
 0.0909091    0.2975000000E+001    0.9500000000E+000
 0.1010101    0.2400000000E+001    0.6500000000E+000
 0.1111111    0.2525000000E+001    0.3750000000E+000
 0.1212121    0.2875000000E+001    0.7500000000E+000
 0.1313131    0.3000000000E+001    0.9500000000E+000
 0.1414141    0.3200000000E+001    0.8500000000E+000
 0.1515152    0.3450000000E+001    0.7000000000E+000
 0.1616162    0.3250000000E+001    0.8250000000E+000
 0.1717172    0.3850000000E+001    0.1050000000E+001
 0.1818182    0.3475000000E+001    0.1050000000E+001
 0.1919192    0.3725000000E+001    0.8500000000E+000
 0.2020202    0.3800000000E+001    0.6750000000E+000
 0.2121212    0.3250000000E+001    0.7000000000E+000
 0.2222222    0.3500000000E+001    0.6250000000E+000
 0.2323232    0.3250000000E+001    0.8750000000E+000
 0.2424242    0.3300000000E+001    0.1000000000E+001
 0.2525253    0.3675000000E+001    0.6250000000E+000
 0.2626263    0.3075000000E+001    0.5000000000E+000
 0.2727273    0.3175000000E+001    0.7750000000E+000
 0.2828283    0.3350000000E+001    0.5000000000E+000
 0.2929293    0.3050000000E+001    0.5250000000E+000
 0.3030303    0.2775000000E+001    0.8000000000E+000
 0.3131313    0.3400000000E+001    0.7000000000E+000
 0.3232323    0.3250000000E+001    0.7000000000E+000
 0.3333333    0.2725000000E+001    0.8750000000E+000
 0.3434343    0.3125000000E+001    0.7500000000E+000
 0.3535354    0.3450000000E+001    0.6750000000E+000
 0.3636364    0.3150000000E+001    0.6250000000E+000
 0.3737374    0.3125000000E+001    0.6250000000E+000
 0.3838384    0.3350000000E+001    0.4500000000E+000
 0.3939394    0.2825000000E+001    0.5500000000E+000
 0.4040404    0.3075000000E+001    0.5750000000E+000
 0.4141414    0.2400000000E+001    0.6000000000E+000
 0.4242424    0.2800000000E+001    0.5250000000E+000
 0.4343434    0.2525000000E+001    0.7500000000E+000
 0.4444444    0.2675000000E+001    0.8250000000E+000
 0.4545455    0.2450000000E+001    0.9000000000E+000
 0.4646465    0.2750000000E+001    0.4000000000E+000
 0.4747475    0.2050000000E+001    0.1050000000E+001
 0.4848485    0.2475000000E+001    0.4000000000E+000
 0.4949495    0.2575000000E+001    0.6000000000E+000
 0.5050505    0.2050000000E+001    0.1100000000E+001
 0.5151515    0.2375000000E+001    0.2750000000E+000
 0.5252525    0.2100000000E+001    0.9000000000E+000
 0.5353535    0.2600000000E+001    0.3750000000E+000
 0.5454545    0.2550000000E+001    0.1000000000E+000
 0.5555556    0.2125000000E+001    0.6000000000E+000
 0.5656566    0.2250000000E+001    0.4500000000E+000
 0.5757576    0.2500000000E+001    0.3000000000E+000
 0.5858586    0.1900000000E+001    0.3750000000E+000
 0.5959596    0.2150000000E+001    0.3750000000E+000
 0.6060606    0.2125000000E+001    0.2000000000E+000
 0.6161616    0.2225000000E+001    0.3500000000E+000
 0.6262626    0.2550000000E+001    0.5750000000E+000
 0.6363636    0.2225000000E+001    0.8250000000E+000
 0.6464646    0.2250000000E+001    0.0000000000E+000
 0.6565657    0.2800000000E+001    0.2500000000E+000
 0.6666667    0.2225000000E+001    0.8250000000E+000
 0.6767677    0.1975000000E+001    0.7500000000E+000
 0.6868687    0.2300000000E+001    0.9000000000E+000
 0.6969697    0.2100000000E+001    0.6500000000E+000
 0.7070707    0.2250000000E+001    0.4000000000E+000
 0.7171717    0.2400000000E+001    0.3500000000E+000
 0.7272727    0.2525000000E+001    0.4500000000E+000
 0.7373737    0.2325000000E+001    0.4500000000E+000
 0.7474747    0.2200000000E+001    0.2750000000E+000
 0.7575758    0.2500000000E+001    0.5000000000E+000
 0.7676768    0.2625000000E+001    0.4250000000E+000
 0.7777778    0.2825000000E+001    0.5500000000E+000
 0.7878788    0.2750000000E+001    0.6500000000E+000
 0.7979798    0.2375000000E+001    0.3250000000E+000
 0.8080808    0.2575000000E+001    0.5500000000E+000
 0.8181818    0.2375000000E+001    0.3250000000E+000
 0.8282828    0.2500000000E+001    0.5000000000E+000
 0.8383838    0.2450000000E+001    0.3250000000E+000
 0.8484848    0.2675000000E+001    0.6000000000E+000
 0.8585859    0.2500000000E+001    0.4500000000E+000
 0.8686869    0.2450000000E+001    0.2500000000E+000
 0.8787879    0.2325000000E+001    0.5750000000E+000
 0.8888889    0.2500000000E+001    0.4500000000E+000
 0.8989899    0.2450000000E+001    0.2000000000E+000
 0.9090909    0.2300000000E+001    0.3000000000E+000
 0.9191919    0.2975000000E+001    0.7000000000E+000
 0.9292929    0.2375000000E+001    0.3750000000E+000
 0.9393939    0.2775000000E+001    0.5750000000E+000
 0.9494949    0.2525000000E+001    0.4500000000E+000
 0.9595960    0.2375000000E+001    0.2250000000E+000
 0.9696970    0.2175000000E+001    0.2500000000E+000
 0.9797980    0.2825000000E+001    0.7000000000E+000
 0.9898990    0.2375000000E+001    0.3500000000E+000
 1.0000000    0.2350000000E+001    0.3000000000E+000


# Weightfunction after cycle       1805
 0.0000000    0.2306250000E+001    0.5687500000E+000
 0.0101010    0.2312500000E+001    0.5375000000E+000
 0.0202020    0.2175000000E+001    0.5250000000E+000
 0.0303030    0.2375000000E+001    0.5937500000E+000
 0.0404040    0.2575000000E+001    0.7562500000E+000
 0.0505051    0.2468750000E+001    0.5937500000E+000
 0.0606061    0.2581250000E+001    0.7562500000E+000
 0.0707071    0.2550000000E+001    0.6312500000E+000
 0.0808081    0.2631250000E+001    0.7875000000E+000
 0.0909091    0.3006250000E+001    0.8625000000E+000
 0.1010101    0.2806250000E+001    0.6125000000E+000
 0.1111111    0.3050000000E+001    0.8500000000E+000
 0.1212121    0.2925000000E+001    0.7312500000E+000
 0.1313131    0.3037500000E+001    0.6375000000E+000
 0.1414141    0.3262500000E+001    0.8187500000E+000
 0.1515152    0.3293750000E+001    0.6562500000E+000
 0.1616162    0.3437500000E+001    0.7000000000E+000
 0.1717172    0.3312500000E+001    0.5937500000E+000
 0.1818182    0.3431250000E+001    0.7000000000E+000
 0.1919192    0.3350000000E+001    0.6562500000E+000
 0.2020202    0.3743750000E+001    0.6625000000E+000
 0.2121212    0.3350000000E+001    0.6000000000E+000
 0.2222222    0.3487500000E+001    0.7375000000E+000
 0.2323232    0.3487500000E+001    0.5375000000E+000
 0.2424242    0.3550000000E+001    0.7250000000E+000
 0.2525253    0.3450000000E+001    0.5937500000E+000
 0.2626263    0.3350000000E+001    0.5937500000E+000
 0.2727273    0.3518750000E+001    0.6500000000E+000
 0.2828283    0.3481250000E+001    0.6687500000E+000
 0.2929293    0.3393750000E+001    0.6687500000E+000
 0.3030303    0.3087500000E+001    0.7375000000E+000
 0.3131313    0.3181250000E+001    0.4250000000E+000
 0.3232323    0.3175000000E+001    0.4625000000E+000
 0.3333333    0.3206250000E+001    0.5625000000E+000
 0.3434343    0.3325000000E+001    0.4250000000E+000
 0.3535354    0.2806250000E+001    0.4625000000E+000
 0.3636364    0.3031250000E+001    0.5062500000E+000
 0.3737374    0.3131250000E+001    0.5500000000E+000
 0.3838384    0.2756250000E+001    0.5750000000E+000
 0.3939394    0.2812500000E+001    0.5125000000E+000
 0.4040404    0.2768750000E+001    0.3125000000E+000
 0.4141414    0.2756250000E+001    0.3750000000E+000
 0.4242424    0.2762500000E+001    0.3937500000E+000
 0.4343434    0.2550000000E+001    0.3500000000E+000
 0.4444444    0.2868750000E+001    0.3562500000E+000
 0.4545455    0.2743750000E+001    0.3125000000E+000
 0.4646465    0.2393750000E+001    0.3687500000E+000
 0.4747475    0.2325000000E+001    0.3250000000E+000
 0.4848485    0.2368750000E+001    0.3125000000E+000
 0.4949495    0.2343750000E+001    0.4625000000E+000
 0.5050505    0.2262500000E+001    0.6125000000E+000
 0.5151515    0.2381250000E+001    0.3125000000E+000
 0.5252525    0.2250000000E+001    0.3000000000E+000
 0.5353535    0.2350000000E+001    0.4375000000E+000
 0.5454545    0.2437500000E+001    0.2500000000E+000
 0.5555556    0.2312500000E+001    0.2375000000E+000
 0.5656566    0.2300000000E+001    0.2375000000E+000
 0.5757576    0.2375000000E+001    0.3500000000E+000
 0.5858586    0.2393750000E+001    0.1937500000E+000
 0.5959596    0.2281250000E+001    0.3062500000E+000
 0.6060606    0.2181250000E+001    0.3562500000E+000
 0.6161616    0.2187500000E+001    0.2062500000E+000
 0.6262626    0.2406250000E+001    0.2375000000E+000
 0.6363636    0.2250000000E+001    0.3750000000E+000
 0.6464646    0.2225000000E+001    0.2750000000E+000
 0.6565657    0.2193750000E+001    0.4125000000E+000
 0.6666667    0.2343750000E+001    0.3500000000E+000
 0.6767677    0.2125000000E+001    0.1125000000E+000
 0.6868687    0.2356250000E+001    0.4812500000E+000
 0.6969697    0.2312500000E+001    0.1937500000E+000
 0.7070707    0.2343750000E+001    0.2375000000E+000
 0.7171717    0.2243750000E+001    0.2437500000E+000
 0.7272727    0.2350000000E+001    0.2937500000E+000
 0.7373737    0.2237500000E+001    0.2437500000E+000
 0.7474747    0.2243750000E+001    0.2312500000E+000
 0.7575758    0.2237500000E+001    0.1937500000E+000
 0.7676768    0.2318750000E+001    0.2812500000E+000
 0.7777778    0.2393750000E+001    0.3875000000E+000
 0.7878788    0.2068750000E+001    0.8125000000E-001
 0.7979798    0.2275000000E+001    0.3187500000E+000
 0.8080808    0.2281250000E+001    0.2500000000E+000
 0.8181818    0.2118750000E+001    0.7500000000E-001
 0.8282828    0.2250000000E+001    0.2312500000E+000
 0.8383838    0.2093750000E+001    0.1062500000E+000
 0.8484848    0.2281250000E+001    0.2375000000E+000
 0.8585859    0.2212500000E+001    0.1750000000E+000
 0.8686869    0.2293750000E+001    0.2125000000E+000
 0.8787879    0.2025000000E+001    0.0000000000E+000
 0.8888889    0.2093750000E+001    0.7500000000E-001
 0.8989899    0.2243750000E+001    0.1937500000E+000
 0.9090909    0.2218750000E+001    0.1250000000E+000
 0.9191919    0.2306250000E+001    0.1062500000E+000
 0.9292929    0.2256250000E+001    0.2250000000E+000
 0.9393939    0.2118750000E+001    0.1312500000E+000
 0.9494949    0.2243750000E+001    0.1562500000E+000
 0.9595960    0.2256250000E+001    0.2437500000E+000
 0.9696970    0.2206250000E+001    0.1750000000E+000
 0.9797980    0.2318750000E+001    0.3125000000E+000
 0.9898990    0.2168750000E+001    0.1000000000E+000
 1.0000000    0.2343750000E+001    0.3500000000E+000


# Weightfunction after cycle       3970
 0.0000000    0.2212500000E+001    0.5000000000E+000
 0.0101010    0.2142187500E+001    0.4343750000E+000
 0.0202020    0.2193750000E+001    0.4718750000E+000
 0.0303030    0.2153125000E+001    0.3984375000E+000
 0.0404040    0.2237500000E+001    0.4593750000E+000
 0.0505051    0.2267187500E+001    0.4718750000E+000
 0.0606061    0.2342187500E+001    0.4906250000E+000
 0.0707071    0.2325000000E+001    0.4343750000E+000
 0.0808081    0.2406250000E+001    0.4296875000E+000
 0.0909091    0.2531250000E+001    0.4218750000E+000
 0.1010101    0.2612500000E+001    0.4218750000E+000
 0.1111111    0.2582812500E+001    0.4828125000E+000
 0.1212121    0.2815625000E+001    0.4000000000E+000
 0.1313131    0.2946875000E+001    0.4750000000E+000
 0.1414141    0.2948437500E+001    0.4421875000E+000
 0.1515152    0.3060937500E+001    0.5937500000E+000
 0.1616162    0.3126562500E+001    0.4796875000E+000
 0.1717172    0.3165625000E+001    0.5125000000E+000
 0.1818182    0.3123437500E+001    0.4578125000E+000
 0.1919192    0.3146875000E+001    0.4328125000E+000
 0.2020202    0.3251562500E+001    0.4000000000E+000
 0.2121212    0.3231250000E+001    0.5015625000E+000
 0.2222222    0.3282812500E+001    0.4953125000E+000
 0.2323232    0.3189062500E+001    0.4390625000E+000
 0.2424242    0.3250000000E+001    0.4015625000E+000
 0.2525253    0.3168750000E+001    0.4671875000E+000
 0.2626263    0.3271875000E+001    0.4609375000E+000
 0.2727273    0.3195312500E+001    0.3250000000E+000
 0.2828283    0.3210937500E+001    0.3312500000E+000
 0.2929293    0.3190625000E+001    0.4093750000E+000
 0.3030303    0.3029687500E+001    0.4046875000E+000
 0.3131313    0.3020312500E+001    0.3890625000E+000
 0.3232323    0.3039062500E+001    0.3453125000E+000
 0.3333333    0.2976562500E+001    0.2906250000E+000
 0.3434343    0.2921875000E+001    0.3687500000E+000
 0.3535354    0.3007812500E+001    0.3031250000E+000
 0.3636364    0.2846875000E+001    0.3078125000E+000
 0.3737374    0.2862500000E+001    0.3265625000E+000
 0.3838384    0.2768750000E+001    0.2281250000E+000
 0.3939394    0.2596875000E+001    0.2125000000E+000
 0.4040404    0.2656250000E+001    0.2000000000E+000
 0.4141414    0.2593750000E+001    0.2203125000E+000
 0.4242424    0.2610937500E+001    0.1734375000E+000
 0.4343434    0.2535937500E+001    0.2062500000E+000
 0.4444444    0.2421875000E+001    0.2281250000E+000
 0.4545455    0.2346875000E+001    0.1578125000E+000
 0.4646465    0.2301562500E+001    0.2390625000E+000
 0.4747475    0.2318750000E+001    0.1640625000E+000
 0.4848485    0.2103125000E+001    0.0000000000E+000
 0.4949495    0.2175000000E+001    0.1718750000E+000
 0.5050505    0.2001562500E+001    0.9687500000E-001
 0.5151515    0.2017187500E+001    0.5625000000E-001
 0.5252525    0.2070312500E+001    0.1734375000E+000
 0.5353535    0.2059375000E+001    0.7656250000E-001
 0.5454545    0.2128125000E+001    0.1218750000E+000
 0.5555556    0.2103125000E+001    0.1062500000E+000
 0.5656566    0.2076562500E+001    0.1343750000E+000
 0.5757576    0.2153125000E+001    0.1281250000E+000
 0.5858586    0.2125000000E+001    0.1671875000E+000
 0.5959596    0.2100000000E+001    0.7343750000E-001
 0.6060606    0.2051562500E+001    0.1234375000E+000
 0.6161616    0.2170312500E+001    0.3125000000E-001
 0.6262626    0.2043750000E+001    0.7968750000E-001
 0.6363636    0.1979687500E+001    0.8593750000E-001
 0.6464646    0.1978125000E+001    0.1296875000E+000
 0.6565657    0.2039062500E+001    0.7812500000E-001
 0.6666667    0.2153125000E+001    0.9531250000E-001
 0.6767677    0.2100000000E+001    0.1218750000E+000
 0.6868687    0.2126562500E+001    0.9062500000E-001
 0.6969697    0.2028125000E+001    0.6406250000E-001
 0.7070707    0.2100000000E+001    0.1109375000E+000
 0.7171717    0.2096875000E+001    0.1281250000E+000
 0.7272727    0.2126562500E+001    0.1265625000E+000
 0.7373737    0.2107812500E+001    0.9687500000E-001
 0.7474747    0.2039062500E+001    0.5937500000E-001
 0.7575758    0.2120312500E+001    0.9062500000E-001
 0.7676768    0.2053125000E+001    0.6406250000E-001
 0.7777778    0.2112500000E+001    0.6562500000E-001
 0.7878788    0.2048437500E+001    0.7343750000E-001
 0.7979798    0.2164062500E+001    0.1578125000E+000
 0.8080808    0.2128125000E+001    0.1140625000E+000
 0.8181818    0.2167187500E+001    0.9687500000E-001
 0.8282828    0.2126562500E+001    0.8281250000E-001
 0.8383838    0.2118750000E+001    0.8125000000E-001
 0.8484848    0.2135937500E+001    0.1359375000E+000
 0.8585859    0.2054687500E+001    0.5312500000E-001
 0.8686869    0.2104687500E+001    0.1015625000E+000
 0.8787879    0.2123437500E+001    0.1234375000E+000
 0.8888889    0.2035937500E+001    0.2500000000E-001
 0.8989899    0.2175000000E+001    0.1484375000E+000
 0.9090909    0.2028125000E+001    0.4843750000E-001
 0.9191919    0.2110937500E+001    0.1187500000E+000
 0.9292929    0.2106250000E+001    0.1093750000E+000
 0.9393939    0.2168750000E+001    0.1546875000E+000
 0.9494949    0.2179687500E+001    0.1281250000E+000
 0.9595960    0.2067187500E+001    0.9531250000E-001
 0.9696970    0.2129687500E+001    0.1312500000E+000
 0.9797980    0.2167187500E+001    0.1265625000E+000
 0.9898990    0.2154687500E+001    0.7187500000E-001
 1.0000000    0.2042187500E+001    0.4843750000E-001


# Weightfunction after cycle      10926
 0.0000000    0.1905078125E+001    0.3234375000E+000
 0.0101010    0.1976562500E+001    0.3507812500E+000
 0.0202020    0.2027343750E+001    0.3773437500E+000
 0.0303030    0.1985156250E+001    0.3453125000E+000
 0.0404040    0.2057812500E+001    0.3855468750E+000
 0.0505051    0.2055859375E+001    0.3433593750E+000
 0.0606061    0.2167187500E+001    0.3656250000E+000
 0.0707071    0.2151562500E+001    0.3796875000E+000
 0.0808081    0.2260546875E+001    0.3957031250E+000
 0.0909091    0.2364843750E+001    0.4187500000E+000
 0.1010101    0.2415625000E+001    0.3687500000E+000
 0.1111111    0.2478515625E+001    0.3910156250E+000
 0.1212121    0.2503125000E+001    0.3511718750E+000
 0.1313131    0.2609375000E+001    0.3859375000E+000
 0.1414141    0.2710156250E+001    0.3886718750E+000
 0.1515152    0.2816015625E+001    0.3468750000E+000
 0.1616162    0.2856250000E+001    0.3273437500E+000
 0.1717172    0.2900390625E+001    0.4093750000E+000
 0.1818182    0.2867968750E+001    0.3609375000E+000
 0.1919192    0.2902734375E+001    0.3636718750E+000
 0.2020202    0.2868359375E+001    0.3851562500E+000
 0.2121212    0.2913281250E+001    0.3289062500E+000
 0.2222222    0.2864062500E+001    0.3105468750E+000
 0.2323232    0.2883984375E+001    0.3304687500E+000
 0.2424242    0.2893359375E+001    0.3093750000E+000
 0.2525253    0.2814453125E+001    0.3140625000E+000
 0.2626263    0.2843750000E+001    0.3210937500E+000
 0.2727273    0.2832812500E+001    0.2902343750E+000
 0.2828283    0.2831250000E+001    0.3328125000E+000
 0.2929293    0.2755078125E+001    0.2937500000E+000
 0.3030303    0.2741796875E+001    0.2988281250E+000
 0.3131313    0.2639062500E+001    0.2285156250E+000
 0.3232323    0.2606250000E+001    0.2355468750E+000
 0.3333333    0.2593750000E+001    0.2238281250E+000
 0.3434343    0.2551953125E+001    0.2730468750E+000
 0.3535354    0.2450781250E+001    0.2031250000E+000
 0.3636364    0.2402734375E+001    0.1785156250E+000
 0.3737374    0.2375000000E+001    0.2089843750E+000
 0.3838384    0.2314062500E+001    0.1980468750E+000
 0.3939394    0.2250390625E+001    0.1621093750E+000
 0.4040404    0.2221484375E+001    0.1515625000E+000
 0.4141414    0.2185937500E+001    0.1542968750E+000
 0.4242424    0.2140625000E+001    0.1738281250E+000
 0.4343434    0.2116406250E+001    0.9062500000E-001
 0.4444444    0.2018750000E+001    0.1644531250E+000
 0.4545455    0.1953906250E+001    0.1367187500E+000
 0.4646465    0.1855468750E+001    0.1386718750E+000
 0.4747475    0.1816406250E+001    0.1402343750E+000
 0.4848485    0.1750390625E+001    0.2148437500E-001
 0.4949495    0.1705859375E+001    0.7500000000E-001
 0.5050505    0.1650781250E+001    0.2539062500E-001
 0.5151515    0.1659765625E+001    0.1992187500E-001
 0.5252525    0.1649218750E+001    0.6328125000E-001
 0.5353535    0.1722265625E+001    0.3554687500E-001
 0.5454545    0.1671093750E+001    0.2304687500E-001
 0.5555556    0.1658203125E+001    0.1992187500E-001
 0.5656566    0.1660937500E+001    0.6640625000E-001
 0.5757576    0.1645312500E+001    0.4101562500E-001
 0.5858586    0.1702734375E+001    0.8359375000E-001
 0.5959596    0.1663671875E+001    0.8945312500E-001
 0.6060606    0.1660546875E+001    0.9218750000E-001
 0.6161616    0.1651953125E+001    0.5312500000E-001
 0.6262626    0.1639453125E+001    0.8750000000E-001
 0.6363636    0.1699609375E+001    0.4921875000E-001
 0.6464646    0.1693359375E+001    0.3671875000E-001
 0.6565657    0.1640625000E+001    0.5585937500E-001
 0.6666667    0.1651953125E+001    0.2578125000E-001
 0.6767677    0.1717578125E+001    0.7226562500E-001
 0.6868687    0.1644140625E+001    0.4609375000E-001
 0.6969697    0.1700000000E+001    0.7148437500E-001
 0.7070707    0.1684765625E+001    0.4843750000E-001
 0.7171717    0.1673828125E+001    0.5039062500E-001
 0.7272727    0.1678515625E+001    0.6132812500E-001
 0.7373737    0.1661718750E+001    0.3359375000E-001
 0.7474747    0.1664453125E+001    0.3554687500E-001
 0.7575758    0.1656250000E+001    0.3476562500E-001
 0.7676768    0.1687500000E+001    0.4726562500E-001
 0.7777778    0.1676562500E+001    0.5468750000E-001
 0.7878788    0.1659765625E+001    0.2812500000E-001
 0.7979798    0.1671875000E+001    0.3437500000E-001
 0.8080808    0.1656250000E+001    0.1054687500E-001
 0.8181818    0.1667578125E+001    0.5507812500E-001
 0.8282828    0.1642187500E+001    0.4726562500E-001
 0.8383838    0.1689843750E+001    0.5859375000E-001
 0.8484848    0.1693359375E+001    0.6054687500E-001
 0.8585859    0.1672656250E+001    0.4335937500E-001
 0.8686869    0.1683593750E+001    0.5546875000E-001
 0.8787879    0.1714453125E+001    0.8984375000E-001
 0.8888889    0.1642187500E+001    0.2460937500E-001
 0.8989899    0.1631640625E+001    0.1445312500E-001
 0.9090909    0.1645312500E+001    0.0000000000E+000
 0.9191919    0.1671875000E+001    0.1523437500E-001
 0.9292929    0.1635937500E+001    0.1445312500E-001
 0.9393939    0.1709765625E+001    0.6250000000E-001
 0.9494949    0.1678125000E+001    0.5937500000E-001
 0.9595960    0.1725390625E+001    0.9218750000E-001
 0.9696970    0.1665625000E+001    0.3828125000E-001
 0.9797980    0.1644140625E+001    0.3007812500E-001
 0.9898990    0.1668359375E+001    0.4335937500E-001
 1.0000000    0.1662890625E+001    0.2304687500E-001


# Weightfunction after cycle      26018
 0.0000000    0.1776660156E+001    0.3169921875E+000
 0.0101010    0.1770117188E+001    0.3050781250E+000
 0.0202020    0.1767578125E+001    0.2955078125E+000
 0.0303030    0.1779785156E+001    0.2832031250E+000
 0.0404040    0.1813964844E+001    0.3063476562E+000
 0.0505051    0.1864062500E+001    0.3101562500E+000
 0.0606061    0.1940917969E+001    0.3204101562E+000
 0.0707071    0.1993750000E+001    0.3430664062E+000
 0.0808081    0.2051367188E+001    0.3321289062E+000
 0.0909091    0.2136328125E+001    0.3518554687E+000
 0.1010101    0.2195800781E+001    0.3409179687E+000
 0.1111111    0.2264355469E+001    0.3341796875E+000
 0.1212121    0.2362304688E+001    0.3579101562E+000
 0.1313131    0.2406445313E+001    0.3387695312E+000
 0.1414141    0.2491601563E+001    0.3576171875E+000
 0.1515152    0.2545214844E+001    0.3431640625E+000
 0.1616162    0.2606152344E+001    0.3401367187E+000
 0.1717172    0.2665527344E+001    0.3478515625E+000
 0.1818182    0.2666992188E+001    0.3443359375E+000
 0.1919192    0.2699316406E+001    0.3248046875E+000
 0.2020202    0.2691113281E+001    0.3334960937E+000
 0.2121212    0.2699609375E+001    0.3215820312E+000
 0.2222222    0.2659765625E+001    0.2913085937E+000
 0.2323232    0.2690820313E+001    0.2932617187E+000
 0.2424242    0.2670019531E+001    0.2689453125E+000
 0.2525253    0.2631152344E+001    0.3124023437E+000
 0.2626263    0.2615039063E+001    0.2927734375E+000
 0.2727273    0.2583496094E+001    0.2927734375E+000
 0.2828283    0.2554882813E+001    0.2768554687E+000
 0.2929293    0.2513183594E+001    0.2383789062E+000
 0.3030303    0.2529882813E+001    0.2231445312E+000
 0.3131313    0.2440917969E+001    0.2337890625E+000
 0.3232323    0.2376464844E+001    0.2292968750E+000
 0.3333333    0.2352246094E+001    0.1988281250E+000
 0.3434343    0.2323925781E+001    0.2282226562E+000
 0.3535354    0.2251855469E+001    0.1767578125E+000
 0.3636364    0.2224609375E+001    0.1583984375E+000
 0.3737374    0.2141992188E+001    0.1748046875E+000
 0.3838384    0.2065332031E+001    0.1583007812E+000
 0.3939394    0.2045410156E+001    0.1297851562E+000
 0.4040404    0.2026660156E+001    0.1291015625E+000
 0.4141414    0.1932519531E+001    0.1130859375E+000
 0.4242424    0.1886230469E+001    0.1088867187E+000
 0.4343434    0.1863574219E+001    0.9013671875E-001
 0.4444444    0.1741796875E+001    0.1191406250E+000
 0.4545455    0.1716992188E+001    0.8886718750E-001
 0.4646465    0.1635546875E+001    0.8564453125E-001
 0.4747475    0.1581054688E+001    0.6523437500E-001
 0.4848485    0.1543847656E+001    0.3994140625E-001
 0.4949495    0.1458886719E+001    0.4042968750E-001
 0.5050505    0.1436621094E+001    0.3740234375E-001
 0.5151515    0.1407812500E+001    0.3066406250E-001
 0.5252525    0.1430273438E+001    0.3417968750E-002
 0.5353535    0.1433789063E+001    0.1923828125E-001
 0.5454545    0.1444433594E+001    0.1650390625E-001
 0.5555556    0.1434765625E+001    0.2343750000E-002
 0.5656566    0.1439941406E+001    0.2890625000E-001
 0.5757576    0.1444824219E+001    0.2802734375E-001
 0.5858586    0.1454296875E+001    0.3574218750E-001
 0.5959596    0.1435253906E+001    0.2822265625E-001
 0.6060606    0.1435253906E+001    0.1806640625E-001
 0.6161616    0.1418945313E+001    0.2607421875E-001
 0.6262626    0.1423046875E+001    0.4638671875E-001
 0.6363636    0.1444726563E+001    0.4169921875E-001
 0.6464646    0.1430957031E+001    0.1425781250E-001
 0.6565657    0.1410644531E+001    0.1201171875E-001
 0.6666667    0.1426171875E+001    0.9765625000E-002
 0.6767677    0.1445605469E+001    0.3066406250E-001
 0.6868687    0.1412890625E+001    0.0000000000E+000
 0.6969697    0.1443164063E+001    0.2294921875E-001
 0.7070707    0.1446679688E+001    0.3144531250E-001
 0.7171717    0.1420898438E+001    0.1250000000E-001
 0.7272727    0.1424804688E+001    0.1533203125E-001
 0.7373737    0.1418261719E+001    0.1015625000E-001
 0.7474747    0.1425488281E+001    0.1064453125E-001
 0.7575758    0.1429589844E+001    0.1708984375E-001
 0.7676768    0.1423632813E+001    0.1318359375E-001
 0.7777778    0.1434667969E+001    0.2197265625E-001
 0.7878788    0.1433496094E+001    0.2587890625E-001
 0.7979798    0.1445117188E+001    0.2705078125E-001
 0.8080808    0.1429394531E+001    0.1972656250E-001
 0.8181818    0.1452441406E+001    0.3369140625E-001
 0.8282828    0.1416699219E+001    0.8984375000E-002
 0.8383838    0.1428906250E+001    0.2246093750E-001
 0.8484848    0.1431640625E+001    0.2031250000E-001
 0.8585859    0.1438769531E+001    0.2041015625E-001
 0.8686869    0.1446191406E+001    0.3320312500E-001
 0.8787879    0.1449023438E+001    0.2958984375E-001
 0.8888889    0.1444824219E+001    0.3095703125E-001
 0.8989899    0.1439550781E+001    0.2011718750E-001
 0.9090909    0.1444238281E+001    0.2675781250E-001
 0.9191919    0.1449902344E+001    0.2773437500E-001
 0.9292929    0.1444531250E+001    0.2939453125E-001
 0.9393939    0.1446972656E+001    0.3281250000E-001
 0.9494949    0.1458496094E+001    0.3945312500E-001
 0.9595960    0.1447265625E+001    0.3496093750E-001
 0.9696970    0.1442480469E+001    0.3457031250E-001
 0.9797980    0.1439941406E+001    0.8007812500E-002
 0.9898990    0.1445507813E+001    0.3271484375E-001
 1.0000000    0.1454882813E+001    0.3476562500E-001


# Weightfunction after cycle      42711
 0.0000000    0.1700000000E+001    0.2905273437E+000
 0.0101010    0.1704687500E+001    0.3011962891E+000
 0.0202020    0.1709106445E+001    0.2914794922E+000
 0.0303030    0.1729394531E+001    0.2897949219E+000
 0.0404040    0.1755810547E+001    0.2975830078E+000
 0.0505051    0.1816406250E+001    0.3096923828E+000
 0.0606061    0.1872802734E+001    0.3089599609E+000
 0.0707071    0.1919604492E+001    0.3251464844E+000
 0.0808081    0.1985742187E+001    0.3186035156E+000
 0.0909091    0.2068237305E+001    0.3377929687E+000
 0.1010101    0.2130029297E+001    0.3299072266E+000
 0.1111111    0.2200683594E+001    0.3263183594E+000
 0.1212121    0.2297534180E+001    0.3436523437E+000
 0.1313131    0.2355029297E+001    0.3350097656E+000
 0.1414141    0.2422119141E+001    0.3300292969E+000
 0.1515152    0.2480517578E+001    0.3341308594E+000
 0.1616162    0.2535937500E+001    0.3251464844E+000
 0.1717172    0.2590087891E+001    0.3327880859E+000
 0.1818182    0.2599707031E+001    0.3223388672E+000
 0.1919192    0.2618896484E+001    0.3185302734E+000
 0.2020202    0.2634179687E+001    0.3231201172E+000
 0.2121212    0.2639550781E+001    0.3151855469E+000
 0.2222222    0.2607763672E+001    0.2861083984E+000
 0.2323232    0.2622534180E+001    0.2854003906E+000
 0.2424242    0.2612573242E+001    0.2707275391E+000
 0.2525253    0.2568017578E+001    0.2916015625E+000
 0.2626263    0.2544213867E+001    0.2750488281E+000
 0.2727273    0.2533886719E+001    0.2713867187E+000
 0.2828283    0.2505761719E+001    0.2612548828E+000
 0.2929293    0.2454931641E+001    0.2383544922E+000
 0.3030303    0.2465527344E+001    0.2263916016E+000
 0.3131313    0.2384008789E+001    0.2200195312E+000
 0.3232323    0.2329199219E+001    0.2158691406E+000
 0.3333333    0.2307519531E+001    0.1947509766E+000
 0.3434343    0.2271264648E+001    0.2193359375E+000
 0.3535354    0.2205444336E+001    0.1691650391E+000
 0.3636364    0.2171582031E+001    0.1603027344E+000
 0.3737374    0.2095654297E+001    0.1700195312E+000
 0.3838384    0.2033520508E+001    0.1527099609E+000
 0.3939394    0.1997583008E+001    0.1263671875E+000
 0.4040404    0.1964135742E+001    0.1267089844E+000
 0.4141414    0.1893237305E+001    0.1141113281E+000
 0.4242424    0.1838134766E+001    0.9919433594E-001
 0.4343434    0.1805322266E+001    0.8540039062E-001
 0.4444444    0.1704907227E+001    0.1074462891E+000
 0.4545455    0.1669018555E+001    0.7780761719E-001
 0.4646465    0.1599902344E+001    0.6657714844E-001
 0.4747475    0.1547534180E+001    0.5390625000E-001
 0.4848485    0.1510327148E+001    0.3488769531E-001
 0.4949495    0.1426464844E+001    0.3376464844E-001
 0.5050505    0.1393359375E+001    0.1394042969E-001
 0.5151515    0.1384057617E+001    0.2919921875E-001
 0.5252525    0.1387475586E+001    0.7885742187E-002
 0.5353535    0.1398120117E+001    0.1184082031E-001
 0.5454545    0.1401416016E+001    0.7324218750E-002
 0.5555556    0.1399145508E+001    0.0000000000E+000
 0.5656566    0.1404345703E+001    0.5810546875E-002
 0.5757576    0.1405883789E+001    0.1992187500E-001
 0.5858586    0.1413281250E+001    0.3459472656E-001
 0.5959596    0.1396484375E+001    0.1840820312E-001
 0.6060606    0.1396459961E+001    0.6982421875E-002
 0.6161616    0.1385229492E+001    0.2033691406E-001
 0.6262626    0.1397509766E+001    0.3964843750E-001
 0.6363636    0.1405664062E+001    0.3242187500E-001
 0.6464646    0.1399096680E+001    0.8911132812E-002
 0.6565657    0.1385595703E+001    0.9814453125E-002
 0.6666667    0.1392968750E+001    0.2514648437E-002
 0.6767677    0.1402075195E+001    0.1718750000E-001
 0.6868687    0.1381713867E+001    0.2490234375E-002
 0.6969697    0.1401123047E+001    0.1738281250E-001
 0.7070707    0.1402246094E+001    0.2084960937E-001
 0.7171717    0.1386694336E+001    0.5078125000E-002
 0.7272727    0.1388793945E+001    0.1293945312E-001
 0.7373737    0.1382568359E+001    0.4663085937E-002
 0.7474747    0.1385742187E+001    0.3588867187E-002
 0.7575758    0.1389965820E+001    0.9936523437E-002
 0.7676768    0.1398779297E+001    0.1589355469E-001
 0.7777778    0.1395629883E+001    0.1035156250E-001
 0.7878788    0.1395312500E+001    0.1840820312E-001
 0.7979798    0.1406787109E+001    0.2290039062E-001
 0.8080808    0.1395410156E+001    0.1750488281E-001
 0.8181818    0.1406152344E+001    0.1923828125E-001
 0.8282828    0.1382006836E+001    0.9033203125E-002
 0.8383838    0.1387426758E+001    0.8642578125E-002
 0.8484848    0.1388208008E+001    0.4931640625E-002
 0.8585859    0.1399023437E+001    0.1550292969E-001
 0.8686869    0.1397558594E+001    0.2265625000E-001
 0.8787879    0.1408349609E+001    0.1645507812E-001
 0.8888889    0.1407861328E+001    0.2268066406E-001
 0.8989899    0.1403198242E+001    0.1564941406E-001
 0.9090909    0.1405200195E+001    0.1767578125E-001
 0.9191919    0.1398046875E+001    0.1718750000E-001
 0.9292929    0.1404492187E+001    0.2094726562E-001
 0.9393939    0.1403710937E+001    0.2438964844E-001
 0.9494949    0.1410644531E+001    0.2597656250E-001
 0.9595960    0.1403564453E+001    0.2158203125E-001
 0.9696970    0.1404443359E+001    0.2465820312E-001
 0.9797980    0.1398144531E+001    0.6811523437E-002
 0.9898990    0.1413598633E+001    0.3149414062E-001
 1.0000000    0.1415258789E+001    0.2380371094E-001


# Weightfunction after cycle      48779
 0.0000000    0.1700231934E+001    0.2921264648E+000
 0.0101010    0.1704229736E+001    0.3025024414E+000
 0.0202020    0.1706774902E+001    0.2907104492E+000
 0.0303030    0.1727923584E+001    0.2891906738E+000
 0.0404040    0.1754272461E+001    0.2966186523E+000
 0.0505051    0.1815075684E+001    0.3096984863E+000
 0.0606061    0.1871038818E+001    0.3065307617E+000
 0.0707071    0.1919384766E+001    0.3258361816E+000
 0.0808081    0.1986981201E+001    0.3206848145E+000
 0.0909091    0.2065759277E+001    0.3372802734E+000
 0.1010101    0.2129876709E+001    0.3299255371E+000
 0.1111111    0.2200964355E+001    0.3258239746E+000
 0.1212121    0.2297583008E+001    0.3429870605E+000
 0.1313131    0.2353967285E+001    0.3324157715E+000
 0.1414141    0.2421972656E+001    0.3295349121E+000
 0.1515152    0.2480035400E+001    0.3334899902E+000
 0.1616162    0.2536071777E+001    0.3252868652E+000
 0.1717172    0.2588800049E+001    0.3314147949E+000
 0.1818182    0.2600195312E+001    0.3217834473E+000
 0.1919192    0.2617596436E+001    0.3173950195E+000
 0.2020202    0.2633007812E+001    0.3226867676E+000
 0.2121212    0.2637713623E+001    0.3144226074E+000
 0.2222222    0.2607525635E+001    0.2868774414E+000
 0.2323232    0.2622558594E+001    0.2862487793E+000
 0.2424242    0.2612127686E+001    0.2707519531E+000
 0.2525253    0.2567797852E+001    0.2915649414E+000
 0.2626263    0.2541577148E+001    0.2744934082E+000
 0.2727273    0.2533056641E+001    0.2699340820E+000
 0.2828283    0.2505230713E+001    0.2599060059E+000
 0.2929293    0.2454156494E+001    0.2394714355E+000
 0.3030303    0.2465100098E+001    0.2261474609E+000
 0.3131313    0.2382965088E+001    0.2192443848E+000
 0.3232323    0.2330096436E+001    0.2154846191E+000
 0.3333333    0.2305895996E+001    0.1948059082E+000
 0.3434343    0.2269201660E+001    0.2168762207E+000
 0.3535354    0.2202966309E+001    0.1683532715E+000
 0.3636364    0.2171038818E+001    0.1588439941E+000
 0.3737374    0.2094909668E+001    0.1662292480E+000
 0.3838384    0.2034527588E+001    0.1516906738E+000
 0.3939394    0.1997576904E+001    0.1255004883E+000
 0.4040404    0.1962255859E+001    0.1255432129E+000
 0.4141414    0.1893536377E+001    0.1129089355E+000
 0.4242424    0.1837103271E+001    0.9849853516E-001
 0.4343434    0.1806323242E+001    0.8516845703E-001
 0.4444444    0.1708935547E+001    0.1059814453E+000
 0.4545455    0.1669561768E+001    0.7628784180E-001
 0.4646465    0.1598651123E+001    0.6634521484E-001
 0.4747475    0.1547357178E+001    0.5301513672E-001
 0.4848485    0.1509423828E+001    0.3434448242E-001
 0.4949495    0.1426159668E+001    0.3112182617E-001
 0.5050505    0.1393029785E+001    0.1275024414E-001
 0.5151515    0.1384466553E+001    0.2871704102E-001
 0.5252525    0.1387927246E+001    0.7006835937E-002
 0.5353535    0.1398748779E+001    0.1152954102E-001
 0.5454545    0.1403210449E+001    0.5352783203E-002
 0.5555556    0.1399816895E+001    0.0000000000E+000
 0.5656566    0.1404882812E+001    0.5102539062E-002
 0.5757576    0.1406988525E+001    0.1947631836E-001
 0.5858586    0.1413262939E+001    0.3253173828E-001
 0.5959596    0.1396984863E+001    0.1684570312E-001
 0.6060606    0.1396368408E+001    0.5615234375E-002
 0.6161616    0.1387060547E+001    0.1789550781E-001
 0.6262626    0.1397918701E+001    0.3901367187E-001
 0.6363636    0.1405468750E+001    0.3222656250E-001
 0.6464646    0.1400195312E+001    0.7507324219E-002
 0.6565657    0.1386010742E+001    0.9844970703E-002
 0.6666667    0.1390527344E+001    0.1965332031E-002
 0.6767677    0.1402886963E+001    0.1566772461E-001
 0.6868687    0.1382012939E+001    0.2319335937E-002
 0.6969697    0.1401190186E+001    0.1643066406E-001
 0.7070707    0.1402532959E+001    0.1998291016E-001
 0.7171717    0.1387316895E+001    0.3918457031E-002
 0.7272727    0.1389373779E+001    0.1190185547E-001
 0.7373737    0.1383312988E+001    0.3582763672E-002
 0.7474747    0.1385833740E+001    0.1800537109E-002
 0.7575758    0.1390142822E+001    0.8648681641E-002
 0.7676768    0.1399536133E+001    0.1528930664E-001
 0.7777778    0.1395855713E+001    0.9301757812E-002
 0.7878788    0.1396038818E+001    0.1629028320E-001
 0.7979798    0.1406958008E+001    0.2220458984E-001
 0.8080808    0.1395074463E+001    0.1461181641E-001
 0.8181818    0.1406866455E+001    0.1807250977E-001
 0.8282828    0.1382415771E+001    0.6597900391E-002
 0.8383838    0.1388250732E+001    0.7720947266E-002
 0.8484848    0.1389099121E+001    0.4461669922E-002
 0.8585859    0.1398339844E+001    0.1257934570E-001
 0.8686869    0.1398004150E+001    0.2194213867E-001
 0.8787879    0.1408654785E+001    0.1422119141E-001
 0.8888889    0.1407293701E+001    0.2079467773E-001
 0.8989899    0.1404394531E+001    0.1519165039E-001
 0.9090909    0.1405743408E+001    0.1652221680E-001
 0.9191919    0.1398895264E+001    0.1634521484E-001
 0.9292929    0.1403344727E+001    0.1811523437E-001
 0.9393939    0.1403234863E+001    0.2188720703E-001
 0.9494949    0.1408776855E+001    0.2213745117E-001
 0.9595960    0.1404522705E+001    0.2086791992E-001
 0.9696970    0.1404193115E+001    0.2178344727E-001
 0.9797980    0.1397052002E+001    0.4241943359E-002
 0.9898990    0.1414355469E+001    0.2991943359E-001
 1.0000000    0.1414672852E+001    0.2253417969E-001


# Weightfunction after cycle      51385
 0.0000000    0.1700334167E+001    0.2921966553E+000
 0.0101010    0.1704145813E+001    0.3025024414E+000
 0.0202020    0.1707118225E+001    0.2909652710E+000
 0.0303030    0.1728088379E+001    0.2893005371E+000
 0.0404040    0.1754397583E+001    0.2965774536E+000
 0.0505051    0.1814805603E+001    0.3096191406E+000
 0.0606061    0.1871141052E+001    0.3066894531E+000
 0.0707071    0.1919178772E+001    0.3256332397E+000
 0.0808081    0.1987080383E+001    0.3208221436E+000
 0.0909091    0.2065251160E+001    0.3369201660E+000
 0.1010101    0.2129995728E+001    0.3299331665E+000
 0.1111111    0.2201191711E+001    0.3260482788E+000
 0.1212121    0.2297755432E+001    0.3431030273E+000
 0.1313131    0.2353962708E+001    0.3323730469E+000
 0.1414141    0.2421936035E+001    0.3296188354E+000
 0.1515152    0.2480105591E+001    0.3333877563E+000
 0.1616162    0.2536166382E+001    0.3253494263E+000
 0.1717172    0.2588655090E+001    0.3311477661E+000
 0.1818182    0.2599986267E+001    0.3218353271E+000
 0.1919192    0.2617475891E+001    0.3171432495E+000
 0.2020202    0.2633270264E+001    0.3225692749E+000
 0.2121212    0.2637557983E+001    0.3144470215E+000
 0.2222222    0.2607804871E+001    0.2869018555E+000
 0.2323232    0.2622532654E+001    0.2861434937E+000
 0.2424242    0.2612080383E+001    0.2710952759E+000
 0.2525253    0.2567820740E+001    0.2915481567E+000
 0.2626263    0.2541281128E+001    0.2745346069E+000
 0.2727273    0.2532933044E+001    0.2696380615E+000
 0.2828283    0.2505052185E+001    0.2597778320E+000
 0.2929293    0.2454200745E+001    0.2395111084E+000
 0.3030303    0.2464761353E+001    0.2260986328E+000
 0.3131313    0.2382923889E+001    0.2192306519E+000
 0.3232323    0.2330276489E+001    0.2154037476E+000
 0.3333333    0.2305615234E+001    0.1948028564E+000
 0.3434343    0.2268923950E+001    0.2164245605E+000
 0.3535354    0.2202966309E+001    0.1682220459E+000
 0.3636364    0.2171047974E+001    0.1588195801E+000
 0.3737374    0.2095217896E+001    0.1659530640E+000
 0.3838384    0.2034278870E+001    0.1514648437E+000
 0.3939394    0.1997862244E+001    0.1253982544E+000
 0.4040404    0.1962167358E+001    0.1255401611E+000
 0.4141414    0.1893606567E+001    0.1124801636E+000
 0.4242424    0.1837335205E+001    0.9849700928E-001
 0.4343434    0.1806176758E+001    0.8529663086E-001
 0.4444444    0.1708932495E+001    0.1055358887E+000
 0.4545455    0.1669374084E+001    0.7617187500E-001
 0.4646465    0.1598567200E+001    0.6632385254E-001
 0.4747475    0.1547445679E+001    0.5292510986E-001
 0.4848485    0.1509324646E+001    0.3439636230E-001
 0.4949495    0.1426335144E+001    0.3085937500E-001
 0.5050505    0.1393000793E+001    0.1276855469E-001
 0.5151515    0.1384738159E+001    0.2850494385E-001
 0.5252525    0.1388119507E+001    0.6828308105E-002
 0.5353535    0.1398820496E+001    0.1150207520E-001
 0.5454545    0.1403230286E+001    0.5203247070E-002
 0.5555556    0.1399818420E+001    0.0000000000E+000
 0.5656566    0.1405050659E+001    0.5105590820E-002
 0.5757576    0.1407055664E+001    0.1917724609E-001
 0.5858586    0.1413368225E+001    0.3231353760E-001
 0.5959596    0.1397059631E+001    0.1678924561E-001
 0.6060606    0.1396379089E+001    0.5476379395E-002
 0.6161616    0.1387219238E+001    0.1753997803E-001
 0.6262626    0.1398002625E+001    0.3876953125E-001
 0.6363636    0.1405499268E+001    0.3194732666E-001
 0.6464646    0.1400460815E+001    0.7504272461E-002
 0.6565657    0.1386309814E+001    0.9695434570E-002
 0.6666667    0.1390502930E+001    0.2124023437E-002
 0.6767677    0.1403002930E+001    0.1580657959E-001
 0.6868687    0.1381915283E+001    0.2311706543E-002
 0.6969697    0.1401223755E+001    0.1613464355E-001
 0.7070707    0.1402426147E+001    0.1983337402E-001
 0.7171717    0.1387498474E+001    0.4063415527E-002
 0.7272727    0.1389541626E+001    0.1185760498E-001
 0.7373737    0.1383386230E+001    0.3460693359E-002
 0.7474747    0.1386067200E+001    0.1872253418E-002
 0.7575758    0.1390121460E+001    0.8432006836E-002
 0.7676768    0.1399644470E+001    0.1522369385E-001
 0.7777778    0.1395884705E+001    0.9329223633E-002
 0.7878788    0.1396054077E+001    0.1620330811E-001
 0.7979798    0.1406904602E+001    0.2199707031E-001
 0.8080808    0.1395048523E+001    0.1438903809E-001
 0.8181818    0.1406858826E+001    0.1802673340E-001
 0.8282828    0.1382431030E+001    0.6523132324E-002
 0.8383838    0.1388256836E+001    0.7569885254E-002
 0.8484848    0.1389324951E+001    0.4566955566E-002
 0.8585859    0.1398390198E+001    0.1249847412E-001
 0.8686869    0.1398139954E+001    0.2177581787E-001
 0.8787879    0.1408570862E+001    0.1402282715E-001
 0.8888889    0.1407461548E+001    0.2082519531E-001
 0.8989899    0.1404389954E+001    0.1508178711E-001
 0.9090909    0.1405833435E+001    0.1642150879E-001
 0.9191919    0.1398634338E+001    0.1587371826E-001
 0.9292929    0.1403477478E+001    0.1805114746E-001
 0.9393939    0.1403129578E+001    0.2155914307E-001
 0.9494949    0.1408912659E+001    0.2207794189E-001
 0.9595960    0.1404446411E+001    0.2074127197E-001
 0.9696970    0.1404054260E+001    0.2149810791E-001
 0.9797980    0.1397003174E+001    0.4071044922E-002
 0.9898990    0.1414561462E+001    0.3003997803E-001
 1.0000000    0.1414608765E+001    0.2246704102E-001


