# Lambda, (Probability, Probability_biased(/observed)) per Fractional
 0.0000000   0.9589879135E+000   0.9030279316E+000   0.8107355231E+000   0.9606230821E+000
 0.0101010   0.9915725262E+000   0.9366235359E+000   0.8271292002E+000   0.9861123248E+000
 0.0202020   0.1006937351E+001   0.9615281034E+000   0.8646081235E+000   0.1018315055E+001
 0.0303030   0.9637439398E+000   0.9380111804E+000   0.8285546878E+000   0.9794428597E+000
 0.0404040   0.9727074878E+000   0.9829270426E+000   0.8726576270E+000   0.1041691200E+001
 0.0505051   0.8861179735E+000   0.9393988249E+000   0.8406868760E+000   0.1008079738E+001
 0.0606061   0.8521028127E+000   0.9484732898E+000   0.8453696549E+000   0.1008608012E+001
 0.0707071   0.7780965310E+000   0.9117554853E+000   0.8116835703E+000   0.9571012524E+000
 0.0808081   0.7857569624E+000   0.9948863473E+000   0.8381373314E+000   0.1007551463E+001
 0.0909091   0.7224912052E+000   0.9881124511E+000   0.8461369667E+000   0.1020252062E+001
 0.1010101   0.6414791044E+000   0.9543342620E+000   0.8235201436E+000   0.1009180310E+001
 0.1111111   0.5901173376E+000   0.9521797613E+000   0.8225009958E+000   0.9857161190E+000
 0.1212121   0.5619458818E+000   0.9734691496E+000   0.8140837629E+000   0.9715847772E+000
 0.1313131   0.5061528254E+000   0.9806447325E+000   0.8086247441E+000   0.9911309322E+000
 0.1414141   0.4503547743E+000   0.9110981800E+000   0.8399527731E+000   0.1005944628E+001
 0.1515152   0.4344807317E+000   0.9554115124E+000   0.8366245577E+000   0.1010368927E+001
 0.1616162   0.4122241970E+000   0.9523075707E+000   0.8425005995E+000   0.1021330622E+001
 0.1717172   0.4142699494E+000   0.1015463655E+001   0.8248735826E+000   0.9856720961E+000
 0.1818182   0.4023116701E+000   0.1006900428E+001   0.8464205064E+000   0.1024896475E+001
 0.1919192   0.3657856391E+000   0.9403665244E+000   0.8165198244E+000   0.9812918204E+000
 0.2020202   0.3729580510E+000   0.9937178046E+000   0.8455407720E+000   0.1015959832E+001
 0.2121212   0.3586396786E+000   0.9423749573E+000   0.8509912513E+000   0.1010324904E+001
 0.2222222   0.3736253092E+000   0.9809551267E+000   0.8369058858E+000   0.9781441850E+000
 0.2323232   0.3601080766E+000   0.9320041403E+000   0.8438886212E+000   0.9869707708E+000
 0.2424242   0.3940511798E+000   0.1010752967E+001   0.8365471209E+000   0.9781441850E+000
 0.2525253   0.3860956736E+000   0.9580772505E+000   0.8567757813E+000   0.9900303604E+000
 0.2626263   0.4000344009E+000   0.9742725228E+000   0.8616472309E+000   0.9750185611E+000
 0.2727273   0.4188751144E+000   0.9932248256E+000   0.8598803016E+000   0.9713206399E+000
 0.2828283   0.4222046739E+000   0.9730674631E+000   0.9105728949E+000   0.1020516199E+001
 0.2929293   0.4394510405E+000   0.9768104516E+000   0.9034500944E+000   0.9975582714E+000
 0.3030303   0.4572204585E+000   0.9706208267E+000   0.8987919853E+000   0.9905586348E+000
 0.3131313   0.4673049028E+000   0.9526544818E+000   0.9267140604E+000   0.1012063808E+001
 0.3232323   0.5118223811E+000   0.1004727668E+001   0.9058311810E+000   0.9772417162E+000
 0.3333333   0.5037350148E+000   0.9550280843E+000   0.9358754687E+000   0.1011051282E+001
 0.3434343   0.5342799454E+000   0.9522527952E+000   0.9248335234E+000   0.9743141952E+000
 0.3535354   0.5554740279E+000   0.9483272219E+000   0.9353711652E+000   0.9817760719E+000
 0.3636364   0.5940017823E+000   0.9713329074E+000   0.9311111859E+000   0.9897442117E+000
 0.3737374   0.6171492617E+000   0.9569269663E+000   0.9609640783E+000   0.9930239156E+000
 0.3838384   0.6355641878E+000   0.9282428933E+000   0.9670995838E+000   0.9985928089E+000
 0.3939394   0.6901145231E+000   0.9764087650E+000   0.9548120705E+000   0.9694936908E+000
 0.4040404   0.7128588143E+000   0.9407134355E+000   0.9690358720E+000   0.9710124798E+000
 0.4141414   0.7601217870E+000   0.9490758196E+000   0.1006022821E+001   0.1010633064E+001
 0.4242424   0.8151805151E+000   0.9695800933E+000   0.9580632296E+000   0.9506298903E+000
 0.4343434   0.8983288398E+000   0.1024921548E+001   0.1019583344E+001   0.9982186145E+000
 0.4444444   0.9359268094E+000   0.9995970353E+000   0.1006097563E+001   0.9684591533E+000
 0.4545455   0.1034940554E+001   0.1036442649E+001   0.1049025354E+001   0.1002995096E+001
 0.4646465   0.1092877476E+001   0.1044366830E+001   0.1031537805E+001   0.9851438216E+000
 0.4747475   0.1156781125E+001   0.1045060652E+001   0.1016918975E+001   0.9580037213E+000
 0.4848485   0.1212009907E+001   0.1036643492E+001   0.1050214684E+001   0.9710785141E+000
 0.4949495   0.1304282867E+001   0.1014477697E+001   0.1055488832E+001   0.9613714709E+000
 0.5050505   0.1358986718E+001   0.1037118213E+001   0.1075119690E+001   0.9851658331E+000
 0.5151515   0.1312055481E+001   0.1003413058E+001   0.1120657622E+001   0.1020318096E+001
 0.5252525   0.1329782879E+001   0.1018604114E+001   0.1101699599E+001   0.9994732663E+000
 0.5353535   0.1341136064E+001   0.1030946846E+001   0.1101693776E+001   0.9948288534E+000
 0.5454545   0.1320300116E+001   0.1025816213E+001   0.1071637193E+001   0.9847476158E+000
 0.5555556   0.1313185608E+001   0.1022219293E+001   0.1137023302E+001   0.1030839562E+001
 0.5656566   0.1315762919E+001   0.1016650456E+001   0.1071663645E+001   0.9898322575E+000
 0.5757576   0.1360427644E+001   0.1053861240E+001   0.1091302903E+001   0.9950269563E+000
 0.5858586   0.1328198688E+001   0.1010442573E+001   0.1134250544E+001   0.1022321137E+001
 0.5959596   0.1314034045E+001   0.1005220647E+001   0.1081993156E+001   0.9813138318E+000
 0.6060606   0.1312440442E+001   0.1006334415E+001   0.1140467191E+001   0.1046269579E+001
 0.6161616   0.1301550354E+001   0.1014605506E+001   0.1093348489E+001   0.9971400541E+000
 0.6262626   0.1295560095E+001   0.9935169613E+000   0.1100831812E+001   0.1005812560E+001
 0.6363636   0.1332233227E+001   0.1033411741E+001   0.1076008788E+001   0.9808515916E+000
 0.6464646   0.1282177187E+001   0.9820141186E+000   0.1068611644E+001   0.9730375319E+000
 0.6565657   0.1309326597E+001   0.9991588318E+000   0.1082515213E+001   0.9827225637E+000
 0.6666667   0.1354566279E+001   0.1048493246E+001   0.1064575722E+001   0.9661699639E+000
 0.6767677   0.1331895753E+001   0.1023807781E+001   0.1051586318E+001   0.9653115179E+000
 0.6868687   0.1362192354E+001   0.1035091522E+001   0.1071406887E+001   0.9833829068E+000
 0.6969697   0.1336578268E+001   0.1005348457E+001   0.1102432166E+001   0.1005306297E+001
 0.7070707   0.1353372846E+001   0.1043837334E+001   0.1126508206E+001   0.1036628570E+001
 0.7171717   0.1337542302E+001   0.1037191247E+001   0.1116532010E+001   0.1028990602E+001
 0.7272727   0.1349996765E+001   0.1035000229E+001   0.1118067321E+001   0.1013120357E+001
 0.7373737   0.1387243505E+001   0.1064505934E+001   0.1120618881E+001   0.1017566667E+001
 0.7474747   0.1309116572E+001   0.1003559126E+001   0.1080649425E+001   0.9840872727E+000
 0.7575758   0.1372064705E+001   0.1053660396E+001   0.1137106184E+001   0.1033657026E+001
 0.7676768   0.1325634040E+001   0.1015481913E+001   0.1114438229E+001   0.1024236132E+001
 0.7777778   0.1370875852E+001   0.1060507326E+001   0.1111685360E+001   0.1021308611E+001
 0.7878788   0.1334512635E+001   0.1024592895E+001   0.1109960541E+001   0.1011271396E+001
 0.7979798   0.1339690242E+001   0.1031677186E+001   0.1100202640E+001   0.1007991692E+001
 0.8080808   0.1325949063E+001   0.1019115351E+001   0.1109762764E+001   0.1017588678E+001
 0.8181818   0.1369231419E+001   0.1052765731E+001   0.1096750934E+001   0.9996053350E+000
 0.8282828   0.1310985794E+001   0.1008671500E+001   0.1071421366E+001   0.9755468356E+000
 0.8383838   0.1315512127E+001   0.1006973461E+001   0.1118825984E+001   0.1016796266E+001
 0.8484848   0.1311593342E+001   0.1006188347E+001   0.1094740754E+001   0.1001652398E+001
 0.8585859   0.1349354961E+001   0.1038031137E+001   0.1119968109E+001   0.1021088496E+001
 0.8686869   0.1393798427E+001   0.1073379555E+001   0.1139924630E+001   0.1046357625E+001
 0.8787879   0.1314068085E+001   0.1021890640E+001   0.1077690024E+001   0.9959074137E+000
 0.8888889   0.1347823736E+001   0.1036460908E+001   0.1093768724E+001   0.1002819005E+001
 0.8989899   0.1343889118E+001   0.1029139257E+001   0.1112573044E+001   0.1009576515E+001
 0.9090909   0.1348698187E+001   0.1038341531E+001   0.1121602637E+001   0.1030905597E+001
 0.9191919   0.1356806564E+001   0.1049570497E+001   0.1120440546E+001   0.1025820955E+001
 0.9292929   0.1377923915E+001   0.1056143550E+001   0.1129516342E+001   0.1025534806E+001
 0.9393939   0.1334714450E+001   0.1037428607E+001   0.1124413274E+001   0.1034361392E+001
 0.9494949   0.1339685345E+001   0.1031604152E+001   0.1115059746E+001   0.1018997410E+001
 0.9595960   0.1335109604E+001   0.1035748827E+001   0.1105746866E+001   0.1022805388E+001
 0.9696970   0.1348991979E+001   0.1037026920E+001   0.1130529919E+001   0.1021330622E+001
 0.9797980   0.1360676142E+001   0.1042942668E+001   0.1134012018E+001   0.1030157208E+001
 0.9898990   0.1342327067E+001   0.1033941237E+001   0.1106641536E+001   0.1011139327E+001
 1.0000000   0.1366765302E+001   0.1048967967E+001   0.1131102539E+001   0.1028990602E+001


 0.0000000   0.9307824364E+000   0.8762755636E+000   0.8321886532E+000   0.9853226106E+000
 0.0101010   0.9615837742E+000   0.9080968706E+000   0.8643644441E+000   0.1029752301E+001
 0.0202020   0.9449219643E+000   0.9021109339E+000   0.8662267247E+000   0.1019476631E+001
 0.0303030   0.9092389184E+000   0.8847668503E+000   0.8342726743E+000   0.9854822088E+000
 0.0404040   0.9198235418E+000   0.9292830512E+000   0.8733108133E+000   0.1041709891E+001
 0.0505051   0.8372826968E+000   0.8874319373E+000   0.8425851156E+000   0.1009618371E+001
 0.0606061   0.8180934324E+000   0.9104172618E+000   0.8470818292E+000   0.1009913014E+001
 0.0707071   0.7402533916E+000   0.8672209936E+000   0.8244852188E+000   0.9714866722E+000
 0.0808081   0.7374126580E+000   0.9334698441E+000   0.8414615921E+000   0.1010809219E+001
 0.0909091   0.6685397491E+000   0.9141248434E+000   0.8285353762E+000   0.9982991740E+000
 0.1010101   0.6245855536E+000   0.9289972059E+000   0.8333821655E+000   0.1020520158E+001
 0.1111111   0.5739482368E+000   0.9258865366E+000   0.8310974791E+000   0.9952913613E+000
 0.1212121   0.5374550073E+000   0.9308383859E+000   0.8309021520E+000   0.9909331021E+000
 0.1313131   0.4918056678E+000   0.9526382932E+000   0.8145668678E+000   0.9976853347E+000
 0.1414141   0.4612859547E+000   0.9330074473E+000   0.8464880286E+000   0.1013031318E+001
 0.1515152   0.4291160449E+000   0.9434071717E+000   0.8266543614E+000   0.9975993972E+000
 0.1616162   0.4114934667E+000   0.9504103814E+000   0.8458421248E+000   0.1024632881E+001
 0.1717172   0.4059877693E+000   0.9949433967E+000   0.8328740731E+000   0.9945056470E+000
 0.1818182   0.3889329867E+000   0.9732023400E+000   0.8445786714E+000   0.1021919711E+001
 0.1919192   0.3703528089E+000   0.9518984583E+000   0.8331490351E+000   0.1000545826E+001
 0.2020202   0.3749424997E+000   0.9987854938E+000   0.8506212392E+000   0.1021318149E+001
 0.2121212   0.3703987302E+000   0.9730594173E+000   0.8583956811E+000   0.1018371720E+001
 0.2222222   0.3672212492E+000   0.9639291823E+000   0.8581593969E+000   0.1002252299E+001
 0.2323232   0.3666151107E+000   0.9486364591E+000   0.8716255694E+000   0.1018666363E+001
 0.2424242   0.3864551306E+000   0.9910508564E+000   0.8524643413E+000   0.9960279685E+000
 0.2525253   0.3839306726E+000   0.9524953706E+000   0.8506346857E+000   0.9822165836E+000
 0.2626263   0.4126479506E+000   0.1004771431E+001   0.8791739153E+000   0.9941250666E+000
 0.2727273   0.4321293354E+000   0.1024427498E+001   0.8751970561E+000   0.9879007358E+000
 0.2828283   0.4386544405E+000   0.1010757367E+001   0.9139493023E+000   0.1023552524E+001
 0.2929293   0.4525647251E+000   0.1005738260E+001   0.9156079171E+000   0.1010244487E+001
 0.3030303   0.4684046356E+000   0.9941447114E+000   0.8957531924E+000   0.9864889053E+000
 0.3131313   0.4735458505E+000   0.9651650429E+000   0.9214265849E+000   0.1005554755E+001
 0.3232323   0.5092328435E+000   0.9994244421E+000   0.9175874048E+000   0.9892020752E+000
 0.3333333   0.5324042976E+000   0.1009159997E+001   0.9301143160E+000   0.1004093817E+001
 0.3434343   0.5507967953E+000   0.9814750391E+000   0.9401294128E+000   0.9897054234E+000
 0.3535354   0.5572599834E+000   0.9511670307E+000   0.9218782927E+000   0.9669074308E+000
 0.3636364   0.6114899673E+000   0.9997102874E+000   0.9379268286E+000   0.9962612274E+000
 0.3737374   0.6380337145E+000   0.9890919754E+000   0.9642305135E+000   0.9956719417E+000
 0.3838384   0.6541902258E+000   0.9552361225E+000   0.9781228910E+000   0.1009237791E+001
 0.3939394   0.7093127169E+000   0.1003350611E+001   0.9711707053E+000   0.9853839946E+000
 0.4040404   0.7365573797E+000   0.9717731135E+000   0.9667475793E+000   0.9680123416E+000
 0.4141414   0.7760536104E+000   0.9687549235E+000   0.1000891770E+001   0.1004744487E+001
 0.4242424   0.8364273026E+000   0.9946323298E+000   0.9892456948E+000   0.9808538603E+000
 0.4343434   0.9077264804E+000   0.1035415728E+001   0.1015353413E+001   0.9933516290E+000
 0.4444444   0.9443326610E+000   0.1008352904E+001   0.1013796249E+001   0.9751574314E+000
 0.4545455   0.1032815863E+001   0.1034087388E+001   0.1035290908E+001   0.9891406912E+000
 0.4646465   0.1075556469E+001   0.1027588611E+001   0.1045265887E+001   0.9975257364E+000
 0.4747475   0.1163847026E+001   0.1051212884E+001   0.1027315675E+001   0.9670915826E+000
 0.4848485   0.1213701752E+001   0.1037862227E+001   0.1048048769E+001   0.9683683684E+000
 0.4949495   0.1298163936E+001   0.1009496285E+001   0.1085218810E+001   0.9877288608E+000
 0.5050505   0.1358850403E+001   0.1036786103E+001   0.1095182087E+001   0.1002817031E+001
 0.5151515   0.1308358996E+001   0.1000366050E+001   0.1096046403E+001   0.9971819864E+000
 0.5252525   0.1344606602E+001   0.1029732450E+001   0.1085337690E+001   0.9839107802E+000
 0.5353535   0.1333757853E+001   0.1025049632E+001   0.1122344589E+001   0.1012736675E+001
 0.5454545   0.1307416918E+001   0.1015583108E+001   0.1075252276E+001   0.9873482804E+000
 0.5555556   0.1330268874E+001   0.1035289619E+001   0.1119308186E+001   0.1014038014E+001
 0.5656566   0.1323866932E+001   0.1022687205E+001   0.1077643004E+001   0.9946284148E+000
 0.5757576   0.1349958410E+001   0.1045521199E+001   0.1097591503E+001   0.1000030201E+001
 0.5858586   0.1334365174E+001   0.1014910531E+001   0.1105068113E+001   0.9952913613E+000
 0.5959596   0.1352044311E+001   0.1034070573E+001   0.1065736121E+001   0.9658639040E+000
 0.6060606   0.1324673134E+001   0.1015490629E+001   0.1130126086E+001   0.1036025739E+001
 0.6161616   0.1347221746E+001   0.1049977023E+001   0.1084251542E+001   0.9881217180E+000
 0.6262626   0.1296828360E+001   0.9942708196E+000   0.1084075040E+001   0.9897790841E+000
 0.6363636   0.1319315531E+001   0.1023166416E+001   0.1101636673E+001   0.1003479978E+001
 0.6464646   0.1320358755E+001   0.1011034805E+001   0.1065852902E+001   0.9698170292E+000
 0.6565657   0.1325731649E+001   0.1011455166E+001   0.1086483474E+001   0.9856049767E+000
 0.6666667   0.1355423629E+001   0.1048926121E+001   0.1073896288E+001   0.9739174759E+000
 0.6767677   0.1343453346E+001   0.1032464795E+001   0.1068535484E+001   0.9801540835E+000
 0.6868687   0.1353014322E+001   0.1027891271E+001   0.1104569022E+001   0.1013080425E+001
 0.6969697   0.1341504729E+001   0.1008832115E+001   0.1101502770E+001   0.1003725514E+001
 0.7070707   0.1368130635E+001   0.1054987723E+001   0.1109119060E+001   0.1019881765E+001
 0.7171717   0.1326491482E+001   0.1028395703E+001   0.1109842940E+001   0.1022079310E+001
 0.7272727   0.1352524941E+001   0.1036710439E+001   0.1105078234E+001   0.1000619487E+001
 0.7373737   0.1359175428E+001   0.1042738411E+001   0.1098566144E+001   0.9968136828E+000
 0.7474747   0.1334932537E+001   0.1023124380E+001   0.1088624666E+001   0.9906261824E+000
 0.7575758   0.1354231710E+001   0.1039737036E+001   0.1120744624E+001   0.1018040247E+001
 0.7676768   0.1329054622E+001   0.1017878278E+001   0.1105204081E+001   0.1015007880E+001
 0.7777778   0.1357649288E+001   0.1050044281E+001   0.1091579243E+001   0.1002104978E+001
 0.7878788   0.1331743050E+001   0.1022241622E+001   0.1097399353E+001   0.9990971651E+000
 0.7979798   0.1335384324E+001   0.1028135080E+001   0.1080013580E+001   0.9887723876E+000
 0.8080808   0.1348733570E+001   0.1036399372E+001   0.1097573929E+001   0.1005677523E+001
 0.8181818   0.1360797316E+001   0.1046050854E+001   0.1085698182E+001   0.9888092180E+000
 0.8282828   0.1339932195E+001   0.1030716095E+001   0.1080762555E+001   0.9833337712E+000
 0.8383838   0.1363919392E+001   0.1043797720E+001   0.1122216297E+001   0.1019132881E+001
 0.8484848   0.1354998305E+001   0.1039257825E+001   0.1093188878E+001   0.9995022991E+000
 0.8585859   0.1346054478E+001   0.1035264398E+001   0.1109139527E+001   0.1010477746E+001
 0.8686869   0.1380197968E+001   0.1062671917E+001   0.1132250575E+001   0.1038554757E+001
 0.8787879   0.1334672760E+001   0.1037685675E+001   0.1074021223E+001   0.9917924771E+000
 0.8888889   0.1354251410E+001   0.1041174669E+001   0.1091162019E+001   0.9996987277E+000
 0.8989899   0.1343828512E+001   0.1028866507E+001   0.1103101624E+001   0.1000251183E+001
 0.9090909   0.1351834614E+001   0.1040527314E+001   0.1105366984E+001   0.1015241139E+001
 0.9191919   0.1361739779E+001   0.1053154950E+001   0.1114727075E+001   0.1019844934E+001
 0.9292929   0.1369993451E+001   0.1049834100E+001   0.1118860541E+001   0.1015118372E+001
 0.9393939   0.1353514408E+001   0.1051809796E+001   0.1115265852E+001   0.1025197613E+001
 0.9494949   0.1336172887E+001   0.1028673141E+001   0.1081996059E+001   0.9880603340E+000
 0.9595960   0.1340068418E+001   0.1039367118E+001   0.1107841131E+001   0.1023994488E+001
 0.9696970   0.1345595342E+001   0.1034188274E+001   0.1106972004E+001   0.9993181473E+000
 0.9797980   0.1347258617E+001   0.1032431166E+001   0.1101300359E+001   0.9997110044E+000
 0.9898990   0.1341753180E+001   0.1033271888E+001   0.1078972547E+001   0.9851384588E+000
 1.0000000   0.1366036293E+001   0.1048177879E+001   0.1107580060E+001   0.1006856094E+001


 0.0000000   0.8964199441E+000   0.8446049067E+000   0.8362724780E+000   0.9900794728E+000
 0.0101010   0.9235182185E+000   0.8728509492E+000   0.8610706723E+000   0.1025747030E+001
 0.0202020   0.8913573537E+000   0.8516583777E+000   0.8573823296E+000   0.1008987575E+001
 0.0303030   0.8579501781E+000   0.8355307986E+000   0.8337314408E+000   0.9847648577E+000
 0.0404040   0.8802178921E+000   0.8899861669E+000   0.8635774186E+000   0.1030018016E+001
 0.0505051   0.8112415858E+000   0.8605234544E+000   0.8472784259E+000   0.1015161650E+001
 0.0606061   0.7765207044E+000   0.8648487971E+000   0.8461813819E+000   0.1008759556E+001
 0.0707071   0.7204506869E+000   0.8447013828E+000   0.8274762072E+000   0.9749336967E+000
 0.0808081   0.7023142885E+000   0.8897556964E+000   0.8413478204E+000   0.1010592484E+001
 0.0909091   0.6430851681E+000   0.8800276951E+000   0.8304480956E+000   0.1000524533E+001
 0.1010101   0.5981281725E+000   0.8903613516E+000   0.8336916778E+000   0.1020818295E+001
 0.1111111   0.5571725833E+000   0.8995480151E+000   0.8229732393E+000   0.9854839970E+000
 0.1212121   0.5190879291E+000   0.8997516867E+000   0.8326643517E+000   0.9929560302E+000
 0.1313131   0.4832419099E+000   0.9368038483E+000   0.8288725453E+000   0.1015126570E+001
 0.1414141   0.4518019656E+000   0.9145607598E+000   0.8368071709E+000   0.1001366452E+001
 0.1515152   0.4211680688E+000   0.9266792232E+000   0.8264839375E+000   0.9973147162E+000
 0.1616162   0.4028575554E+000   0.9312135974E+000   0.8409498527E+000   0.1018625797E+001
 0.1717172   0.3990716030E+000   0.9787816480E+000   0.8392518543E+000   0.1002041742E+001
 0.1818182   0.3840205215E+000   0.9616839487E+000   0.8457286112E+000   0.1023230042E+001
 0.1919192   0.3700417549E+000   0.9518648311E+000   0.8301080147E+000   0.9968148266E+000
 0.2020202   0.3735849180E+000   0.9959704635E+000   0.8574163891E+000   0.1029395347E+001
 0.2121212   0.3737591950E+000   0.9826782083E+000   0.8647622267E+000   0.1025843500E+001
 0.2222222   0.3723693291E+000   0.9782295906E+000   0.8665556144E+000   0.1011978143E+001
 0.2323232   0.3725589097E+000   0.9647926213E+000   0.8696561659E+000   0.1016284209E+001
 0.2424242   0.3903978743E+000   0.1001968058E+001   0.8560053065E+000   0.1000086034E+001
 0.2525253   0.3894121055E+000   0.9668722160E+000   0.8446374025E+000   0.9752143364E+000
 0.2626263   0.4068194823E+000   0.9913771318E+000   0.8734703894E+000   0.9875975651E+000
 0.2727273   0.4338953139E+000   0.1029442292E+001   0.8884089690E+000   0.1002734571E+001
 0.2828283   0.4370072433E+000   0.1007772700E+001   0.9090739906E+000   0.1018011897E+001
 0.2929293   0.4555950766E+000   0.1013287914E+001   0.8935158939E+000   0.9857909467E+000
 0.3030303   0.4769265345E+000   0.1013046724E+001   0.9141127482E+000   0.1006628448E+001
 0.3131313   0.4859047603E+000   0.9911520210E+000   0.9227326732E+000   0.1006900317E+001
 0.3232323   0.5104864983E+000   0.1002691628E+001   0.9206544178E+000   0.9924298306E+000
 0.3333333   0.5370762344E+000   0.1018835286E+001   0.9290344256E+000   0.1002848581E+001
 0.3434343   0.5560984927E+000   0.9917201577E+000   0.9431919439E+000   0.9928507903E+000
 0.3535354   0.5701093981E+000   0.9738828087E+000   0.9426996755E+000   0.9886675041E+000
 0.3636364   0.6171768571E+000   0.1009820136E+001   0.9412719894E+000   0.9997352339E+000
 0.3737374   0.6438366835E+000   0.9988915438E+000   0.9558158803E+000   0.9869047357E+000
 0.3838384   0.6673039595E+000   0.9751691560E+000   0.9875716880E+000   0.1018906436E+001
 0.3939394   0.7195853533E+000   0.1018701292E+001   0.9810882046E+000   0.9953677779E+000
 0.4040404   0.7604482159E+000   0.1004101250E+001   0.9675004621E+000   0.9686894624E+000
 0.4141414   0.7934639717E+000   0.9912860155E+000   0.9976581423E+000   0.1001419072E+001
 0.4242424   0.8460616189E+000   0.1006899056E+001   0.9919331367E+000   0.9834405889E+000
 0.4343434   0.9051674584E+000   0.1033328133E+001   0.1028028640E+001   0.1005672519E+001
 0.4444444   0.9641650380E+000   0.1030358814E+001   0.1012631830E+001   0.9739602276E+000
 0.4545455   0.1032698103E+001   0.1034802072E+001   0.1022246086E+001   0.9765999951E+000
 0.4646465   0.1081713893E+001   0.1034303613E+001   0.1047737649E+001   0.9998053939E+000
 0.4747475   0.1154284418E+001   0.1043415239E+001   0.1049964370E+001   0.9883342444E+000
 0.4848485   0.1212625345E+001   0.1037776750E+001   0.1057478109E+001   0.9770034148E+000
 0.4949495   0.1297039716E+001   0.1009434232E+001   0.1085912159E+001   0.9882816244E+000
 0.5050505   0.1356029201E+001   0.1035466685E+001   0.1089412526E+001   0.9974550360E+000
 0.5151515   0.1325551796E+001   0.1014327711E+001   0.1105090326E+001   0.1005330489E+001
 0.5252525   0.1334999236E+001   0.1023198148E+001   0.1093389791E+001   0.9911318718E+000
 0.5353535   0.1339970547E+001   0.1030653602E+001   0.1113466951E+001   0.1004646429E+001
 0.5454545   0.1319490357E+001   0.1025786922E+001   0.1075437038E+001   0.9874397052E+000
 0.5555556   0.1358382699E+001   0.1058020641E+001   0.1113540931E+001   0.1008733246E+001
 0.5656566   0.1334485553E+001   0.1031720198E+001   0.1075441137E+001   0.9925175306E+000
 0.5757576   0.1352330252E+001   0.1048201523E+001   0.1110648670E+001   0.1011846593E+001
 0.5858586   0.1345601347E+001   0.1024280823E+001   0.1099465847E+001   0.9901671727E+000
 0.5959596   0.1351814105E+001   0.1034727035E+001   0.1071503093E+001   0.9710135103E+000
 0.6060606   0.1336238256E+001   0.1025181266E+001   0.1121097671E+001   0.1027667658E+001
 0.6161616   0.1355020932E+001   0.1056905806E+001   0.1084647657E+001   0.9884044043E+000
 0.6262626   0.1322517860E+001   0.1014783293E+001   0.1089158608E+001   0.9943416889E+000
 0.6363636   0.1334592066E+001   0.1035847229E+001   0.1116311333E+001   0.1016766558E+001
 0.6464646   0.1327866625E+001   0.1017602537E+001   0.1072698562E+001   0.9759685557E+000
 0.6565657   0.1346747951E+001   0.1028316738E+001   0.1095911195E+001   0.9940785891E+000
 0.6666667   0.1361681148E+001   0.1054617180E+001   0.1086281739E+001   0.9850718074E+000
 0.6767677   0.1343815454E+001   0.1033574682E+001   0.1076008774E+001   0.9869310457E+000
 0.6868687   0.1359372567E+001   0.1033553243E+001   0.1101972387E+001   0.1010618794E+001
 0.6969697   0.1334694993E+001   0.1004519313E+001   0.1098105835E+001   0.1000550843E+001
 0.7070707   0.1350110696E+001   0.1041930580E+001   0.1086637763E+001   0.9991301045E+000
 0.7171717   0.1338164087E+001   0.1038280570E+001   0.1114761463E+001   0.1026527559E+001
 0.7272727   0.1352379578E+001   0.1037433724E+001   0.1103017104E+001   0.9986740649E+000
 0.7373737   0.1364143028E+001   0.1047392196E+001   0.1104309039E+001   0.1001945272E+001
 0.7474747   0.1351619303E+001   0.1036747672E+001   0.1089237760E+001   0.9911055618E+000
 0.7575758   0.1353827512E+001   0.1040263688E+001   0.1106589291E+001   0.1005102469E+001
 0.7676768   0.1345317044E+001   0.1031162781E+001   0.1093808002E+001   0.1004462260E+001
 0.7777778   0.1363724916E+001   0.1055592660E+001   0.1084211760E+001   0.9952625380E+000
 0.7878788   0.1337833109E+001   0.1027743241E+001   0.1089690328E+001   0.9920001010E+000
 0.7979798   0.1344325645E+001   0.1035852589E+001   0.1080923418E+001   0.9895269633E+000
 0.8080808   0.1346191677E+001   0.1035279093E+001   0.1095425119E+001   0.1003629110E+001
 0.8181818   0.1351594808E+001   0.1039813467E+001   0.1081535800E+001   0.9849402575E+000
 0.8282828   0.1337102020E+001   0.1029367255E+001   0.1076984401E+001   0.9798185822E+000
 0.8383838   0.1360776074E+001   0.1042230728E+001   0.1112851931E+001   0.1010548634E+001
 0.8484848   0.1357459886E+001   0.1041984178E+001   0.1089846645E+001   0.9963675570E+000
 0.8585859   0.1356361453E+001   0.1044031614E+001   0.1112982748E+001   0.1013898771E+001
 0.8686869   0.1376828197E+001   0.1060931001E+001   0.1110305675E+001   0.1018345157E+001
 0.8787879   0.1341589169E+001   0.1043902979E+001   0.1077550945E+001   0.9949731283E+000
 0.8888889   0.1364913395E+001   0.1050216800E+001   0.1093327394E+001   0.1001603242E+001
 0.8989899   0.1359782881E+001   0.1041919860E+001   0.1107204752E+001   0.1003892210E+001
 0.9090909   0.1359268869E+001   0.1047092048E+001   0.1105005134E+001   0.1014828390E+001
 0.9191919   0.1368440042E+001   0.1059189073E+001   0.1111795470E+001   0.1017082278E+001
 0.9292929   0.1369809499E+001   0.1050538387E+001   0.1107628469E+001   0.1004848139E+001
 0.9393939   0.1369039684E+001   0.1064731086E+001   0.1105828698E+001   0.1016442069E+001
 0.9494949   0.1343553315E+001   0.1035187976E+001   0.1077272152E+001   0.9836686087E+000
 0.9595960   0.1342037178E+001   0.1041732268E+001   0.1096578665E+001   0.1013504121E+001
 0.9696970   0.1340189142E+001   0.1030862634E+001   0.1097738224E+001   0.9909038520E+000
 0.9797980   0.1355667540E+001   0.1039711631E+001   0.1105424017E+001   0.1003374781E+001
 0.9898990   0.1358236746E+001   0.1046807980E+001   0.1092568040E+001   0.9974725760E+000
 1.0000000   0.1371270480E+001   0.1053041405E+001   0.1094305618E+001   0.9947100285E+000


 0.0000000   0.9107656718E+000   0.8567219014E+000   0.8375594866E+000   0.9913850562E+000
 0.0101010   0.9278655515E+000   0.8755295308E+000   0.8575495330E+000   0.1021327767E+001
 0.0202020   0.9043546140E+000   0.8626675391E+000   0.8566298227E+000   0.1007880247E+001
 0.0303030   0.8826029497E+000   0.8581375294E+000   0.8430944146E+000   0.9956049076E+000
 0.0404040   0.8917638903E+000   0.9001897710E+000   0.8664025162E+000   0.1033160283E+001
 0.0505051   0.8198008542E+000   0.8681844437E+000   0.8455614068E+000   0.1012881552E+001
 0.0606061   0.7928037316E+000   0.8815439276E+000   0.8434060487E+000   0.1005229816E+001
 0.0707071   0.7327121748E+000   0.8576764391E+000   0.8416465723E+000   0.9914111046E+000
 0.0808081   0.7094789319E+000   0.8973666043E+000   0.8433360436E+000   0.1012757822E+001
 0.0909091   0.6472438248E+000   0.8842740674E+000   0.8324719026E+000   0.1002742187E+001
 0.1010101   0.6055580220E+000   0.8999511366E+000   0.8431323735E+000   0.1032150904E+001
 0.1111111   0.5624757448E+000   0.9066288562E+000   0.8274088579E+000   0.9905775537E+000
 0.1212121   0.5261070105E+000   0.9104308286E+000   0.8341735412E+000   0.9945369205E+000
 0.1313131   0.4865694577E+000   0.9417162079E+000   0.8187810279E+000   0.1002546824E+001
 0.1414141   0.4588541437E+000   0.9273212932E+000   0.8443191694E+000   0.1010133439E+001
 0.1515152   0.4229658913E+000   0.9291171185E+000   0.8326111920E+000   0.1004487434E+001
 0.1616162   0.4038831222E+000   0.9320616248E+000   0.8399137518E+000   0.1017146988E+001
 0.1717172   0.4015288195E+000   0.9832021983E+000   0.8397778020E+000   0.1002449142E+001
 0.1818182   0.3833393672E+000   0.9584125293E+000   0.8461240465E+000   0.1023483278E+001
 0.1919192   0.3751802818E+000   0.9635087902E+000   0.8407334085E+000   0.1009351985E+001
 0.2020202   0.3741225180E+000   0.9957770198E+000   0.8601611578E+000   0.1032463486E+001
 0.2121212   0.3747173073E+000   0.9835904849E+000   0.8659274635E+000   0.1026999820E+001
 0.2222222   0.3751079738E+000   0.9838169853E+000   0.8691988794E+000   0.1014841699E+001
 0.2323232   0.3800627891E+000   0.9826197685E+000   0.8725312257E+000   0.1019419717E+001
 0.2424242   0.3913802468E+000   0.1002851115E+001   0.8536451295E+000   0.9971092064E+000
 0.2525253   0.3947203844E+000   0.9784537775E+000   0.8524570611E+000   0.9840263647E+000
 0.2626263   0.4090049238E+000   0.9950772951E+000   0.8758321483E+000   0.9900500723E+000
 0.2727273   0.4334064314E+000   0.1026605354E+001   0.8886111920E+000   0.1002742187E+001
 0.2828283   0.4402652649E+000   0.1013630112E+001   0.9113225047E+000   0.1020305365E+001
 0.2929293   0.4612676634E+000   0.1024231143E+001   0.8989789065E+000   0.9915999560E+000
 0.3030303   0.4777919082E+000   0.1013229691E+001   0.9150604944E+000   0.1007450447E+001
 0.3131313   0.4896786335E+000   0.9972209604E+000   0.9226460671E+000   0.1006584336E+001
 0.3232323   0.5150504167E+000   0.1010006104E+001   0.9177303982E+000   0.9890602306E+000
 0.3333333   0.5396686369E+000   0.1022083433E+001   0.9287178650E+000   0.1002286339E+001
 0.3434343   0.5570773867E+000   0.9918456186E+000   0.9447479217E+000   0.9942699237E+000
 0.3535354   0.5768917523E+000   0.9838614765E+000   0.9446666310E+000   0.9905124326E+000
 0.3636364   0.6156619357E+000   0.1005698550E+001   0.9404656594E+000   0.9986590901E+000
 0.3737374   0.6462696942E+000   0.1001031022E+001   0.9609277689E+000   0.9919646345E+000
 0.3838384   0.6727800127E+000   0.9815681591E+000   0.9867398427E+000   0.1017824249E+001
 0.3939394   0.7236116860E+000   0.1022730577E+001   0.9833996803E+000   0.9974934213E+000
 0.4040404   0.7626536195E+000   0.1005370933E+001   0.9723331493E+000   0.9733139333E+000
 0.4141414   0.7958930414E+000   0.9926990400E+000   0.9992350242E+000   0.1002781260E+001
 0.4242424   0.8454971973E+000   0.1004586271E+001   0.9983792392E+000   0.9896137605E+000
 0.4343434   0.9161279925E+000   0.1044134873E+001   0.1021743095E+001   0.9993037896E+000
 0.4444444   0.9661646414E+000   0.1030811791E+001   0.1008423977E+001   0.9696997087E+000
 0.4545455   0.1037107835E+001   0.1037525913E+001   0.1022125967E+001   0.9762704341E+000
 0.4646465   0.1079162142E+001   0.1030180825E+001   0.1047988477E+001   0.9998247589E+000
 0.4747475   0.1153032469E+001   0.1040583669E+001   0.1056398796E+001   0.9941722420E+000
 0.4848485   0.1218738811E+001   0.1041307662E+001   0.1060512785E+001   0.9795916135E+000
 0.4949495   0.1303085527E+001   0.1012485475E+001   0.1094407150E+001   0.9957937589E+000
 0.5050505   0.1351947452E+001   0.1030666184E+001   0.1082373805E+001   0.9907924536E+000
 0.5151515   0.1332098349E+001   0.1017674763E+001   0.1107513954E+001   0.1007313693E+001
 0.5252525   0.1333508523E+001   0.1020388724E+001   0.1102410264E+001   0.9990888898E+000
 0.5353535   0.1341001306E+001   0.1029764226E+001   0.1114279253E+001   0.1005158182E+001
 0.5454545   0.1333289517E+001   0.1034824085E+001   0.1078652069E+001   0.9901738025E+000
 0.5555556   0.1348721167E+001   0.1048782178E+001   0.1107285998E+001   0.1002846381E+001
 0.5656566   0.1335352385E+001   0.1030706630E+001   0.1078063969E+001   0.9947192597E+000
 0.5757576   0.1355362909E+001   0.1048838803E+001   0.1106045124E+001   0.1007430911E+001
 0.5858586   0.1344578078E+001   0.1021832665E+001   0.1098239684E+001   0.9888453308E+000
 0.5959596   0.1348544372E+001   0.1030540799E+001   0.1071661605E+001   0.9709435230E+000
 0.6060606   0.1334851980E+001   0.1022447452E+001   0.1113062241E+001   0.1020077441E+001
 0.6161616   0.1347446485E+001   0.1049283714E+001   0.1085148694E+001   0.9886434552E+000
 0.6262626   0.1328637553E+001   0.1017816326E+001   0.1086943785E+001   0.9921013890E+000
 0.6363636   0.1334642794E+001   0.1034197164E+001   0.1109959346E+001   0.1010758602E+001
 0.6464646   0.1332339942E+001   0.1019365427E+001   0.1079029547E+001   0.9815126878E+000
 0.6565657   0.1341609415E+001   0.1022722488E+001   0.1095867832E+001   0.9938205877E+000
 0.6666667   0.1351536492E+001   0.1045053009E+001   0.1085554393E+001   0.9841956797E+000
 0.6767677   0.1325562518E+001   0.1017872951E+001   0.1070649285E+001   0.9817992209E+000
 0.6868687   0.1345449278E+001   0.1021298771E+001   0.1102246591E+001   0.1010647896E+001
 0.6969697   0.1321720145E+001   0.9931318177E+000   0.1095262833E+001   0.9977408817E+000
 0.7070707   0.1348079775E+001   0.1038666504E+001   0.1090962008E+001   0.1002885454E+001
 0.7171717   0.1332509762E+001   0.1032207196E+001   0.1111120045E+001   0.1022949284E+001
 0.7272727   0.1355812921E+001   0.1038371245E+001   0.1099502326E+001   0.9952727896E+000
 0.7373737   0.1351131315E+001   0.1035709864E+001   0.1100039108E+001   0.9978515877E+000
 0.7474747   0.1337852397E+001   0.1024514269E+001   0.1087558371E+001   0.9893597880E+000
 0.7575758   0.1348879736E+001   0.1034771505E+001   0.1093777938E+001   0.9932475214E+000
 0.7676768   0.1349978939E+001   0.1033048483E+001   0.1092927036E+001   0.1003432471E+001
 0.7777778   0.1350571327E+001   0.1043706140E+001   0.1081722552E+001   0.9927591127E+000
 0.7878788   0.1339826961E+001   0.1027596293E+001   0.1090284646E+001   0.9923228009E+000
 0.7979798   0.1340300321E+001   0.1031066604E+001   0.1076232779E+001   0.9850162064E+000
 0.8080808   0.1345717331E+001   0.1033226448E+001   0.1098430269E+001   0.1006161048E+001
 0.8181818   0.1346580020E+001   0.1034265923E+001   0.1083115996E+001   0.9861623389E+000
 0.8282828   0.1335387609E+001   0.1026370764E+001   0.1081646975E+001   0.9838440254E+000
 0.8383838   0.1350112677E+001   0.1032377071E+001   0.1104691831E+001   0.1002918014E+001
 0.8484848   0.1349373680E+001   0.1034087959E+001   0.1088411347E+001   0.9948364778E+000
 0.8585859   0.1356332563E+001   0.1042306691E+001   0.1103981109E+001   0.1005477276E+001
 0.8686869   0.1356613581E+001   0.1043649515E+001   0.1097191651E+001   0.1006095927E+001
 0.8787879   0.1332895611E+001   0.1035446962E+001   0.1073774341E+001   0.9912678381E+000
 0.8888889   0.1356635312E+001   0.1042144905E+001   0.1097833244E+001   0.1005509837E+001
 0.8989899   0.1355773969E+001   0.1037153805E+001   0.1097451310E+001   0.9948299657E+000
 0.9090909   0.1344354529E+001   0.1033914039E+001   0.1098021484E+001   0.1008192828E+001
 0.9191919   0.1355360496E+001   0.1047354416E+001   0.1108472473E+001   0.1013819297E+001
 0.9292929   0.1360329549E+001   0.1041566519E+001   0.1103008664E+001   0.1000436898E+001
 0.9393939   0.1352912800E+001   0.1050472842E+001   0.1092758502E+001   0.1004207413E+001
 0.9494949   0.1348561337E+001   0.1037351993E+001   0.1089499914E+001   0.9946150659E+000
 0.9595960   0.1349480049E+001   0.1045801270E+001   0.1105899864E+001   0.1021894321E+001
 0.9696970   0.1335265118E+001   0.1025400047E+001   0.1094342221E+001   0.9876210529E+000
 0.9797980   0.1349813819E+001   0.1033533842E+001   0.1093395240E+001   0.9922381434E+000
 0.9898990   0.1345632666E+001   0.1035402471E+001   0.1089492313E+001   0.9944457508E+000
 1.0000000   0.1357868276E+001   0.1041048804E+001   0.1094255592E+001   0.9944457508E+000


 0.0000000   0.9200331688E+000   0.8640637206E+000   0.8450404576E+000   0.1000182602E+001
 0.0101010   0.9427024457E+000   0.8881155034E+000   0.8644235537E+000   0.1029455562E+001
 0.0202020   0.9196821115E+000   0.8758939099E+000   0.8642229247E+000   0.1016755696E+001
 0.0303030   0.8847605415E+000   0.8588678310E+000   0.8380198820E+000   0.9895556590E+000
 0.0404040   0.8923007805E+000   0.8992998759E+000   0.8630174351E+000   0.1029064639E+001
 0.0505051   0.8265898349E+000   0.8739825532E+000   0.8476418666E+000   0.1015315452E+001
 0.0606061   0.8006964928E+000   0.8889048350E+000   0.8461638136E+000   0.1008458862E+001
 0.0707071   0.7378314596E+000   0.8622958787E+000   0.8448184498E+000   0.9950903110E+000
 0.0808081   0.7159466508E+000   0.9041076231E+000   0.8396202275E+000   0.1008237681E+001
 0.0909091   0.6497562844E+000   0.8862954742E+000   0.8242193718E+000   0.9927447708E+000
 0.1010101   0.6128406093E+000   0.9093263446E+000   0.8437773988E+000   0.1032881285E+001
 0.1111111   0.5659271382E+000   0.9107419228E+000   0.8278014831E+000   0.9909907593E+000
 0.1212121   0.5287331595E+000   0.9135208920E+000   0.8352119575E+000   0.9957178459E+000
 0.1313131   0.4923618414E+000   0.9514120719E+000   0.8238120829E+000   0.1008649180E+001
 0.1414141   0.4626576493E+000   0.9335216422E+000   0.8383543279E+000   0.1002939641E+001
 0.1515152   0.4267451716E+000   0.9359287775E+000   0.8319387540E+000   0.1003618613E+001
 0.1616162   0.4069859947E+000   0.9377292364E+000   0.8370477050E+000   0.1013618022E+001
 0.1717172   0.4061806433E+000   0.9930118057E+000   0.8408402020E+000   0.1003659763E+001
 0.1818182   0.3854233017E+000   0.9620908808E+000   0.8458157072E+000   0.1023051620E+001
 0.1919192   0.3804822094E+000   0.9755714908E+000   0.8405946808E+000   0.1009127546E+001
 0.2020202   0.3770689342E+000   0.1002023885E+001   0.8603828868E+000   0.1032670392E+001
 0.2121212   0.3790308427E+000   0.9933314524E+000   0.8698824991E+000   0.1031631359E+001
 0.2222222   0.3776346779E+000   0.9888694455E+000   0.8681477463E+000   0.1013556297E+001
 0.2323232   0.3833998957E+000   0.9896718240E+000   0.8677869753E+000   0.1013818627E+001
 0.2424242   0.3940259759E+000   0.1008025415E+001   0.8533440033E+000   0.9967002981E+000
 0.2525253   0.4016343741E+000   0.9940098862E+000   0.8610127414E+000   0.9938455287E+000
 0.2626263   0.4116444614E+000   0.9999070415E+000   0.8807009085E+000   0.9954966656E+000
 0.2727273   0.4326905487E+000   0.1023280390E+001   0.8839367293E+000   0.9974101326E+000
 0.2828283   0.4406011032E+000   0.1012790760E+001   0.9077308446E+000   0.1016225892E+001
 0.2929293   0.4610965432E+000   0.1022223599E+001   0.8970277877E+000   0.9893910597E+000
 0.3030303   0.4807839712E+000   0.1017954033E+001   0.9100905039E+000   0.1001921183E+001
 0.3131313   0.4933771476E+000   0.1003155696E+001   0.9190845616E+000   0.1002641305E+001
 0.3232323   0.5211494304E+000   0.1020341598E+001   0.9183907322E+000   0.9897151146E+000
 0.3333333   0.5465323895E+000   0.1033437327E+001   0.9259113155E+000   0.9992001502E+000
 0.3434343   0.5603433491E+000   0.9960745429E+000   0.9488662974E+000   0.9985468967E+000
 0.3535354   0.5823508875E+000   0.9915929658E+000   0.9402858193E+000   0.9858624618E+000
 0.3636364   0.6162289874E+000   0.1005024650E+001   0.9413634240E+000   0.9995550675E+000
 0.3737374   0.6507479358E+000   0.1006365209E+001   0.9676236748E+000   0.9988195143E+000
 0.3838384   0.6771729997E+000   0.9864068613E+000   0.9835163515E+000   0.1014441018E+001
 0.3939394   0.7250055119E+000   0.1023071642E+001   0.9850475186E+000   0.9991075631E+000
 0.4040404   0.7698548258E+000   0.1013250660E+001   0.9852955255E+000   0.9862328103E+000
 0.4141414   0.7994805987E+000   0.9955885495E+000   0.1009783852E+001   0.1013309398E+001
 0.4242424   0.8511530257E+000   0.1009698668E+001   0.1000661309E+001   0.9918188996E+000
 0.4343434   0.9131616770E+000   0.1039099640E+001   0.1031157633E+001   0.1008453718E+001
 0.4444444   0.9587250181E+000   0.1021248351E+001   0.1012024362E+001   0.9731060148E+000
 0.4545455   0.1027785092E+001   0.1026564923E+001   0.1031479139E+001   0.9851474836E+000
 0.4646465   0.1079588165E+001   0.1028949227E+001   0.1052467564E+001   0.1004040399E+001
 0.4747475   0.1153347999E+001   0.1039213800E+001   0.1061889769E+001   0.9992824499E+000
 0.4848485   0.1213854418E+001   0.1035485675E+001   0.1068693855E+001   0.9870918130E+000
 0.4949495   0.1306142458E+001   0.1013247398E+001   0.1092113813E+001   0.9936500670E+000
 0.5050505   0.1345360663E+001   0.1024014273E+001   0.1076650919E+001   0.9854972571E+000
 0.5151515   0.1332673961E+001   0.1016496053E+001   0.1109475736E+001   0.1009040103E+001
 0.5252525   0.1326514676E+001   0.1013423530E+001   0.1096284568E+001   0.9934803240E+000
 0.5353535   0.1336436496E+001   0.1024627473E+001   0.1102748295E+001   0.9946993876E+000
 0.5454545   0.1326652466E+001   0.1028035950E+001   0.1081363507E+001   0.9926058901E+000
 0.5555556   0.1336162107E+001   0.1037364415E+001   0.1096024860E+001   0.9925904589E+000
 0.5656566   0.1338990369E+001   0.1031871711E+001   0.1086489113E+001   0.1002435556E+001
 0.5757576   0.1352729695E+001   0.1045137049E+001   0.1103526765E+001   0.1005079432E+001
 0.5858586   0.1333538344E+001   0.1011831820E+001   0.1099234467E+001   0.9896842522E+000
 0.5959596   0.1341205490E+001   0.1023303222E+001   0.1073826148E+001   0.9728488284E+000
 0.6060606   0.1330986459E+001   0.1017865967E+001   0.1114002912E+001   0.1020880966E+001
 0.6161616   0.1331723138E+001   0.1035391086E+001   0.1087121278E+001   0.9903837993E+000
 0.6262626   0.1326625860E+001   0.1014659715E+001   0.1084453584E+001   0.9897716956E+000
 0.6363636   0.1341498292E+001   0.1037856932E+001   0.1094047434E+001   0.9962116439E+000
 0.6464646   0.1327784327E+001   0.1014265049E+001   0.1077296776E+001   0.9798803054E+000
 0.6565657   0.1337780273E+001   0.1018182352E+001   0.1090892906E+001   0.9892521790E+000
 0.6666667   0.1348727282E+001   0.1041223007E+001   0.1087432513E+001   0.9858418869E+000
 0.6767677   0.1330301707E+001   0.1019888222E+001   0.1089816474E+001   0.9993184560E+000
 0.6868687   0.1341473855E+001   0.1016662399E+001   0.1103484754E+001   0.1011725129E+001
 0.6969697   0.1319038565E+001   0.9895413559E+000   0.1092060100E+001   0.9947662561E+000
 0.7070707   0.1342936600E+001   0.1033058970E+001   0.1086925869E+001   0.9991178505E+000
 0.7171717   0.1334522330E+001   0.1032122862E+001   0.1105070581E+001   0.1017321506E+001
 0.7272727   0.1351344217E+001   0.1033303597E+001   0.1098022673E+001   0.9938763911E+000
 0.7373737   0.1347879730E+001   0.1031574896E+001   0.1096836823E+001   0.9948897056E+000
 0.7474747   0.1335036922E+001   0.1020733002E+001   0.1085670374E+001   0.9875856109E+000
 0.7575758   0.1342075711E+001   0.1027915268E+001   0.1092278703E+001   0.9918291871E+000
 0.7676768   0.1348530389E+001   0.1030299571E+001   0.1093887234E+001   0.1004256435E+001
 0.7777778   0.1346920422E+001   0.1039230108E+001   0.1082234191E+001   0.9931717002E+000
 0.7878788   0.1336886249E+001   0.1023710935E+001   0.1088584017E+001   0.9907181417E+000
 0.7979798   0.1340717979E+001   0.1029748343E+001   0.1080962366E+001   0.9892881851E+000
 0.8080808   0.1340118760E+001   0.1027292283E+001   0.1095447977E+001   0.1003371714E+001
 0.8181818   0.1341795103E+001   0.1028952488E+001   0.1078797877E+001   0.9821744084E+000
 0.8282828   0.1344465580E+001   0.1031705364E+001   0.1087954872E+001   0.9895247966E+000
 0.8383838   0.1348639630E+001   0.1029611352E+001   0.1093985241E+001   0.9931408379E+000
 0.8484848   0.1349405691E+001   0.1032468602E+001   0.1090327312E+001   0.9965305550E+000
 0.8585859   0.1352411929E+001   0.1037641660E+001   0.1104499972E+001   0.1005892141E+001
 0.8686869   0.1351002636E+001   0.1037680800E+001   0.1097610147E+001   0.1006421945E+001
 0.8787879   0.1330664738E+001   0.1032070675E+001   0.1078483873E+001   0.9955583903E+000
 0.8888889   0.1339859348E+001   0.1027621714E+001   0.1090203663E+001   0.9984645970E+000
 0.8989899   0.1347280149E+001   0.1029017722E+001   0.1094754193E+001   0.9923281287E+000
 0.9090909   0.1337850063E+001   0.1027275974E+001   0.1103080197E+001   0.1012779594E+001
 0.9191919   0.1347182717E+001   0.1039380146E+001   0.1101758063E+001   0.1007620434E+001
 0.9292929   0.1355863650E+001   0.1036496803E+001   0.1103738682E+001   0.1001041605E+001
 0.9393939   0.1348028266E+001   0.1045016366E+001   0.1089420801E+001   0.1001082755E+001
 0.9494949   0.1347250656E+001   0.1034696344E+001   0.1089953426E+001   0.9949720053E+000
 0.9595960   0.1352182422E+001   0.1046229718E+001   0.1100379667E+001   0.1016735121E+001
 0.9696970   0.1336192041E+001   0.1024480696E+001   0.1090204810E+001   0.9838306890E+000
 0.9797980   0.1343026156E+001   0.1026701915E+001   0.1087418197E+001   0.9867574706E+000
 0.9898990   0.1349029826E+001   0.1036366335E+001   0.1092363124E+001   0.9970089218E+000
 1.0000000   0.1360445331E+001   0.1041366522E+001   0.1094829545E+001   0.9949102805E+000


 0.0000000   0.9478451151E+000   0.8888215117E+000   0.8577972719E+000   0.1014973168E+001
 0.0101010   0.9650395178E+000   0.9077678765E+000   0.8716090755E+000   0.1037697720E+001
 0.0202020   0.9337943478E+000   0.8879732911E+000   0.8655406020E+000   0.1017996731E+001
 0.0303030   0.9021547614E+000   0.8744128498E+000   0.8469854281E+000   0.9998387156E+000
 0.0404040   0.9053502853E+000   0.9110554242E+000   0.8624868108E+000   0.1028119637E+001
 0.0505051   0.8457092190E+000   0.8928297697E+000   0.8515868103E+000   0.1019731017E+001
 0.0606061   0.8159825699E+000   0.9044886447E+000   0.8539793545E+000   0.1017464384E+001
 0.0707071   0.7536458129E+000   0.8794301022E+000   0.8444065570E+000   0.9943031410E+000
 0.0808081   0.7259727687E+000   0.9153658262E+000   0.8390524879E+000   0.1007249981E+001
 0.0909091   0.6596305927E+000   0.8983875549E+000   0.8306755224E+000   0.1000217181E+001
 0.1010101   0.6215797631E+000   0.9208820319E+000   0.8465930941E+000   0.1036013342E+001
 0.1111111   0.5787911048E+000   0.9300184208E+000   0.8369021909E+000   0.1001581319E+001
 0.1212121   0.5341158674E+000   0.9214087048E+000   0.8382672511E+000   0.9990568313E+000
 0.1313131   0.5001780521E+000   0.9650366251E+000   0.8311929410E+000   0.1017377046E+001
 0.1414141   0.4678276799E+000   0.9425088846E+000   0.8378383491E+000   0.1002018010E+001
 0.1515152   0.4326218226E+000   0.9473653631E+000   0.8340162376E+000   0.1005819299E+001
 0.1616162   0.4110537284E+000   0.9456522902E+000   0.8371158764E+000   0.1013392763E+001
 0.1717172   0.4090797869E+000   0.9985690574E+000   0.8466137412E+000   0.1010244431E+001
 0.1818182   0.3874494950E+000   0.9656686326E+000   0.8474744810E+000   0.1024746721E+001
 0.1919192   0.3819775571E+000   0.9779068478E+000   0.8461470846E+000   0.1015484720E+001
 0.2020202   0.3809038817E+000   0.1010665902E+001   0.8592397215E+000   0.1030985160E+001
 0.2121212   0.3804682229E+000   0.9955725658E+000   0.8752634926E+000   0.1037697720E+001
 0.2222222   0.3784320507E+000   0.9894409844E+000   0.8692405641E+000   0.1014524000E+001
 0.2323232   0.3881892163E+000   0.1000501115E+001   0.8639860692E+000   0.1009071605E+001
 0.2424242   0.3971806888E+000   0.1014541106E+001   0.8593649120E+000   0.1003427897E+001
 0.2525253   0.4039591801E+000   0.9982336500E+000   0.8668428452E+000   0.1000271247E+001
 0.2626263   0.4148930048E+000   0.1006255710E+001   0.8861653465E+000   0.1001369213E+001
 0.2727273   0.4344574841E+000   0.1025886749E+001   0.8855728454E+000   0.9989528573E+000
 0.2828283   0.4433276886E+000   0.1017498790E+001   0.9086077792E+000   0.1016898766E+001
 0.2929293   0.4628194546E+000   0.1024473049E+001   0.9012761013E+000   0.9937749532E+000
 0.3030303   0.4808911506E+000   0.1016622850E+001   0.9116792860E+000   0.1003365513E+001
 0.3131313   0.4956084305E+000   0.1006150375E+001   0.9192536380E+000   0.1002521244E+001
 0.3232323   0.5192716490E+000   0.1015109359E+001   0.9201257069E+000   0.9912837367E+000
 0.3333333   0.5474846750E+000   0.1033653789E+001   0.9322818065E+000   0.1005769391E+001
 0.3434343   0.5599447904E+000   0.9938428611E+000   0.9491529708E+000   0.9985452793E+000
 0.3535354   0.5827798228E+000   0.9908047900E+000   0.9374269360E+000   0.9825665585E+000
 0.3636364   0.6194273813E+000   0.1008695037E+001   0.9400045759E+000   0.9978091435E+000
 0.3737374   0.6535575313E+000   0.1009163499E+001   0.9628154877E+000   0.9935545284E+000
 0.3838384   0.6783548970E+000   0.9866163544E+000   0.9804510399E+000   0.1010972249E+001
 0.3939394   0.7203612446E+000   0.1014962445E+001   0.9843902154E+000   0.9981377013E+000
 0.4040404   0.7660494060E+000   0.1006699224E+001   0.9835393973E+000   0.9841760757E+000
 0.4141414   0.7952444957E+000   0.9887978891E+000   0.1017752094E+001   0.1020995340E+001
 0.4242424   0.8560731171E+000   0.1013981170E+001   0.1007040118E+001   0.9978382563E+000
 0.4343434   0.9067305943E+000   0.1030202695E+001   0.1028618898E+001   0.1005665417E+001
 0.4444444   0.9563666710E+000   0.1017177243E+001   0.1008800114E+001   0.9697112160E+000
 0.4545455   0.1029919953E+001   0.1027123045E+001   0.1033719614E+001   0.9869875320E+000
 0.4646465   0.1081534632E+001   0.1029226964E+001   0.1051525759E+001   0.1002837325E+001
 0.4747475   0.1145912976E+001   0.1030934493E+001   0.1058617043E+001   0.9959001813E+000
 0.4848485   0.1211988938E+001   0.1032312159E+001   0.1065905767E+001   0.9842176653E+000
 0.4949495   0.1304374876E+001   0.1010327723E+001   0.1096510590E+001   0.9973474991E+000
 0.5050505   0.1344743603E+001   0.1021978282E+001   0.1079829167E+001   0.9881062920E+000
 0.5151515   0.1329124882E+001   0.1012237605E+001   0.1114133510E+001   0.1012968549E+001
 0.5252525   0.1323878793E+001   0.1009862033E+001   0.1095000899E+001   0.9920157135E+000
 0.5353535   0.1342378448E+001   0.1027608138E+001   0.1101320144E+001   0.9931095198E+000
 0.5454545   0.1327885613E+001   0.1027416873E+001   0.1078311355E+001   0.9895037023E+000
 0.5555556   0.1322713517E+001   0.1025351761E+001   0.1094390753E+001   0.9908096154E+000
 0.5656566   0.1334042509E+001   0.1026485493E+001   0.1084851390E+001   0.1000620600E+001
 0.5757576   0.1347862004E+001   0.1039782598E+001   0.1102075506E+001   0.1003452851E+001
 0.5858586   0.1326286349E+001   0.1004789342E+001   0.1090412788E+001   0.9814436396E+000
 0.5959596   0.1339342290E+001   0.1020317876E+001   0.1079275085E+001   0.9774884695E+000
 0.6060606   0.1329452544E+001   0.1015137078E+001   0.1103293909E+001   0.1010760142E+001
 0.6161616   0.1329862262E+001   0.1032362054E+001   0.1087640472E+001   0.9905559189E+000
 0.6262626   0.1319556367E+001   0.1007708218E+001   0.1090442256E+001   0.9949353028E+000
 0.6363636   0.1341479105E+001   0.1036253890E+001   0.1090473933E+001   0.9926561932E+000
 0.6464646   0.1325184027E+001   0.1010729658E+001   0.1074545339E+001   0.9770808915E+000
 0.6565657   0.1336261029E+001   0.1015469714E+001   0.1087840750E+001   0.9861848529E+000
 0.6666667   0.1344603201E+001   0.1036450699E+001   0.1090756927E+001   0.9885554596E+000
 0.6767677   0.1331123859E+001   0.1018956843E+001   0.1085052904E+001   0.9946483346E+000
 0.6868687   0.1331319494E+001   0.1007422706E+001   0.1102658201E+001   0.1010660327E+001
 0.6969697   0.1317588200E+001   0.9869406741E+000   0.1094098291E+001   0.9963202362E+000
 0.7070707   0.1340077917E+001   0.1029282404E+001   0.1087153406E+001   0.9990235596E+000
 0.7171717   0.1335014406E+001   0.1030923406E+001   0.1101643460E+001   0.1013858567E+001
 0.7272727   0.1352192998E+001   0.1032370370E+001   0.1099953860E+001   0.9953220860E+000
 0.7373737   0.1342683255E+001   0.1026025348E+001   0.1095436105E+001   0.9933174677E+000
 0.7474747   0.1328957606E+001   0.1014530018E+001   0.1082731044E+001   0.9846127664E+000
 0.7575758   0.1341411203E+001   0.1025834082E+001   0.1093494024E+001   0.9926312395E+000
 0.7676768   0.1343998573E+001   0.1025265830E+001   0.1089890900E+001   0.1000283724E+001
 0.7777778   0.1339645016E+001   0.1032034963E+001   0.1080006358E+001   0.9908262512E+000
 0.7878788   0.1334152924E+001   0.1020054540E+001   0.1089015206E+001   0.9908096154E+000
 0.7979798   0.1340188054E+001   0.1027766140E+001   0.1083403649E+001   0.9912213524E+000
 0.8080808   0.1333017048E+001   0.1020284613E+001   0.1082556739E+001   0.9912629420E+000
 0.8181818   0.1332505663E+001   0.1020265209E+001   0.1080369783E+001   0.9833068532E+000
 0.8282828   0.1336026907E+001   0.1023660863E+001   0.1081908777E+001   0.9837269081E+000
 0.8383838   0.1341289452E+001   0.1022432884E+001   0.1090021152E+001   0.9892416878E+000
 0.8484848   0.1344338765E+001   0.1027017710E+001   0.1084838700E+001   0.9912130344E+000
 0.8585859   0.1350133056E+001   0.1034307972E+001   0.1104613838E+001   0.1005690371E+001
 0.8686869   0.1347717429E+001   0.1033573402E+001   0.1095330570E+001   0.1004026787E+001
 0.8787879   0.1324110410E+001   0.1025415516E+001   0.1074666064E+001   0.9917329043E+000
 0.8888889   0.1328668573E+001   0.1017479387E+001   0.1086575590E+001   0.9948396468E+000
 0.8989899   0.1339957961E+001   0.1021859088E+001   0.1089551076E+001   0.9873119308E+000
 0.9090909   0.1333308760E+001   0.1022222215E+001   0.1089520168E+001   0.1000025869E+001
 0.9191919   0.1346977563E+001   0.1037631555E+001   0.1105131040E+001   0.1010398313E+001
 0.9292929   0.1341851317E+001   0.1024215256E+001   0.1095632768E+001   0.9933881700E+000
 0.9393939   0.1340156085E+001   0.1037323867E+001   0.1084694120E+001   0.9964366870E+000
 0.9494949   0.1340328643E+001   0.1027804948E+001   0.1086899168E+001   0.9918826269E+000
 0.9595960   0.1342784371E+001   0.1037368219E+001   0.1096149954E+001   0.1012519382E+001
 0.9696970   0.1333711051E+001   0.1021013639E+001   0.1089337556E+001   0.9827495527E+000
 0.9797980   0.1332646177E+001   0.1017207734E+001   0.1081817455E+001   0.9813770962E+000
 0.9898990   0.1346953971E+001   0.1033188099E+001   0.1088421281E+001   0.9931095198E+000
 1.0000000   0.1344198799E+001   0.1027355890E+001   0.1091380710E+001   0.9914750489E+000


 0.0000000   0.9597422609E+000   0.8999191864E+000   0.8562965151E+000   0.1013534692E+001
 0.0101010   0.9780741502E+000   0.9199690245E+000   0.8699274540E+000   0.1036040416E+001
 0.0202020   0.9442607108E+000   0.8978675863E+000   0.8588414191E+000   0.1010453798E+001
 0.0303030   0.9134374429E+000   0.8852909139E+000   0.8478336116E+000   0.1001173123E+001
 0.0404040   0.9153123959E+000   0.9210203178E+000   0.8600629701E+000   0.1025571593E+001
 0.0505051   0.8522500119E+000   0.8996763935E+000   0.8466091974E+000   0.1014108042E+001
 0.0606061   0.8187825149E+000   0.9075331719E+000   0.8456279283E+000   0.1007849545E+001
 0.0707071   0.7636034927E+000   0.8909916913E+000   0.8451226515E+000   0.9954776137E+000
 0.0808081   0.7341714469E+000   0.9256430947E+000   0.8354385840E+000   0.1003245473E+001
 0.0909091   0.6676619758E+000   0.9092667132E+000   0.8322909997E+000   0.1002495973E+001
 0.1010101   0.6287166942E+000   0.9313948586E+000   0.8462911728E+000   0.1035988607E+001
 0.1111111   0.5838591511E+000   0.9381007986E+000   0.8339227477E+000   0.9983478188E+000
 0.1212121   0.5391036880E+000   0.9299526687E+000   0.8362695359E+000   0.9970076990E+000
 0.1313131   0.5002758761E+000   0.9651624958E+000   0.8265821464E+000   0.1012070231E+001
 0.1414141   0.4688373016E+000   0.9444813962E+000   0.8339662933E+000   0.9977192059E+000
 0.1515152   0.4351660703E+000   0.9528747469E+000   0.8299189152E+000   0.1001211116E+001
 0.1616162   0.4105282367E+000   0.9443818511E+000   0.8318092046E+000   0.1007303826E+001
 0.1717172   0.4095279077E+000   0.9995978136E+000   0.8442678326E+000   0.1007780466E+001
 0.1818182   0.3888790871E+000   0.9691685788E+000   0.8448733230E+000   0.1021941526E+001
 0.1919192   0.3812531206E+000   0.9759886315E+000   0.8420144104E+000   0.1010861360E+001
 0.2020202   0.3795407919E+000   0.1006983574E+001   0.8504810995E+000   0.1020815549E+001
 0.2121212   0.3802265948E+000   0.9948754915E+000   0.8698703817E+000   0.1031647033E+001
 0.2222222   0.3761864053E+000   0.9835054998E+000   0.8623589029E+000   0.1006827185E+001
 0.2323232   0.3861748445E+000   0.9952445368E+000   0.8611448375E+000   0.1006088047E+001
 0.2424242   0.3966269538E+000   0.1013060680E+001   0.8578463984E+000   0.1001988247E+001
 0.2525253   0.4025507868E+000   0.9946885410E+000   0.8644482349E+000   0.9978400930E+000
 0.2626263   0.4144612990E+000   0.1005143204E+001   0.8797722992E+000   0.9944759777E+000
 0.2727273   0.4306906840E+000   0.1016925943E+001   0.8827187264E+000   0.9960647796E+000
 0.2828283   0.4439522414E+000   0.1018865858E+001   0.9064729283E+000   0.1014847181E+001
 0.2929293   0.4630695854E+000   0.1024959960E+001   0.8983958142E+000   0.9909288049E+000
 0.3030303   0.4796290158E+000   0.1013888604E+001   0.9022849070E+000   0.9933569086E+000
 0.3131313   0.4936088745E+000   0.1002025743E+001   0.9094709417E+000   0.9921825768E+000
 0.3232323   0.5175506814E+000   0.1011679189E+001   0.9197625961E+000   0.9912223879E+000
 0.3333333   0.5446051502E+000   0.1028150259E+001   0.9262307314E+000   0.9995739593E+000
 0.3434343   0.5563455017E+000   0.9873901863E+000   0.9427845994E+000   0.9921756690E+000
 0.3535354   0.5802565207E+000   0.9864505777E+000   0.9366112885E+000   0.9820384224E+000
 0.3636364   0.6186448048E+000   0.1007355047E+001   0.9406251857E+000   0.9988002819E+000
 0.3737374   0.6519901085E+000   0.1006677655E+001   0.9618619907E+000   0.9929009916E+000
 0.3838384   0.6794620568E+000   0.9881622677E+000   0.9802215361E+000   0.1011072049E+001
 0.3939394   0.7201491768E+000   0.1014597559E+001   0.9830268978E+000   0.9970871390E+000
 0.4040404   0.7656394537E+000   0.1006094952E+001   0.9801587092E+000   0.9811196805E+000
 0.4141414   0.7955759462E+000   0.9891455790E+000   0.1013307169E+001   0.1016874630E+001
 0.4242424   0.8520922536E+000   0.1009200273E+001   0.1005260752E+001   0.9964067174E+000
 0.4343434   0.9063828773E+000   0.1029740553E+001   0.1026759313E+001   0.1004181485E+001
 0.4444444   0.9527865487E+000   0.1013303473E+001   0.1008338887E+001   0.9695905053E+000
 0.4545455   0.1026422842E+001   0.1023568757E+001   0.1038735282E+001   0.9921065906E+000
 0.4646465   0.1082012129E+001   0.1029614300E+001   0.1055629558E+001   0.1007086229E+001
 0.4747475   0.1144703616E+001   0.1029779400E+001   0.1064135838E+001   0.1001425259E+001
 0.4848485   0.1209501749E+001   0.1030126593E+001   0.1068004272E+001   0.9864836137E+000
 0.4949495   0.1304001016E+001   0.1009972354E+001   0.1100847589E+001   0.1001625586E+001
 0.5050505   0.1342825017E+001   0.1020453724E+001   0.1082289201E+001   0.9906870307E+000
 0.5151515   0.1324655510E+001   0.1008768102E+001   0.1111218048E+001   0.1010654125E+001
 0.5252525   0.1320254928E+001   0.1007032132E+001   0.1092198532E+001   0.9898062819E+000
 0.5353535   0.1336763820E+001   0.1023243415E+001   0.1098949671E+001   0.9913018280E+000
 0.5454545   0.1325844618E+001   0.1025770889E+001   0.1079621662E+001   0.9910358764E+000
 0.5555556   0.1319988878E+001   0.1023173005E+001   0.1090271998E+001   0.9874092634E+000
 0.5656566   0.1331414565E+001   0.1024396681E+001   0.1085751809E+001   0.1001784466E+001
 0.5757576   0.1341191927E+001   0.1034569704E+001   0.1101769292E+001   0.1003507971E+001
 0.5858586   0.1317994087E+001   0.9984421193E+000   0.1092298695E+001   0.9834683441E+000
 0.5959596   0.1338587938E+001   0.1019676787E+001   0.1083247984E+001   0.9814132634E+000
 0.6060606   0.1330384315E+001   0.1015782389E+001   0.1097900259E+001   0.1006153671E+001
 0.6161616   0.1328326413E+001   0.1031102621E+001   0.1091770935E+001   0.9946486736E+000
 0.6262626   0.1314722182E+001   0.1003951090E+001   0.1101273139E+001   0.1005152035E+001
 0.6363636   0.1344981113E+001   0.1038891417E+001   0.1096482844E+001   0.9984583441E+000
 0.6464646   0.1324859952E+001   0.1010416665E+001   0.1081323952E+001   0.9835719616E+000
 0.6565657   0.1334117175E+001   0.1013774491E+001   0.1090786590E+001   0.9891845768E+000
 0.6666667   0.1338366440E+001   0.1031576067E+001   0.1089202073E+001   0.9874748879E+000
 0.6767677   0.1331919581E+001   0.1019499548E+001   0.1088006809E+001   0.9976881206E+000
 0.6868687   0.1332613128E+001   0.1008335930E+001   0.1096799666E+001   0.1005625222E+001
 0.6969697   0.1319162359E+001   0.9880554388E+000   0.1095091761E+001   0.9975568718E+000
 0.7070707   0.1339282267E+001   0.1028604282E+001   0.1093578762E+001   0.1005262561E+001
 0.7171717   0.1334578829E+001   0.1030519918E+001   0.1107640661E+001   0.1019717204E+001
 0.7272727   0.1344520673E+001   0.1026445853E+001   0.1099580316E+001   0.9953152796E+000
 0.7373737   0.1340966540E+001   0.1024646758E+001   0.1100377350E+001   0.9981302220E+000
 0.7474747   0.1328611032E+001   0.1014199379E+001   0.1088520341E+001   0.9902069363E+000
 0.7575758   0.1339961774E+001   0.1024658897E+001   0.1097173766E+001   0.9963030999E+000
 0.7676768   0.1338703856E+001   0.1021160251E+001   0.1084500230E+001   0.9956675791E+000
 0.7777778   0.1339486416E+001   0.1031845567E+001   0.1087530421E+001   0.9980611437E+000
 0.7878788   0.1334831832E+001   0.1020507139E+001   0.1092973454E+001   0.9947419294E+000
 0.7979798   0.1336742554E+001   0.1025057078E+001   0.1083783941E+001   0.9918993556E+000
 0.8080808   0.1333629384E+001   0.1020686805E+001   0.1086235965E+001   0.9949629801E+000
 0.8181818   0.1333279478E+001   0.1020791206E+001   0.1083518422E+001   0.9865008833E+000
 0.8282828   0.1334510618E+001   0.1022432486E+001   0.1085912468E+001   0.9876959386E+000
 0.8383838   0.1341220220E+001   0.1022313518E+001   0.1092996765E+001   0.9922723787E+000
 0.8484848   0.1340200678E+001   0.1023789699E+001   0.1087956970E+001   0.9943930837E+000
 0.8585859   0.1351275813E+001   0.1035115988E+001   0.1106351564E+001   0.1007607770E+001
 0.8686869   0.1347632193E+001   0.1033440717E+001   0.1095628237E+001   0.1004633948E+001
 0.8787879   0.1323461006E+001   0.1024845848E+001   0.1077508158E+001   0.9946866667E+000
 0.8888889   0.1330394536E+001   0.1018734750E+001   0.1088452982E+001   0.9968902658E+000
 0.8989899   0.1338549328E+001   0.1020718368E+001   0.1091681144E+001   0.9895714155E+000
 0.9090909   0.1334677000E+001   0.1023204568E+001   0.1094639106E+001   0.1005058780E+001
 0.9191919   0.1346116259E+001   0.1036900515E+001   0.1105269585E+001   0.1010861360E+001
 0.9292929   0.1337796052E+001   0.1021053423E+001   0.1101852268E+001   0.9993598165E+000
 0.9393939   0.1338683172E+001   0.1036116294E+001   0.1088995038E+001   0.1000720660E+001
 0.9494949   0.1341271588E+001   0.1028461034E+001   0.1093445607E+001   0.9981889386E+000
 0.9595960   0.1343746727E+001   0.1038044070E+001   0.1101874169E+001   0.1018145671E+001
 0.9696970   0.1335962262E+001   0.1022670423E+001   0.1092397044E+001   0.9858377312E+000
 0.9797980   0.1336763166E+001   0.1020283769E+001   0.1086551883E+001   0.9860000653E+000
 0.9898990   0.1345275527E+001   0.1031833428E+001   0.1095550275E+001   0.9999469824E+000
 1.0000000   0.1340611228E+001   0.1024547212E+001   0.1095733610E+001   0.9957608349E+000


 0.0000000   0.9683861909E+000   0.9077992757E+000   0.8544000157E+000   0.1011480871E+001
 0.0101010   0.9853472335E+000   0.9265803314E+000   0.8677005418E+000   0.1033583371E+001
 0.0202020   0.9511150585E+000   0.9041610268E+000   0.8576555340E+000   0.1009249071E+001
 0.0303030   0.9189153729E+000   0.8903793227E+000   0.8423787529E+000   0.9949194953E+000
 0.0404040   0.9205980459E+000   0.9261093467E+000   0.8580514040E+000   0.1023366094E+001
 0.0505051   0.8602274786E+000   0.9078727321E+000   0.8452347921E+000   0.1012652862E+001
 0.0606061   0.8251117244E+000   0.9143217659E+000   0.8423902291E+000   0.1004180286E+001
 0.0707071   0.7708260514E+000   0.8991962430E+000   0.8426727187E+000   0.9927792106E+000
 0.0808081   0.7362111020E+000   0.9279846437E+000   0.8305019500E+000   0.9975055498E+000
 0.0909091   0.6726177047E+000   0.9157887321E+000   0.8267099567E+000   0.9959615926E+000
 0.1010101   0.6319804772E+000   0.9359978653E+000   0.8431736047E+000   0.1032367099E+001
 0.1111111   0.5880921466E+000   0.9446678729E+000   0.8335303561E+000   0.9980664520E+000
 0.1212121   0.5419897554E+000   0.9346994166E+000   0.8329790270E+000   0.9932722141E+000
 0.1313131   0.5012801551E+000   0.9668603271E+000   0.8270103585E+000   0.1012785707E+001
 0.1414141   0.4720432977E+000   0.9507042550E+000   0.8316812886E+000   0.9951733774E+000
 0.1515152   0.4339508640E+000   0.9499783336E+000   0.8270190851E+000   0.9979011334E+000
 0.1616162   0.4129422496E+000   0.9496996317E+000   0.8309208292E+000   0.1006417991E+001
 0.1717172   0.4093329482E+000   0.9988743249E+000   0.8436175841E+000   0.1007194398E+001
 0.1818182   0.3900191437E+000   0.9717689384E+000   0.8433926451E+000   0.1020343126E+001
 0.1919192   0.3816961654E+000   0.9768806350E+000   0.8366085613E+000   0.1004561109E+001
 0.2020202   0.3811747458E+000   0.1011068076E+001   0.8488057140E+000   0.1018996961E+001
 0.2121212   0.3808187931E+000   0.9961780454E+000   0.8645120291E+000   0.1025485714E+001
 0.2222222   0.3773034747E+000   0.9861815029E+000   0.8603870308E+000   0.1004714619E+001
 0.2323232   0.3867628574E+000   0.9965129199E+000   0.8557951205E+000   0.1000026658E+001
 0.2424242   0.3944051109E+000   0.1007136002E+001   0.8640891336E+000   0.1009470480E+001
 0.2525253   0.4028774690E+000   0.9952490389E+000   0.8648314337E+000   0.9984708920E+000
 0.2626263   0.4134594561E+000   0.1002465043E+001   0.8822963125E+000   0.9975173582E+000
 0.2727273   0.4289089749E+000   0.1012468067E+001   0.8824946826E+000   0.9959999701E+000
 0.2828283   0.4426571298E+000   0.1015641813E+001   0.9035829306E+000   0.1011802652E+001
 0.2929293   0.4615822222E+000   0.1021414616E+001   0.8961010181E+000   0.9885842524E+000
 0.3030303   0.4775320972E+000   0.1009205742E+001   0.9042735972E+000   0.9957342796E+000
 0.3131313   0.4935878836E+000   0.1001734801E+001   0.9078115231E+000   0.9905592186E+000
 0.3232323   0.5155720094E+000   0.1007561616E+001   0.9158980968E+000   0.9872439913E+000
 0.3333333   0.5414267060E+000   0.1021896404E+001   0.9276157917E+000   0.1001257690E+001
 0.3434343   0.5580438662E+000   0.9901589472E+000   0.9402407784E+000   0.9896853920E+000
 0.3535354   0.5821233775E+000   0.9893790138E+000   0.9354192121E+000   0.9809736950E+000
 0.3636364   0.6222283101E+000   0.1012939052E+001   0.9405321990E+000   0.9988900926E+000
 0.3737374   0.6524178744E+000   0.1007088471E+001   0.9631951352E+000   0.9944648693E+000
 0.3838384   0.6810602209E+000   0.9902410454E+000   0.9798519001E+000   0.1010881592E+001
 0.3939394   0.7179139277E+000   0.1011197705E+001   0.9817726176E+000   0.9960029222E+000
 0.4040404   0.7649574223E+000   0.1004949596E+001   0.9784980319E+000   0.9796422902E+000
 0.4141414   0.7957506567E+000   0.9891175957E+000   0.1008386202E+001   0.1012127385E+001
 0.4242424   0.8522551927E+000   0.1009143088E+001   0.1003692936E+001   0.9950405321E+000
 0.4343434   0.9029426398E+000   0.1025577862E+001   0.1025058336E+001   0.1002707180E+001
 0.4444444   0.9483417790E+000   0.1008326426E+001   0.1009861164E+001   0.9712376133E+000
 0.4545455   0.1023385414E+001   0.1020286846E+001   0.1039478174E+001   0.9930035714E+000
 0.4646465   0.1080546899E+001   0.1027965193E+001   0.1052004319E+001   0.1003817176E+001
 0.4747475   0.1140483951E+001   0.1025729096E+001   0.1066789835E+001   0.1004112387E+001
 0.4848485   0.1211343189E+001   0.1031439245E+001   0.1067654314E+001   0.9863465478E+000
 0.4949495   0.1301833143E+001   0.1008043404E+001   0.1099294788E+001   0.1000401576E+001
 0.5050505   0.1343561023E+001   0.1020759991E+001   0.1090877090E+001   0.9987365825E+000
 0.5151515   0.1326781776E+001   0.1010136909E+001   0.1109405311E+001   0.1009195933E+001
 0.5252525   0.1318301737E+001   0.1005293112E+001   0.1092718819E+001   0.9904647509E+000
 0.5353535   0.1336995045E+001   0.1023166766E+001   0.1103651818E+001   0.9957313275E+000
 0.5454545   0.1326767282E+001   0.1026230327E+001   0.1081953330E+001   0.9933637297E+000
 0.5555556   0.1324891381E+001   0.1026718596E+001   0.1097757578E+001   0.9943763058E+000
 0.5656566   0.1331016391E+001   0.1023836515E+001   0.1082883928E+001   0.9993270059E+000
 0.5757576   0.1339487826E+001   0.1032999112E+001   0.1102561818E+001   0.1004419408E+001
 0.5858586   0.1314641044E+001   0.9956552092E+000   0.1096226176E+001   0.9871908532E+000
 0.5959596   0.1342268358E+001   0.1022226957E+001   0.1085956335E+001   0.9840527529E+000
 0.6060606   0.1325823148E+001   0.1012048934E+001   0.1093881439E+001   0.1002659946E+001
 0.6161616   0.1327739257E+001   0.1030391412E+001   0.1093637455E+001   0.9965372554E+000
 0.6262626   0.1316282437E+001   0.1004893423E+001   0.1103001768E+001   0.1006919851E+001
 0.6363636   0.1342591479E+001   0.1036788595E+001   0.1093855412E+001   0.9962538522E+000
 0.6464646   0.1317493974E+001   0.1004549907E+001   0.1087602709E+001   0.9894698875E+000
 0.6565657   0.1331420053E+001   0.1011474246E+001   0.1092633274E+001   0.9910463179E+000
 0.6666667   0.1334090817E+001   0.1028025686E+001   0.1093442960E+001   0.9915068482E+000
 0.6767677   0.1332005295E+001   0.1019312469E+001   0.1091622608E+001   0.1001192744E+001
 0.6868687   0.1335746927E+001   0.1010456660E+001   0.1092248515E+001   0.1001641466E+001
 0.6969697   0.1317636018E+001   0.9866676109E+000   0.1097479163E+001   0.9999203814E+000
 0.7070707   0.1337406039E+001   0.1026908718E+001   0.1096032190E+001   0.1007708066E+001
 0.7171717   0.1327206492E+001   0.1024573239E+001   0.1104863616E+001   0.1017352632E+001
 0.7272727   0.1343493111E+001   0.1025407184E+001   0.1098756258E+001   0.9947571289E+000
 0.7373737   0.1338071970E+001   0.1022181587E+001   0.1099276116E+001   0.9973195664E+000
 0.7474747   0.1330006658E+001   0.1015013113E+001   0.1091216631E+001   0.9928471092E+000
 0.7575758   0.1338927165E+001   0.1023613985E+001   0.1099285228E+001   0.9984088975E+000
 0.7676768   0.1333408607E+001   0.1016868966E+001   0.1084933981E+001   0.9962538522E+000
 0.7777778   0.1335413934E+001   0.1028453461E+001   0.1090299427E+001   0.1000791256E+001
 0.7878788   0.1335165663E+001   0.1020509375E+001   0.1096075518E+001   0.9977535276E+000
 0.7979798   0.1339438468E+001   0.1026869829E+001   0.1088000948E+001   0.9959468320E+000
 0.8080808   0.1333728103E+001   0.1020509375E+001   0.1088864219E+001   0.9975586879E+000
 0.8181818   0.1332886159E+001   0.1020237155E+001   0.1086895216E+001   0.9897621471E+000
 0.8282828   0.1333817186E+001   0.1021647948E+001   0.1091308172E+001   0.9927910190E+000
 0.8383838   0.1339556587E+001   0.1020792398E+001   0.1097165500E+001   0.9962449958E+000
 0.8484848   0.1336998686E+001   0.1021090544E+001   0.1087384495E+001   0.9940574772E+000
 0.8585859   0.1345182105E+001   0.1030192648E+001   0.1104927345E+001   0.1006500650E+001
 0.8686869   0.1342354467E+001   0.1029138334E+001   0.1093639212E+001   0.1002999439E+001
 0.8787879   0.1322870455E+001   0.1024134661E+001   0.1081543992E+001   0.9986007851E+000
 0.8888889   0.1330733944E+001   0.1018742102E+001   0.1089099666E+001   0.9976708683E+000
 0.8989899   0.1333633501E+001   0.1016717732E+001   0.1094628984E+001   0.9924308608E+000
 0.9090909   0.1335353184E+001   0.1023469233E+001   0.1094755295E+001   0.1005355229E+001
 0.9191919   0.1345847339E+001   0.1036436436E+001   0.1105225071E+001   0.1011011485E+001
 0.9292929   0.1339289077E+001   0.1021939613E+001   0.1100560242E+001   0.9983764243E+000
 0.9393939   0.1335595244E+001   0.1033470097E+001   0.1088040828E+001   0.1000032562E+001
 0.9494949   0.1340247065E+001   0.1027420752E+001   0.1097288854E+001   0.1001886491E+001
 0.9595960   0.1345956613E+001   0.1039493516E+001   0.1103002561E+001   0.1019380736E+001
 0.9696970   0.1333283349E+001   0.1020366783E+001   0.1092231258E+001   0.9858742091E+000
 0.9797980   0.1340159256E+001   0.1022622325E+001   0.1089964828E+001   0.9892839041E+000
 0.9898990   0.1340539117E+001   0.1027945749E+001   0.1093467869E+001   0.9982347226E+000
 1.0000000   0.1341509232E+001   0.1024979409E+001   0.1100015382E+001   0.9998406742E+000


 0.0000000   0.9820736411E+000   0.9202130814E+000   0.8503521955E+000   0.1007068568E+001
 0.0101010   0.9956821326E+000   0.9358744553E+000   0.8599632764E+000   0.1024753305E+001
 0.0202020   0.9660824157E+000   0.9179732094E+000   0.8507711284E+000   0.1001525439E+001
 0.0303030   0.9312620660E+000   0.9019335985E+000   0.8346061669E+000   0.9861112274E+000
 0.0404040   0.9329760128E+000   0.9381359971E+000   0.8521502342E+000   0.1016711329E+001
 0.0505051   0.8716825331E+000   0.9195452567E+000   0.8409722381E+000   0.1007926040E+001
 0.0606061   0.8394273572E+000   0.9297635645E+000   0.8390932600E+000   0.1000627376E+001
 0.0707071   0.7818947686E+000   0.9116948699E+000   0.8372311589E+000   0.9867403789E+000
 0.0808081   0.7423740145E+000   0.9353287697E+000   0.8228213195E+000   0.9886532023E+000
 0.0909091   0.6828252137E+000   0.9292651585E+000   0.8278468378E+000   0.9977074024E+000
 0.1010101   0.6372231565E+000   0.9433347852E+000   0.8340360615E+000   0.1021564421E+001
 0.1111111   0.5939135886E+000   0.9535865827E+000   0.8257494240E+000   0.9891225290E+000
 0.1212121   0.5462473779E+000   0.9416149891E+000   0.8281973451E+000   0.9879428700E+000
 0.1313131   0.5043236254E+000   0.9722896121E+000   0.8212263264E+000   0.1006081713E+001
 0.1414141   0.4773226026E+000   0.9609011338E+000   0.8275589975E+000   0.9906142269E+000
 0.1515152   0.4374207857E+000   0.9571404341E+000   0.8204981183E+000   0.9904062010E+000
 0.1616162   0.4157707463E+000   0.9557712951E+000   0.8273255001E+000   0.1002441260E+001
 0.1717172   0.4103844664E+000   0.1000986371E+001   0.8386974619E+000   0.1001697948E+001
 0.1818182   0.3913337207E+000   0.9746023735E+000   0.8413126493E+000   0.1018210637E+001
 0.1919192   0.3823771319E+000   0.9781798647E+000   0.8377195318E+000   0.1006274518E+001
 0.2020202   0.3827179902E+000   0.1014701401E+001   0.8468740188E+000   0.1017061421E+001
 0.2121212   0.3813198229E+000   0.9970365529E+000   0.8570419503E+000   0.1017008146E+001
 0.2222222   0.3783464076E+000   0.9884592419E+000   0.8578538034E+000   0.1002134295E+001
 0.2323232   0.3856101774E+000   0.9930926446E+000   0.8534949558E+000   0.9977150132E+000
 0.2424242   0.3941643532E+000   0.1006064990E+001   0.8618861169E+000   0.1007276594E+001
 0.2525253   0.4021190432E+000   0.9929251960E+000   0.8609778428E+000   0.9943967465E+000
 0.2626263   0.4135627341E+000   0.1002260951E+001   0.8807140898E+000   0.9961040809E+000
 0.2727273   0.4295882939E+000   0.1013611999E+001   0.8798004934E+000   0.9933337849E+000
 0.2828283   0.4414599729E+000   0.1012435919E+001   0.9045170706E+000   0.1013230700E+001
 0.2929293   0.4605697882E+000   0.1018712288E+001   0.8904121800E+000   0.9826788002E+000
 0.3030303   0.4758869481E+000   0.1005273057E+001   0.9007585671E+000   0.9922378436E+000
 0.3131313   0.4916967013E+000   0.9974443396E+000   0.9064784384E+000   0.9894776952E+000
 0.3232323   0.5137850541E+000   0.1003614330E+001   0.9147045912E+000   0.9863294009E+000
 0.3333333   0.5397860361E+000   0.1018337991E+001   0.9234518451E+000   0.9971391366E+000
 0.3434343   0.5576995516E+000   0.9890994868E+000   0.9377254859E+000   0.9874101208E+000
 0.3535354   0.5779542894E+000   0.9818479751E+000   0.9362952502E+000   0.9822627484E+000
 0.3636364   0.6209143258E+000   0.1010341826E+001   0.9447354022E+000   0.1003732543E+001
 0.3737374   0.6495427838E+000   0.1002195941E+001   0.9622035449E+000   0.9938157961E+000
 0.3838384   0.6786167231E+000   0.9862410398E+000   0.9757657464E+000   0.1007045736E+001
 0.3939394   0.7143811009E+000   0.1005765553E+001   0.9814171353E+000   0.9960178263E+000
 0.4040404   0.7643279638E+000   0.1003667519E+001   0.9734631843E+000   0.9749691576E+000
 0.4141414   0.7921821307E+000   0.9842355959E+000   0.1009536866E+001   0.1013664511E+001
 0.4242424   0.8499027803E+000   0.1005901481E+001   0.1003379045E+001   0.9951045419E+000
 0.4343434   0.8995969553E+000   0.1021314637E+001   0.1021900959E+001   0.9999956873E+000
 0.4444444   0.9483937847E+000   0.1007924655E+001   0.1013762310E+001   0.9753573035E+000
 0.4545455   0.1020869817E+001   0.1017317540E+001   0.1039657430E+001   0.9935494215E+000
 0.4646465   0.1076698895E+001   0.1023840157E+001   0.1053879028E+001   0.1005985311E+001
 0.4747475   0.1139662508E+001   0.1024525712E+001   0.1069335844E+001   0.1006888448E+001
 0.4848485   0.1209257432E+001   0.1029196544E+001   0.1071902441E+001   0.9906446697E+000
 0.4949495   0.1295046555E+001   0.1002333840E+001   0.1100201189E+001   0.1001604083E+001
 0.5050505   0.1346436399E+001   0.1022480868E+001   0.1085788294E+001   0.9944525583E+000
 0.5151515   0.1325558464E+001   0.1008748109E+001   0.1109411963E+001   0.1009582637E+001
 0.5252525   0.1316875397E+001   0.1003750259E+001   0.1095952068E+001   0.9937701319E+000
 0.5353535   0.1330268752E+001   0.1017557878E+001   0.1106538195E+001   0.9987120153E+000
 0.5454545   0.1325110605E+001   0.1024484342E+001   0.1085813382E+001   0.9972837400E+000
 0.5555556   0.1323118958E+001   0.1024880309E+001   0.1101991170E+001   0.9985877071E+000
 0.5656566   0.1325475436E+001   0.1019112195E+001   0.1090784389E+001   0.1006997534E+001
 0.5757576   0.1336641940E+001   0.1030337165E+001   0.1101865648E+001   0.1004163816E+001
 0.5858586   0.1311066215E+001   0.9924977094E+000   0.1096281532E+001   0.9876130729E+000
 0.5959596   0.1340218956E+001   0.1020203566E+001   0.1091872774E+001   0.9897871971E+000
 0.6060606   0.1319903566E+001   0.1007073622E+001   0.1094752174E+001   0.1003836556E+001
 0.6161616   0.1325942578E+001   0.1028530689E+001   0.1084804325E+001   0.9888612282E+000
 0.6262626   0.1315298646E+001   0.1003687219E+001   0.1099670793E+001   0.1004257681E+001
 0.6363636   0.1337376554E+001   0.1032293359E+001   0.1098131789E+001   0.1000525900E+001
 0.6464646   0.1316959471E+001   0.1003687219E+001   0.1089891110E+001   0.9919258048E+000
 0.6565657   0.1329790547E+001   0.1009778410E+001   0.1094353670E+001   0.9929811556E+000
 0.6666667   0.1333062345E+001   0.1026767553E+001   0.1098898493E+001   0.9968296347E+000
 0.6767677   0.1326289963E+001   0.1014478792E+001   0.1100758948E+001   0.1009953024E+001
 0.6868687   0.1334410905E+001   0.1008988447E+001   0.1091867843E+001   0.1001670042E+001
 0.6969697   0.1320164001E+001   0.9881125247E+000   0.1100488033E+001   0.1003039969E+001
 0.7070707   0.1336824969E+001   0.1025997290E+001   0.1094432692E+001   0.1006616999E+001
 0.7171717   0.1325650717E+001   0.1022908355E+001   0.1105381251E+001   0.1018213174E+001
 0.7272727   0.1338807564E+001   0.1021367827E+001   0.1100736740E+001   0.9969260369E+000
 0.7373737   0.1333944339E+001   0.1018566510E+001   0.1104334296E+001   0.1002286509E+001
 0.7474747   0.1328687797E+001   0.1013546990E+001   0.1093954286E+001   0.9957133982E+000
 0.7575758   0.1336182459E+001   0.1021052630E+001   0.1098913985E+001   0.9984481776E+000
 0.7676768   0.1332081968E+001   0.1015396805E+001   0.1092003439E+001   0.1003123686E+001
 0.7777778   0.1335088505E+001   0.1027736786E+001   0.1093688235E+001   0.1004280513E+001
 0.7878788   0.1330744901E+001   0.1016669415E+001   0.1097675913E+001   0.9995872462E+000
 0.7979798   0.1335660308E+001   0.1023509200E+001   0.1089987028E+001   0.9981412125E+000
 0.8080808   0.1332987748E+001   0.1019480582E+001   0.1092333439E+001   0.1001114461E+001
 0.8181818   0.1330132856E+001   0.1017668197E+001   0.1087465318E+001   0.9906548173E+000
 0.8282828   0.1333533819E+001   0.1020967920E+001   0.1097377714E+001   0.9986891832E+000
 0.8383838   0.1340394477E+001   0.1020967920E+001   0.1100506667E+001   0.9996557425E+000
 0.8484848   0.1334443067E+001   0.1018676829E+001   0.1093811756E+001   0.1000310263E+001
 0.8585859   0.1342411469E+001   0.1027604797E+001   0.1104579959E+001   0.1006563724E+001
 0.8686869   0.1341208804E+001   0.1027793915E+001   0.1096191002E+001   0.1005718936E+001
 0.8787879   0.1319263460E+001   0.1020879271E+001   0.1082932043E+001   0.1000259525E+001
 0.8888889   0.1330248053E+001   0.1017908535E+001   0.1090752559E+001   0.9995618772E+000
 0.8989899   0.1329438757E+001   0.1013060404E+001   0.1094602029E+001   0.9927807405E+000
 0.9090909   0.1335522321E+001   0.1023134903E+001   0.1101603395E+001   0.1012025672E+001
 0.9191919   0.1343642208E+001   0.1034269253E+001   0.1109071471E+001   0.1014912666E+001
 0.9292929   0.1337005492E+001   0.1019734710E+001   0.1101979927E+001   0.1000041351E+001
 0.9393939   0.1331401418E+001   0.1029757989E+001   0.1091044908E+001   0.1003171887E+001
 0.9494949   0.1344103050E+001   0.1029909678E+001   0.1107167376E+001   0.1011287434E+001
 0.9595960   0.1344686370E+001   0.1038041773E+001   0.1105733387E+001   0.1022289974E+001
 0.9696970   0.1331390308E+001   0.1018456190E+001   0.1097897648E+001   0.9913626127E+000
 0.9797980   0.1334912141E+001   0.1018156753E+001   0.1093167636E+001   0.9925651039E+000
 0.9898990   0.1338335015E+001   0.1025790441E+001   0.1100756253E+001   0.1005267368E+001
 1.0000000   0.1343037669E+001   0.1025682092E+001   0.1107744996E+001   0.1007246151E+001


 0.0000000   0.9873707039E+000   0.9250258481E+000   0.8486152742E+000   0.1005148117E+001
 0.0101010   0.1002239074E+001   0.9418841599E+000   0.8592352163E+000   0.1024024874E+001
 0.0202020   0.9738431663E+000   0.9251968249E+000   0.8510856621E+000   0.1002031861E+001
 0.0303030   0.9359259233E+000   0.9063029893E+000   0.8324442609E+000   0.9836905355E+000
 0.0404040   0.9378693207E+000   0.9429028217E+000   0.8479970921E+000   0.1011893656E+001
 0.0505051   0.8762783876E+000   0.9242429544E+000   0.8392544401E+000   0.1006003911E+001
 0.0606061   0.8458868472E+000   0.9367656547E+000   0.8357632967E+000   0.9967918026E+000
 0.0707071   0.7897827971E+000   0.9207424295E+000   0.8366871870E+000   0.9862332746E+000
 0.0808081   0.7433755285E+000   0.9364380991E+000   0.8181249424E+000   0.9831439026E+000
 0.0909091   0.6861697053E+000   0.9336646756E+000   0.8253131182E+000   0.9947889755E+000
 0.1010101   0.6418003309E+000   0.9499560644E+000   0.8315659062E+000   0.1018677281E+001
 0.1111111   0.5964316412E+000   0.9574736440E+000   0.8248187660E+000   0.9881420091E+000
 0.1212121   0.5487470215E+000   0.9457698326E+000   0.8274386409E+000   0.9871719598E+000
 0.1313131   0.5057995391E+000   0.9749762684E+000   0.8190399766E+000   0.1003539582E+001
 0.1414141   0.4760837464E+000   0.9582511385E+000   0.8211935910E+000   0.9831282205E+000
 0.1515152   0.4394327338E+000   0.9613863130E+000   0.8195484687E+000   0.9893943361E+000
 0.1616162   0.4159597279E+000   0.9560500372E+000   0.8228247666E+000   0.9971233668E+000
 0.1717172   0.4097103457E+000   0.9991793834E+000   0.8363461290E+000   0.9990253804E+000
 0.1818182   0.3913300466E+000   0.9744345419E+000   0.8402660609E+000   0.1017082188E+001
 0.1919192   0.3811650754E+000   0.9749204760E+000   0.8357972519E+000   0.1004101897E+001
 0.2020202   0.3826788047E+000   0.1014432313E+001   0.8497922174E+000   0.1020704751E+001
 0.2121212   0.3811062855E+000   0.9963159720E+000   0.8572748090E+000   0.1017422714E+001
 0.2222222   0.3784599987E+000   0.9885950200E+000   0.8540159122E+000   0.9977864952E+000
 0.2323232   0.3858176399E+000   0.9934651590E+000   0.8511234366E+000   0.9950779740E+000
 0.2424242   0.3928167560E+000   0.1002462138E+001   0.8604655024E+000   0.1005752998E+001
 0.2525253   0.4006288733E+000   0.9890845535E+000   0.8612547164E+000   0.9948517039E+000
 0.2626263   0.4136856279E+000   0.1002395547E+001   0.8784989954E+000   0.9937337948E+000
 0.2727273   0.4300357244E+000   0.1014502504E+001   0.8801740682E+000   0.9938906157E+000
 0.2828283   0.4416866882E+000   0.1012790936E+001   0.9057643006E+000   0.1014765719E+001
 0.2929293   0.4597519587E+000   0.1016737800E+001   0.8891720445E+000   0.9814435159E+000
 0.3030303   0.4740617874E+000   0.1001254502E+001   0.9011887637E+000   0.9928466365E+000
 0.3131313   0.4921406223E+000   0.9981823187E+000   0.9056427603E+000   0.9886998435E+000
 0.3232323   0.5132575833E+000   0.1002420743E+001   0.9159141409E+000   0.9877678792E+000
 0.3333333   0.5387069086E+000   0.1016136682E+001   0.9236229347E+000   0.9974594116E+000
 0.3434343   0.5577210516E+000   0.9889765682E+000   0.9337980890E+000   0.9834082579E+000
 0.3535354   0.5772387465E+000   0.9804727224E+000   0.9387287776E+000   0.9849495834E+000
 0.3636364   0.6211236298E+000   0.1010517844E+001   0.9414379320E+000   0.1000365079E+001
 0.3737374   0.6488387970E+000   0.1000946744E+001   0.9650817092E+000   0.9969239802E+000
 0.3838384   0.6796573404E+000   0.9875925560E+000   0.9765533350E+000   0.1007995537E+001
 0.3939394   0.7138473179E+000   0.1004850414E+001   0.9814702405E+000   0.9962070846E+000
 0.4040404   0.7643074719E+000   0.1003477200E+001   0.9753928914E+000   0.9770346080E+000
 0.4141414   0.7946078256E+000   0.9870886244E+000   0.1011611704E+001   0.1015885869E+001
 0.4242424   0.8498814799E+000   0.1005712497E+001   0.1002481871E+001   0.9943498770E+000
 0.4343434   0.9008421663E+000   0.1022561810E+001   0.1025852396E+001   0.1003998844E+001
 0.4444444   0.9484632953E+000   0.1007834409E+001   0.1018107959E+001   0.9796714396E+000
 0.4545455   0.1022004036E+001   0.1018281991E+001   0.1040170824E+001   0.9941751337E+000
 0.4646465   0.1080608534E+001   0.1027390554E+001   0.1058307789E+001   0.1010350091E+001
 0.4747475   0.1139951808E+001   0.1024618931E+001   0.1067073712E+001   0.1004894963E+001
 0.4848485   0.1210335316E+001   0.1029946207E+001   0.1064916759E+001   0.9843222998E+000
 0.4949495   0.1294148743E+001   0.1001475872E+001   0.1102056871E+001   0.1003429808E+001
 0.5050505   0.1346470708E+001   0.1022340440E+001   0.1082787001E+001   0.9918385021E+000
 0.5151515   0.1326934116E+001   0.1009630565E+001   0.1111967791E+001   0.1012045997E+001
 0.5252525   0.1319246630E+001   0.1005393940E+001   0.1097247744E+001   0.9950802143E+000
 0.5353535   0.1328165892E+001   0.1015783930E+001   0.1107752544E+001   0.9999439029E+000
 0.5454545   0.1324303778E+001   0.1023693856E+001   0.1089122691E+001   0.1000459172E+001
 0.5555556   0.1330114911E+001   0.1030131582E+001   0.1102925044E+001   0.9995697730E+000
 0.5656566   0.1326318045E+001   0.1019594013E+001   0.1093784338E+001   0.1009904271E+001
 0.5757576   0.1337284075E+001   0.1030664310E+001   0.1102333759E+001   0.1004726941E+001
 0.5858586   0.1312072825E+001   0.9930980088E+000   0.1098236370E+001   0.9895085914E+000
 0.5959596   0.1337735109E+001   0.1018147009E+001   0.1094036399E+001   0.9918833080E+000
 0.6060606   0.1322682290E+001   0.1009029446E+001   0.1092317974E+001   0.1001740623E+001
 0.6161616   0.1323147594E+001   0.1026195517E+001   0.1084735467E+001   0.9889328346E+000
 0.6262626   0.1315952315E+001   0.1004022526E+001   0.1096068947E+001   0.1001104378E+001
 0.6363636   0.1335450849E+001   0.1030639113E+001   0.1099441005E+001   0.1001854878E+001
 0.6464646   0.1311770668E+001   0.9995699304E+000   0.1094402186E+001   0.9961667592E+000
 0.6565657   0.1326733075E+001   0.1007292682E+001   0.1096029209E+001   0.9946366352E+000
 0.6666667   0.1333303167E+001   0.1026785836E+001   0.1105056189E+001   0.1002551611E+001
 0.6767677   0.1326838170E+001   0.1014732872E+001   0.1102550869E+001   0.1011734595E+001
 0.6868687   0.1331392440E+001   0.1006542184E+001   0.1092782854E+001   0.1002645703E+001
 0.6969697   0.1318476883E+001   0.9866890787E+000   0.1102095725E+001   0.1004641809E+001
 0.7070707   0.1333764158E+001   0.1023481485E+001   0.1099727938E+001   0.1011624821E+001
 0.7171717   0.1325419742E+001   0.1022563609E+001   0.1102918848E+001   0.1016083015E+001
 0.7272727   0.1339663624E+001   0.1021854506E+001   0.1102207353E+001   0.9983936162E+000
 0.7373737   0.1332289585E+001   0.1017137346E+001   0.1104962502E+001   0.1002992950E+001
 0.7474747   0.1328802493E+001   0.1013469444E+001   0.1093343875E+001   0.9952930427E+000
 0.7575758   0.1332976293E+001   0.1018436770E+001   0.1100765687E+001   0.1000266506E+001
 0.7676768   0.1330683889E+001   0.1014165949E+001   0.1092293113E+001   0.1003526141E+001
 0.7777778   0.1333380561E+001   0.1026254908E+001   0.1093508576E+001   0.1004251997E+001
 0.7878788   0.1331032282E+001   0.1016723402E+001   0.1099059713E+001   0.1000983402E+001
 0.7979798   0.1333819125E+001   0.1021931895E+001   0.1093108555E+001   0.1001135742E+001
 0.8080808   0.1328624785E+001   0.1015978303E+001   0.1090780879E+001   0.9998274074E+000
 0.8181818   0.1329495519E+001   0.1017014963E+001   0.1092066567E+001   0.9949816412E+000
 0.8282828   0.1335814361E+001   0.1022547412E+001   0.1101066010E+001   0.1002181961E+001
 0.8383838   0.1342079403E+001   0.1022084874E+001   0.1103611299E+001   0.1002612099E+001
 0.8484848   0.1330620176E+001   0.1015593156E+001   0.1094413785E+001   0.1000996843E+001
 0.8585859   0.1337640111E+001   0.1023785644E+001   0.1102574277E+001   0.1004872560E+001
 0.8686869   0.1340672916E+001   0.1027215978E+001   0.1099841524E+001   0.1009205298E+001
 0.8787879   0.1314686084E+001   0.1017171541E+001   0.1081558061E+001   0.9991261939E+000
 0.8888889   0.1326826723E+001   0.1015125219E+001   0.1090984505E+001   0.9999102984E+000
 0.8989899   0.1324674012E+001   0.1009265214E+001   0.1090379261E+001   0.9890851749E+000
 0.9090909   0.1329751898E+001   0.1018548354E+001   0.1099886083E+001   0.1010585322E+001
 0.9191919   0.1342965332E+001   0.1033579914E+001   0.1112466200E+001   0.1018157532E+001
 0.9292929   0.1334801339E+001   0.1017887844E+001   0.1101641370E+001   0.9998699731E+000
 0.9393939   0.1331901186E+001   0.1029976803E+001   0.1091910432E+001   0.1004104138E+001
 0.9494949   0.1340841131E+001   0.1027242974E+001   0.1108124422E+001   0.1012299150E+001
 0.9595960   0.1344466625E+001   0.1037703155E+001   0.1106647747E+001   0.1023274374E+001
 0.9696970   0.1330346329E+001   0.1017491898E+001   0.1097702382E+001   0.9913209931E+000
 0.9797980   0.1331734786E+001   0.1015567959E+001   0.1092564344E+001   0.9921521439E+000
 0.9898990   0.1334548934E+001   0.1022721988E+001   0.1102288719E+001   0.1006803698E+001
 1.0000000   0.1337668574E+001   0.1021415365E+001   0.1101614358E+001   0.1001807831E+001


