# Swap Acceptance ratios and number of Accepted and Trial Moves (per box) as a function of Lambda
 0.00500 0.80660     45467     56369 0.99755     45518     45630
 0.01500 0.82193     46521     56600 0.99373     46456     46749
 0.02500 0.81903     45938     56088 0.97976     45686     46630
 0.03500 0.78757     44733     56799 0.95337     44855     47049
 0.04500 0.75870     42107     55499 0.90887     42255     46492
 0.05500 0.70512     41064     58237 0.86443     41033     47468
 0.06500 0.65554     37439     57112 0.80695     37428     46382
 0.07500 0.60420     34757     57526 0.74250     34803     46873
 0.08500 0.55032     30953     56245 0.66989     30993     46266
 0.09500 0.48796     27716     56800 0.59835     27661     46229
 0.10500 0.42757     24691     57747 0.53319     24729     46379
 0.11500 0.36685     21016     57288 0.46266     21009     45409
 0.12500 0.32158     18427     57302 0.39409     18366     46604
 0.13500 0.26457     15261     57682 0.33737     15183     45004
 0.14500 0.22445     12880     57384 0.28087     12891     45896
 0.15500 0.18831     11009     58463 0.23627     10985     46493
 0.16500 0.15793      9375     59361 0.20289      9568     47158
 0.17500 0.13134      7757     59062 0.17123      7910     46194
 0.18500 0.10659      6394     59988 0.13762      6364     46243
 0.19500 0.09246      5695     61595 0.11885      5594     47068
 0.20500 0.07659      4654     60766 0.09796      4551     46460
 0.21500 0.06338      4003     63157 0.08526      3931     46107
 0.22500 0.05713      3310     57937 0.07048      3307     46924
 0.23500 0.04763      2963     62210 0.06201      2952     47607
 0.24500 0.03875      2452     63285 0.05382      2522     46864
 0.25500 0.03546      2235     63029 0.04607      2178     47276
 0.26500 0.02877      1888     65616 0.03983      1819     45664
 0.27500 0.02569      1631     63482 0.03642      1678     46074
 0.28500 0.02324      1477     63546 0.03315      1567     47277
 0.29500 0.02075      1307     62990 0.02904      1319     45426
 0.30500 0.00000         0         0 0.00000         0         0
 0.31500 0.00000         0         0 0.00000         0         0
 0.32500 0.00000         0         0 0.00000         0         0
 0.33500 0.00000         0         0 0.00000         0         0
 0.34500 0.00000         0         0 0.00000         0         0
 0.35500 0.00000         0         0 0.00000         0         0
 0.36500 0.00000         0         0 0.00000         0         0
 0.37500 0.00000         0         0 0.00000         0         0
 0.38500 0.00000         0         0 0.00000         0         0
 0.39500 0.00000         0         0 0.00000         0         0
 0.40500 0.00000         0         0 0.00000         0         0
 0.41500 0.00000         0         0 0.00000         0         0
 0.42500 0.00000         0         0 0.00000         0         0
 0.43500 0.00000         0         0 0.00000         0         0
 0.44500 0.00000         0         0 0.00000         0         0
 0.45500 0.00000         0         0 0.00000         0         0
 0.46500 0.00000         0         0 0.00000         0         0
 0.47500 0.00000         0         0 0.00000         0         0
 0.48500 0.00000         0         0 0.00000         0         0
 0.49500 0.00000         0         0 0.00000         0         0
 0.50500 0.00000         0         0 0.00000         0         0
 0.51500 0.00000         0         0 0.00000         0         0
 0.52500 0.00000         0         0 0.00000         0         0
 0.53500 0.00000         0         0 0.00000         0         0
 0.54500 0.00000         0         0 0.00000         0         0
 0.55500 0.00000         0         0 0.00000         0         0
 0.56500 0.00000         0         0 0.00000         0         0
 0.57500 0.00000         0         0 0.00000         0         0
 0.58500 0.00000         0         0 0.00000         0         0
 0.59500 0.00000         0         0 0.00000         0         0
 0.60500 0.00000         0         0 0.00000         0         0
 0.61500 0.00000         0         0 0.00000         0         0
 0.62500 0.00000         0         0 0.00000         0         0
 0.63500 0.00000         0         0 0.00000         0         0
 0.64500 0.00000         0         0 0.00000         0         0
 0.65500 0.00000         0         0 0.00000         0         0
 0.66500 0.00000         0         0 0.00000         0         0
 0.67500 0.00000         0         0 0.00000         0         0
 0.68500 0.00000         0         0 0.00000         0         0
 0.69500 0.00000         0         0 0.00000         0         0
 0.70500 0.00000         0         0 0.00000         0         0
 0.71500 0.00000         0         0 0.00000         0         0
 0.72500 0.00000         0         0 0.00000         0         0
 0.73500 0.00000         0         0 0.00000         0         0
 0.74500 0.00000         0         0 0.00000         0         0
 0.75500 0.00000         0         0 0.00000         0         0
 0.76500 0.00000         0         0 0.00000         0         0
 0.77500 0.00000         0         0 0.00000         0         0
 0.78500 0.00000         0         0 0.00000         0         0
 0.79500 0.00000         0         0 0.00000         0         0
 0.80500 0.00000         0         0 0.00000         0         0
 0.81500 0.00000         0         0 0.00000         0         0
 0.82500 0.00000         0         0 0.00000         0         0
 0.83500 0.00000         0         0 0.00000         0         0
 0.84500 0.00000         0         0 0.00000         0         0
 0.85500 0.00000         0         0 0.00000         0         0
 0.86500 0.00000         0         0 0.00000         0         0
 0.87500 0.00000         0         0 0.00000         0         0
 0.88500 0.00000         0         0 0.00000         0         0
 0.89500 0.00000         0         0 0.00000         0         0
 0.90500 0.00000         0         0 0.00000         0         0
 0.91500 0.00000         0         0 0.00000         0         0
 0.92500 0.00000         0         0 0.00000         0         0
 0.93500 0.00000         0         0 0.00000         0         0
 0.94500 0.00000         0         0 0.00000         0         0
 0.95500 0.00000         0         0 0.00000         0         0
 0.96500 0.00000         0         0 0.00000         0         0
 0.97500 0.00000         0         0 0.00000         0         0
 0.98500 0.00000         0         0 0.00000         0         0
 0.99500 0.00000         0         0 0.00000         0         0


 0.00500 0.79827     47045     58934 0.99784     47114     47216
 0.01500 0.80335     48339     60172 0.99713     48366     48505
 0.02500 0.79684     47432     59525 0.99290     47566     47906
 0.03500 0.79301     46210     58272 0.98325     46194     46981
 0.04500 0.77972     44507     57081 0.96584     44474     46047
 0.05500 0.75518     44520     58953 0.94356     44518     47181
 0.06500 0.73846     41951     56809 0.90389     41806     46251
 0.07500 0.69444     41397     59612 0.87290     41551     47601
 0.08500 0.66453     38787     58368 0.82180     38723     47120
 0.09500 0.62100     37119     59773 0.76726     37061     48303
 0.10500 0.57302     33201     57940 0.71663     33278     46437
 0.11500 0.52241     30012     57449 0.65886     29945     45450
 0.12500 0.47295     27562     58277 0.59967     27609     46040
 0.13500 0.41621     25059     60207 0.53891     25062     46505
 0.14500 0.38461     22431     58322 0.46405     22508     48503
 0.15500 0.32226     19628     60908 0.41083     19778     48142
 0.16500 0.28519     16964     59484 0.35479     16818     47403
 0.17500 0.23385     14522     62099 0.30985     14499     46794
 0.18500 0.20203     12390     61328 0.26243     12376     47160
 0.19500 0.17989     10668     59304 0.22269     10560     47420
 0.20500 0.14978      9434     62986 0.19425      9360     48186
 0.21500 0.13047      8144     62420 0.16777      8100     48279
 0.22500 0.11187      6714     60016 0.14614      6725     46016
 0.23500 0.10116      6249     61774 0.12855      6205     48268
 0.24500 0.08746      5235     59857 0.11628      5346     45977
 0.25500 0.08066      4759     59004 0.10517      4899     46581
 0.26500 0.07429      4381     58969 0.09132      4303     47119
 0.27500 0.06612      3927     59390 0.08299      3968     47812
 0.28500 0.05925      3589     60569 0.07475      3519     47078
 0.29500 0.05502      3311     60176 0.06888      3257     47287
 0.30500 0.00000         0         0 0.00000         0         0
 0.31500 0.00000         0         0 0.00000         0         0
 0.32500 0.00000         0         0 0.00000         0         0
 0.33500 0.00000         0         0 0.00000         0         0
 0.34500 0.00000         0         0 0.00000         0         0
 0.35500 0.00000         0         0 0.00000         0         0
 0.36500 0.00000         0         0 0.00000         0         0
 0.37500 0.00000         0         0 0.00000         0         0
 0.38500 0.00000         0         0 0.00000         0         0
 0.39500 0.00000         0         0 0.00000         0         0
 0.40500 0.00000         0         0 0.00000         0         0
 0.41500 0.00000         0         0 0.00000         0         0
 0.42500 0.00000         0         0 0.00000         0         0
 0.43500 0.00000         0         0 0.00000         0         0
 0.44500 0.00000         0         0 0.00000         0         0
 0.45500 0.00000         0         0 0.00000         0         0
 0.46500 0.00000         0         0 0.00000         0         0
 0.47500 0.00000         0         0 0.00000         0         0
 0.48500 0.00000         0         0 0.00000         0         0
 0.49500 0.00000         0         0 0.00000         0         0
 0.50500 0.00000         0         0 0.00000         0         0
 0.51500 0.00000         0         0 0.00000         0         0
 0.52500 0.00000         0         0 0.00000         0         0
 0.53500 0.00000         0         0 0.00000         0         0
 0.54500 0.00000         0         0 0.00000         0         0
 0.55500 0.00000         0         0 0.00000         0         0
 0.56500 0.00000         0         0 0.00000         0         0
 0.57500 0.00000         0         0 0.00000         0         0
 0.58500 0.00000         0         0 0.00000         0         0
 0.59500 0.00000         0         0 0.00000         0         0
 0.60500 0.00000         0         0 0.00000         0         0
 0.61500 0.00000         0         0 0.00000         0         0
 0.62500 0.00000         0         0 0.00000         0         0
 0.63500 0.00000         0         0 0.00000         0         0
 0.64500 0.00000         0         0 0.00000         0         0
 0.65500 0.00000         0         0 0.00000         0         0
 0.66500 0.00000         0         0 0.00000         0         0
 0.67500 0.00000         0         0 0.00000         0         0
 0.68500 0.00000         0         0 0.00000         0         0
 0.69500 0.00000         0         0 0.00000         0         0
 0.70500 0.00000         0         0 0.00000         0         0
 0.71500 0.00000         0         0 0.00000         0         0
 0.72500 0.00000         0         0 0.00000         0         0
 0.73500 0.00000         0         0 0.00000         0         0
 0.74500 0.00000         0         0 0.00000         0         0
 0.75500 0.00000         0         0 0.00000         0         0
 0.76500 0.00000         0         0 0.00000         0         0
 0.77500 0.00000         0         0 0.00000         0         0
 0.78500 0.00000         0         0 0.00000         0         0
 0.79500 0.00000         0         0 0.00000         0         0
 0.80500 0.00000         0         0 0.00000         0         0
 0.81500 0.00000         0         0 0.00000         0         0
 0.82500 0.00000         0         0 0.00000         0         0
 0.83500 0.00000         0         0 0.00000         0         0
 0.84500 0.00000         0         0 0.00000         0         0
 0.85500 0.00000         0         0 0.00000         0         0
 0.86500 0.00000         0         0 0.00000         0         0
 0.87500 0.00000         0         0 0.00000         0         0
 0.88500 0.00000         0         0 0.00000         0         0
 0.89500 0.00000         0         0 0.00000         0         0
 0.90500 0.00000         0         0 0.00000         0         0
 0.91500 0.00000         0         0 0.00000         0         0
 0.92500 0.00000         0         0 0.00000         0         0
 0.93500 0.00000         0         0 0.00000         0         0
 0.94500 0.00000         0         0 0.00000         0         0
 0.95500 0.00000         0         0 0.00000         0         0
 0.96500 0.00000         0         0 0.00000         0         0
 0.97500 0.00000         0         0 0.00000         0         0
 0.98500 0.00000         0         0 0.00000         0         0
 0.99500 0.00000         0         0 0.00000         0         0


