# Evolution of the weightfunction during equilibration phase for fractional: Ar
# Weightfunction after cycle        209
 0.0000000    0.2000000000E+001    0.1200000000E+001
 0.0101010    0.2700000000E+001    0.1500000000E+001
 0.0202020    0.2500000000E+001    0.1000000000E+001
 0.0303030    0.3000000000E+001    0.1000000000E+001
 0.0404040    0.2600000000E+001    0.1400000000E+001
 0.0505051    0.2600000000E+001    0.1800000000E+001
 0.0606061    0.2300000000E+001    0.1200000000E+001
 0.0707071    0.3100000000E+001    0.1200000000E+001
 0.0808081    0.2700000000E+001    0.8000000000E+000
 0.0909091    0.2700000000E+001    0.1500000000E+001
 0.1010101    0.3400000000E+001    0.2000000000E+001
 0.1111111    0.3400000000E+001    0.1900000000E+001
 0.1212121    0.3100000000E+001    0.1000000000E+001
 0.1313131    0.2400000000E+001    0.5000000000E+000
 0.1414141    0.3600000000E+001    0.2400000000E+001
 0.1515152    0.3700000000E+001    0.1400000000E+001
 0.1616162    0.4100000000E+001    0.1800000000E+001
 0.1717172    0.3500000000E+001    0.1800000000E+001
 0.1818182    0.3300000000E+001    0.1500000000E+001
 0.1919192    0.3200000000E+001    0.1300000000E+001
 0.2020202    0.4200000000E+001    0.2200000000E+001
 0.2121212    0.3700000000E+001    0.1700000000E+001
 0.2222222    0.4500000000E+001    0.2600000000E+001
 0.2323232    0.3600000000E+001    0.1400000000E+001
 0.2424242    0.3400000000E+001    0.2100000000E+001
 0.2525253    0.3900000000E+001    0.1400000000E+001
 0.2626263    0.3900000000E+001    0.1900000000E+001
 0.2727273    0.3700000000E+001    0.1800000000E+001
 0.2828283    0.3600000000E+001    0.8000000000E+000
 0.2929293    0.2800000000E+001    0.2600000000E+001
 0.3030303    0.3400000000E+001    0.1600000000E+001
 0.3131313    0.2600000000E+001    0.1700000000E+001
 0.3232323    0.4200000000E+001    0.1100000000E+001
 0.3333333    0.4000000000E+001    0.1600000000E+001
 0.3434343    0.3900000000E+001    0.1900000000E+001
 0.3535354    0.1700000000E+001    0.1800000000E+001
 0.3636364    0.2200000000E+001    0.1300000000E+001
 0.3737374    0.3500000000E+001    0.1400000000E+001
 0.3838384    0.3100000000E+001    0.1000000000E+001
 0.3939394    0.3500000000E+001    0.2000000000E+000
 0.4040404    0.2800000000E+001    0.1700000000E+001
 0.4141414    0.2700000000E+001    0.1900000000E+001
 0.4242424    0.2600000000E+001    0.1500000000E+001
 0.4343434    0.2600000000E+001    0.2300000000E+001
 0.4444444    0.3900000000E+001    0.1000000000E+001
 0.4545455    0.3700000000E+001    0.8000000000E+000
 0.4646465    0.2600000000E+001    0.1400000000E+001
 0.4747475    0.2900000000E+001    0.1300000000E+001
 0.4848485    0.2400000000E+001    0.1800000000E+001
 0.4949495    0.1700000000E+001    0.1400000000E+001
 0.5050505    0.2900000000E+001    0.9000000000E+000
 0.5151515    0.3700000000E+001    0.2100000000E+001
 0.5252525    0.2600000000E+001    0.7000000000E+000
 0.5353535    0.2200000000E+001    0.9000000000E+000
 0.5454545    0.2700000000E+001    0.0000000000E+000
 0.5555556    0.1500000000E+001    0.1300000000E+001
 0.5656566    0.3000000000E+001    0.1500000000E+001
 0.5757576    0.3000000000E+001    0.1900000000E+001
 0.5858586    0.2700000000E+001    0.1400000000E+001
 0.5959596    0.2800000000E+001    0.8000000000E+000
 0.6060606    0.1800000000E+001    0.1900000000E+001
 0.6161616    0.1900000000E+001    0.1300000000E+001
 0.6262626    0.3300000000E+001    0.6000000000E+000
 0.6363636    0.2300000000E+001    0.1300000000E+001
 0.6464646    0.3500000000E+001    0.1400000000E+001
 0.6565657    0.1900000000E+001    0.1500000000E+001
 0.6666667    0.2600000000E+001    0.1200000000E+001
 0.6767677    0.3400000000E+001    0.9000000000E+000
 0.6868687    0.2800000000E+001    0.1000000000E+001
 0.6969697    0.2300000000E+001    0.1600000000E+001
 0.7070707    0.2700000000E+001    0.1300000000E+001
 0.7171717    0.2500000000E+001    0.1300000000E+001
 0.7272727    0.2300000000E+001    0.8000000000E+000
 0.7373737    0.2400000000E+001    0.9000000000E+000
 0.7474747    0.2600000000E+001    0.1100000000E+001
 0.7575758    0.3200000000E+001    0.1500000000E+001
 0.7676768    0.2700000000E+001    0.1400000000E+001
 0.7777778    0.2900000000E+001    0.1300000000E+001
 0.7878788    0.3000000000E+001    0.1400000000E+001
 0.7979798    0.2600000000E+001    0.1400000000E+001
 0.8080808    0.3200000000E+001    0.1800000000E+001
 0.8181818    0.3600000000E+001    0.2600000000E+001
 0.8282828    0.2400000000E+001    0.1000000000E+001
 0.8383838    0.2900000000E+001    0.1400000000E+001
 0.8484848    0.3200000000E+001    0.1500000000E+001
 0.8585859    0.2700000000E+001    0.1200000000E+001
 0.8686869    0.2300000000E+001    0.5000000000E+000
 0.8787879    0.3400000000E+001    0.2200000000E+001
 0.8888889    0.3100000000E+001    0.1400000000E+001
 0.8989899    0.3100000000E+001    0.1600000000E+001
 0.9090909    0.2400000000E+001    0.1000000000E+001
 0.9191919    0.2100000000E+001    0.7000000000E+000
 0.9292929    0.3000000000E+001    0.7000000000E+000
 0.9393939    0.3000000000E+001    0.1700000000E+001
 0.9494949    0.2500000000E+001    0.1300000000E+001
 0.9595960    0.2600000000E+001    0.1000000000E+001
 0.9696970    0.2200000000E+001    0.5000000000E+000
 0.9797980    0.3800000000E+001    0.2000000000E+001
 0.9898990    0.3200000000E+001    0.2000000000E+001
 1.0000000    0.2900000000E+001    0.2000000000E+001


# Weightfunction after cycle        815
 0.0000000    0.2500000000E+001    0.1300000000E+001
 0.0101010    0.2450000000E+001    0.9250000000E+000
 0.0202020    0.1800000000E+001    0.3250000000E+000
 0.0303030    0.2200000000E+001    0.9000000000E+000
 0.0404040    0.1950000000E+001    0.7500000000E+000
 0.0505051    0.2425000000E+001    0.7000000000E+000
 0.0606061    0.1825000000E+001    0.4750000000E+000
 0.0707071    0.2550000000E+001    0.1100000000E+001
 0.0808081    0.1775000000E+001    0.2250000000E+000
 0.0909091    0.2100000000E+001    0.5750000000E+000
 0.1010101    0.1950000000E+001    0.2500000000E+000
 0.1111111    0.2350000000E+001    0.4500000000E+000
 0.1212121    0.2750000000E+001    0.8250000000E+000
 0.1313131    0.2500000000E+001    0.4000000000E+000
 0.1414141    0.2750000000E+001    0.9500000000E+000
 0.1515152    0.2575000000E+001    0.5250000000E+000
 0.1616162    0.2800000000E+001    0.6750000000E+000
 0.1717172    0.3025000000E+001    0.5250000000E+000
 0.1818182    0.2925000000E+001    0.7500000000E+000
 0.1919192    0.2725000000E+001    0.9750000000E+000
 0.2020202    0.3175000000E+001    0.4750000000E+000
 0.2121212    0.2950000000E+001    0.7750000000E+000
 0.2222222    0.2750000000E+001    0.3500000000E+000
 0.2323232    0.3175000000E+001    0.5250000000E+000
 0.2424242    0.3025000000E+001    0.8250000000E+000
 0.2525253    0.3000000000E+001    0.3000000000E+000
 0.2626263    0.3175000000E+001    0.8000000000E+000
 0.2727273    0.2975000000E+001    0.4250000000E+000
 0.2828283    0.3200000000E+001    0.9250000000E+000
 0.2929293    0.2975000000E+001    0.4500000000E+000
 0.3030303    0.2400000000E+001    0.5500000000E+000
 0.3131313    0.2975000000E+001    0.4750000000E+000
 0.3232323    0.2175000000E+001    0.5500000000E+000
 0.3333333    0.3025000000E+001    0.5750000000E+000
 0.3434343    0.2550000000E+001    0.6250000000E+000
 0.3535354    0.2300000000E+001    0.1025000000E+001
 0.3636364    0.2400000000E+001    0.4000000000E+000
 0.3737374    0.2275000000E+001    0.7250000000E+000
 0.3838384    0.2575000000E+001    0.5500000000E+000
 0.3939394    0.2500000000E+001    0.6250000000E+000
 0.4040404    0.2550000000E+001    0.2750000000E+000
 0.4141414    0.2300000000E+001    0.3750000000E+000
 0.4242424    0.2150000000E+001    0.9000000000E+000
 0.4343434    0.2075000000E+001    0.6000000000E+000
 0.4444444    0.2600000000E+001    0.5000000000E-001
 0.4545455    0.2200000000E+001    0.2500000000E+000
 0.4646465    0.1725000000E+001    0.9500000000E+000
 0.4747475    0.2100000000E+001    0.5250000000E+000
 0.4848485    0.2075000000E+001    0.5750000000E+000
 0.4949495    0.2000000000E+001    0.4750000000E+000
 0.5050505    0.2025000000E+001    0.7750000000E+000
 0.5151515    0.1200000000E+001    0.3250000000E+000
 0.5252525    0.1825000000E+001    0.3500000000E+000
 0.5353535    0.1725000000E+001    0.4250000000E+000
 0.5454545    0.2150000000E+001    0.6000000000E+000
 0.5555556    0.1600000000E+001    0.6250000000E+000
 0.5656566    0.1725000000E+001    0.8750000000E+000
 0.5757576    0.2125000000E+001    0.6000000000E+000
 0.5858586    0.1675000000E+001    0.7500000000E-001
 0.5959596    0.1550000000E+001    0.1750000000E+000
 0.6060606    0.1550000000E+001    0.4750000000E+000
 0.6161616    0.1775000000E+001    0.0000000000E+000
 0.6262626    0.1425000000E+001    0.1000000000E+000
 0.6363636    0.1850000000E+001    0.8000000000E+000
 0.6464646    0.1850000000E+001    0.7000000000E+000
 0.6565657    0.1675000000E+001    0.3500000000E+000
 0.6666667    0.1775000000E+001    0.4250000000E+000
 0.6767677    0.1575000000E+001    0.6000000000E+000
 0.6868687    0.1875000000E+001    0.4500000000E+000
 0.6969697    0.1850000000E+001    0.4000000000E+000
 0.7070707    0.2050000000E+001    0.6000000000E+000
 0.7171717    0.1625000000E+001    0.2750000000E+000
 0.7272727    0.2000000000E+001    0.7000000000E+000
 0.7373737    0.1875000000E+001    0.4000000000E+000
 0.7474747    0.1900000000E+001    0.5250000000E+000
 0.7575758    0.1625000000E+001    0.2250000000E+000
 0.7676768    0.1600000000E+001    0.1500000000E+000
 0.7777778    0.1500000000E+001    0.3000000000E+000
 0.7878788    0.1725000000E+001    0.2250000000E+000
 0.7979798    0.1675000000E+001    0.3750000000E+000
 0.8080808    0.1625000000E+001    0.8881784197E-014
 0.8181818    0.1725000000E+001    0.4000000000E+000
 0.8282828    0.1600000000E+001    0.1750000000E+000
 0.8383838    0.1650000000E+001    0.4250000000E+000
 0.8484848    0.1700000000E+001    0.2000000000E+000
 0.8585859    0.1850000000E+001    0.4500000000E+000
 0.8686869    0.1675000000E+001    0.3500000000E+000
 0.8787879    0.1475000000E+001    0.7500000000E-001
 0.8888889    0.1750000000E+001    0.4750000000E+000
 0.8989899    0.1925000000E+001    0.6500000000E+000
 0.9090909    0.1700000000E+001    0.2750000000E+000
 0.9191919    0.1925000000E+001    0.4500000000E+000
 0.9292929    0.1575000000E+001    0.3000000000E+000
 0.9393939    0.1525000000E+001    0.2750000000E+000
 0.9494949    0.1500000000E+001    0.1000000000E+000
 0.9595960    0.1625000000E+001    0.2750000000E+000
 0.9696970    0.1650000000E+001    0.3250000000E+000
 0.9797980    0.1650000000E+001    0.2500000000E+000
 0.9898990    0.2150000000E+001    0.7250000000E+000
 1.0000000    0.1850000000E+001    0.5250000000E+000


# Weightfunction after cycle       1817
 0.0000000    0.2131250000E+001    0.6937500000E+000
 0.0101010    0.1931250000E+001    0.4562500000E+000
 0.0202020    0.2081250000E+001    0.7062500000E+000
 0.0303030    0.2200000000E+001    0.7062500000E+000
 0.0404040    0.2106250000E+001    0.6687500000E+000
 0.0505051    0.2056250000E+001    0.5875000000E+000
 0.0606061    0.2043750000E+001    0.4375000000E+000
 0.0707071    0.2200000000E+001    0.6500000000E+000
 0.0808081    0.2212500000E+001    0.6312500000E+000
 0.0909091    0.2387500000E+001    0.6750000000E+000
 0.1010101    0.2400000000E+001    0.5562500000E+000
 0.1111111    0.2400000000E+001    0.6750000000E+000
 0.1212121    0.2700000000E+001    0.6312500000E+000
 0.1313131    0.2762500000E+001    0.5687500000E+000
 0.1414141    0.2637500000E+001    0.5625000000E+000
 0.1515152    0.2806250000E+001    0.7500000000E+000
 0.1616162    0.2656250000E+001    0.7687500000E+000
 0.1717172    0.2806250000E+001    0.6937500000E+000
 0.1818182    0.2481250000E+001    0.7062500000E+000
 0.1919192    0.2875000000E+001    0.6062500000E+000
 0.2020202    0.2637500000E+001    0.5812500000E+000
 0.2121212    0.2562500000E+001    0.3875000000E+000
 0.2222222    0.2756250000E+001    0.5562500000E+000
 0.2323232    0.2531250000E+001    0.3562500000E+000
 0.2424242    0.2737500000E+001    0.4437500000E+000
 0.2525253    0.2543750000E+001    0.4625000000E+000
 0.2626263    0.2600000000E+001    0.5187500000E+000
 0.2727273    0.2331250000E+001    0.4062500000E+000
 0.2828283    0.2637500000E+001    0.5437500000E+000
 0.2929293    0.2750000000E+001    0.2562500000E+000
 0.3030303    0.2412500000E+001    0.4625000000E+000
 0.3131313    0.2343750000E+001    0.3375000000E+000
 0.3232323    0.2243750000E+001    0.2875000000E+000
 0.3333333    0.2456250000E+001    0.4562500000E+000
 0.3434343    0.2037500000E+001    0.4125000000E+000
 0.3535354    0.2075000000E+001    0.3187500000E+000
 0.3636364    0.1968750000E+001    0.2875000000E+000
 0.3737374    0.1993750000E+001    0.2500000000E+000
 0.3838384    0.2093750000E+001    0.2687500000E+000
 0.3939394    0.2062500000E+001    0.3750000000E+000
 0.4040404    0.1918750000E+001    0.2250000000E+000
 0.4141414    0.1768750000E+001    0.2875000000E+000
 0.4242424    0.1631250000E+001    0.3500000000E+000
 0.4343434    0.1806250000E+001    0.2937500000E+000
 0.4444444    0.1718750000E+001    0.3812500000E+000
 0.4545455    0.1650000000E+001    0.2687500000E+000
 0.4646465    0.1737500000E+001    0.9375000000E-001
 0.4747475    0.1600000000E+001    0.1437500000E+000
 0.4848485    0.1587500000E+001    0.2687500000E+000
 0.4949495    0.1462500000E+001    0.2750000000E+000
 0.5050505    0.1406250000E+001    0.2250000000E+000
 0.5151515    0.1606250000E+001    0.3750000000E+000
 0.5252525    0.1643750000E+001    0.2562500000E+000
 0.5353535    0.1562500000E+001    0.7500000000E-001
 0.5454545    0.1625000000E+001    0.2750000000E+000
 0.5555556    0.1406250000E+001    0.0000000000E+000
 0.5656566    0.1450000000E+001    0.8125000000E-001
 0.5757576    0.1418750000E+001    0.1250000000E+000
 0.5858586    0.1668750000E+001    0.1687500000E+000
 0.5959596    0.1612500000E+001    0.2250000000E+000
 0.6060606    0.1793750000E+001    0.6250000000E-001
 0.6161616    0.1325000000E+001    0.3687500000E+000
 0.6262626    0.1650000000E+001    0.2062500000E+000
 0.6363636    0.1600000000E+001    0.2125000000E+000
 0.6464646    0.1362500000E+001    0.3937500000E+000
 0.6565657    0.1593750000E+001    0.2625000000E+000
 0.6666667    0.1675000000E+001    0.1625000000E+000
 0.6767677    0.1450000000E+001    0.3125000000E+000
 0.6868687    0.1543750000E+001    0.1375000000E+000
 0.6969697    0.1393750000E+001    0.3375000000E+000
 0.7070707    0.1500000000E+001    0.1875000000E+000
 0.7171717    0.1425000000E+001    0.3125000000E-001
 0.7272727    0.1481250000E+001    0.1687500000E+000
 0.7373737    0.1537500000E+001    0.1812500000E+000
 0.7474747    0.1462500000E+001    0.1875000000E+000
 0.7575758    0.1525000000E+001    0.2250000000E+000
 0.7676768    0.1450000000E+001    0.1375000000E+000
 0.7777778    0.1700000000E+001    0.3562500000E+000
 0.7878788    0.1587500000E+001    0.2625000000E+000
 0.7979798    0.1556250000E+001    0.2062500000E+000
 0.8080808    0.1531250000E+001    0.2187500000E+000
 0.8181818    0.1587500000E+001    0.3187500000E+000
 0.8282828    0.1618750000E+001    0.3187500000E+000
 0.8383838    0.1631250000E+001    0.2875000000E+000
 0.8484848    0.1556250000E+001    0.1937500000E+000
 0.8585859    0.1600000000E+001    0.3875000000E+000
 0.8686869    0.1581250000E+001    0.2562500000E+000
 0.8787879    0.1525000000E+001    0.1375000000E+000
 0.8888889    0.1600000000E+001    0.3375000000E+000
 0.8989899    0.1500000000E+001    0.1812500000E+000
 0.9090909    0.1575000000E+001    0.3812500000E+000
 0.9191919    0.1418750000E+001    0.1312500000E+000
 0.9292929    0.1500000000E+001    0.1687500000E+000
 0.9393939    0.1543750000E+001    0.1375000000E+000
 0.9494949    0.1637500000E+001    0.2625000000E+000
 0.9595960    0.1693750000E+001    0.3250000000E+000
 0.9696970    0.1556250000E+001    0.2312500000E+000
 0.9797980    0.1681250000E+001    0.3187500000E+000
 0.9898990    0.1562500000E+001    0.2375000000E+000
 1.0000000    0.1443750000E+001    0.2125000000E+000


# Weightfunction after cycle       3942
 0.0000000    0.1781250000E+001    0.4734375000E+000
 0.0101010    0.1735937500E+001    0.4453125000E+000
 0.0202020    0.1798437500E+001    0.4890625000E+000
 0.0303030    0.1809375000E+001    0.5234375000E+000
 0.0404040    0.1840625000E+001    0.5375000000E+000
 0.0505051    0.1815625000E+001    0.4500000000E+000
 0.0606061    0.1965625000E+001    0.5328125000E+000
 0.0707071    0.2037500000E+001    0.5578125000E+000
 0.0808081    0.1984375000E+001    0.4906250000E+000
 0.0909091    0.2051562500E+001    0.5359375000E+000
 0.1010101    0.2170312500E+001    0.5578125000E+000
 0.1111111    0.2175000000E+001    0.5625000000E+000
 0.1212121    0.2209375000E+001    0.5234375000E+000
 0.1313131    0.2307812500E+001    0.5921875000E+000
 0.1414141    0.2423437500E+001    0.5062500000E+000
 0.1515152    0.2395312500E+001    0.5109375000E+000
 0.1616162    0.2504687500E+001    0.5468750000E+000
 0.1717172    0.2440625000E+001    0.5187500000E+000
 0.1818182    0.2565625000E+001    0.5046875000E+000
 0.1919192    0.2496875000E+001    0.4906250000E+000
 0.2020202    0.2510937500E+001    0.5640625000E+000
 0.2121212    0.2475000000E+001    0.5578125000E+000
 0.2222222    0.2534375000E+001    0.5515625000E+000
 0.2323232    0.2528125000E+001    0.5546875000E+000
 0.2424242    0.2479687500E+001    0.4265625000E+000
 0.2525253    0.2407812500E+001    0.4906250000E+000
 0.2626263    0.2392187500E+001    0.5156250000E+000
 0.2727273    0.2445312500E+001    0.4531250000E+000
 0.2828283    0.2437500000E+001    0.5265625000E+000
 0.2929293    0.2346875000E+001    0.4218750000E+000
 0.3030303    0.2151562500E+001    0.4609375000E+000
 0.3131313    0.2173437500E+001    0.3718750000E+000
 0.3232323    0.2170312500E+001    0.4437500000E+000
 0.3333333    0.2184375000E+001    0.4140625000E+000
 0.3434343    0.2051562500E+001    0.2796875000E+000
 0.3535354    0.2134375000E+001    0.3734375000E+000
 0.3636364    0.2082812500E+001    0.2625000000E+000
 0.3737374    0.1860937500E+001    0.3484375000E+000
 0.3838384    0.1982812500E+001    0.3093750000E+000
 0.3939394    0.1870312500E+001    0.3125000000E+000
 0.4040404    0.1768750000E+001    0.2015625000E+000
 0.4141414    0.1759375000E+001    0.2984375000E+000
 0.4242424    0.1787500000E+001    0.2000000000E+000
 0.4343434    0.1651562500E+001    0.2250000000E+000
 0.4444444    0.1667187500E+001    0.1375000000E+000
 0.4545455    0.1495312500E+001    0.1875000000E+000
 0.4646465    0.1442187500E+001    0.2343750000E+000
 0.4747475    0.1364062500E+001    0.2078125000E+000
 0.4848485    0.1323437500E+001    0.8750000000E-001
 0.4949495    0.1240625000E+001    0.1203125000E+000
 0.5050505    0.1335937500E+001    0.1140625000E+000
 0.5151515    0.1303125000E+001    0.5781250000E-001
 0.5252525    0.1331250000E+001    0.1671875000E+000
 0.5353535    0.1290625000E+001    0.1921875000E+000
 0.5454545    0.1270312500E+001    0.1109375000E+000
 0.5555556    0.1173437500E+001    0.8593750000E-001
 0.5656566    0.1195312500E+001    0.1531250000E+000
 0.5757576    0.1271875000E+001    0.1515625000E+000
 0.5858586    0.1346875000E+001    0.6562500000E-001
 0.5959596    0.1173437500E+001    0.5312500000E-001
 0.6060606    0.1284375000E+001    0.5625000000E-001
 0.6161616    0.1203125000E+001    0.0000000000E+000
 0.6262626    0.1270312500E+001    0.1312500000E+000
 0.6363636    0.1282812500E+001    0.8593750000E-001
 0.6464646    0.1231250000E+001    0.9062500000E-001
 0.6565657    0.1254687500E+001    0.1031250000E+000
 0.6666667    0.1335937500E+001    0.1140625000E+000
 0.6767677    0.1279687500E+001    0.9843750000E-001
 0.6868687    0.1289062500E+001    0.8750000000E-001
 0.6969697    0.1235937500E+001    0.8593750000E-001
 0.7070707    0.1246875000E+001    0.1359375000E+000
 0.7171717    0.1245312500E+001    0.7031250000E-001
 0.7272727    0.1251562500E+001    0.1234375000E+000
 0.7373737    0.1257812500E+001    0.1140625000E+000
 0.7474747    0.1309375000E+001    0.1718750000E+000
 0.7575758    0.1189062500E+001    0.6562500000E-001
 0.7676768    0.1304687500E+001    0.1640625000E+000
 0.7777778    0.1248437500E+001    0.1296875000E+000
 0.7878788    0.1279687500E+001    0.1046875000E+000
 0.7979798    0.1350000000E+001    0.2406250000E+000
 0.8080808    0.1285937500E+001    0.1031250000E+000
 0.8181818    0.1228125000E+001    0.1328125000E+000
 0.8282828    0.1312500000E+001    0.1921875000E+000
 0.8383838    0.1229687500E+001    0.1015625000E+000
 0.8484848    0.1312500000E+001    0.2062500000E+000
 0.8585859    0.1221875000E+001    0.9062500000E-001
 0.8686869    0.1229687500E+001    0.1218750000E+000
 0.8787879    0.1287500000E+001    0.1656250000E+000
 0.8888889    0.1201562500E+001    0.8593750000E-001
 0.8989899    0.1289062500E+001    0.1906250000E+000
 0.9090909    0.1285937500E+001    0.1953125000E+000
 0.9191919    0.1304687500E+001    0.1484375000E+000
 0.9292929    0.1254687500E+001    0.1500000000E+000
 0.9393939    0.1203125000E+001    0.1078125000E+000
 0.9494949    0.1276562500E+001    0.1562500000E+000
 0.9595960    0.1250000000E+001    0.1640625000E+000
 0.9696970    0.1381250000E+001    0.2640625000E+000
 0.9797980    0.1271875000E+001    0.1218750000E+000
 0.9898990    0.1234375000E+001    0.1093750000E+000
 1.0000000    0.1289062500E+001    0.1453125000E+000


# Weightfunction after cycle      13604
 0.0000000    0.1948046875E+001    0.3773437500E+000
 0.0101010    0.1872265625E+001    0.3398437500E+000
 0.0202020    0.1856250000E+001    0.3207031250E+000
 0.0303030    0.1941015625E+001    0.3718750000E+000
 0.0404040    0.1958203125E+001    0.3562500000E+000
 0.0505051    0.2049609375E+001    0.4246093750E+000
 0.0606061    0.2108203125E+001    0.4027343750E+000
 0.0707071    0.2148437500E+001    0.4007812500E+000
 0.0808081    0.2202343750E+001    0.4113281250E+000
 0.0909091    0.2300781250E+001    0.4136718750E+000
 0.1010101    0.2389062500E+001    0.4308593750E+000
 0.1111111    0.2487500000E+001    0.4585937500E+000
 0.1212121    0.2526562500E+001    0.3964843750E+000
 0.1313131    0.2553906250E+001    0.4269531250E+000
 0.1414141    0.2696875000E+001    0.4027343750E+000
 0.1515152    0.2741796875E+001    0.4152343750E+000
 0.1616162    0.2775000000E+001    0.4011718750E+000
 0.1717172    0.2839062500E+001    0.4488281250E+000
 0.1818182    0.2862890625E+001    0.4117187500E+000
 0.1919192    0.2916015625E+001    0.4242187500E+000
 0.2020202    0.2923437500E+001    0.4109375000E+000
 0.2121212    0.2878906250E+001    0.3984375000E+000
 0.2222222    0.2892578125E+001    0.3898437500E+000
 0.2323232    0.2896875000E+001    0.3441406250E+000
 0.2424242    0.2884375000E+001    0.3617187500E+000
 0.2525253    0.2827343750E+001    0.3917968750E+000
 0.2626263    0.2829296875E+001    0.3312500000E+000
 0.2727273    0.2825781250E+001    0.3585937500E+000
 0.2828283    0.2777343750E+001    0.3933593750E+000
 0.2929293    0.2717968750E+001    0.3273437500E+000
 0.3030303    0.2647265625E+001    0.2683593750E+000
 0.3131313    0.2685937500E+001    0.2664062500E+000
 0.3232323    0.2664843750E+001    0.3324218750E+000
 0.3333333    0.2565625000E+001    0.2875000000E+000
 0.3434343    0.2587500000E+001    0.2953125000E+000
 0.3535354    0.2502343750E+001    0.3023437500E+000
 0.3636364    0.2448046875E+001    0.1761718750E+000
 0.3737374    0.2451562500E+001    0.2308593750E+000
 0.3838384    0.2380078125E+001    0.2609375000E+000
 0.3939394    0.2238671875E+001    0.2359375000E+000
 0.4040404    0.2245703125E+001    0.1496093750E+000
 0.4141414    0.2264843750E+001    0.1996093750E+000
 0.4242424    0.2167968750E+001    0.1339843750E+000
 0.4343434    0.2110937500E+001    0.2089843750E+000
 0.4444444    0.2016796875E+001    0.7734375000E-001
 0.4545455    0.1980078125E+001    0.1042968750E+000
 0.4646465    0.1931250000E+001    0.8007812500E-001
 0.4747475    0.1903906250E+001    0.1023437500E+000
 0.4848485    0.1773437500E+001    0.7851562500E-001
 0.4949495    0.1784375000E+001    0.5898437500E-001
 0.5050505    0.1721484375E+001    0.0000000000E+000
 0.5151515    0.1692187500E+001    0.4335937500E-001
 0.5252525    0.1700000000E+001    0.5312500000E-001
 0.5353535    0.1705078125E+001    0.9531250000E-001
 0.5454545    0.1734765625E+001    0.5390625000E-001
 0.5555556    0.1725390625E+001    0.9453125000E-001
 0.5656566    0.1712890625E+001    0.6367187500E-001
 0.5757576    0.1728515625E+001    0.6093750000E-001
 0.5858586    0.1719140625E+001    0.3398437500E-001
 0.5959596    0.1723437500E+001    0.9062500000E-001
 0.6060606    0.1699609375E+001    0.4609375000E-001
 0.6161616    0.1689453125E+001    0.9765625000E-002
 0.6262626    0.1720312500E+001    0.8203125000E-001
 0.6363636    0.1704296875E+001    0.2031250000E-001
 0.6464646    0.1731250000E+001    0.3203125000E-001
 0.6565657    0.1694140625E+001    0.3710937500E-001
 0.6666667    0.1693359375E+001    0.7070312500E-001
 0.6767677    0.1719531250E+001    0.5273437500E-001
 0.6868687    0.1728515625E+001    0.1054687500E-001
 0.6969697    0.1705859375E+001    0.1210937500E-001
 0.7070707    0.1701562500E+001    0.5742187500E-001
 0.7171717    0.1710546875E+001    0.6484375000E-001
 0.7272727    0.1728125000E+001    0.8867187500E-001
 0.7373737    0.1722265625E+001    0.5078125000E-001
 0.7474747    0.1719531250E+001    0.5976562500E-001
 0.7575758    0.1678515625E+001    0.2539062500E-001
 0.7676768    0.1721875000E+001    0.3554687500E-001
 0.7777778    0.1710546875E+001    0.5507812500E-001
 0.7878788    0.1680468750E+001    0.5000000000E-001
 0.7979798    0.1714843750E+001    0.5625000000E-001
 0.8080808    0.1717187500E+001    0.5703125000E-001
 0.8181818    0.1723437500E+001    0.8164062500E-001
 0.8282828    0.1747656250E+001    0.9179687500E-001
 0.8383838    0.1742578125E+001    0.9882812500E-001
 0.8484848    0.1750781250E+001    0.7656250000E-001
 0.8585859    0.1680468750E+001    0.4140625000E-001
 0.8686869    0.1687109375E+001    0.1250000000E-001
 0.8787879    0.1708203125E+001    0.1914062500E-001
 0.8888889    0.1748828125E+001    0.9296875000E-001
 0.8989899    0.1745312500E+001    0.9218750000E-001
 0.9090909    0.1731250000E+001    0.6718750000E-001
 0.9191919    0.1687890625E+001    0.3242187500E-001
 0.9292929    0.1719140625E+001    0.4882812500E-001
 0.9393939    0.1682812500E+001    0.3867187500E-001
 0.9494949    0.1693359375E+001    0.5156250000E-001
 0.9595960    0.1687500000E+001    0.1171875000E-001
 0.9696970    0.1695703125E+001    0.4687500000E-001
 0.9797980    0.1756640625E+001    0.7773437500E-001
 0.9898990    0.1701171875E+001    0.4492187500E-001
 1.0000000    0.1748828125E+001    0.5820312500E-001


# Weightfunction after cycle      21175
 0.0000000    0.1881445313E+001    0.3416015625E+000
 0.0101010    0.1862695313E+001    0.3398437500E+000
 0.0202020    0.1856152344E+001    0.3315429687E+000
 0.0303030    0.1938183594E+001    0.3695312500E+000
 0.0404040    0.1927343750E+001    0.3573242187E+000
 0.0505051    0.2015625000E+001    0.3891601562E+000
 0.0606061    0.2053710938E+001    0.3900390625E+000
 0.0707071    0.2094433594E+001    0.3655273437E+000
 0.0808081    0.2158300781E+001    0.3848632812E+000
 0.0909091    0.2248632813E+001    0.3916015625E+000
 0.1010101    0.2331152344E+001    0.3921875000E+000
 0.1111111    0.2439550781E+001    0.4251953125E+000
 0.1212121    0.2482226563E+001    0.3902343750E+000
 0.1313131    0.2533203125E+001    0.4161132812E+000
 0.1414141    0.2644238281E+001    0.3875000000E+000
 0.1515152    0.2682910156E+001    0.4006835937E+000
 0.1616162    0.2764648438E+001    0.4029296875E+000
 0.1717172    0.2806250000E+001    0.4152343750E+000
 0.1818182    0.2802929688E+001    0.3867187500E+000
 0.1919192    0.2853515625E+001    0.4051757812E+000
 0.2020202    0.2832910156E+001    0.3634765625E+000
 0.2121212    0.2841699219E+001    0.3654296875E+000
 0.2222222    0.2844921875E+001    0.3608398437E+000
 0.2323232    0.2835058594E+001    0.3404296875E+000
 0.2424242    0.2837792969E+001    0.3402343750E+000
 0.2525253    0.2771582031E+001    0.3572265625E+000
 0.2626263    0.2751562500E+001    0.3217773437E+000
 0.2727273    0.2752050781E+001    0.3420898437E+000
 0.2828283    0.2726171875E+001    0.3432617187E+000
 0.2929293    0.2649902344E+001    0.3069335937E+000
 0.3030303    0.2605957031E+001    0.2637695312E+000
 0.3131313    0.2620703125E+001    0.2762695312E+000
 0.3232323    0.2566601563E+001    0.2959960937E+000
 0.3333333    0.2516113281E+001    0.2811523437E+000
 0.3434343    0.2505468750E+001    0.2566406250E+000
 0.3535354    0.2443164063E+001    0.2708984375E+000
 0.3636364    0.2362500000E+001    0.1957031250E+000
 0.3737374    0.2347949219E+001    0.1958007812E+000
 0.3838384    0.2294140625E+001    0.2333007812E+000
 0.3939394    0.2208203125E+001    0.2166015625E+000
 0.4040404    0.2183886719E+001    0.1588867187E+000
 0.4141414    0.2133300781E+001    0.1636718750E+000
 0.4242424    0.2090039063E+001    0.1516601562E+000
 0.4343434    0.1983691406E+001    0.1493164062E+000
 0.4444444    0.1945898438E+001    0.8574218750E-001
 0.4545455    0.1890234375E+001    0.8984375000E-001
 0.4646465    0.1851367188E+001    0.7167968750E-001
 0.4747475    0.1821777344E+001    0.1036132812E+000
 0.4848485    0.1729687500E+001    0.4736328125E-001
 0.4949495    0.1656347656E+001    0.3535156250E-001
 0.5050505    0.1633398438E+001    0.2656250000E-001
 0.5151515    0.1608496094E+001    0.2392578125E-001
 0.5252525    0.1633789063E+001    0.4658203125E-001
 0.5353535    0.1614062500E+001    0.4765625000E-001
 0.5454545    0.1663085938E+001    0.4218750000E-001
 0.5555556    0.1620214844E+001    0.5166015625E-001
 0.5656566    0.1630078125E+001    0.4492187500E-001
 0.5757576    0.1627734375E+001    0.1689453125E-001
 0.5858586    0.1636230469E+001    0.4169921875E-001
 0.5959596    0.1661718750E+001    0.5830078125E-001
 0.6060606    0.1618554688E+001    0.3271484375E-001
 0.6161616    0.1634472656E+001    0.1777343750E-001
 0.6262626    0.1637597656E+001    0.2441406250E-001
 0.6363636    0.1642285156E+001    0.2539062500E-002
 0.6464646    0.1658398438E+001    0.2011718750E-001
 0.6565657    0.1623535156E+001    0.4394531250E-002
 0.6666667    0.1627343750E+001    0.7812500000E-002
 0.6767677    0.1638964844E+001    0.3496093750E-001
 0.6868687    0.1627148438E+001    0.1308593750E-001
 0.6969697    0.1632812500E+001    0.4492187500E-002
 0.7070707    0.1627929688E+001    0.2861328125E-001
 0.7171717    0.1620312500E+001    0.3173828125E-001
 0.7272727    0.1644238281E+001    0.4970703125E-001
 0.7373737    0.1630175781E+001    0.1669921875E-001
 0.7474747    0.1648925781E+001    0.3378906250E-001
 0.7575758    0.1613085938E+001    0.9277343750E-002
 0.7676768    0.1622363281E+001    0.7519531250E-002
 0.7777778    0.1644238281E+001    0.4062500000E-001
 0.7878788    0.1625976563E+001    0.2900390625E-001
 0.7979798    0.1640039063E+001    0.2968750000E-001
 0.8080808    0.1625878906E+001    0.2646484375E-001
 0.8181818    0.1660937500E+001    0.5576171875E-001
 0.8282828    0.1645605469E+001    0.4853515625E-001
 0.8383838    0.1658789063E+001    0.5722656250E-001
 0.8484848    0.1660546875E+001    0.4384765625E-001
 0.8585859    0.1622460938E+001    0.2890625000E-001
 0.8686869    0.1623339844E+001    0.1562500000E-001
 0.8787879    0.1620410156E+001    0.2734375000E-002
 0.8888889    0.1654296875E+001    0.6630859375E-001
 0.8989899    0.1664355469E+001    0.5185546875E-001
 0.9090909    0.1657812500E+001    0.5205078125E-001
 0.9191919    0.1635351563E+001    0.2763671875E-001
 0.9292929    0.1621191406E+001    0.0000000000E+000
 0.9393939    0.1629003906E+001    0.2792968750E-001
 0.9494949    0.1642578125E+001    0.4873046875E-001
 0.9595960    0.1634863281E+001    0.1044921875E-001
 0.9696970    0.1646875000E+001    0.4775390625E-001
 0.9797980    0.1663378906E+001    0.3740234375E-001
 0.9898990    0.1643652344E+001    0.2617187500E-001
 1.0000000    0.1653710938E+001    0.4072265625E-001


# Weightfunction after cycle      30087
 0.0000000    0.1891748047E+001    0.3451660156E+000
 0.0101010    0.1873510742E+001    0.3374023438E+000
 0.0202020    0.1875170898E+001    0.3402587891E+000
 0.0303030    0.1940771484E+001    0.3625732422E+000
 0.0404040    0.1926220703E+001    0.3484863281E+000
 0.0505051    0.2013964844E+001    0.3740478516E+000
 0.0606061    0.2053076172E+001    0.3851806641E+000
 0.0707071    0.2102514648E+001    0.3648437500E+000
 0.0808081    0.2167456055E+001    0.3785888672E+000
 0.0909091    0.2257275391E+001    0.3960449219E+000
 0.1010101    0.2336987305E+001    0.3888183594E+000
 0.1111111    0.2438012695E+001    0.4112304688E+000
 0.1212121    0.2491479492E+001    0.3954345703E+000
 0.1313131    0.2542382813E+001    0.4068359375E+000
 0.1414141    0.2648852539E+001    0.3862792969E+000
 0.1515152    0.2687500000E+001    0.3969238281E+000
 0.1616162    0.2759887695E+001    0.3890869141E+000
 0.1717172    0.2812622070E+001    0.4061279297E+000
 0.1818182    0.2809619141E+001    0.3814208984E+000
 0.1919192    0.2861914063E+001    0.3954101563E+000
 0.2020202    0.2846142578E+001    0.3617187500E+000
 0.2121212    0.2852124023E+001    0.3640869141E+000
 0.2222222    0.2847680664E+001    0.3604492188E+000
 0.2323232    0.2842211914E+001    0.3347900391E+000
 0.2424242    0.2843139648E+001    0.3376220703E+000
 0.2525253    0.2782885742E+001    0.3555175781E+000
 0.2626263    0.2771118164E+001    0.3155029297E+000
 0.2727273    0.2765039063E+001    0.3320068359E+000
 0.2828283    0.2737573242E+001    0.3398681641E+000
 0.2929293    0.2679785156E+001    0.2983398438E+000
 0.3030303    0.2618872070E+001    0.2606689453E+000
 0.3131313    0.2628198242E+001    0.2776367187E+000
 0.3232323    0.2577124023E+001    0.2924560547E+000
 0.3333333    0.2528686523E+001    0.2741455078E+000
 0.3434343    0.2509985352E+001    0.2631835937E+000
 0.3535354    0.2450048828E+001    0.2568603516E+000
 0.3636364    0.2384375000E+001    0.2087646484E+000
 0.3737374    0.2357617188E+001    0.2017578125E+000
 0.3838384    0.2306005859E+001    0.2188964844E+000
 0.3939394    0.2239624023E+001    0.2023437500E+000
 0.4040404    0.2190185547E+001    0.1551025391E+000
 0.4141414    0.2145385742E+001    0.1616943359E+000
 0.4242424    0.2102124023E+001    0.1489013672E+000
 0.4343434    0.2004589844E+001    0.1423583984E+000
 0.4444444    0.1963305664E+001    0.8486328125E-001
 0.4545455    0.1909448242E+001    0.9094238281E-001
 0.4646465    0.1866333008E+001    0.6440429688E-001
 0.4747475    0.1825073242E+001    0.9648437500E-001
 0.4848485    0.1748681641E+001    0.4506835937E-001
 0.4949495    0.1669335938E+001    0.3349609375E-001
 0.5050505    0.1647827148E+001    0.2917480469E-001
 0.5151515    0.1621826172E+001    0.2595214844E-001
 0.5252525    0.1649951172E+001    0.4267578125E-001
 0.5353535    0.1643579102E+001    0.4567871094E-001
 0.5454545    0.1672021484E+001    0.4533691406E-001
 0.5555556    0.1637866211E+001    0.5383300781E-001
 0.5656566    0.1655737305E+001    0.3916015625E-001
 0.5757576    0.1644775391E+001    0.1799316406E-001
 0.5858586    0.1647973633E+001    0.3784179688E-001
 0.5959596    0.1677075195E+001    0.5251464844E-001
 0.6060606    0.1643823242E+001    0.3596191406E-001
 0.6161616    0.1649584961E+001    0.2380371094E-001
 0.6262626    0.1656372070E+001    0.1979980469E-001
 0.6363636    0.1658422852E+001    0.7763671875E-002
 0.6464646    0.1675927734E+001    0.2192382813E-001
 0.6565657    0.1650024414E+001    0.0000000000E+000
 0.6666667    0.1651416016E+001    0.1643066406E-001
 0.6767677    0.1651879883E+001    0.4238281250E-001
 0.6868687    0.1644238281E+001    0.1550292969E-001
 0.6969697    0.1647583008E+001    0.9277343750E-002
 0.7070707    0.1646850586E+001    0.3139648437E-001
 0.7171717    0.1638574219E+001    0.3012695312E-001
 0.7272727    0.1663208008E+001    0.4858398437E-001
 0.7373737    0.1652099609E+001    0.2329101562E-001
 0.7474747    0.1667333984E+001    0.3500976562E-001
 0.7575758    0.1634887695E+001    0.1296386719E-001
 0.7676768    0.1643432617E+001    0.1301269531E-001
 0.7777778    0.1661352539E+001    0.3959960937E-001
 0.7878788    0.1647949219E+001    0.3112792969E-001
 0.7979798    0.1658496094E+001    0.3010253906E-001
 0.8080808    0.1652807617E+001    0.3281250000E-001
 0.8181818    0.1671704102E+001    0.4575195312E-001
 0.8282828    0.1658227539E+001    0.3820800781E-001
 0.8383838    0.1676562500E+001    0.5156250000E-001
 0.8484848    0.1675708008E+001    0.4619140625E-001
 0.8585859    0.1646386719E+001    0.3229980469E-001
 0.8686869    0.1644287109E+001    0.1560058594E-001
 0.8787879    0.1645019531E+001    0.8154296875E-002
 0.8888889    0.1664355469E+001    0.5190429687E-001
 0.8989899    0.1677832031E+001    0.4721679687E-001
 0.9090909    0.1665454102E+001    0.3984375000E-001
 0.9191919    0.1659277344E+001    0.3708496094E-001
 0.9292929    0.1641430664E+001    0.4711914062E-002
 0.9393939    0.1652587891E+001    0.3625488281E-001
 0.9494949    0.1661401367E+001    0.4924316406E-001
 0.9595960    0.1656420898E+001    0.1760253906E-001
 0.9696970    0.1669995117E+001    0.5280761719E-001
 0.9797980    0.1678540039E+001    0.4162597656E-001
 0.9898990    0.1663427734E+001    0.3327636719E-001
 1.0000000    0.1674804688E+001    0.3974609375E-001


# Weightfunction after cycle      35758
 0.0000000    0.1889294434E+001    0.3457946777E+000
 0.0101010    0.1872290039E+001    0.3385498047E+000
 0.0202020    0.1873699951E+001    0.3407165527E+000
 0.0303030    0.1939324951E+001    0.3633483887E+000
 0.0404040    0.1924353027E+001    0.3488586426E+000
 0.0505051    0.2010021973E+001    0.3728698730E+000
 0.0606061    0.2051123047E+001    0.3848022461E+000
 0.0707071    0.2097131348E+001    0.3621520996E+000
 0.0808081    0.2165948486E+001    0.3795593262E+000
 0.0909091    0.2255059814E+001    0.3957519531E+000
 0.1010101    0.2334301758E+001    0.3893371582E+000
 0.1111111    0.2432647705E+001    0.4092590332E+000
 0.1212121    0.2489062500E+001    0.3962097168E+000
 0.1313131    0.2540850830E+001    0.4076782227E+000
 0.1414141    0.2647052002E+001    0.3875732422E+000
 0.1515152    0.2685406494E+001    0.3957580566E+000
 0.1616162    0.2757995605E+001    0.3891479492E+000
 0.1717172    0.2809051514E+001    0.4060302734E+000
 0.1818182    0.2808074951E+001    0.3808654785E+000
 0.1919192    0.2860430908E+001    0.3966857910E+000
 0.2020202    0.2843310547E+001    0.3619140625E+000
 0.2121212    0.2848828125E+001    0.3639404297E+000
 0.2222222    0.2845135498E+001    0.3606262207E+000
 0.2323232    0.2837921143E+001    0.3343505859E+000
 0.2424242    0.2840332031E+001    0.3396423340E+000
 0.2525253    0.2782489014E+001    0.3544921875E+000
 0.2626263    0.2768438721E+001    0.3161132812E+000
 0.2727273    0.2763012695E+001    0.3310363770E+000
 0.2828283    0.2734179688E+001    0.3386108398E+000
 0.2929293    0.2677038574E+001    0.2988708496E+000
 0.3030303    0.2616888428E+001    0.2604370117E+000
 0.3131313    0.2625921631E+001    0.2778564453E+000
 0.3232323    0.2573272705E+001    0.2913513184E+000
 0.3333333    0.2527832031E+001    0.2754272461E+000
 0.3434343    0.2508264160E+001    0.2614013672E+000
 0.3535354    0.2446740723E+001    0.2547607422E+000
 0.3636364    0.2382049561E+001    0.2100646973E+000
 0.3737374    0.2353973389E+001    0.2008239746E+000
 0.3838384    0.2304254150E+001    0.2185485840E+000
 0.3939394    0.2235144043E+001    0.2015686035E+000
 0.4040404    0.2188580322E+001    0.1558776855E+000
 0.4141414    0.2144122314E+001    0.1605834961E+000
 0.4242424    0.2098895264E+001    0.1488098145E+000
 0.4343434    0.2004223633E+001    0.1428649902E+000
 0.4444444    0.1962194824E+001    0.8493652344E-001
 0.4545455    0.1907885742E+001    0.9061889648E-001
 0.4646465    0.1863824463E+001    0.6403198242E-001
 0.4747475    0.1820159912E+001    0.9345092773E-001
 0.4848485    0.1746380615E+001    0.4409790039E-001
 0.4949495    0.1668499756E+001    0.3308105469E-001
 0.5050505    0.1644097900E+001    0.2820434570E-001
 0.5151515    0.1621545410E+001    0.2606811523E-001
 0.5252525    0.1648443604E+001    0.4296264648E-001
 0.5353535    0.1642565918E+001    0.4479370117E-001
 0.5454545    0.1670892334E+001    0.4371337891E-001
 0.5555556    0.1636816406E+001    0.5291137695E-001
 0.5656566    0.1652709961E+001    0.3873901367E-001
 0.5757576    0.1642102051E+001    0.1801757813E-001
 0.5858586    0.1645220947E+001    0.3746337891E-001
 0.5959596    0.1674066162E+001    0.5170288086E-001
 0.6060606    0.1641473389E+001    0.3524780273E-001
 0.6161616    0.1647454834E+001    0.2256469727E-001
 0.6262626    0.1652770996E+001    0.1818237305E-001
 0.6363636    0.1655950928E+001    0.8563232422E-002
 0.6464646    0.1674310303E+001    0.2075805664E-001
 0.6565657    0.1648272705E+001    0.0000000000E+000
 0.6666667    0.1649890137E+001    0.1640625000E-001
 0.6767677    0.1649505615E+001    0.4196166992E-001
 0.6868687    0.1640734863E+001    0.1582031250E-001
 0.6969697    0.1646228027E+001    0.1026000977E-001
 0.7070707    0.1645330811E+001    0.3215942383E-001
 0.7171717    0.1636010742E+001    0.2951660156E-001
 0.7272727    0.1661187744E+001    0.4871826172E-001
 0.7373737    0.1648992920E+001    0.2283935547E-001
 0.7474747    0.1664758301E+001    0.3544921875E-001
 0.7575758    0.1633105469E+001    0.1328125000E-001
 0.7676768    0.1640618896E+001    0.1279296875E-001
 0.7777778    0.1658740234E+001    0.3964233398E-001
 0.7878788    0.1644848633E+001    0.3043212891E-001
 0.7979798    0.1654687500E+001    0.3038940430E-001
 0.8080808    0.1650085449E+001    0.3313598633E-001
 0.8181818    0.1668084717E+001    0.4525756836E-001
 0.8282828    0.1654772949E+001    0.3721313477E-001
 0.8383838    0.1673114014E+001    0.5099487305E-001
 0.8484848    0.1673266602E+001    0.4656372070E-001
 0.8585859    0.1643249512E+001    0.3145141602E-001
 0.8686869    0.1641381836E+001    0.1647338867E-001
 0.8787879    0.1641711426E+001    0.8361816406E-002
 0.8888889    0.1661212158E+001    0.5170898437E-001
 0.8989899    0.1673162842E+001    0.4653930664E-001
 0.9090909    0.1662664795E+001    0.4047241211E-001
 0.9191919    0.1656903076E+001    0.3792114258E-001
 0.9292929    0.1639050293E+001    0.5541992187E-002
 0.9393939    0.1649481201E+001    0.3560791016E-001
 0.9494949    0.1657336426E+001    0.4826660156E-001
 0.9595960    0.1652581787E+001    0.1799926758E-001
 0.9696970    0.1665887451E+001    0.5185546875E-001
 0.9797980    0.1674279785E+001    0.4082031250E-001
 0.9898990    0.1660046387E+001    0.3270263672E-001
 1.0000000    0.1670684814E+001    0.3925170898E-001


# Weightfunction after cycle      38675
 0.0000000    0.1889051819E+001    0.3457153320E+000
 0.0101010    0.1872190857E+001    0.3385131836E+000
 0.0202020    0.1873521423E+001    0.3406326294E+000
 0.0303030    0.1938879395E+001    0.3633285522E+000
 0.0404040    0.1924429321E+001    0.3491195679E+000
 0.0505051    0.2009846497E+001    0.3728195190E+000
 0.0606061    0.2051197815E+001    0.3849075317E+000
 0.0707071    0.2097119141E+001    0.3622817993E+000
 0.0808081    0.2166165161E+001    0.3798171997E+000
 0.0909091    0.2254850769E+001    0.3956893921E+000
 0.1010101    0.2334178162E+001    0.3893844604E+000
 0.1111111    0.2432266235E+001    0.4090866089E+000
 0.1212121    0.2488777161E+001    0.3961029053E+000
 0.1313131    0.2540975952E+001    0.4078155518E+000
 0.1414141    0.2646627808E+001    0.3874053955E+000
 0.1515152    0.2684936523E+001    0.3957275391E+000
 0.1616162    0.2758035278E+001    0.3891006470E+000
 0.1717172    0.2808796692E+001    0.4061096191E+000
 0.1818182    0.2807669067E+001    0.3807159424E+000
 0.1919192    0.2859985352E+001    0.3963394165E+000
 0.2020202    0.2843327332E+001    0.3621566772E+000
 0.2121212    0.2848817444E+001    0.3640914917E+000
 0.2222222    0.2845166016E+001    0.3604675293E+000
 0.2323232    0.2837760925E+001    0.3344207764E+000
 0.2424242    0.2840101624E+001    0.3395370483E+000
 0.2525253    0.2782487488E+001    0.3546051025E+000
 0.2626263    0.2768545532E+001    0.3161178589E+000
 0.2727273    0.2763029480E+001    0.3309158325E+000
 0.2828283    0.2734277344E+001    0.3385284424E+000
 0.2929293    0.2677005005E+001    0.2988479614E+000
 0.3030303    0.2616822815E+001    0.2606338501E+000
 0.3131313    0.2626036072E+001    0.2776870728E+000
 0.3232323    0.2573417664E+001    0.2911758423E+000
 0.3333333    0.2527792358E+001    0.2749862671E+000
 0.3434343    0.2508418274E+001    0.2611541748E+000
 0.3535354    0.2446852112E+001    0.2546569824E+000
 0.3636364    0.2382257080E+001    0.2099670410E+000
 0.3737374    0.2354022217E+001    0.2010543823E+000
 0.3838384    0.2304728699E+001    0.2185256958E+000
 0.3939394    0.2235212708E+001    0.2013763428E+000
 0.4040404    0.2188970947E+001    0.1559341431E+000
 0.4141414    0.2144181824E+001    0.1602249146E+000
 0.4242424    0.2099043274E+001    0.1487457275E+000
 0.4343434    0.2004704285E+001    0.1425933838E+000
 0.4444444    0.1962309265E+001    0.8516082764E-001
 0.4545455    0.1908320618E+001    0.9047088623E-001
 0.4646465    0.1863853455E+001    0.6387023926E-001
 0.4747475    0.1820220947E+001    0.9340820312E-001
 0.4848485    0.1746691895E+001    0.4398345947E-001
 0.4949495    0.1668675232E+001    0.3308105469E-001
 0.5050505    0.1644416809E+001    0.2836456299E-001
 0.5151515    0.1621940613E+001    0.2604064941E-001
 0.5252525    0.1648742676E+001    0.4281921387E-001
 0.5353535    0.1642858887E+001    0.4477691650E-001
 0.5454545    0.1671200562E+001    0.4346313477E-001
 0.5555556    0.1636965942E+001    0.5276794434E-001
 0.5656566    0.1652943420E+001    0.3832702637E-001
 0.5757576    0.1642326355E+001    0.1813049316E-001
 0.5858586    0.1645574951E+001    0.3744049072E-001
 0.5959596    0.1673919678E+001    0.5164031982E-001
 0.6060606    0.1641764832E+001    0.3536529541E-001
 0.6161616    0.1647425842E+001    0.2273559570E-001
 0.6262626    0.1653013611E+001    0.1831817627E-001
 0.6363636    0.1656036377E+001    0.8386230469E-002
 0.6464646    0.1674316406E+001    0.2093658447E-001
 0.6565657    0.1648574829E+001    0.0000000000E+000
 0.6666667    0.1650009155E+001    0.1638641357E-001
 0.6767677    0.1649830627E+001    0.4192504883E-001
 0.6868687    0.1640943909E+001    0.1568603516E-001
 0.6969697    0.1646447754E+001    0.1030731201E-001
 0.7070707    0.1645600891E+001    0.3222045898E-001
 0.7171717    0.1636312866E+001    0.2948150635E-001
 0.7272727    0.1661322021E+001    0.4840240479E-001
 0.7373737    0.1649153137E+001    0.2269287109E-001
 0.7474747    0.1664825439E+001    0.3531799316E-001
 0.7575758    0.1633500671E+001    0.1343536377E-001
 0.7676768    0.1640782166E+001    0.1257934570E-001
 0.7777778    0.1658976746E+001    0.3969116211E-001
 0.7878788    0.1645002747E+001    0.3038482666E-001
 0.7979798    0.1655049133E+001    0.3057250977E-001
 0.8080808    0.1650196838E+001    0.3295288086E-001
 0.8181818    0.1668054199E+001    0.4495391846E-001
 0.8282828    0.1654910278E+001    0.3694915771E-001
 0.8383838    0.1673071289E+001    0.5061340332E-001
 0.8484848    0.1673423767E+001    0.4655914307E-001
 0.8585859    0.1643537903E+001    0.3153228760E-001
 0.8686869    0.1641564941E+001    0.1633758545E-001
 0.8787879    0.1641841125E+001    0.8247375488E-002
 0.8888889    0.1661178589E+001    0.5134429932E-001
 0.8989899    0.1672969055E+001    0.4624786377E-001
 0.9090909    0.1663090515E+001    0.4057159424E-001
 0.9191919    0.1656929016E+001    0.3757934570E-001
 0.9292929    0.1639270020E+001    0.5459594727E-002
 0.9393939    0.1649870300E+001    0.3568572998E-001
 0.9494949    0.1657522583E+001    0.4796447754E-001
 0.9595960    0.1652734375E+001    0.1811981201E-001
 0.9696970    0.1666069031E+001    0.5175781250E-001
 0.9797980    0.1674472046E+001    0.4070739746E-001
 0.9898990    0.1660179138E+001    0.3252563477E-001
 1.0000000    0.1670941162E+001    0.3917694092E-001


