# Identity Change Acceptance ratios and number of Accepted and Trial Moves (per box) as a function of Lambda
 0.00500 0.00000         0         0 0.00000         0         0
 0.01500 0.00000         0         0 0.00000         0         0
 0.02500 0.00000         0         0 0.00000         0         0
 0.03500 0.00000         0         0 0.00000         0         0
 0.04500 0.00000         0         0 0.00000         0         0
 0.05500 0.00000         0         0 0.00000         0         0
 0.06500 0.00000         0         0 0.00000         0         0
 0.07500 0.00000         0         0 0.00000         0         0
 0.08500 0.00000         0         0 0.00000         0         0
 0.09500 0.00000         0         0 0.00000         0         0
 0.10500 0.00000         0         0 0.00000         0         0
 0.11500 0.00000         0         0 0.00000         0         0
 0.12500 0.00000         0         0 0.00000         0         0
 0.13500 0.00000         0         0 0.00000         0         0
 0.14500 0.00000         0         0 0.00000         0         0
 0.15500 0.00000         0         0 0.00000         0         0
 0.16500 0.00000         0         0 0.00000         0         0
 0.17500 0.00000         0         0 0.00000         0         0
 0.18500 0.00000         0         0 0.00000         0         0
 0.19500 0.00000         0         0 0.00000         0         0
 0.20500 0.00000         0         0 0.00000         0         0
 0.21500 0.00000         0         0 0.00000         0         0
 0.22500 0.00000         0         0 0.00000         0         0
 0.23500 0.00000         0         0 0.00000         0         0
 0.24500 0.00000         0         0 0.00000         0         0
 0.25500 0.00000         0         0 0.00000         0         0
 0.26500 0.00000         0         0 0.00000         0         0
 0.27500 0.00000         0         0 0.00000         0         0
 0.28500 0.00000         0         0 0.00000         0         0
 0.29500 0.00000         0         0 0.00000         0         0
 0.30500 0.00000         0         0 0.00000         0         0
 0.31500 0.00000         0         0 0.00000         0         0
 0.32500 0.00000         0         0 0.00000         0         0
 0.33500 0.00000         0         0 0.00000         0         0
 0.34500 0.00000         0         0 0.00000         0         0
 0.35500 0.00000         0         0 0.00000         0         0
 0.36500 0.00000         0         0 0.00000         0         0
 0.37500 0.00000         0         0 0.00000         0         0
 0.38500 0.00000         0         0 0.00000         0         0
 0.39500 0.00000         0         0 0.00000         0         0
 0.40500 0.00000         0         0 0.00000         0         0
 0.41500 0.00000         0         0 0.00000         0         0
 0.42500 0.00000         0         0 0.00000         0         0
 0.43500 0.00000         0         0 0.00000         0         0
 0.44500 0.00000         0         0 0.00000         0         0
 0.45500 0.00000         0         0 0.00000         0         0
 0.46500 0.00000         0         0 0.00000         0         0
 0.47500 0.00000         0         0 0.00000         0         0
 0.48500 0.00000         0         0 0.00000         0         0
 0.49500 0.00000         0         0 0.00000         0         0
 0.50500 0.00000         0         0 0.00000         0         0
 0.51500 0.00000         0         0 0.00000         0         0
 0.52500 0.00000         0         0 0.00000         0         0
 0.53500 0.00000         0         0 0.00000         0         0
 0.54500 0.00000         0         0 0.00000         0         0
 0.55500 0.00000         0         0 0.00000         0         0
 0.56500 0.00000         0         0 0.00000         0         0
 0.57500 0.00000         0         0 0.00000         0         0
 0.58500 0.00000         0         0 0.00000         0         0
 0.59500 0.00000         0         0 0.00000         0         0
 0.60500 0.00000         0         0 0.00000         0         0
 0.61500 0.00000         0         0 0.00000         0         0
 0.62500 0.00000         0         0 0.00000         0         0
 0.63500 0.00000         0         0 0.00000         0         0
 0.64500 0.00000         0         0 0.00000         0         0
 0.65500 0.00000         0         0 0.00000         0         0
 0.66500 0.00000         0         0 0.00000         0         0
 0.67500 0.00000         0         0 0.00000         0         0
 0.68500 0.00000         0         0 0.00000         0         0
 0.69500 0.00000         0         0 0.00000         0         0
 0.70500 0.53856     32774     60855 0.68859     32598     47340
 0.71500 0.54194     33668     62125 0.70401     33530     47627
 0.72500 0.55860     34532     61819 0.71345     34584     48474
 0.73500 0.56666     34279     60493 0.72836     34137     46868
 0.74500 0.57074     34416     60301 0.74964     34409     45901
 0.75500 0.58980     35955     60961 0.75475     36182     47939
 0.76500 0.59318     36886     62183 0.77427     37049     47850
 0.77500 0.60397     37523     62127 0.79054     37591     47551
 0.78500 0.62132     38515     61989 0.79522     38518     48437
 0.79500 0.62251     38499     61845 0.81758     38419     46991
 0.80500 0.63898     39610     61989 0.83119     39484     47503
 0.81500 0.64817     39266     60580 0.84529     39345     46546
 0.82500 0.65708     39722     60452 0.85927     39967     46513
 0.83500 0.66315     41790     63017 0.87744     41895     47747
 0.84500 0.68378     42682     62421 0.88216     42746     48456
 0.85500 0.68686     43230     62939 0.90128     43158     47885
 0.86500 0.69923     43724     62532 0.91197     43669     47884
 0.87500 0.70180     42818     61012 0.92901     42871     46147
 0.88500 0.71945     44016     61180 0.93763     44169     47107
 0.89500 0.72649     45433     62538 0.94828     45452     47931
 0.90500 0.72902     44989     61712 0.96283     44996     46733
 0.91500 0.73419     46067     62745 0.97331     45941     47201
 0.92500 0.74245     46181     62201 0.98286     46167     46972
 0.93500 0.75986     48609     63971 0.98874     48469     49021
 0.94500 0.75052     46791     62345 0.99555     46533     46741
 0.95500 0.76257     46947     61564 0.99771     47076     47184
 0.96500 0.75047     47702     63563 0.99964     47695     47712
 0.97500 0.75736     46948     61989 0.99998     47140     47141
 0.98500 0.74507     47605     63893 1.00000     47550     47550
 0.99500 0.76609     45553     59462 1.00000     45411     45411


 0.00500 0.00000         0         0 0.00000         0         0
 0.01500 0.00000         0         0 0.00000         0         0
 0.02500 0.00000         0         0 0.00000         0         0
 0.03500 0.00000         0         0 0.00000         0         0
 0.04500 0.00000         0         0 0.00000         0         0
 0.05500 0.00000         0         0 0.00000         0         0
 0.06500 0.00000         0         0 0.00000         0         0
 0.07500 0.00000         0         0 0.00000         0         0
 0.08500 0.00000         0         0 0.00000         0         0
 0.09500 0.00000         0         0 0.00000         0         0
 0.10500 0.00000         0         0 0.00000         0         0
 0.11500 0.00000         0         0 0.00000         0         0
 0.12500 0.00000         0         0 0.00000         0         0
 0.13500 0.00000         0         0 0.00000         0         0
 0.14500 0.00000         0         0 0.00000         0         0
 0.15500 0.00000         0         0 0.00000         0         0
 0.16500 0.00000         0         0 0.00000         0         0
 0.17500 0.00000         0         0 0.00000         0         0
 0.18500 0.00000         0         0 0.00000         0         0
 0.19500 0.00000         0         0 0.00000         0         0
 0.20500 0.00000         0         0 0.00000         0         0
 0.21500 0.00000         0         0 0.00000         0         0
 0.22500 0.00000         0         0 0.00000         0         0
 0.23500 0.00000         0         0 0.00000         0         0
 0.24500 0.00000         0         0 0.00000         0         0
 0.25500 0.00000         0         0 0.00000         0         0
 0.26500 0.00000         0         0 0.00000         0         0
 0.27500 0.00000         0         0 0.00000         0         0
 0.28500 0.00000         0         0 0.00000         0         0
 0.29500 0.00000         0         0 0.00000         0         0
 0.30500 0.00000         0         0 0.00000         0         0
 0.31500 0.00000         0         0 0.00000         0         0
 0.32500 0.00000         0         0 0.00000         0         0
 0.33500 0.00000         0         0 0.00000         0         0
 0.34500 0.00000         0         0 0.00000         0         0
 0.35500 0.00000         0         0 0.00000         0         0
 0.36500 0.00000         0         0 0.00000         0         0
 0.37500 0.00000         0         0 0.00000         0         0
 0.38500 0.00000         0         0 0.00000         0         0
 0.39500 0.00000         0         0 0.00000         0         0
 0.40500 0.00000         0         0 0.00000         0         0
 0.41500 0.00000         0         0 0.00000         0         0
 0.42500 0.00000         0         0 0.00000         0         0
 0.43500 0.00000         0         0 0.00000         0         0
 0.44500 0.00000         0         0 0.00000         0         0
 0.45500 0.00000         0         0 0.00000         0         0
 0.46500 0.00000         0         0 0.00000         0         0
 0.47500 0.00000         0         0 0.00000         0         0
 0.48500 0.00000         0         0 0.00000         0         0
 0.49500 0.00000         0         0 0.00000         0         0
 0.50500 0.00000         0         0 0.00000         0         0
 0.51500 0.00000         0         0 0.00000         0         0
 0.52500 0.00000         0         0 0.00000         0         0
 0.53500 0.00000         0         0 0.00000         0         0
 0.54500 0.00000         0         0 0.00000         0         0
 0.55500 0.00000         0         0 0.00000         0         0
 0.56500 0.00000         0         0 0.00000         0         0
 0.57500 0.00000         0         0 0.00000         0         0
 0.58500 0.00000         0         0 0.00000         0         0
 0.59500 0.00000         0         0 0.00000         0         0
 0.60500 0.00000         0         0 0.00000         0         0
 0.61500 0.00000         0         0 0.00000         0         0
 0.62500 0.00000         0         0 0.00000         0         0
 0.63500 0.00000         0         0 0.00000         0         0
 0.64500 0.00000         0         0 0.00000         0         0
 0.65500 0.00000         0         0 0.00000         0         0
 0.66500 0.00000         0         0 0.00000         0         0
 0.67500 0.00000         0         0 0.00000         0         0
 0.68500 0.00000         0         0 0.00000         0         0
 0.69500 0.00000         0         0 0.00000         0         0
 0.70500 0.75824     45204     59617 0.96354     45064     46769
 0.71500 0.74624     45594     61098 0.96682     45513     47075
 0.72500 0.75338     45154     59935 0.96226     45201     46974
 0.73500 0.75737     45654     60280 0.96390     45552     47258
 0.74500 0.75503     46365     61408 0.96571     46334     47979
 0.75500 0.76009     45783     60234 0.96277     45846     47619
 0.76500 0.73793     47299     64097 0.96838     47167     48707
 0.77500 0.75692     46472     61396 0.96272     46663     48470
 0.78500 0.75789     45771     60393 0.96373     45732     47453
 0.79500 0.75022     45063     60066 0.96533     44825     46435
 0.80500 0.75169     44908     59743 0.96610     44803     46375
 0.81500 0.74964     45350     60496 0.96515     45418     47058
 0.82500 0.74868     45152     60309 0.96683     45448     47007
 0.83500 0.74962     44866     59852 0.96456     44552     46189
 0.84500 0.74765     45104     60328 0.96461     45137     46793
 0.85500 0.74469     45124     60594 0.96709     45400     46945
 0.86500 0.75247     45145     59996 0.96537     45083     46700
 0.87500 0.74560     45503     61029 0.96603     45750     47359
 0.88500 0.74413     45301     60878 0.96589     45252     46850
 0.89500 0.74235     44608     60090 0.96737     44734     46243
 0.90500 0.76574     44404     57988 0.95771     44587     46556
 0.91500 0.74642     44800     60020 0.96806     44854     46334
 0.92500 0.75686     46403     61310 0.96310     46409     48187
 0.93500 0.75017     45947     61249 0.96264     45968     47752
 0.94500 0.73675     43520     59070 0.97073     43309     44615
 0.95500 0.74129     44608     60176 0.96885     44357     45783
 0.96500 0.73917     44430     60108 0.96721     44635     46148
 0.97500 0.76269     45310     59408 0.96315     45039     46762
 0.98500 0.75437     45870     60806 0.96576     45973     47603
 0.99500 0.75203     44869     59664 0.96720     44973     46498


