# Identity Change Acceptance ratios and number of Accepted and Trial Moves (per box) as a function of Lambda
 0.00500 0.00000         0         0 0.00000         0         0
 0.01500 0.00000         0         0 0.00000         0         0
 0.02500 0.00000         0         0 0.00000         0         0
 0.03500 0.00000         0         0 0.00000         0         0
 0.04500 0.00000         0         0 0.00000         0         0
 0.05500 0.00000         0         0 0.00000         0         0
 0.06500 0.00000         0         0 0.00000         0         0
 0.07500 0.00000         0         0 0.00000         0         0
 0.08500 0.00000         0         0 0.00000         0         0
 0.09500 0.00000         0         0 0.00000         0         0
 0.10500 0.00000         0         0 0.00000         0         0
 0.11500 0.00000         0         0 0.00000         0         0
 0.12500 0.00000         0         0 0.00000         0         0
 0.13500 0.00000         0         0 0.00000         0         0
 0.14500 0.00000         0         0 0.00000         0         0
 0.15500 0.00000         0         0 0.00000         0         0
 0.16500 0.00000         0         0 0.00000         0         0
 0.17500 0.00000         0         0 0.00000         0         0
 0.18500 0.00000         0         0 0.00000         0         0
 0.19500 0.00000         0         0 0.00000         0         0
 0.20500 0.00000         0         0 0.00000         0         0
 0.21500 0.00000         0         0 0.00000         0         0
 0.22500 0.00000         0         0 0.00000         0         0
 0.23500 0.00000         0         0 0.00000         0         0
 0.24500 0.00000         0         0 0.00000         0         0
 0.25500 0.00000         0         0 0.00000         0         0
 0.26500 0.00000         0         0 0.00000         0         0
 0.27500 0.00000         0         0 0.00000         0         0
 0.28500 0.00000         0         0 0.00000         0         0
 0.29500 0.00000         0         0 0.00000         0         0
 0.30500 0.00000         0         0 0.00000         0         0
 0.31500 0.00000         0         0 0.00000         0         0
 0.32500 0.00000         0         0 0.00000         0         0
 0.33500 0.00000         0         0 0.00000         0         0
 0.34500 0.00000         0         0 0.00000         0         0
 0.35500 0.00000         0         0 0.00000         0         0
 0.36500 0.00000         0         0 0.00000         0         0
 0.37500 0.00000         0         0 0.00000         0         0
 0.38500 0.00000         0         0 0.00000         0         0
 0.39500 0.00000         0         0 0.00000         0         0
 0.40500 0.00000         0         0 0.00000         0         0
 0.41500 0.00000         0         0 0.00000         0         0
 0.42500 0.00000         0         0 0.00000         0         0
 0.43500 0.00000         0         0 0.00000         0         0
 0.44500 0.00000         0         0 0.00000         0         0
 0.45500 0.00000         0         0 0.00000         0         0
 0.46500 0.00000         0         0 0.00000         0         0
 0.47500 0.00000         0         0 0.00000         0         0
 0.48500 0.00000         0         0 0.00000         0         0
 0.49500 0.00000         0         0 0.00000         0         0
 0.50500 0.00000         0         0 0.00000         0         0
 0.51500 0.00000         0         0 0.00000         0         0
 0.52500 0.00000         0         0 0.00000         0         0
 0.53500 0.00000         0         0 0.00000         0         0
 0.54500 0.00000         0         0 0.00000         0         0
 0.55500 0.00000         0         0 0.00000         0         0
 0.56500 0.00000         0         0 0.00000         0         0
 0.57500 0.00000         0         0 0.00000         0         0
 0.58500 0.00000         0         0 0.00000         0         0
 0.59500 0.00000         0         0 0.00000         0         0
 0.60500 0.00000         0         0 0.00000         0         0
 0.61500 0.00000         0         0 0.00000         0         0
 0.62500 0.00000         0         0 0.00000         0         0
 0.63500 0.00000         0         0 0.00000         0         0
 0.64500 0.00000         0         0 0.00000         0         0
 0.65500 0.00000         0         0 0.00000         0         0
 0.66500 0.00000         0         0 0.00000         0         0
 0.67500 0.00000         0         0 0.00000         0         0
 0.68500 0.00000         0         0 0.00000         0         0
 0.69500 0.00000         0         0 0.00000         0         0
 0.70500 0.65765     33666     51191 0.57970     33562     57895
 0.71500 0.67056     33253     49590 0.58643     33069     56390
 0.72500 0.67995     34444     50657 0.59848     34581     57781
 0.73500 0.69895     34865     49882 0.61333     35153     57315
 0.74500 0.70629     35444     50183 0.62101     35281     56812
 0.75500 0.72034     36511     50686 0.63365     36553     57686
 0.76500 0.73031     37443     51270 0.64285     37224     57905
 0.77500 0.74943     37393     49895 0.65274     37107     56848
 0.78500 0.75414     38289     50772 0.66873     38299     57271
 0.79500 0.77338     38740     50092 0.68024     38610     56759
 0.80500 0.78470     39440     50261 0.68962     39527     57317
 0.81500 0.79571     40425     50804 0.70702     40633     57471
 0.82500 0.81033     40955     50541 0.70985     40828     57516
 0.83500 0.82405     40825     49542 0.72823     41025     56335
 0.84500 0.83703     42887     51237 0.73537     42644     57990
 0.85500 0.84684     42840     50588 0.75218     43044     57226
 0.86500 0.86432     43841     50723 0.76377     43957     57553
 0.87500 0.87640     44364     50621 0.77716     44187     56857
 0.88500 0.88733     45018     50734 0.78557     44914     57174
 0.89500 0.90165     45637     50615 0.79921     45805     57313
 0.90500 0.91274     46356     50788 0.81347     46284     56897
 0.91500 0.92458     46707     50517 0.82560     46989     56915
 0.92500 0.93599     47129     50352 0.83670     46960     56125
 0.93500 0.95320     48437     50815 0.84231     48373     57429
 0.94500 0.96101     47960     49906 0.85262     47995     56291
 0.95500 0.97227     49372     50780 0.85773     49564     57785
 0.96500 0.97935     49837     50888 0.87141     49814     57165
 0.97500 0.98483     49462     50224 0.87310     49481     56673
 0.98500 0.98659     50972     51665 0.88220     50932     57733
 0.99500 0.98747     50374     51013 0.88124     50505     57311


 0.00500 0.00000         0         0 0.00000         0         0
 0.01500 0.00000         0         0 0.00000         0         0
 0.02500 0.00000         0         0 0.00000         0         0
 0.03500 0.00000         0         0 0.00000         0         0
 0.04500 0.00000         0         0 0.00000         0         0
 0.05500 0.00000         0         0 0.00000         0         0
 0.06500 0.00000         0         0 0.00000         0         0
 0.07500 0.00000         0         0 0.00000         0         0
 0.08500 0.00000         0         0 0.00000         0         0
 0.09500 0.00000         0         0 0.00000         0         0
 0.10500 0.00000         0         0 0.00000         0         0
 0.11500 0.00000         0         0 0.00000         0         0
 0.12500 0.00000         0         0 0.00000         0         0
 0.13500 0.00000         0         0 0.00000         0         0
 0.14500 0.00000         0         0 0.00000         0         0
 0.15500 0.00000         0         0 0.00000         0         0
 0.16500 0.00000         0         0 0.00000         0         0
 0.17500 0.00000         0         0 0.00000         0         0
 0.18500 0.00000         0         0 0.00000         0         0
 0.19500 0.00000         0         0 0.00000         0         0
 0.20500 0.00000         0         0 0.00000         0         0
 0.21500 0.00000         0         0 0.00000         0         0
 0.22500 0.00000         0         0 0.00000         0         0
 0.23500 0.00000         0         0 0.00000         0         0
 0.24500 0.00000         0         0 0.00000         0         0
 0.25500 0.00000         0         0 0.00000         0         0
 0.26500 0.00000         0         0 0.00000         0         0
 0.27500 0.00000         0         0 0.00000         0         0
 0.28500 0.00000         0         0 0.00000         0         0
 0.29500 0.00000         0         0 0.00000         0         0
 0.30500 0.00000         0         0 0.00000         0         0
 0.31500 0.00000         0         0 0.00000         0         0
 0.32500 0.00000         0         0 0.00000         0         0
 0.33500 0.00000         0         0 0.00000         0         0
 0.34500 0.00000         0         0 0.00000         0         0
 0.35500 0.00000         0         0 0.00000         0         0
 0.36500 0.00000         0         0 0.00000         0         0
 0.37500 0.00000         0         0 0.00000         0         0
 0.38500 0.00000         0         0 0.00000         0         0
 0.39500 0.00000         0         0 0.00000         0         0
 0.40500 0.00000         0         0 0.00000         0         0
 0.41500 0.00000         0         0 0.00000         0         0
 0.42500 0.00000         0         0 0.00000         0         0
 0.43500 0.00000         0         0 0.00000         0         0
 0.44500 0.00000         0         0 0.00000         0         0
 0.45500 0.00000         0         0 0.00000         0         0
 0.46500 0.00000         0         0 0.00000         0         0
 0.47500 0.00000         0         0 0.00000         0         0
 0.48500 0.00000         0         0 0.00000         0         0
 0.49500 0.00000         0         0 0.00000         0         0
 0.50500 0.00000         0         0 0.00000         0         0
 0.51500 0.00000         0         0 0.00000         0         0
 0.52500 0.00000         0         0 0.00000         0         0
 0.53500 0.00000         0         0 0.00000         0         0
 0.54500 0.00000         0         0 0.00000         0         0
 0.55500 0.00000         0         0 0.00000         0         0
 0.56500 0.00000         0         0 0.00000         0         0
 0.57500 0.00000         0         0 0.00000         0         0
 0.58500 0.00000         0         0 0.00000         0         0
 0.59500 0.00000         0         0 0.00000         0         0
 0.60500 0.00000         0         0 0.00000         0         0
 0.61500 0.00000         0         0 0.00000         0         0
 0.62500 0.00000         0         0 0.00000         0         0
 0.63500 0.00000         0         0 0.00000         0         0
 0.64500 0.00000         0         0 0.00000         0         0
 0.65500 0.00000         0         0 0.00000         0         0
 0.66500 0.00000         0         0 0.00000         0         0
 0.67500 0.00000         0         0 0.00000         0         0
 0.68500 0.00000         0         0 0.00000         0         0
 0.69500 0.00000         0         0 0.00000         0         0
 0.70500 0.97280     48389     49742 0.82674     48455     58610
 0.71500 0.97192     48114     49504 0.82408     48438     58778
 0.72500 0.97371     47809     49100 0.82322     47638     57868
 0.73500 0.97192     47869     49252 0.82312     47941     58243
 0.74500 0.97208     48602     49998 0.82264     48437     58880
 0.75500 0.97511     47727     48945 0.81621     47871     58650
 0.76500 0.97301     47546     48865 0.82072     47474     57844
 0.77500 0.97589     48647     49849 0.81123     48252     59480
 0.78500 0.97260     46923     48245 0.82209     47017     57192
 0.79500 0.97514     47543     48755 0.81856     47696     58268
 0.80500 0.97306     48399     49739 0.82192     48623     59158
 0.81500 0.97203     48727     50129 0.82786     48820     58971
 0.82500 0.97311     47333     48641 0.82440     47235     57296
 0.83500 0.97431     48805     50092 0.82233     48697     59218
 0.84500 0.97136     47759     49167 0.82220     47416     57670
 0.85500 0.97335     48801     50137 0.81752     48609     59459
 0.86500 0.97212     47874     49247 0.82405     47823     58034
 0.87500 0.97496     48550     49797 0.82151     48567     59119
 0.88500 0.97280     47918     49258 0.82227     47902     58256
 0.89500 0.97466     47959     49206 0.81453     47808     58694
 0.90500 0.97265     47587     48925 0.82193     47782     58134
 0.91500 0.97421     48049     49321 0.82130     47922     58349
 0.92500 0.97292     48788     50146 0.82646     48618     58827
 0.93500 0.97591     47893     49075 0.81876     48085     58729
 0.94500 0.97446     48540     49812 0.81881     48757     59546
 0.95500 0.97295     49203     50571 0.82837     49307     59523
 0.96500 0.97507     48037     49265 0.81753     47869     58553
 0.97500 0.97538     46982     48168 0.81497     46979     57645
 0.98500 0.97421     48083     49356 0.82038     48140     58680
 0.99500 0.97546     48856     50085 0.81722     49109     60093


