# Evolution of the weightfunction during equilibration phase for fractional: cd
# Weightfunction after cycle        252
 0.0000000    0.3000000000E+001    0.1800000000E+001
 0.0101010    0.3400000000E+001    0.2300000000E+001
 0.0202020    0.2100000000E+001    0.1300000000E+001
 0.0303030    0.3100000000E+001    0.1900000000E+001
 0.0404040    0.3000000000E+001    0.1700000000E+001
 0.0505051    0.4600000000E+001    0.2700000000E+001
 0.0606061    0.3700000000E+001    0.2600000000E+001
 0.0707071    0.4600000000E+001    0.2800000000E+001
 0.0808081    0.4500000000E+001    0.3200000000E+001
 0.0909091    0.4100000000E+001    0.2300000000E+001
 0.1010101    0.4400000000E+001    0.3200000000E+001
 0.1111111    0.5100000000E+001    0.2700000000E+001
 0.1212121    0.4600000000E+001    0.2300000000E+001
 0.1313131    0.4700000000E+001    0.2400000000E+001
 0.1414141    0.4400000000E+001    0.2300000000E+001
 0.1515152    0.5000000000E+001    0.2300000000E+001
 0.1616162    0.5100000000E+001    0.2200000000E+001
 0.1717172    0.4500000000E+001    0.2000000000E+001
 0.1818182    0.4100000000E+001    0.2700000000E+001
 0.1919192    0.4600000000E+001    0.1500000000E+001
 0.2020202    0.4200000000E+001    0.2200000000E+001
 0.2121212    0.4300000000E+001    0.2500000000E+001
 0.2222222    0.5100000000E+001    0.2900000000E+001
 0.2323232    0.4300000000E+001    0.1100000000E+001
 0.2424242    0.4900000000E+001    0.2000000000E+001
 0.2525253    0.4400000000E+001    0.1900000000E+001
 0.2626263    0.5000000000E+001    0.2300000000E+001
 0.2727273    0.4900000000E+001    0.1300000000E+001
 0.2828283    0.4900000000E+001    0.1900000000E+001
 0.2929293    0.3100000000E+001    0.1200000000E+001
 0.3030303    0.3800000000E+001    0.3400000000E+001
 0.3131313    0.4200000000E+001    0.2100000000E+001
 0.3232323    0.4500000000E+001    0.2800000000E+001
 0.3333333    0.4200000000E+001    0.2700000000E+001
 0.3434343    0.4200000000E+001    0.2700000000E+001
 0.3535354    0.3400000000E+001    0.1600000000E+001
 0.3636364    0.3500000000E+001    0.2100000000E+001
 0.3737374    0.3600000000E+001    0.1800000000E+001
 0.3838384    0.2200000000E+001    0.1200000000E+001
 0.3939394    0.4300000000E+001    0.3000000000E+000
 0.4040404    0.3800000000E+001    0.1000000000E+001
 0.4141414    0.3600000000E+001    0.2000000000E+001
 0.4242424    0.2500000000E+001    0.2400000000E+001
 0.4343434    0.1900000000E+001    0.1500000000E+001
 0.4444444    0.2600000000E+001    0.1900000000E+001
 0.4545455    0.2100000000E+001    0.2100000000E+001
 0.4646465    0.2200000000E+001    0.1900000000E+001
 0.4747475    0.2200000000E+001    0.1700000000E+001
 0.4848485    0.2500000000E+001    0.1000000000E+001
 0.4949495    0.1300000000E+001    0.1500000000E+001
 0.5050505    0.2200000000E+001    0.1900000000E+001
 0.5151515    0.1700000000E+001    0.1700000000E+001
 0.5252525    0.1600000000E+001    0.1600000000E+001
 0.5353535    0.1100000000E+001    0.1700000000E+001
 0.5454545    0.1400000000E+001    0.1700000000E+001
 0.5555556    0.2000000000E+001    0.1900000000E+001
 0.5656566    0.2200000000E+001    0.2100000000E+001
 0.5757576    0.2200000000E+001    0.1800000000E+001
 0.5858586    0.1400000000E+001    0.2400000000E+001
 0.5959596    0.2000000000E+001    0.1200000000E+001
 0.6060606    0.2200000000E+001    0.1900000000E+001
 0.6161616    0.2100000000E+001    0.2000000000E+001
 0.6262626    0.1600000000E+001    0.1400000000E+001
 0.6363636    0.2000000000E+001    0.2700000000E+001
 0.6464646    0.6000000000E+000    0.2000000000E+001
 0.6565657    0.2200000000E+001    0.1700000000E+001
 0.6666667    0.2600000000E+001    0.1200000000E+001
 0.6767677    0.2500000000E+001    0.2500000000E+001
 0.6868687    0.2200000000E+001    0.1300000000E+001
 0.6969697    0.2500000000E+001    0.1300000000E+001
 0.7070707    0.1200000000E+001    0.1500000000E+001
 0.7171717    0.1300000000E+001    0.1300000000E+001
 0.7272727    0.1200000000E+001    0.1400000000E+001
 0.7373737    0.1200000000E+001    0.1500000000E+001
 0.7474747    0.1200000000E+001    0.1800000000E+001
 0.7575758    0.1900000000E+001    0.2200000000E+001
 0.7676768    0.1100000000E+001    0.1500000000E+001
 0.7777778    0.1400000000E+001    0.1900000000E+001
 0.7878788    0.7000000000E+000    0.5000000000E+000
 0.7979798    0.1700000000E+001    0.2700000000E+001
 0.8080808    0.9000000000E+000    0.1400000000E+001
 0.8181818    0.2300000000E+001    0.2200000000E+001
 0.8282828    0.1200000000E+001    0.2000000000E+001
 0.8383838    0.1000000000E+001    0.1500000000E+001
 0.8484848    0.1300000000E+001    0.1100000000E+001
 0.8585859    0.1600000000E+001    0.1700000000E+001
 0.8686869    0.1000000000E+001    0.9000000000E+000
 0.8787879    0.8000000000E+000    0.1400000000E+001
 0.8888889    0.1700000000E+001    0.2200000000E+001
 0.8989899    0.6000000000E+000    0.9000000000E+000
 0.9090909    0.1500000000E+001    0.2100000000E+001
 0.9191919    0.1100000000E+001    0.1600000000E+001
 0.9292929    0.9000000000E+000    0.1200000000E+001
 0.9393939    0.1000000000E+000    0.1300000000E+001
 0.9494949    0.1500000000E+001    0.2900000000E+001
 0.9595960    0.1000000000E+001    0.1800000000E+001
 0.9696970    0.6000000000E+000    0.1900000000E+001
 0.9797980    0.0000000000E+000    0.1400000000E+001
 0.9898990    0.6000000000E+000    0.1200000000E+001
 1.0000000    0.8000000000E+000    0.1800000000E+001


# Weightfunction after cycle        940
 0.0000000    0.2925000000E+001    0.1600000000E+001
 0.0101010    0.3875000000E+001    0.2475000000E+001
 0.0202020    0.3000000000E+001    0.1800000000E+001
 0.0303030    0.3225000000E+001    0.1975000000E+001
 0.0404040    0.3325000000E+001    0.2100000000E+001
 0.0505051    0.3025000000E+001    0.1650000000E+001
 0.0606061    0.3450000000E+001    0.1925000000E+001
 0.0707071    0.3025000000E+001    0.1725000000E+001
 0.0808081    0.3200000000E+001    0.1825000000E+001
 0.0909091    0.3275000000E+001    0.1925000000E+001
 0.1010101    0.3225000000E+001    0.1800000000E+001
 0.1111111    0.3425000000E+001    0.1525000000E+001
 0.1212121    0.3500000000E+001    0.1900000000E+001
 0.1313131    0.3625000000E+001    0.1625000000E+001
 0.1414141    0.4325000000E+001    0.2350000000E+001
 0.1515152    0.4250000000E+001    0.2375000000E+001
 0.1616162    0.4025000000E+001    0.2050000000E+001
 0.1717172    0.3675000000E+001    0.2025000000E+001
 0.1818182    0.3675000000E+001    0.1875000000E+001
 0.1919192    0.4000000000E+001    0.2150000000E+001
 0.2020202    0.4200000000E+001    0.1650000000E+001
 0.2121212    0.3875000000E+001    0.1950000000E+001
 0.2222222    0.3950000000E+001    0.1725000000E+001
 0.2323232    0.3875000000E+001    0.2100000000E+001
 0.2424242    0.3900000000E+001    0.1900000000E+001
 0.2525253    0.3725000000E+001    0.2100000000E+001
 0.2626263    0.3500000000E+001    0.2175000000E+001
 0.2727273    0.3475000000E+001    0.1675000000E+001
 0.2828283    0.3150000000E+001    0.1625000000E+001
 0.2929293    0.3350000000E+001    0.2075000000E+001
 0.3030303    0.3375000000E+001    0.1400000000E+001
 0.3131313    0.3000000000E+001    0.1325000000E+001
 0.3232323    0.3400000000E+001    0.2050000000E+001
 0.3333333    0.3150000000E+001    0.1400000000E+001
 0.3434343    0.2825000000E+001    0.1575000000E+001
 0.3535354    0.2925000000E+001    0.2025000000E+001
 0.3636364    0.2975000000E+001    0.1625000000E+001
 0.3737374    0.2250000000E+001    0.1500000000E+001
 0.3838384    0.2900000000E+001    0.1525000000E+001
 0.3939394    0.2075000000E+001    0.1750000000E+001
 0.4040404    0.2450000000E+001    0.1000000000E+001
 0.4141414    0.2300000000E+001    0.1575000000E+001
 0.4242424    0.1800000000E+001    0.1350000000E+001
 0.4343434    0.1300000000E+001    0.1175000000E+001
 0.4444444    0.2000000000E+001    0.1175000000E+001
 0.4545455    0.1325000000E+001    0.1575000000E+001
 0.4646465    0.1500000000E+001    0.1150000000E+001
 0.4747475    0.9250000000E+000    0.1225000000E+001
 0.4848485    0.1450000000E+001    0.1125000000E+001
 0.4949495    0.1100000000E+001    0.1675000000E+001
 0.5050505    0.1250000000E+001    0.1175000000E+001
 0.5151515    0.1050000000E+001    0.1000000000E+001
 0.5252525    0.1350000000E+001    0.1400000000E+001
 0.5353535    0.6750000000E+000    0.7750000000E+000
 0.5454545    0.1625000000E+001    0.9000000000E+000
 0.5555556    0.1325000000E+001    0.1200000000E+001
 0.5656566    0.1375000000E+001    0.1150000000E+001
 0.5757576    0.1350000000E+001    0.1300000000E+001
 0.5858586    0.7250000000E+000    0.7000000000E+000
 0.5959596    0.1250000000E+001    0.1425000000E+001
 0.6060606    0.1400000000E+001    0.1275000000E+001
 0.6161616    0.1325000000E+001    0.1500000000E+001
 0.6262626    0.1225000000E+001    0.7000000000E+000
 0.6363636    0.1425000000E+001    0.1200000000E+001
 0.6464646    0.1675000000E+001    0.1200000000E+001
 0.6565657    0.1325000000E+001    0.8500000000E+000
 0.6666667    0.1325000000E+001    0.7750000000E+000
 0.6767677    0.1125000000E+001    0.6250000000E+000
 0.6868687    0.9750000000E+000    0.1225000000E+001
 0.6969697    0.1175000000E+001    0.1275000000E+001
 0.7070707    0.1075000000E+001    0.9750000000E+000
 0.7171717    0.9250000000E+000    0.1250000000E+001
 0.7272727    0.1000000000E+001    0.1200000000E+001
 0.7373737    0.9250000000E+000    0.8000000000E+000
 0.7474747    0.7250000000E+000    0.9000000000E+000
 0.7575758    0.1150000000E+001    0.1275000000E+001
 0.7676768    0.8000000000E+000    0.9250000000E+000
 0.7777778    0.1025000000E+001    0.1175000000E+001
 0.7878788    0.9500000000E+000    0.1275000000E+001
 0.7979798    0.1050000000E+001    0.1400000000E+001
 0.8080808    0.1200000000E+001    0.1500000000E+001
 0.8181818    0.9750000000E+000    0.1250000000E+001
 0.8282828    0.9250000000E+000    0.1150000000E+001
 0.8383838    0.6000000000E+000    0.1075000000E+001
 0.8484848    0.7000000000E+000    0.9000000000E+000
 0.8585859    0.6000000000E+000    0.8000000000E+000
 0.8686869    0.7500000000E+000    0.1125000000E+001
 0.8787879    0.7750000000E+000    0.1050000000E+001
 0.8888889    0.8750000000E+000    0.1350000000E+001
 0.8989899    0.7000000000E+000    0.9000000000E+000
 0.9090909    0.5500000000E+000    0.1025000000E+001
 0.9191919    0.7250000000E+000    0.1100000000E+001
 0.9292929    0.5000000000E+000    0.1100000000E+001
 0.9393939    0.4750000000E+000    0.9250000000E+000
 0.9494949    0.6000000000E+000    0.1175000000E+001
 0.9595960    0.3250000000E+000    0.1300000000E+001
 0.9696970    0.6500000000E+000    0.1550000000E+001
 0.9797980    0.4750000000E+000    0.1200000000E+001
 0.9898990    0.1075000000E+001    0.1950000000E+001
 1.0000000    0.0000000000E+000    0.9250000000E+000


# Weightfunction after cycle       2332
 0.0000000    0.3168750000E+001    0.1768750000E+001
 0.0101010    0.3237500000E+001    0.1825000000E+001
 0.0202020    0.3387500000E+001    0.1993750000E+001
 0.0303030    0.3393750000E+001    0.2012500000E+001
 0.0404040    0.3337500000E+001    0.1825000000E+001
 0.0505051    0.3318750000E+001    0.1906250000E+001
 0.0606061    0.3306250000E+001    0.1843750000E+001
 0.0707071    0.3481250000E+001    0.1968750000E+001
 0.0808081    0.3643750000E+001    0.1918750000E+001
 0.0909091    0.3525000000E+001    0.1781250000E+001
 0.1010101    0.3712500000E+001    0.1868750000E+001
 0.1111111    0.3550000000E+001    0.1668750000E+001
 0.1212121    0.3556250000E+001    0.1787500000E+001
 0.1313131    0.3631250000E+001    0.1718750000E+001
 0.1414141    0.3668750000E+001    0.1900000000E+001
 0.1515152    0.3781250000E+001    0.1800000000E+001
 0.1616162    0.3825000000E+001    0.1581250000E+001
 0.1717172    0.3950000000E+001    0.1825000000E+001
 0.1818182    0.3556250000E+001    0.1868750000E+001
 0.1919192    0.3825000000E+001    0.1825000000E+001
 0.2020202    0.3793750000E+001    0.1900000000E+001
 0.2121212    0.3737500000E+001    0.1731250000E+001
 0.2222222    0.3650000000E+001    0.1787500000E+001
 0.2323232    0.3618750000E+001    0.1825000000E+001
 0.2424242    0.3725000000E+001    0.1793750000E+001
 0.2525253    0.3381250000E+001    0.1887500000E+001
 0.2626263    0.3625000000E+001    0.1618750000E+001
 0.2727273    0.3356250000E+001    0.1906250000E+001
 0.2828283    0.3481250000E+001    0.1731250000E+001
 0.2929293    0.3306250000E+001    0.1500000000E+001
 0.3030303    0.3012500000E+001    0.1593750000E+001
 0.3131313    0.3212500000E+001    0.1531250000E+001
 0.3232323    0.2768750000E+001    0.1543750000E+001
 0.3333333    0.2581250000E+001    0.1387500000E+001
 0.3434343    0.2718750000E+001    0.1437500000E+001
 0.3535354    0.2550000000E+001    0.1325000000E+001
 0.3636364    0.2575000000E+001    0.1431250000E+001
 0.3737374    0.2187500000E+001    0.1468750000E+001
 0.3838384    0.2400000000E+001    0.1531250000E+001
 0.3939394    0.2362500000E+001    0.1318750000E+001
 0.4040404    0.2300000000E+001    0.1468750000E+001
 0.4141414    0.1943750000E+001    0.1431250000E+001
 0.4242424    0.1906250000E+001    0.1268750000E+001
 0.4343434    0.1962500000E+001    0.1225000000E+001
 0.4444444    0.1706250000E+001    0.1250000000E+001
 0.4545455    0.1943750000E+001    0.1137500000E+001
 0.4646465    0.1718750000E+001    0.1137500000E+001
 0.4747475    0.1343750000E+001    0.1050000000E+001
 0.4848485    0.1431250000E+001    0.1000000000E+001
 0.4949495    0.1243750000E+001    0.9687500000E+000
 0.5050505    0.1156250000E+001    0.9875000000E+000
 0.5151515    0.1193750000E+001    0.1043750000E+001
 0.5252525    0.1287500000E+001    0.9000000000E+000
 0.5353535    0.1281250000E+001    0.1056250000E+001
 0.5454545    0.1106250000E+001    0.1075000000E+001
 0.5555556    0.1381250000E+001    0.1093750000E+001
 0.5656566    0.1225000000E+001    0.1100000000E+001
 0.5757576    0.1300000000E+001    0.9625000000E+000
 0.5858586    0.1175000000E+001    0.1031250000E+001
 0.5959596    0.1156250000E+001    0.6062500000E+000
 0.6060606    0.1156250000E+001    0.1018750000E+001
 0.6161616    0.1093750000E+001    0.1106250000E+001
 0.6262626    0.1106250000E+001    0.9562500000E+000
 0.6363636    0.1293750000E+001    0.8187500000E+000
 0.6464646    0.1025000000E+001    0.9000000000E+000
 0.6565657    0.9875000000E+000    0.9625000000E+000
 0.6666667    0.1068750000E+001    0.1075000000E+001
 0.6767677    0.1100000000E+001    0.9562500000E+000
 0.6868687    0.1168750000E+001    0.9250000000E+000
 0.6969697    0.1112500000E+001    0.9937500000E+000
 0.7070707    0.1025000000E+001    0.9250000000E+000
 0.7171717    0.1150000000E+001    0.1112500000E+001
 0.7272727    0.1043750000E+001    0.8562500000E+000
 0.7373737    0.9187500000E+000    0.8375000000E+000
 0.7474747    0.9562500000E+000    0.9250000000E+000
 0.7575758    0.8437500000E+000    0.8437500000E+000
 0.7676768    0.7875000000E+000    0.8062500000E+000
 0.7777778    0.7312500000E+000    0.8437500000E+000
 0.7878788    0.8187500000E+000    0.9312500000E+000
 0.7979798    0.7750000000E+000    0.9937500000E+000
 0.8080808    0.6937500000E+000    0.8687500000E+000
 0.8181818    0.5562500000E+000    0.8125000000E+000
 0.8282828    0.5937500000E+000    0.7500000000E+000
 0.8383838    0.7625000000E+000    0.8875000000E+000
 0.8484848    0.5937500000E+000    0.8937500000E+000
 0.8585859    0.6937500000E+000    0.8500000000E+000
 0.8686869    0.7562500000E+000    0.1206250000E+001
 0.8787879    0.6375000000E+000    0.9562500000E+000
 0.8888889    0.2437500000E+000    0.6875000000E+000
 0.8989899    0.3812500000E+000    0.8500000000E+000
 0.9090909    0.3625000000E+000    0.9437500000E+000
 0.9191919    0.4062500000E+000    0.8812500000E+000
 0.9292929    0.1187500000E+000    0.7500000000E+000
 0.9393939    0.3437500000E+000    0.8250000000E+000
 0.9494949    0.3375000000E+000    0.8562500000E+000
 0.9595960    0.2375000000E+000    0.9000000000E+000
 0.9696970    0.4375000000E-001    0.7875000000E+000
 0.9797980    0.3125000000E-001    0.7625000000E+000
 0.9898990    0.0000000000E+000    0.7750000000E+000
 1.0000000    0.7500000000E-001    0.9375000000E+000


# Weightfunction after cycle       5109
 0.0000000    0.2982812500E+001    0.1473437500E+001
 0.0101010    0.3081250000E+001    0.1596875000E+001
 0.0202020    0.2951562500E+001    0.1437500000E+001
 0.0303030    0.2971875000E+001    0.1418750000E+001
 0.0404040    0.3182812500E+001    0.1631250000E+001
 0.0505051    0.3201562500E+001    0.1565625000E+001
 0.0606061    0.3232812500E+001    0.1589062500E+001
 0.0707071    0.3318750000E+001    0.1564062500E+001
 0.0808081    0.3382812500E+001    0.1617187500E+001
 0.0909091    0.3426562500E+001    0.1489062500E+001
 0.1010101    0.3490625000E+001    0.1540625000E+001
 0.1111111    0.3650000000E+001    0.1570312500E+001
 0.1212121    0.3587500000E+001    0.1529687500E+001
 0.1313131    0.3762500000E+001    0.1559375000E+001
 0.1414141    0.3706250000E+001    0.1412500000E+001
 0.1515152    0.3715625000E+001    0.1426562500E+001
 0.1616162    0.3709375000E+001    0.1539062500E+001
 0.1717172    0.3842187500E+001    0.1515625000E+001
 0.1818182    0.3859375000E+001    0.1592187500E+001
 0.1919192    0.3782812500E+001    0.1512500000E+001
 0.2020202    0.3604687500E+001    0.1473437500E+001
 0.2121212    0.3545312500E+001    0.1404687500E+001
 0.2222222    0.3654687500E+001    0.1437500000E+001
 0.2323232    0.3682812500E+001    0.1385937500E+001
 0.2424242    0.3520312500E+001    0.1318750000E+001
 0.2525253    0.3456250000E+001    0.1271875000E+001
 0.2626263    0.3410937500E+001    0.1382812500E+001
 0.2727273    0.3351562500E+001    0.1335937500E+001
 0.2828283    0.3176562500E+001    0.1379687500E+001
 0.2929293    0.3159375000E+001    0.1346875000E+001
 0.3030303    0.3078125000E+001    0.1293750000E+001
 0.3131313    0.3103125000E+001    0.1259375000E+001
 0.3232323    0.2904687500E+001    0.1279687500E+001
 0.3333333    0.2854687500E+001    0.1179687500E+001
 0.3434343    0.2745312500E+001    0.1260937500E+001
 0.3535354    0.2648437500E+001    0.1218750000E+001
 0.3636364    0.2665625000E+001    0.1154687500E+001
 0.3737374    0.2468750000E+001    0.1104687500E+001
 0.3838384    0.2379687500E+001    0.1000000000E+001
 0.3939394    0.2262500000E+001    0.1000000000E+001
 0.4040404    0.2273437500E+001    0.1068750000E+001
 0.4141414    0.2120312500E+001    0.1025000000E+001
 0.4242424    0.1985937500E+001    0.9218750000E+000
 0.4343434    0.1910937500E+001    0.9515625000E+000
 0.4444444    0.1804687500E+001    0.9562500000E+000
 0.4545455    0.1807812500E+001    0.8062500000E+000
 0.4646465    0.1567187500E+001    0.7984375000E+000
 0.4747475    0.1528125000E+001    0.7703125000E+000
 0.4848485    0.1407812500E+001    0.8218750000E+000
 0.4949495    0.1298437500E+001    0.6656250000E+000
 0.5050505    0.1220312500E+001    0.8906250000E+000
 0.5151515    0.1254687500E+001    0.8078125000E+000
 0.5252525    0.1218750000E+001    0.6671875000E+000
 0.5353535    0.1318750000E+001    0.6781250000E+000
 0.5454545    0.1276562500E+001    0.7718750000E+000
 0.5555556    0.1345312500E+001    0.6468750000E+000
 0.5656566    0.1234375000E+001    0.7421875000E+000
 0.5757576    0.1201562500E+001    0.7875000000E+000
 0.5858586    0.1198437500E+001    0.7687500000E+000
 0.5959596    0.1175000000E+001    0.8125000000E+000
 0.6060606    0.1309375000E+001    0.7843750000E+000
 0.6161616    0.1175000000E+001    0.6718750000E+000
 0.6262626    0.1196875000E+001    0.7375000000E+000
 0.6363636    0.1126562500E+001    0.7203125000E+000
 0.6464646    0.1048437500E+001    0.7640625000E+000
 0.6565657    0.1157812500E+001    0.7390625000E+000
 0.6666667    0.1162500000E+001    0.7421875000E+000
 0.6767677    0.9609375000E+000    0.6281250000E+000
 0.6868687    0.1160937500E+001    0.7984375000E+000
 0.6969697    0.1046875000E+001    0.5953125000E+000
 0.7070707    0.9890625000E+000    0.7046875000E+000
 0.7171717    0.1010937500E+001    0.7187500000E+000
 0.7272727    0.9406250000E+000    0.6437500000E+000
 0.7373737    0.9687500000E+000    0.7640625000E+000
 0.7474747    0.9140625000E+000    0.7578125000E+000
 0.7575758    0.8140625000E+000    0.6953125000E+000
 0.7676768    0.8562500000E+000    0.7312500000E+000
 0.7777778    0.9500000000E+000    0.7984375000E+000
 0.7878788    0.8000000000E+000    0.7171875000E+000
 0.7979798    0.8531250000E+000    0.7187500000E+000
 0.8080808    0.6656250000E+000    0.6859375000E+000
 0.8181818    0.6953125000E+000    0.6750000000E+000
 0.8282828    0.7234375000E+000    0.7109375000E+000
 0.8383838    0.6671875000E+000    0.7015625000E+000
 0.8484848    0.5609375000E+000    0.6671875000E+000
 0.8585859    0.7046875000E+000    0.7859375000E+000
 0.8686869    0.5640625000E+000    0.7406250000E+000
 0.8787879    0.5859375000E+000    0.7453125000E+000
 0.8888889    0.5140625000E+000    0.7218750000E+000
 0.8989899    0.5203125000E+000    0.7562500000E+000
 0.9090909    0.3453125000E+000    0.6296875000E+000
 0.9191919    0.3312500000E+000    0.6812500000E+000
 0.9292929    0.2578125000E+000    0.5906250000E+000
 0.9393939    0.2234375000E+000    0.6140625000E+000
 0.9494949    0.2953125000E+000    0.7109375000E+000
 0.9595960    0.1281250000E+000    0.5890625000E+000
 0.9696970    0.1890625000E+000    0.6843750000E+000
 0.9797980    0.1609375000E+000    0.6828125000E+000
 0.9898990    0.1296875000E+000    0.6953125000E+000
 1.0000000    0.0000000000E+000    0.6359375000E+000


# Weightfunction after cycle      11807
 0.0000000    0.3204687500E+001    0.1825000000E+001
 0.0101010    0.3255859375E+001    0.1894531250E+001
 0.0202020    0.3199218750E+001    0.1808593750E+001
 0.0303030    0.3206640625E+001    0.1790625000E+001
 0.0404040    0.3303906250E+001    0.1826562500E+001
 0.0505051    0.3332421875E+001    0.1829687500E+001
 0.0606061    0.3447656250E+001    0.1892578125E+001
 0.0707071    0.3498828125E+001    0.1839453125E+001
 0.0808081    0.3571484375E+001    0.1903906250E+001
 0.0909091    0.3673828125E+001    0.1840234375E+001
 0.1010101    0.3789453125E+001    0.1879687500E+001
 0.1111111    0.3791406250E+001    0.1869531250E+001
 0.1212121    0.3918359375E+001    0.1919921875E+001
 0.1313131    0.3885546875E+001    0.1846093750E+001
 0.1414141    0.3950000000E+001    0.1849218750E+001
 0.1515152    0.4003906250E+001    0.1819140625E+001
 0.1616162    0.3987500000E+001    0.1786328125E+001
 0.1717172    0.4016796875E+001    0.1847265625E+001
 0.1818182    0.4014453125E+001    0.1815625000E+001
 0.1919192    0.3987890625E+001    0.1757812500E+001
 0.2020202    0.4003125000E+001    0.1746093750E+001
 0.2121212    0.3876562500E+001    0.1769531250E+001
 0.2222222    0.3905859375E+001    0.1755078125E+001
 0.2323232    0.3775000000E+001    0.1689062500E+001
 0.2424242    0.3784765625E+001    0.1686328125E+001
 0.2525253    0.3670312500E+001    0.1664843750E+001
 0.2626263    0.3603515625E+001    0.1681640625E+001
 0.2727273    0.3435937500E+001    0.1638281250E+001
 0.2828283    0.3438671875E+001    0.1628125000E+001
 0.2929293    0.3359375000E+001    0.1576562500E+001
 0.3030303    0.3291015625E+001    0.1530078125E+001
 0.3131313    0.3203515625E+001    0.1539062500E+001
 0.3232323    0.3185937500E+001    0.1508593750E+001
 0.3333333    0.3035156250E+001    0.1484765625E+001
 0.3434343    0.2946875000E+001    0.1444140625E+001
 0.3535354    0.2793359375E+001    0.1385937500E+001
 0.3636364    0.2733593750E+001    0.1409375000E+001
 0.3737374    0.2611718750E+001    0.1342187500E+001
 0.3838384    0.2572265625E+001    0.1350781250E+001
 0.3939394    0.2368359375E+001    0.1366406250E+001
 0.4040404    0.2343750000E+001    0.1261718750E+001
 0.4141414    0.2203125000E+001    0.1263671875E+001
 0.4242424    0.2075000000E+001    0.1248046875E+001
 0.4343434    0.2018750000E+001    0.1232421875E+001
 0.4444444    0.1917578125E+001    0.1155468750E+001
 0.4545455    0.1824609375E+001    0.1174218750E+001
 0.4646465    0.1694921875E+001    0.1133984375E+001
 0.4747475    0.1628906250E+001    0.1086718750E+001
 0.4848485    0.1469140625E+001    0.1027343750E+001
 0.4949495    0.1404687500E+001    0.1001171875E+001
 0.5050505    0.1280468750E+001    0.1008203125E+001
 0.5151515    0.1272656250E+001    0.1012890625E+001
 0.5252525    0.1319140625E+001    0.9960937500E+000
 0.5353535    0.1263281250E+001    0.9406250000E+000
 0.5454545    0.1265625000E+001    0.9925781250E+000
 0.5555556    0.1283203125E+001    0.9882812500E+000
 0.5656566    0.1216406250E+001    0.1026562500E+001
 0.5757576    0.1216015625E+001    0.1028125000E+001
 0.5858586    0.1236718750E+001    0.9523437500E+000
 0.5959596    0.1231640625E+001    0.9937500000E+000
 0.6060606    0.1187109375E+001    0.1023437500E+001
 0.6161616    0.1209765625E+001    0.1009375000E+001
 0.6262626    0.1205078125E+001    0.1014843750E+001
 0.6363636    0.1150390625E+001    0.9687500000E+000
 0.6464646    0.1211328125E+001    0.1028125000E+001
 0.6565657    0.1185937500E+001    0.9539062500E+000
 0.6666667    0.1135546875E+001    0.9972656250E+000
 0.6767677    0.1129687500E+001    0.9613281250E+000
 0.6868687    0.1120703125E+001    0.9851562500E+000
 0.6969697    0.1089453125E+001    0.1000390625E+001
 0.7070707    0.1051171875E+001    0.1009375000E+001
 0.7171717    0.1035937500E+001    0.9886718750E+000
 0.7272727    0.1022265625E+001    0.9859375000E+000
 0.7373737    0.9937500000E+000    0.9804687500E+000
 0.7474747    0.9542968750E+000    0.9734375000E+000
 0.7575758    0.9351562500E+000    0.9632812500E+000
 0.7676768    0.8890625000E+000    0.9843750000E+000
 0.7777778    0.8816406250E+000    0.9804687500E+000
 0.7878788    0.8398437500E+000    0.9687500000E+000
 0.7979798    0.7898437500E+000    0.9476562500E+000
 0.8080808    0.8000000000E+000    0.9890625000E+000
 0.8181818    0.7554687500E+000    0.9273437500E+000
 0.8282828    0.6937500000E+000    0.9019531250E+000
 0.8383838    0.6722656250E+000    0.9417968750E+000
 0.8484848    0.6773437500E+000    0.9765625000E+000
 0.8585859    0.6261718750E+000    0.9117187500E+000
 0.8686869    0.5921875000E+000    0.9394531250E+000
 0.8787879    0.5570312500E+000    0.9257812500E+000
 0.8888889    0.4585937500E+000    0.8808593750E+000
 0.8989899    0.4562500000E+000    0.8953125000E+000
 0.9090909    0.3917968750E+000    0.8757812500E+000
 0.9191919    0.3910156250E+000    0.9152343750E+000
 0.9292929    0.3441406250E+000    0.9003906250E+000
 0.9393939    0.3210937500E+000    0.9097656250E+000
 0.9494949    0.2535156250E+000    0.8734375000E+000
 0.9595960    0.2191406250E+000    0.8535156250E+000
 0.9696970    0.1835937500E+000    0.8902343750E+000
 0.9797980    0.1449218750E+000    0.8703125000E+000
 0.9898990    0.7187500000E-001    0.8429687500E+000
 1.0000000    0.0000000000E+000    0.8121093750E+000


# Weightfunction after cycle      18176
 0.0000000    0.3188183594E+001    0.1824023438E+001
 0.0101010    0.3218164063E+001    0.1852343750E+001
 0.0202020    0.3206640625E+001    0.1821972656E+001
 0.0303030    0.3205566406E+001    0.1775488281E+001
 0.0404040    0.3305078125E+001    0.1837207031E+001
 0.0505051    0.3320214844E+001    0.1818750000E+001
 0.0606061    0.3438671875E+001    0.1882617188E+001
 0.0707071    0.3484960938E+001    0.1850781250E+001
 0.0808081    0.3562109375E+001    0.1859082031E+001
 0.0909091    0.3654199219E+001    0.1840722656E+001
 0.1010101    0.3730957031E+001    0.1860449219E+001
 0.1111111    0.3769433594E+001    0.1842871094E+001
 0.1212121    0.3862207031E+001    0.1867285156E+001
 0.1313131    0.3852343750E+001    0.1800976563E+001
 0.1414141    0.3915234375E+001    0.1827929688E+001
 0.1515152    0.3962597656E+001    0.1808203125E+001
 0.1616162    0.3953222656E+001    0.1770703125E+001
 0.1717172    0.3981542969E+001    0.1796972656E+001
 0.1818182    0.3963183594E+001    0.1791406250E+001
 0.1919192    0.3937304688E+001    0.1740722656E+001
 0.2020202    0.3915917969E+001    0.1716503906E+001
 0.2121212    0.3840332031E+001    0.1737402344E+001
 0.2222222    0.3858398438E+001    0.1724414063E+001
 0.2323232    0.3758984375E+001    0.1672851563E+001
 0.2424242    0.3714648438E+001    0.1690917969E+001
 0.2525253    0.3633984375E+001    0.1657910156E+001
 0.2626263    0.3591210938E+001    0.1640820313E+001
 0.2727273    0.3465917969E+001    0.1601855469E+001
 0.2828283    0.3421289063E+001    0.1616015625E+001
 0.2929293    0.3355273438E+001    0.1561523438E+001
 0.3030303    0.3304394531E+001    0.1511425781E+001
 0.3131313    0.3176171875E+001    0.1529296875E+001
 0.3232323    0.3145019531E+001    0.1475000000E+001
 0.3333333    0.3016796875E+001    0.1448437500E+001
 0.3434343    0.2919140625E+001    0.1436328125E+001
 0.3535354    0.2831152344E+001    0.1390039063E+001
 0.3636364    0.2733007813E+001    0.1402636719E+001
 0.3737374    0.2648632813E+001    0.1338476563E+001
 0.3838384    0.2564746094E+001    0.1339257813E+001
 0.3939394    0.2414257813E+001    0.1308789063E+001
 0.4040404    0.2359765625E+001    0.1273339844E+001
 0.4141414    0.2206054688E+001    0.1258300781E+001
 0.4242424    0.2089257813E+001    0.1230566406E+001
 0.4343434    0.1996679688E+001    0.1218554688E+001
 0.4444444    0.1916894531E+001    0.1151367188E+001
 0.4545455    0.1826367188E+001    0.1166210938E+001
 0.4646465    0.1700000000E+001    0.1104003906E+001
 0.4747475    0.1608203125E+001    0.1087304688E+001
 0.4848485    0.1487207031E+001    0.1031054688E+001
 0.4949495    0.1390527344E+001    0.9812500000E+000
 0.5050505    0.1279003906E+001    0.1004394531E+001
 0.5151515    0.1307324219E+001    0.1014062500E+001
 0.5252525    0.1315429688E+001    0.1009765625E+001
 0.5353535    0.1289062500E+001    0.9574218750E+000
 0.5454545    0.1278710938E+001    0.1001171875E+001
 0.5555556    0.1280371094E+001    0.9906250000E+000
 0.5656566    0.1241992188E+001    0.9911132813E+000
 0.5757576    0.1243750000E+001    0.1000195313E+001
 0.5858586    0.1241503906E+001    0.9628906250E+000
 0.5959596    0.1247851563E+001    0.9743164063E+000
 0.6060606    0.1204101563E+001    0.1023242188E+001
 0.6161616    0.1225781250E+001    0.1016992188E+001
 0.6262626    0.1208984375E+001    0.1020019531E+001
 0.6363636    0.1150585938E+001    0.9773437500E+000
 0.6464646    0.1199707031E+001    0.1017675781E+001
 0.6565657    0.1175488281E+001    0.9600585938E+000
 0.6666667    0.1135937500E+001    0.9920898438E+000
 0.6767677    0.1123730469E+001    0.9795898438E+000
 0.6868687    0.1092382813E+001    0.9919921875E+000
 0.6969697    0.1068261719E+001    0.9780273438E+000
 0.7070707    0.1039160156E+001    0.9788085938E+000
 0.7171717    0.1031250000E+001    0.9741210938E+000
 0.7272727    0.1013085938E+001    0.9668945313E+000
 0.7373737    0.9878906250E+000    0.9768554688E+000
 0.7474747    0.9534179688E+000    0.9659179688E+000
 0.7575758    0.9382812500E+000    0.9493164063E+000
 0.7676768    0.8738281250E+000    0.9517578125E+000
 0.7777778    0.8780273438E+000    0.9604492188E+000
 0.7878788    0.8268554688E+000    0.9359375000E+000
 0.7979798    0.8001953125E+000    0.9319335938E+000
 0.8080808    0.7824218750E+000    0.9400390625E+000
 0.8181818    0.7479492188E+000    0.9276367188E+000
 0.8282828    0.7120117188E+000    0.9089843750E+000
 0.8383838    0.6582031250E+000    0.9195312500E+000
 0.8484848    0.6700195313E+000    0.9514648438E+000
 0.8585859    0.6287109375E+000    0.9188476563E+000
 0.8686869    0.5977539063E+000    0.9248046875E+000
 0.8787879    0.5314453125E+000    0.9040039063E+000
 0.8888889    0.4733398438E+000    0.8806640625E+000
 0.8989899    0.4532226563E+000    0.8878906250E+000
 0.9090909    0.3951171875E+000    0.8670898438E+000
 0.9191919    0.3758789063E+000    0.8972656250E+000
 0.9292929    0.3336914063E+000    0.8743164063E+000
 0.9393939    0.2894531250E+000    0.8750000000E+000
 0.9494949    0.2326171875E+000    0.8439453125E+000
 0.9595960    0.2044921875E+000    0.8283203125E+000
 0.9696970    0.1390625000E+000    0.8401367188E+000
 0.9797980    0.1108398438E+000    0.8313476563E+000
 0.9898990    0.4716796875E-001    0.8176757813E+000
 1.0000000    0.0000000000E+000    0.8077148438E+000


# Weightfunction after cycle      23753
 0.0000000    0.3176147461E+001    0.1803564453E+001
 0.0101010    0.3201391602E+001    0.1824389648E+001
 0.0202020    0.3196142578E+001    0.1807568359E+001
 0.0303030    0.3205395508E+001    0.1769384766E+001
 0.0404040    0.3296948242E+001    0.1822729492E+001
 0.0505051    0.3311596680E+001    0.1799609375E+001
 0.0606061    0.3425903320E+001    0.1857812500E+001
 0.0707071    0.3472534180E+001    0.1830102539E+001
 0.0808081    0.3556640625E+001    0.1840209961E+001
 0.0909091    0.3643945312E+001    0.1821826172E+001
 0.1010101    0.3721069336E+001    0.1840502930E+001
 0.1111111    0.3760205078E+001    0.1828149414E+001
 0.1212121    0.3854541016E+001    0.1842236328E+001
 0.1313131    0.3853247070E+001    0.1790820313E+001
 0.1414141    0.3910986328E+001    0.1814257813E+001
 0.1515152    0.3949291992E+001    0.1791088867E+001
 0.1616162    0.3943969727E+001    0.1757080078E+001
 0.1717172    0.3976879883E+001    0.1779980469E+001
 0.1818182    0.3958691406E+001    0.1770507813E+001
 0.1919192    0.3928540039E+001    0.1732519531E+001
 0.2020202    0.3900903320E+001    0.1704638672E+001
 0.2121212    0.3840820312E+001    0.1719897461E+001
 0.2222222    0.3846997070E+001    0.1700561523E+001
 0.2323232    0.3749658203E+001    0.1660937500E+001
 0.2424242    0.3701147461E+001    0.1666601563E+001
 0.2525253    0.3623608398E+001    0.1641967773E+001
 0.2626263    0.3583862305E+001    0.1619482422E+001
 0.2727273    0.3457543945E+001    0.1583959961E+001
 0.2828283    0.3417309570E+001    0.1597851563E+001
 0.2929293    0.3339916992E+001    0.1544677734E+001
 0.3030303    0.3289965820E+001    0.1495678711E+001
 0.3131313    0.3168041992E+001    0.1504248047E+001
 0.3232323    0.3129833984E+001    0.1460595703E+001
 0.3333333    0.3004858398E+001    0.1433618164E+001
 0.3434343    0.2911157227E+001    0.1423266602E+001
 0.3535354    0.2825903320E+001    0.1375415039E+001
 0.3636364    0.2729516602E+001    0.1384936523E+001
 0.3737374    0.2638085938E+001    0.1323632813E+001
 0.3838384    0.2547436523E+001    0.1315698242E+001
 0.3939394    0.2408935547E+001    0.1289062500E+001
 0.4040404    0.2345727539E+001    0.1251611328E+001
 0.4141414    0.2204028320E+001    0.1243481445E+001
 0.4242424    0.2085742188E+001    0.1218554687E+001
 0.4343434    0.1986645508E+001    0.1197851562E+001
 0.4444444    0.1912353516E+001    0.1133105469E+001
 0.4545455    0.1809716797E+001    0.1146582031E+001
 0.4646465    0.1689257813E+001    0.1085375977E+001
 0.4747475    0.1595043945E+001    0.1067504883E+001
 0.4848485    0.1476147461E+001    0.1014624023E+001
 0.4949495    0.1379370117E+001    0.9628417969E+000
 0.5050505    0.1271606445E+001    0.9824462891E+000
 0.5151515    0.1300219727E+001    0.9859619141E+000
 0.5252525    0.1303881836E+001    0.9901123047E+000
 0.5353535    0.1276782227E+001    0.9434814453E+000
 0.5454545    0.1272534180E+001    0.9766113281E+000
 0.5555556    0.1269946289E+001    0.9681152344E+000
 0.5656566    0.1237768555E+001    0.9783447266E+000
 0.5757576    0.1237524414E+001    0.9766601563E+000
 0.5858586    0.1236425781E+001    0.9487060547E+000
 0.5959596    0.1238940430E+001    0.9609619141E+000
 0.6060606    0.1201147461E+001    0.9983398438E+000
 0.6161616    0.1215576172E+001    0.9888427734E+000
 0.6262626    0.1195678711E+001    0.9937255859E+000
 0.6363636    0.1145214844E+001    0.9669189453E+000
 0.6464646    0.1190283203E+001    0.9964111328E+000
 0.6565657    0.1163623047E+001    0.9405029297E+000
 0.6666667    0.1128369141E+001    0.9718505859E+000
 0.6767677    0.1116552734E+001    0.9532714844E+000
 0.6868687    0.1080224609E+001    0.9708740234E+000
 0.6969697    0.1060791016E+001    0.9567382813E+000
 0.7070707    0.1037402344E+001    0.9611572266E+000
 0.7171717    0.1026367188E+001    0.9537597656E+000
 0.7272727    0.1003027344E+001    0.9450927734E+000
 0.7373737    0.9798339844E+000    0.9536865234E+000
 0.7474747    0.9423583984E+000    0.9427001953E+000
 0.7575758    0.9299804688E+000    0.9334716797E+000
 0.7676768    0.8745849609E+000    0.9310791016E+000
 0.7777778    0.8672119141E+000    0.9383544922E+000
 0.7878788    0.8223632813E+000    0.9166259766E+000
 0.7979798    0.7956542969E+000    0.9108886719E+000
 0.8080808    0.7760253906E+000    0.9221191406E+000
 0.8181818    0.7422119141E+000    0.9098144531E+000
 0.8282828    0.7081298828E+000    0.8878417969E+000
 0.8383838    0.6568115234E+000    0.9004394531E+000
 0.8484848    0.6628906250E+000    0.9283935547E+000
 0.8585859    0.6218261719E+000    0.9023681641E+000
 0.8686869    0.5919189453E+000    0.9042724609E+000
 0.8787879    0.5307128906E+000    0.8888671875E+000
 0.8888889    0.4688232422E+000    0.8666992188E+000
 0.8989899    0.4474853516E+000    0.8717041016E+000
 0.9090909    0.3929931641E+000    0.8489257813E+000
 0.9191919    0.3745117188E+000    0.8803466797E+000
 0.9292929    0.3322021484E+000    0.8596191406E+000
 0.9393939    0.2823730469E+000    0.8554931641E+000
 0.9494949    0.2260742188E+000    0.8262207031E+000
 0.9595960    0.1991455078E+000    0.8166015625E+000
 0.9696970    0.1344726563E+000    0.8245361328E+000
 0.9797980    0.1071289063E+000    0.8173583984E+000
 0.9898990    0.4648437500E-001    0.8043701172E+000
 1.0000000    0.0000000000E+000    0.7962402344E+000


# Weightfunction after cycle      27079
 0.0000000    0.3177142334E+001    0.1804766846E+001
 0.0101010    0.3202069092E+001    0.1826135254E+001
 0.0202020    0.3197412109E+001    0.1808837891E+001
 0.0303030    0.3206634521E+001    0.1770782471E+001
 0.0404040    0.3298242188E+001    0.1824774170E+001
 0.0505051    0.3312005615E+001    0.1800122070E+001
 0.0606061    0.3426202393E+001    0.1857183838E+001
 0.0707071    0.3472619629E+001    0.1829638672E+001
 0.0808081    0.3558197021E+001    0.1841168213E+001
 0.0909091    0.3645275879E+001    0.1823962402E+001
 0.1010101    0.3721990967E+001    0.1841564941E+001
 0.1111111    0.3760821533E+001    0.1828839111E+001
 0.1212121    0.3854425049E+001    0.1842919922E+001
 0.1313131    0.3853717041E+001    0.1792791748E+001
 0.1414141    0.3912579346E+001    0.1816418457E+001
 0.1515152    0.3949127197E+001    0.1791992188E+001
 0.1616162    0.3945062256E+001    0.1758569336E+001
 0.1717172    0.3975817871E+001    0.1780877686E+001
 0.1818182    0.3959704590E+001    0.1771618652E+001
 0.1919192    0.3929638672E+001    0.1734094238E+001
 0.2020202    0.3900616455E+001    0.1705053711E+001
 0.2121212    0.3839135742E+001    0.1721582031E+001
 0.2222222    0.3847064209E+001    0.1699682617E+001
 0.2323232    0.3750231934E+001    0.1662207031E+001
 0.2424242    0.3701403809E+001    0.1667681885E+001
 0.2525253    0.3621838379E+001    0.1643560791E+001
 0.2626263    0.3582989502E+001    0.1621978760E+001
 0.2727273    0.3458801270E+001    0.1584515381E+001
 0.2828283    0.3417553711E+001    0.1598895264E+001
 0.2929293    0.3340466309E+001    0.1545074463E+001
 0.3030303    0.3289953613E+001    0.1496484375E+001
 0.3131313    0.3168951416E+001    0.1504364014E+001
 0.3232323    0.3129852295E+001    0.1462280273E+001
 0.3333333    0.3003558350E+001    0.1434320068E+001
 0.3434343    0.2912359619E+001    0.1424084473E+001
 0.3535354    0.2826049805E+001    0.1376654053E+001
 0.3636364    0.2729406738E+001    0.1384942627E+001
 0.3737374    0.2636810303E+001    0.1325366211E+001
 0.3838384    0.2547570801E+001    0.1316247559E+001
 0.3939394    0.2408453369E+001    0.1289404297E+001
 0.4040404    0.2344250488E+001    0.1252246094E+001
 0.4141414    0.2202990723E+001    0.1243579102E+001
 0.4242424    0.2085388184E+001    0.1218457031E+001
 0.4343434    0.1987182617E+001    0.1197967529E+001
 0.4444444    0.1912274170E+001    0.1135070801E+001
 0.4545455    0.1809680176E+001    0.1146759033E+001
 0.4646465    0.1688476563E+001    0.1085711670E+001
 0.4747475    0.1593908691E+001    0.1067730713E+001
 0.4848485    0.1475524902E+001    0.1016235352E+001
 0.4949495    0.1377886963E+001    0.9638427734E+000
 0.5050505    0.1270672607E+001    0.9822082520E+000
 0.5151515    0.1299707031E+001    0.9865295410E+000
 0.5252525    0.1302056885E+001    0.9910095215E+000
 0.5353535    0.1277319336E+001    0.9450744629E+000
 0.5454545    0.1271832275E+001    0.9776733398E+000
 0.5555556    0.1270074463E+001    0.9681396484E+000
 0.5656566    0.1237109375E+001    0.9790893555E+000
 0.5757576    0.1236968994E+001    0.9767517090E+000
 0.5858586    0.1235711670E+001    0.9486511230E+000
 0.5959596    0.1237127686E+001    0.9615173340E+000
 0.6060606    0.1201068115E+001    0.9976135254E+000
 0.6161616    0.1215368652E+001    0.9894470215E+000
 0.6262626    0.1194641113E+001    0.9943603516E+000
 0.6363636    0.1145788574E+001    0.9680419922E+000
 0.6464646    0.1189544678E+001    0.9971801758E+000
 0.6565657    0.1162548828E+001    0.9414367676E+000
 0.6666667    0.1127270508E+001    0.9721740723E+000
 0.6767677    0.1116906738E+001    0.9538635254E+000
 0.6868687    0.1079351807E+001    0.9705810547E+000
 0.6969697    0.1059411621E+001    0.9570190430E+000
 0.7070707    0.1037225342E+001    0.9619628906E+000
 0.7171717    0.1026458740E+001    0.9546447754E+000
 0.7272727    0.1002526855E+001    0.9450744629E+000
 0.7373737    0.9801513672E+000    0.9539184570E+000
 0.7474747    0.9422485352E+000    0.9430419922E+000
 0.7575758    0.9305603027E+000    0.9345214844E+000
 0.7676768    0.8753906250E+000    0.9317443848E+000
 0.7777778    0.8662048340E+000    0.9378173828E+000
 0.7878788    0.8221496582E+000    0.9168457031E+000
 0.7979798    0.7955383301E+000    0.9117065430E+000
 0.8080808    0.7769409180E+000    0.9225158691E+000
 0.8181818    0.7415283203E+000    0.9100769043E+000
 0.8282828    0.7082214355E+000    0.8889648438E+000
 0.8383838    0.6580383301E+000    0.9008422852E+000
 0.8484848    0.6623474121E+000    0.9278076172E+000
 0.8585859    0.6216247559E+000    0.9029357910E+000
 0.8686869    0.5918151855E+000    0.9041076660E+000
 0.8787879    0.5297546387E+000    0.8885070801E+000
 0.8888889    0.4685424805E+000    0.8667175293E+000
 0.8989899    0.4477233887E+000    0.8721313477E+000
 0.9090909    0.3936096191E+000    0.8502441406E+000
 0.9191919    0.3744812012E+000    0.8804992676E+000
 0.9292929    0.3322753906E+000    0.8604064941E+000
 0.9393939    0.2825866699E+000    0.8561889648E+000
 0.9494949    0.2255371094E+000    0.8260681152E+000
 0.9595960    0.2000122070E+000    0.8185119629E+000
 0.9696970    0.1350891113E+000    0.8256408691E+000
 0.9797980    0.1077026367E+000    0.8187011719E+000
 0.9898990    0.4713134766E-001    0.8055541992E+000
 1.0000000    0.0000000000E+000    0.7962280273E+000


# Weightfunction after cycle      31899
 0.0000000    0.3177026367E+001    0.1804377747E+001
 0.0101010    0.3201356506E+001    0.1825222778E+001
 0.0202020    0.3196795654E+001    0.1807870483E+001
 0.0303030    0.3206568909E+001    0.1770330811E+001
 0.0404040    0.3297268677E+001    0.1823748779E+001
 0.0505051    0.3311849976E+001    0.1799746704E+001
 0.0606061    0.3425764465E+001    0.1856352234E+001
 0.0707071    0.3472525024E+001    0.1829002380E+001
 0.0808081    0.3557785034E+001    0.1840277100E+001
 0.0909091    0.3644869995E+001    0.1823388672E+001
 0.1010101    0.3721794128E+001    0.1840899658E+001
 0.1111111    0.3760745239E+001    0.1828132629E+001
 0.1212121    0.3853552246E+001    0.1842002869E+001
 0.1313131    0.3853456116E+001    0.1791621399E+001
 0.1414141    0.3912576294E+001    0.1815786743E+001
 0.1515152    0.3948684692E+001    0.1791009521E+001
 0.1616162    0.3944482422E+001    0.1757833862E+001
 0.1717172    0.3975721741E+001    0.1780587769E+001
 0.1818182    0.3959208679E+001    0.1770614624E+001
 0.1919192    0.3929690552E+001    0.1733233643E+001
 0.2020202    0.3900419617E+001    0.1704501343E+001
 0.2121212    0.3839384460E+001    0.1720771790E+001
 0.2222222    0.3846868896E+001    0.1699102783E+001
 0.2323232    0.3750216675E+001    0.1661500549E+001
 0.2424242    0.3701545715E+001    0.1666979980E+001
 0.2525253    0.3621807861E+001    0.1642439270E+001
 0.2626263    0.3583015442E+001    0.1621267700E+001
 0.2727273    0.3459114075E+001    0.1583631897E+001
 0.2828283    0.3417507935E+001    0.1597683716E+001
 0.2929293    0.3340820312E+001    0.1544799805E+001
 0.3030303    0.3289735413E+001    0.1496044922E+001
 0.3131313    0.3169010925E+001    0.1503250122E+001
 0.3232323    0.3129310608E+001    0.1461523438E+001
 0.3333333    0.3003251648E+001    0.1434220886E+001
 0.3434343    0.2912532043E+001    0.1423518372E+001
 0.3535354    0.2826016235E+001    0.1376112366E+001
 0.3636364    0.2728775024E+001    0.1384365845E+001
 0.3737374    0.2636848450E+001    0.1324792480E+001
 0.3838384    0.2547372437E+001    0.1315560913E+001
 0.3939394    0.2408808899E+001    0.1288842773E+001
 0.4040404    0.2344113159E+001    0.1251806641E+001
 0.4141414    0.2203050232E+001    0.1242970276E+001
 0.4242424    0.2085337830E+001    0.1217744446E+001
 0.4343434    0.1986788940E+001    0.1197006226E+001
 0.4444444    0.1911622620E+001    0.1134544373E+001
 0.4545455    0.1809164429E+001    0.1145558167E+001
 0.4646465    0.1687768555E+001    0.1085195923E+001
 0.4747475    0.1593528748E+001    0.1066891479E+001
 0.4848485    0.1474536133E+001    0.1015583801E+001
 0.4949495    0.1377426147E+001    0.9634628296E+000
 0.5050505    0.1270375061E+001    0.9811157227E+000
 0.5151515    0.1298677063E+001    0.9857070923E+000
 0.5252525    0.1301477051E+001    0.9900512695E+000
 0.5353535    0.1276782227E+001    0.9448150635E+000
 0.5454545    0.1271568298E+001    0.9773986816E+000
 0.5555556    0.1269624329E+001    0.9678359985E+000
 0.5656566    0.1236868286E+001    0.9787246704E+000
 0.5757576    0.1236836243E+001    0.9762222290E+000
 0.5858586    0.1235731506E+001    0.9484024048E+000
 0.5959596    0.1236994934E+001    0.9611450195E+000
 0.6060606    0.1200643921E+001    0.9970382690E+000
 0.6161616    0.1214729309E+001    0.9886688232E+000
 0.6262626    0.1193841553E+001    0.9937850952E+000
 0.6363636    0.1145738220E+001    0.9672134399E+000
 0.6464646    0.1189320374E+001    0.9963043213E+000
 0.6565657    0.1162028503E+001    0.9409790039E+000
 0.6666667    0.1126805115E+001    0.9716583252E+000
 0.6767677    0.1116464233E+001    0.9532012939E+000
 0.6868687    0.1079016113E+001    0.9703918457E+000
 0.6969697    0.1059280396E+001    0.9564468384E+000
 0.7070707    0.1036732483E+001    0.9613479614E+000
 0.7171717    0.1025798035E+001    0.9541458130E+000
 0.7272727    0.1002256775E+001    0.9445465088E+000
 0.7373737    0.9799026489E+000    0.9532501221E+000
 0.7474747    0.9421981812E+000    0.9425842285E+000
 0.7575758    0.9302505493E+000    0.9341979980E+000
 0.7676768    0.8753875732E+000    0.9312728882E+000
 0.7777778    0.8656768799E+000    0.9371627808E+000
 0.7878788    0.8218200684E+000    0.9162155151E+000
 0.7979798    0.7953277588E+000    0.9111160278E+000
 0.8080808    0.7765838623E+000    0.9218521118E+000
 0.8181818    0.7411270142E+000    0.9094009399E+000
 0.8282828    0.7080718994E+000    0.8886169434E+000
 0.8383838    0.6576065063E+000    0.9002471924E+000
 0.8484848    0.6619308472E+000    0.9271377563E+000
 0.8585859    0.6213500977E+000    0.9024337769E+000
 0.8686869    0.5913009644E+000    0.9034027100E+000
 0.8787879    0.5295761108E+000    0.8880706787E+000
 0.8888889    0.4684753418E+000    0.8661926270E+000
 0.8989899    0.4472702026E+000    0.8715438843E+000
 0.9090909    0.3934402466E+000    0.8497482300E+000
 0.9191919    0.3742141724E+000    0.8798004150E+000
 0.9292929    0.3317001343E+000    0.8597869873E+000
 0.9393939    0.2822753906E+000    0.8555786133E+000
 0.9494949    0.2255111694E+000    0.8256942749E+000
 0.9595960    0.1997863770E+000    0.8182022095E+000
 0.9696970    0.1352279663E+000    0.8254257202E+000
 0.9797980    0.1075668335E+000    0.8183120728E+000
 0.9898990    0.4689331055E-001    0.8048995972E+000
 1.0000000    0.0000000000E+000    0.7958526611E+000


