# Lambda, (Probability, Probability_biased(/observed)) per Fractional
 0.0000000   0.1478709266E+000   0.1000944363E+001   0.6586372855E+000   0.1058290600E+001
 0.0101010   0.1494405941E+000   0.1035920101E+001   0.6618196502E+000   0.1089313124E+001
 0.0202020   0.1425785061E+000   0.9774682518E+000   0.6475265682E+000   0.1030595827E+001
 0.0303030   0.1403613454E+000   0.9980281900E+000   0.6459059155E+000   0.1035412309E+001
 0.0404040   0.1262885566E+000   0.9522681133E+000   0.6330454680E+000   0.1027333755E+001
 0.0505051   0.1206221751E+000   0.9325151664E+000   0.6274705668E+000   0.9883421428E+000
 0.0606061   0.1154267682E+000   0.9985600707E+000   0.6598911921E+000   0.1082570049E+001
 0.0707071   0.1051717084E+000   0.9821267926E+000   0.6400462540E+000   0.1053539797E+001
 0.0808081   0.9961305244E-001   0.9946901804E+000   0.6434548371E+000   0.1030595827E+001
 0.0909091   0.8943826405E-001   0.9862351122E+000   0.6561220848E+000   0.1068033030E+001
 0.1010101   0.8329660130E-001   0.9915906001E+000   0.6662347380E+000   0.1066544299E+001
 0.1111111   0.7444218065E-001   0.9532401711E+000   0.6613669920E+000   0.1054437414E+001
 0.1212121   0.7118362020E-001   0.9782385617E+000   0.6630652727E+000   0.1074841784E+001
 0.1313131   0.6876983969E-001   0.1009307728E+001   0.6656516050E+000   0.1052598394E+001
 0.1414141   0.6364912534E-001   0.9362750124E+000   0.6817013778E+000   0.1059713651E+001
 0.1515152   0.6248486830E-001   0.9496087101E+000   0.6755624606E+000   0.1064376882E+001
 0.1616162   0.6088458331E-001   0.9622638014E+000   0.6712536939E+000   0.1039966074E+001
 0.1717172   0.6206130213E-001   0.9694533606E+000   0.6921121434E+000   0.1066938375E+001
 0.1818182   0.6121648349E-001   0.9219875976E+000   0.6885239135E+000   0.1050540442E+001
 0.1919192   0.6274950834E-001   0.9224461154E+000   0.7159435214E+000   0.1059669865E+001
 0.2020202   0.6405986535E-001   0.9459589084E+000   0.7385477953E+000   0.1094501789E+001
 0.2121212   0.6652794780E-001   0.9351012068E+000   0.7005065798E+000   0.1033857899E+001
 0.2222222   0.7138391228E-001   0.9388060306E+000   0.7071180709E+000   0.1028340838E+001
 0.2323232   0.7599475400E-001   0.9530200825E+000   0.7102295597E+000   0.1009381413E+001
 0.2424242   0.7975829724E-001   0.9373387737E+000   0.7432269354E+000   0.1039725250E+001
 0.2525253   0.8089305725E-001   0.9149080828E+000   0.7537992057E+000   0.1034799303E+001
 0.2626263   0.9098110613E-001   0.9437580229E+000   0.7760701562E+000   0.1036857254E+001
 0.2727273   0.9520116336E-001   0.9233631511E+000   0.7734022841E+000   0.1049620932E+001
 0.2828283   0.1046127594E+000   0.9353029546E+000   0.7795660695E+000   0.1037054292E+001
 0.2929293   0.1153534287E+000   0.9447117399E+000   0.7729074814E+000   0.9996827690E+000
 0.3030303   0.1211099232E+000   0.9238400096E+000   0.7925277151E+000   0.1011964799E+001
 0.3131313   0.1450569967E+000   0.9935347156E+000   0.8298316902E+000   0.1030420682E+001
 0.3232323   0.1504239095E+000   0.9535703039E+000   0.8252796167E+000   0.1018270012E+001
 0.3333333   0.1686939918E+000   0.9935163749E+000   0.8454456242E+000   0.1022955135E+001
 0.3434343   0.1830980010E+000   0.9657301960E+000   0.8702737632E+000   0.1031887520E+001
 0.3535354   0.1933807367E+000   0.9392462077E+000   0.8885555765E+000   0.1035302844E+001
 0.3636364   0.2141742923E+000   0.9282234398E+000   0.8896486708E+000   0.1021203687E+001
 0.3737374   0.2425902180E+000   0.9640428505E+000   0.9225445097E+000   0.1019890101E+001
 0.3838384   0.2728680227E+000   0.9677109929E+000   0.9104684198E+000   0.9941000283E+000
 0.3939394   0.2966909869E+000   0.9540471624E+000   0.9068644504E+000   0.9686383520E+000
 0.4040404   0.3334170472E+000   0.9624655493E+000   0.9621912985E+000   0.1000580386E+001
 0.4141414   0.3746452900E+000   0.9542305695E+000   0.9646507477E+000   0.9880575324E+000
 0.4242424   0.4189163075E+000   0.9830621690E+000   0.1005952420E+001   0.1018072974E+001
 0.4343434   0.4730676565E+000   0.9847861959E+000   0.1028810611E+001   0.1008396223E+001
 0.4444444   0.5274773406E+000   0.9979364865E+000   0.1019150492E+001   0.9927645491E+000
 0.4545455   0.6091468797E+000   0.1024915674E+001   0.1045146051E+001   0.9865906947E+000
 0.4646465   0.6590091829E+000   0.9978631236E+000   0.1053658215E+001   0.9716595999E+000
 0.4747475   0.7330847402E+000   0.9990369292E+000   0.1134091177E+001   0.1022451594E+001
 0.4848485   0.8190519860E+000   0.9875189620E+000   0.1109958569E+001   0.9962017659E+000
 0.4949495   0.9210516769E+000   0.9990919513E+000   0.1116176699E+001   0.9726010033E+000
 0.5050505   0.1008521866E+001   0.1032398685E+001   0.1124148695E+001   0.9545173020E+000
 0.5151515   0.9644256999E+000   0.9666472316E+000   0.1174557555E+001   0.1011636402E+001
 0.5252525   0.1015865211E+001   0.1041569041E+001   0.1124626354E+001   0.9623331390E+000
 0.5353535   0.9996136471E+000   0.1013581114E+001   0.1147227547E+001   0.9750311375E+000
 0.5454545   0.1017000148E+001   0.1023613483E+001   0.1159142276E+001   0.9899841253E+000
 0.5555556   0.1015921935E+001   0.1011655339E+001   0.1161983705E+001   0.9966615211E+000
 0.5656566   0.1030019687E+001   0.1026071139E+001   0.1145008126E+001   0.9783588888E+000
 0.5757576   0.1048085470E+001   0.1034251096E+001   0.1119952527E+001   0.9670401557E+000
 0.5858586   0.1030150902E+001   0.9939932334E+000   0.1140193251E+001   0.9783369957E+000
 0.5959596   0.1088427139E+001   0.1039973399E+001   0.1115528859E+001   0.9344632217E+000
 0.6060606   0.1064341936E+001   0.1003218612E+001   0.1183073958E+001   0.9904219873E+000
 0.6161616   0.1089021557E+001   0.1001329518E+001   0.1186375635E+001   0.1006031768E+001
 0.6262626   0.1101527001E+001   0.1012370627E+001   0.1114286445E+001   0.9293621292E+000
 0.6363636   0.1145869552E+001   0.1058222407E+001   0.1176383676E+001   0.9884735014E+000
 0.6464646   0.1129857300E+001   0.1040927116E+001   0.1197676188E+001   0.1008155399E+001
 0.6565657   0.1135799732E+001   0.1000669253E+001   0.1196530329E+001   0.1008221078E+001
 0.6666667   0.1193612088E+001   0.1023705187E+001   0.1160353396E+001   0.9928302284E+000
 0.6767677   0.1229625546E+001   0.1042614461E+001   0.1124572115E+001   0.9407903278E+000
 0.6868687   0.1324059919E+001   0.1102900382E+001   0.1159159199E+001   0.9727542550E+000
 0.6969697   0.1222491697E+001   0.1004043944E+001   0.1174742628E+001   0.9825623641E+000
 0.7070707   0.1283244198E+001   0.1033462446E+001   0.1187274675E+001   0.9804825196E+000
 0.7171717   0.1328854008E+001   0.1038799593E+001   0.1215570303E+001   0.1007608071E+001
 0.7272727   0.1380495411E+001   0.1050170835E+001   0.1200879237E+001   0.9945816765E+000
 0.7373737   0.1383928380E+001   0.1030692998E+001   0.1187040930E+001   0.9632745423E+000
 0.7474747   0.1411576633E+001   0.1021302554E+001   0.1181650231E+001   0.9572758327E+000
 0.7575758   0.1493931587E+001   0.1039771651E+001   0.1181517610E+001   0.9587426705E+000
 0.7676768   0.1526205667E+001   0.1045732382E+001   0.1184452966E+001   0.9592243187E+000
 0.7777778   0.1566089176E+001   0.1032747158E+001   0.1177967284E+001   0.9606254771E+000
 0.7878788   0.1644066778E+001   0.1036947181E+001   0.1234758130E+001   0.9838540571E+000
 0.7979798   0.1661266390E+001   0.1013049233E+001   0.1204912187E+001   0.9594870359E+000
 0.8080808   0.1769276507E+001   0.1064990130E+001   0.1240829699E+001   0.9900279115E+000
 0.8181818   0.1770715860E+001   0.1027079878E+001   0.1211809191E+001   0.9629023596E+000
 0.8282828   0.1882819085E+001   0.1058735947E+001   0.1228453408E+001   0.9841605605E+000
 0.8383838   0.1933076873E+001   0.1047016232E+001   0.1213554415E+001   0.9600124703E+000
 0.8484848   0.2023620070E+001   0.1072253052E+001   0.1248091369E+001   0.9965301625E+000
 0.8585859   0.2069901927E+001   0.1038487801E+001   0.1205384363E+001   0.9464825340E+000
 0.8686869   0.2220110251E+001   0.1068383162E+001   0.1267636256E+001   0.9869847705E+000
 0.8787879   0.2241891092E+001   0.1043201364E+001   0.1231168185E+001   0.9586988843E+000
 0.8888889   0.2323033210E+001   0.1031114835E+001   0.1239868825E+001   0.9592024256E+000
 0.8989899   0.2401379619E+001   0.1026603020E+001   0.1245744168E+001   0.9690105347E+000
 0.9090909   0.2675443906E+001   0.1074710707E+001   0.1269020975E+001   0.9661425385E+000
 0.9191919   0.2606787387E+001   0.1013984610E+001   0.1192560977E+001   0.9045572460E+000
 0.9292929   0.2687262903E+001   0.9870421035E+000   0.1245262623E+001   0.9314200807E+000
 0.9393939   0.2908823949E+001   0.1022494700E+001   0.1292441116E+001   0.9630775044E+000
 0.9494949   0.3079569889E+001   0.1014864964E+001   0.1243595969E+001   0.9067465561E+000
 0.9595960   0.3355483990E+001   0.1082377125E+001   0.1302065361E+001   0.9661863247E+000
 0.9696970   0.3357290593E+001   0.1006263170E+001   0.1277929538E+001   0.9235604575E+000
 0.9797980   0.3720319603E+001   0.1070162211E+001   0.1330290056E+001   0.9676312694E+000
 0.9898990   0.3872251846E+001   0.1077205044E+001   0.1318554543E+001   0.9686164589E+000
 1.0000000   0.3957773693E+001   0.1056791832E+001   0.1322256950E+001   0.9654419593E+000


 0.0000000   0.1434824572E+000   0.9681615868E+000   0.6509694621E+000   0.1045619116E+001
 0.0101010   0.1474609297E+000   0.1018958603E+001   0.6704730772E+000   0.1103185879E+001
 0.0202020   0.1394641622E+000   0.9530882613E+000   0.6418686608E+000   0.1021248030E+001
 0.0303030   0.1397944476E+000   0.9908481579E+000   0.6530224189E+000   0.1046469140E+001
 0.0404040   0.1268302093E+000   0.9533225150E+000   0.6397514734E+000   0.1037868238E+001
 0.0505051   0.1202402567E+000   0.9266175917E+000   0.6463843157E+000   0.1017792011E+001
 0.0606061   0.1141909851E+000   0.9847395419E+000   0.6598824526E+000   0.1082192521E+001
 0.0707071   0.1042806213E+000   0.9707203581E+000   0.6499932703E+000   0.1069554005E+001
 0.0808081   0.9830451712E-001   0.9785137989E+000   0.6539967893E+000   0.1047129027E+001
 0.0909091   0.8894138788E-001   0.9776488622E+000   0.6602737191E+000   0.1074430459E+001
 0.1010101   0.8201671156E-001   0.9732611099E+000   0.6598823987E+000   0.1056020726E+001
 0.1111111   0.7330459803E-001   0.9356994280E+000   0.6624981629E+000   0.1055886512E+001
 0.1212121   0.7094456938E-001   0.9718645974E+000   0.6660225386E+000   0.1079273359E+001
 0.1313131   0.6656149101E-001   0.9738016954E+000   0.6549081322E+000   0.1035262243E+001
 0.1414141   0.6418021427E-001   0.9410962731E+000   0.6736663649E+000   0.1046871783E+001
 0.1515152   0.6245341649E-001   0.9461237182E+000   0.6698020145E+000   0.1054947012E+001
 0.1616162   0.6134950275E-001   0.9665398303E+000   0.6670408473E+000   0.1033092445E+001
 0.1717172   0.6245100751E-001   0.9724502317E+000   0.6901733553E+000   0.1063592651E+001
 0.1818182   0.6196188159E-001   0.9302575340E+000   0.6925092900E+000   0.1056266786E+001
 0.1919192   0.6361788184E-001   0.9322486906E+000   0.7121300892E+000   0.1053671975E+001
 0.2020202   0.6456294666E-001   0.9503673143E+000   0.7170711352E+000   0.1062317615E+001
 0.2121212   0.6900571119E-001   0.9668551718E+000   0.7252925427E+000   0.1070079677E+001
 0.2222222   0.7150989585E-001   0.9374833601E+000   0.7144089803E+000   0.1038595232E+001
 0.2323232   0.7642480278E-001   0.9553767399E+000   0.7173797618E+000   0.1019201261E+001
 0.2424242   0.8012872465E-001   0.9387086872E+000   0.7420285072E+000   0.1037700470E+001
 0.2525253   0.8494740492E-001   0.9577192770E+000   0.7622136230E+000   0.1045999390E+001
 0.2626263   0.9201226296E-001   0.9514304658E+000   0.7701118268E+000   0.1028551527E+001
 0.2727273   0.9855584738E-001   0.9528720271E+000   0.7697146361E+000   0.1044265788E+001
 0.2828283   0.1091426541E+000   0.9727115147E+000   0.7765962184E+000   0.1032756909E+001
 0.2929293   0.1189390172E+000   0.9709906508E+000   0.7877436996E+000   0.1018530190E+001
 0.3030303   0.1246706553E+000   0.9479887382E+000   0.7945461870E+000   0.1014201778E+001
 0.3131313   0.1442179610E+000   0.9846584540E+000   0.8188011921E+000   0.1016382760E+001
 0.3232323   0.1544315308E+000   0.9758739398E+000   0.8312172665E+000   0.1025252091E+001
 0.3333333   0.1714797455E+000   0.1006723352E+001   0.8329906536E+000   0.1007546984E+001
 0.3434343   0.1850540307E+000   0.9729547781E+000   0.8546353674E+000   0.1013005033E+001
 0.3535354   0.1997536302E+000   0.9671254646E+000   0.8979028100E+000   0.1045842806E+001
 0.3636364   0.2261849136E+000   0.9771713450E+000   0.8908533660E+000   0.1022243453E+001
 0.3737374   0.2503667232E+000   0.9917941825E+000   0.9204901130E+000   0.1017277523E+001
 0.3838384   0.2788961658E+000   0.9859558592E+000   0.9213723007E+000   0.1005667983E+001
 0.3939394   0.3023857518E+000   0.9692787968E+000   0.9320860629E+000   0.9952440033E+000
 0.4040404   0.3327709383E+000   0.9575571014E+000   0.9687208605E+000   0.1007032495E+001
 0.4141414   0.3776784905E+000   0.9589085651E+000   0.9561762276E+000   0.9790488074E+000
 0.4242424   0.4257946461E+000   0.9960377786E+000   0.9923924534E+000   0.1004012673E+001
 0.4343434   0.4792465521E+000   0.9944881002E+000   0.1008564422E+001   0.9882201200E+000
 0.4444444   0.5309226755E+000   0.1001272448E+001   0.1032502157E+001   0.1005433108E+001
 0.4545455   0.6036687526E+000   0.1012480587E+001   0.1065760548E+001   0.1005712721E+001
 0.4646465   0.6649860200E+000   0.1003723102E+001   0.1071611949E+001   0.9878845842E+000
 0.4747475   0.7370801725E+000   0.1001299477E+001   0.1123133972E+001   0.1012233301E+001
 0.4848485   0.8269289747E+000   0.9938574172E+000   0.1069996078E+001   0.9600127414E+000
 0.4949495   0.9034647698E+000   0.9769100620E+000   0.1108789488E+001   0.9658398803E+000
 0.5050505   0.1014678622E+001   0.1035410422E+001   0.1152451699E+001   0.9782211523E+000
 0.5151515   0.9662742110E+000   0.9654316300E+000   0.1151288526E+001   0.9912623115E+000
 0.5252525   0.9937096495E+000   0.1015624993E+001   0.1137615211E+001   0.9731210078E+000
 0.5353535   0.9978154110E+000   0.1008552333E+001   0.1154473965E+001   0.9808607008E+000
 0.5454545   0.9954238345E+000   0.9987226866E+000   0.1161329684E+001   0.9915195556E+000
 0.5555556   0.1040231838E+001   0.1032581358E+001   0.1166225099E+001   0.9999638740E+000
 0.5656566   0.1018690732E+001   0.1011570602E+001   0.1150324728E+001   0.9825719336E+000
 0.5757576   0.1038178374E+001   0.1021229063E+001   0.1145189585E+001   0.9884997332E+000
 0.5858586   0.1039719012E+001   0.1000047121E+001   0.1153623558E+001   0.9895287097E+000
 0.5959596   0.1064667185E+001   0.1014048285E+001   0.1137798849E+001   0.9527987211E+000
 0.6060606   0.1062795822E+001   0.9985875402E+000   0.1156329337E+001   0.9677076964E+000
 0.6161616   0.1079444945E+001   0.9893795673E+000   0.1169086998E+001   0.9910386210E+000
 0.6262626   0.1131395891E+001   0.1036527632E+001   0.1130187015E+001   0.9423076342E+000
 0.6363636   0.1149688348E+001   0.1058385305E+001   0.1167302661E+001   0.9805139805E+000
 0.6464646   0.1134985551E+001   0.1042338926E+001   0.1197581059E+001   0.1007737121E+001
 0.6565657   0.1160121849E+001   0.1018859496E+001   0.1186478550E+001   0.9994158321E+000
 0.6666667   0.1199631121E+001   0.1025607805E+001   0.1155823764E+001   0.9886227630E+000
 0.6767677   0.1200173538E+001   0.1014417685E+001   0.1118739511E+001   0.9355969177E+000
 0.6868687   0.1284172936E+001   0.1066286863E+001   0.1166718183E+001   0.9787691942E+000
 0.6969697   0.1275848189E+001   0.1044546317E+001   0.1185916492E+001   0.9915754783E+000
 0.7070707   0.1289603232E+001   0.1035293295E+001   0.1180408877E+001   0.9744855201E+000
 0.7171717   0.1327444751E+001   0.1034410339E+001   0.1182565827E+001   0.9799212005E+000
 0.7272727   0.1362768534E+001   0.1033401246E+001   0.1192112616E+001   0.9869898220E+000
 0.7373737   0.1394499086E+001   0.1035275276E+001   0.1190767076E+001   0.9659740946E+000
 0.7474747   0.1425317769E+001   0.1027977371E+001   0.1176380344E+001   0.9526868758E+000
 0.7575758   0.1508340701E+001   0.1046474405E+001   0.1184638039E+001   0.9609522417E+000
 0.7676768   0.1517777507E+001   0.1036662778E+001   0.1176195070E+001   0.9522171257E+000
 0.7777778   0.1550954225E+001   0.1019526218E+001   0.1187406815E+001   0.9679984941E+000
 0.7878788   0.1647334985E+001   0.1035716754E+001   0.1236020158E+001   0.9845292259E+000
 0.7979798   0.1676252849E+001   0.1018949594E+001   0.1211316000E+001   0.9642628619E+000
 0.8080808   0.1736503796E+001   0.1041951506E+001   0.1220862432E+001   0.9737697104E+000
 0.8181818   0.1768499617E+001   0.1022544487E+001   0.1196187324E+001   0.9501703571E+000
 0.8282828   0.1867153358E+001   0.1046600542E+001   0.1215053288E+001   0.9730986387E+000
 0.8383838   0.1934412398E+001   0.1044420180E+001   0.1224908823E+001   0.9686695658E+000
 0.8484848   0.2034073981E+001   0.1074377626E+001   0.1252798175E+001   0.9999526894E+000
 0.8585859   0.2063823781E+001   0.1032157899E+001   0.1231161983E+001   0.9663991067E+000
 0.8686869   0.2204314959E+001   0.1057421261E+001   0.1264130876E+001   0.9839252614E+000
 0.8787879   0.2207823538E+001   0.1024094166E+001   0.1211990087E+001   0.9434484560E+000
 0.8888889   0.2335889308E+001   0.1033536392E+001   0.1246408869E+001   0.9639385106E+000
 0.8989899   0.2454753707E+001   0.1046095995E+001   0.1272707150E+001   0.9896517395E+000
 0.9090909   0.2599187764E+001   0.1040771228E+001   0.1248431094E+001   0.9501479881E+000
 0.9191919   0.2622602478E+001   0.1016904379E+001   0.1215355966E+001   0.9215379665E+000
 0.9292929   0.2754626097E+001   0.1008579362E+001   0.1243742676E+001   0.9299711003E+000
 0.9393939   0.2950326125E+001   0.1033797675E+001   0.1283775766E+001   0.9562994783E+000
 0.9494949   0.3063037661E+001   0.1006218805E+001   0.1258183930E+001   0.9170753400E+000
 0.9595960   0.3359371307E+001   0.1080197930E+001   0.1307840222E+001   0.9701459234E+000
 0.9696970   0.3368747196E+001   0.1006498108E+001   0.1271874433E+001   0.9188760489E+000
 0.9797980   0.3692014855E+001   0.1058655598E+001   0.1299417129E+001   0.9448577065E+000
 0.9898990   0.3761848081E+001   0.1043176834E+001   0.1293360560E+001   0.9497900832E+000
 1.0000000   0.3996005677E+001   0.1063619975E+001   0.1329160682E+001   0.9701571079E+000


 0.0000000   0.1421722796E+000   0.9698447293E+000   0.6442102584E+000   0.1037332431E+001
 0.0101010   0.1440081107E+000   0.1006015719E+001   0.6536624930E+000   0.1078197543E+001
 0.0202020   0.1395213455E+000   0.9639386523E+000   0.6482105468E+000   0.1033900092E+001
 0.0303030   0.1357606177E+000   0.9728126972E+000   0.6427108306E+000   0.1032503123E+001
 0.0404040   0.1254074022E+000   0.9529685173E+000   0.6371256616E+000   0.1036175801E+001
 0.0505051   0.1193606323E+000   0.9299294424E+000   0.6433111332E+000   0.1015469108E+001
 0.0606061   0.1136668835E+000   0.9909728390E+000   0.6533596824E+000   0.1074156846E+001
 0.0707071   0.1015273780E+000   0.9554587439E+000   0.6366852414E+000   0.1050258154E+001
 0.0808081   0.9458715514E-001   0.9518398535E+000   0.6445650015E+000   0.1034591066E+001
 0.0909091   0.8706228850E-001   0.9674918533E+000   0.6511126699E+000   0.1062154926E+001
 0.1010101   0.7959404699E-001   0.9548735108E+000   0.6498006046E+000   0.1042469674E+001
 0.1111111   0.7238829803E-001   0.9341395377E+000   0.6461556689E+000   0.1032397975E+001
 0.1212121   0.6831877343E-001   0.9461607036E+000   0.6550505582E+000   0.1064130211E+001
 0.1313131   0.6416260394E-001   0.9490032644E+000   0.6437005521E+000   0.1020073099E+001
 0.1414141   0.6131131455E-001   0.9088909092E+000   0.6674695567E+000   0.1039818436E+001
 0.1515152   0.6005004063E-001   0.9196938347E+000   0.6590888304E+000   0.1040652111E+001
 0.1616162   0.5872792764E-001   0.9353876369E+000   0.6614094933E+000   0.1026915245E+001
 0.1717172   0.6023385252E-001   0.9482149912E+000   0.6833808107E+000   0.1055740883E+001
 0.1818182   0.6020601029E-001   0.9138116448E+000   0.6803457122E+000   0.1040291603E+001
 0.1919192   0.6089620455E-001   0.9021547567E+000   0.6930153453E+000   0.1027936685E+001
 0.2020202   0.6335458367E-001   0.9428105426E+000   0.7014648445E+000   0.1041778700E+001
 0.2121212   0.6517243733E-001   0.9231634310E+000   0.7098551598E+000   0.1049905156E+001
 0.2222222   0.6938405373E-001   0.9195923147E+000   0.7061087243E+000   0.1029078295E+001
 0.2323232   0.7344588455E-001   0.9282095736E+000   0.7076188455E+000   0.1007830840E+001
 0.2424242   0.7800115809E-001   0.9238083818E+000   0.7310503743E+000   0.1024887386E+001
 0.2525253   0.8254420667E-001   0.9408338879E+000   0.7343331975E+000   0.1010241739E+001
 0.2626263   0.8910387238E-001   0.9314641864E+000   0.7506186391E+000   0.1005006859E+001
 0.2727273   0.9525957663E-001   0.9311058804E+000   0.7657358169E+000   0.1041448234E+001
 0.2828283   0.1052415498E+000   0.9482329065E+000   0.7663071210E+000   0.1021605259E+001
 0.2929293   0.1126204907E+000   0.9294935034E+000   0.7804403288E+000   0.1011593645E+001
 0.3030303   0.1224997772E+000   0.9416997940E+000   0.7820639087E+000   0.1000748355E+001
 0.3131313   0.1387515002E+000   0.9577280152E+000   0.8166598292E+000   0.1016242699E+001
 0.3232323   0.1517877389E+000   0.9696894634E+000   0.8175163646E+000   0.1010857607E+001
 0.3333333   0.1682531761E+000   0.9986167000E+000   0.8428860302E+000   0.1022048384E+001
 0.3434343   0.1805330066E+000   0.9595971781E+000   0.8575748438E+000   0.1019014106E+001
 0.3535354   0.1991921357E+000   0.9749864202E+000   0.8850834217E+000   0.1033471989E+001
 0.3636364   0.2199680182E+000   0.9607377855E+000   0.8865960931E+000   0.1019885334E+001
 0.3737374   0.2444343096E+000   0.9789158425E+000   0.9067743681E+000   0.1004608797E+001
 0.3838384   0.2703193659E+000   0.9661183470E+000   0.9213680146E+000   0.1008161306E+001
 0.3939394   0.2998486554E+000   0.9716900051E+000   0.9306176945E+000   0.9961443643E+000
 0.4040404   0.3298572436E+000   0.9595852345E+000   0.9440748516E+000   0.9838495311E+000
 0.4141414   0.3732227761E+000   0.9579907729E+000   0.9537206508E+000   0.9789601380E+000
 0.4242424   0.4191261120E+000   0.9911937943E+000   0.9893808780E+000   0.1003452167E+001
 0.4343434   0.4677620427E+000   0.9813045491E+000   0.1016969508E+001   0.9989307926E+000
 0.4444444   0.5302617229E+000   0.1010996172E+001   0.1036039141E+001   0.1011383348E+001
 0.4545455   0.5961232115E+000   0.1010793132E+001   0.1053100572E+001   0.9962344914E+000
 0.4646465   0.6557427833E+000   0.1000629185E+001   0.1070417563E+001   0.9892346230E+000
 0.4747475   0.7346208092E+000   0.1008906054E+001   0.1113458390E+001   0.1006005767E+001
 0.4848485   0.8242271979E+000   0.1001477176E+001   0.1100109394E+001   0.9894824724E+000
 0.4949495   0.9108141165E+000   0.9956606756E+000   0.1110582545E+001   0.9698047307E+000
 0.5050505   0.1017964898E+001   0.1050159016E+001   0.1157799343E+001   0.9852014370E+000
 0.5151515   0.9653373060E+000   0.9750759967E+000   0.1163828967E+001   0.1004548713E+001
 0.5252525   0.1001536332E+001   0.1034853379E+001   0.1152028206E+001   0.9878977382E+000
 0.5353535   0.9922317121E+000   0.1013910394E+001   0.1141154757E+001   0.9719527590E+000
 0.5454545   0.1001903755E+001   0.1016251326E+001   0.1145726306E+001   0.9806274886E+000
 0.5555556   0.1021544412E+001   0.1025155230E+001   0.1146545621E+001   0.9855319029E+000
 0.5656566   0.1021775573E+001   0.1025764350E+001   0.1160921461E+001   0.9940864631E+000
 0.5757576   0.1034368145E+001   0.1028642742E+001   0.1155239869E+001   0.9996518091E+000
 0.5858586   0.1039475915E+001   0.1010781188E+001   0.1146125811E+001   0.9855394135E+000
 0.5959596   0.1061753172E+001   0.1022366415E+001   0.1138256539E+001   0.9555496339E+000
 0.6060606   0.1060340902E+001   0.1007210072E+001   0.1164987682E+001   0.9773754038E+000
 0.6161616   0.1068993868E+001   0.9905488436E+000   0.1186241911E+001   0.1008078689E+001
 0.6262626   0.1121360660E+001   0.1038603648E+001   0.1138323310E+001   0.9514488526E+000
 0.6363636   0.1143921490E+001   0.1064628606E+001   0.1160558255E+001   0.9772702556E+000
 0.6464646   0.1133935646E+001   0.1052798537E+001   0.1190842949E+001   0.1004556223E+001
 0.6565657   0.1164793958E+001   0.1034184541E+001   0.1181345563E+001   0.9975638655E+000
 0.6666667   0.1187997371E+001   0.1026803438E+001   0.1159585823E+001   0.9943042702E+000
 0.6767677   0.1207571699E+001   0.1031867496E+001   0.1147820573E+001   0.9623016529E+000
 0.6868687   0.1271976574E+001   0.1067745868E+001   0.1159946269E+001   0.9755052673E+000
 0.6969697   0.1279521166E+001   0.1059045005E+001   0.1186412787E+001   0.9944544819E+000
 0.7070707   0.1297612624E+001   0.1053150871E+001   0.1189742561E+001   0.9846306323E+000
 0.7171717   0.1331811110E+001   0.1049197562E+001   0.1203785346E+001   0.9999822750E+000
 0.7272727   0.1362206454E+001   0.1044306685E+001   0.1196378893E+001   0.9929824066E+000
 0.7373737   0.1390429968E+001   0.1043578130E+001   0.1192342277E+001   0.9696545189E+000
 0.7474747   0.1427742542E+001   0.1041022214E+001   0.1189758256E+001   0.9659142459E+000
 0.7575758   0.1497431384E+001   0.1050302339E+001   0.1205860881E+001   0.9805974463E+000
 0.7676768   0.1523577917E+001   0.1052040123E+001   0.1193526254E+001   0.9686481001E+000
 0.7777778   0.1570676357E+001   0.1043817000E+001   0.1200616254E+001   0.9811982934E+000
 0.7878788   0.1632470356E+001   0.1037630250E+001   0.1232952887E+001   0.9845254840E+000
 0.7979798   0.1684613590E+001   0.1035265431E+001   0.1217037896E+001   0.9712242319E+000
 0.8080808   0.1725540542E+001   0.1046731222E+001   0.1223229784E+001   0.9780813992E+000
 0.8181818   0.1772379719E+001   0.1036029817E+001   0.1203525083E+001   0.9583736151E+000
 0.8282828   0.1875692540E+001   0.1062920681E+001   0.1222336982E+001   0.9813635263E+000
 0.8383838   0.1947589497E+001   0.1063069975E+001   0.1242944866E+001   0.9853741805E+000
 0.8484848   0.2048532853E+001   0.1093884290E+001   0.1264110929E+001   0.1011488496E+001
 0.8585859   0.2083953835E+001   0.1053658471E+001   0.1234281440E+001   0.9712542743E+000
 0.8686869   0.2185406656E+001   0.1059851193E+001   0.1265752870E+001   0.9876348676E+000
 0.8787879   0.2206008247E+001   0.1034477158E+001   0.1220461504E+001   0.9524026973E+000
 0.8888889   0.2347036323E+001   0.1049860428E+001   0.1250838556E+001   0.9697671778E+000
 0.8989899   0.2471230911E+001   0.1064670409E+001   0.1282786701E+001   0.9999672538E+000
 0.9090909   0.2597213471E+001   0.1051389200E+001   0.1265903800E+001   0.9658391400E+000
 0.9191919   0.2663622190E+001   0.1044139476E+001   0.1252642891E+001   0.9521698691E+000
 0.9292929   0.2798185065E+001   0.1035767059E+001   0.1276538366E+001   0.9568639868E+000
 0.9393939   0.2958615585E+001   0.1048074870E+001   0.1291750292E+001   0.9646299353E+000
 0.9494949   0.3070295001E+001   0.1019667177E+001   0.1263296265E+001   0.9230888707E+000
 0.9595960   0.3325157431E+001   0.1080925557E+001   0.1315866771E+001   0.9785245239E+000
 0.9696970   0.3383798919E+001   0.1022085742E+001   0.1277308616E+001   0.9250941978E+000
 0.9797980   0.3723049043E+001   0.1079265406E+001   0.1317181076E+001   0.9601536246E+000
 0.9898990   0.3805386365E+001   0.1066826216E+001   0.1311170719E+001   0.9652608247E+000
 1.0000000   0.3973992274E+001   0.1069364217E+001   0.1329481219E+001   0.9728014555E+000


 0.0000000   0.1437201161E+000   0.9711396379E+000   0.6475149085E+000   0.1042620738E+001
 0.0101010   0.1463228736E+000   0.1012527608E+001   0.6507338348E+000   0.1073332865E+001
 0.0202020   0.1425368342E+000   0.9754672347E+000   0.6515865778E+000   0.1039252021E+001
 0.0303030   0.1375680111E+000   0.9764493525E+000   0.6492288991E+000   0.1042941301E+001
 0.0404040   0.1288330567E+000   0.9697494254E+000   0.6438995312E+000   0.1047159227E+001
 0.0505051   0.1208748316E+000   0.9328280733E+000   0.6423121220E+000   0.1013860105E+001
 0.0606061   0.1150562251E+000   0.9936072650E+000   0.6508129340E+000   0.1069936028E+001
 0.0707071   0.1052950728E+000   0.9815527776E+000   0.6465789516E+000   0.1066544815E+001
 0.0808081   0.9647452967E-001   0.9616592858E+000   0.6453063985E+000   0.1035748330E+001
 0.0909091   0.8848735771E-001   0.9740366612E+000   0.6510249253E+000   0.1061978207E+001
 0.1010101   0.8080998801E-001   0.9603004653E+000   0.6458137115E+000   0.1036040773E+001
 0.1111111   0.7446024237E-001   0.9517977465E+000   0.6416519816E+000   0.1025169772E+001
 0.1212121   0.7030129131E-001   0.9644172880E+000   0.6552767330E+000   0.1064463972E+001
 0.1313131   0.6590817282E-001   0.9656101799E+000   0.6413546292E+000   0.1016323374E+001
 0.1414141   0.6274265028E-001   0.9213207018E+000   0.6613291615E+000   0.1030220035E+001
 0.1515152   0.6153208160E-001   0.9334873031E+000   0.6603672115E+000   0.1042637610E+001
 0.1616162   0.6006278520E-001   0.9476091709E+000   0.6577343084E+000   0.1021176801E+001
 0.1717172   0.6153543775E-001   0.9595515444E+000   0.6838723103E+000   0.1056466784E+001
 0.1818182   0.6124606780E-001   0.9208139470E+000   0.6763733358E+000   0.1034184886E+001
 0.1919192   0.6235073791E-001   0.9149750547E+000   0.6874976939E+000   0.1019720211E+001
 0.2020202   0.6513781790E-001   0.9601883514E+000   0.7034135079E+000   0.1044639719E+001
 0.2121212   0.6674916808E-001   0.9365637087E+000   0.7067167244E+000   0.1045230228E+001
 0.2222222   0.7056800933E-001   0.9264465497E+000   0.7018437661E+000   0.1022830228E+001
 0.2323232   0.7532789608E-001   0.9429990470E+000   0.7132764450E+000   0.1015856591E+001
 0.2424242   0.7991352304E-001   0.9375144347E+000   0.7325145212E+000   0.1026907557E+001
 0.2525253   0.8523613431E-001   0.9623364538E+000   0.7393740892E+000   0.1017144464E+001
 0.2626263   0.9109724714E-001   0.9433039969E+000   0.7564441912E+000   0.1012774692E+001
 0.2727273   0.9729520711E-001   0.9420169292E+000   0.7610355479E+000   0.1035022847E+001
 0.2828283   0.1080457905E+000   0.9643006895E+000   0.7652421659E+000   0.1020153251E+001
 0.2929293   0.1152200648E+000   0.9419631145E+000   0.7843787661E+000   0.1016666432E+001
 0.3030303   0.1262341318E+000   0.9612377375E+000   0.7870745864E+000   0.1007128295E+001
 0.3131313   0.1402473257E+000   0.9589057683E+000   0.8159776436E+000   0.1015361687E+001
 0.3232323   0.1543400408E+000   0.9766780649E+000   0.8117197358E+000   0.1003658348E+001
 0.3333333   0.1714325415E+000   0.1007872639E+001   0.8400695720E+000   0.1018601054E+001
 0.3434343   0.1844584546E+000   0.9711979371E+000   0.8567242333E+000   0.1017971178E+001
 0.3535354   0.2037794244E+000   0.9880150233E+000   0.8785404757E+000   0.1025799649E+001
 0.3636364   0.2228898589E+000   0.9643006895E+000   0.8825937732E+000   0.1015249209E+001
 0.3737374   0.2475302053E+000   0.9819474186E+000   0.9065847485E+000   0.1004366960E+001
 0.3838384   0.2774578664E+000   0.9822613375E+000   0.9247654168E+000   0.1011846749E+001
 0.3939394   0.3064003872E+000   0.9835394361E+000   0.9343989895E+000   0.1000160281E+001
 0.4040404   0.3384032598E+000   0.9751443467E+000   0.9494973970E+000   0.9894692443E+000
 0.4141414   0.3811643385E+000   0.9691305566E+000   0.9556939672E+000   0.9809546573E+000
 0.4242424   0.4264287725E+000   0.9989349179E+000   0.9849796615E+000   0.9989567663E+000
 0.4343434   0.4703365463E+000   0.9773821403E+000   0.1021465480E+001   0.1003315290E+001
 0.4444444   0.5332291417E+000   0.1007047480E+001   0.1028135285E+001   0.1003635852E+001
 0.4545455   0.6033016390E+000   0.1013298952E+001   0.1056219708E+001   0.9991536028E+000
 0.4646465   0.6654520704E+000   0.1005850104E+001   0.1072330158E+001   0.9909708260E+000
 0.4747475   0.7473860274E+000   0.1016738606E+001   0.1115184251E+001   0.1007533216E+001
 0.4848485   0.8367252250E+000   0.1007056449E+001   0.1105631997E+001   0.9944182777E+000
 0.4949495   0.9248496953E+000   0.1001450754E+001   0.1132325909E+001   0.9887606327E+000
 0.5050505   0.1017474970E+001   0.1039735411E+001   0.1153023474E+001   0.9811065026E+000
 0.5151515   0.9836410926E+000   0.9841762431E+000   0.1162345509E+001   0.1003236555E+001
 0.5252525   0.1001225585E+001   0.1024756993E+001   0.1151732995E+001   0.9876133568E+000
 0.5353535   0.1002280057E+001   0.1014500813E+001   0.1144140137E+001   0.9744646749E+000
 0.5454545   0.1012776235E+001   0.1017572734E+001   0.1142524204E+001   0.9778558875E+000
 0.5555556   0.1022262673E+001   0.1016182521E+001   0.1160604080E+001   0.9975845343E+000
 0.5656566   0.1021426826E+001   0.1015725097E+001   0.1148662966E+001   0.9835585237E+000
 0.5757576   0.1045867333E+001   0.1030250575E+001   0.1171391153E+001   0.1013595782E+001
 0.5858586   0.1055436930E+001   0.1016604070E+001   0.1146337162E+001   0.9856899824E+000
 0.5959596   0.1063080031E+001   0.1013971635E+001   0.1142428301E+001   0.9590214411E+000
 0.6060606   0.1071178879E+001   0.1007890577E+001   0.1158008722E+001   0.9714896309E+000
 0.6161616   0.1076406155E+001   0.9879926005E+000   0.1178112798E+001   0.1001138840E+001
 0.6262626   0.1116192580E+001   0.1024048433E+001   0.1150635838E+001   0.9617096661E+000
 0.6363636   0.1150164197E+001   0.1060324009E+001   0.1155132515E+001   0.9726706503E+000
 0.6464646   0.1136477846E+001   0.1045188632E+001   0.1184802595E+001   0.9994291740E+000
 0.6565657   0.1162569790E+001   0.1022456416E+001   0.1186089521E+001   0.1001538137E+001
 0.6666667   0.1195011944E+001   0.1023106676E+001   0.1159479978E+001   0.9941820738E+000
 0.6767677   0.1208703414E+001   0.1023075284E+001   0.1152919894E+001   0.9665462214E+000
 0.6868687   0.1266738445E+001   0.1053301194E+001   0.1153649742E+001   0.9701792619E+000
 0.6969697   0.1278731431E+001   0.1048390605E+001   0.1183213298E+001   0.9917413005E+000
 0.7070707   0.1293381639E+001   0.1039798195E+001   0.1180955117E+001   0.9773272408E+000
 0.7171717   0.1337527642E+001   0.1043744605E+001   0.1203814283E+001   0.9999746924E+000
 0.7272727   0.1357724335E+001   0.1031035372E+001   0.1197374292E+001   0.9937771529E+000
 0.7373737   0.1395936960E+001   0.1037811537E+001   0.1188260346E+001   0.9663043937E+000
 0.7474747   0.1423908410E+001   0.1028416391E+001   0.1189611423E+001   0.9657644991E+000
 0.7575758   0.1494834695E+001   0.1038573911E+001   0.1204277314E+001   0.9792787346E+000
 0.7676768   0.1525170255E+001   0.1043188520E+001   0.1194037017E+001   0.9690319859E+000
 0.7777778   0.1563940110E+001   0.1029519592E+001   0.1203693740E+001   0.9836822496E+000
 0.7878788   0.1623258711E+001   0.1022025898E+001   0.1225125043E+001   0.9782439367E+000
 0.7979798   0.1679626600E+001   0.1022447447E+001   0.1215329945E+001   0.9698305800E+000
 0.8080808   0.1731522363E+001   0.1040435002E+001   0.1223513950E+001   0.9782776801E+000
 0.8181818   0.1777609418E+001   0.1029268457E+001   0.1210175196E+001   0.9636386643E+000
 0.8282828   0.1875201677E+001   0.1052601603E+001   0.1221635184E+001   0.9807690685E+000
 0.8383838   0.1942908070E+001   0.1050493862E+001   0.1244496319E+001   0.9865729350E+000
 0.8484848   0.2032629925E+001   0.1075136499E+001   0.1251560384E+001   0.1001414411E+001
 0.8585859   0.2073140647E+001   0.1038286899E+001   0.1225456931E+001   0.9642797891E+000
 0.8686869   0.2169681740E+001   0.1042282639E+001   0.1257382631E+001   0.9810727592E+000
 0.8787879   0.2199444925E+001   0.1021653680E+001   0.1222502891E+001   0.9539655536E+000
 0.8888889   0.2347990895E+001   0.1040363249E+001   0.1250024107E+001   0.9691050967E+000
 0.8989899   0.2464359176E+001   0.1051677785E+001   0.1277000090E+001   0.9954249561E+000
 0.9090909   0.2599110661E+001   0.1042215371E+001   0.1269502189E+001   0.9685539543E+000
 0.9191919   0.2666382030E+001   0.1035345031E+001   0.1258870125E+001   0.9568731107E+000
 0.9292929   0.2782141413E+001   0.1020097539E+001   0.1274400028E+001   0.9552309315E+000
 0.9393939   0.2934533905E+001   0.1029721397E+001   0.1284280484E+001   0.9590214411E+000
 0.9494949   0.3064329770E+001   0.1008069959E+001   0.1270858039E+001   0.9285848858E+000
 0.9595960   0.3276491221E+001   0.1055041202E+001   0.1311182350E+001   0.9750101933E+000
 0.9696970   0.3389182817E+001   0.1014038904E+001   0.1291518356E+001   0.9353560633E+000
 0.9797980   0.3655633171E+001   0.1049709064E+001   0.1308339907E+001   0.9536787346E+000
 0.9898990   0.3791948761E+001   0.1053014182E+001   0.1307503649E+001   0.9625307557E+000
 1.0000000   0.3940045468E+001   0.1050211335E+001   0.1337660914E+001   0.9787557118E+000


 0.0000000   0.1432485528E+000   0.9599700292E+000   0.6373426286E+000   0.1027691679E+001
 0.0101010   0.1467029165E+000   0.1006784938E+001   0.6466461804E+000   0.1068097852E+001
 0.0202020   0.1431176377E+000   0.9713640958E+000   0.6471068884E+000   0.1033565626E+001
 0.0303030   0.1391287380E+000   0.9793826792E+000   0.6440463485E+000   0.1036077950E+001
 0.0404040   0.1297088373E+000   0.9682892189E+000   0.6407845382E+000   0.1043566010E+001
 0.0505051   0.1223580350E+000   0.9364865175E+000   0.6382427036E+000   0.1008860366E+001
 0.0606061   0.1157168041E+000   0.9910701086E+000   0.6452560026E+000   0.1062299498E+001
 0.0707071   0.1063136321E+000   0.9828740588E+000   0.6421651046E+000   0.1060760977E+001
 0.0808081   0.9723233606E-001   0.9612195374E+000   0.6428718082E+000   0.1033298831E+001
 0.0909091   0.8930652360E-001   0.9749460194E+000   0.6439142674E+000   0.1051863348E+001
 0.1010101   0.8168844850E-001   0.9627334344E+000   0.6370952352E+000   0.1023498544E+001
 0.1111111   0.7627748641E-001   0.9669853842E+000   0.6404718085E+000   0.1024730250E+001
 0.1212121   0.7113005087E-001   0.9677387109E+000   0.6483746577E+000   0.1054740293E+001
 0.1313131   0.6728972510E-001   0.9777202899E+000   0.6413228057E+000   0.1017709082E+001
 0.1414141   0.6432297537E-001   0.9367364192E+000   0.6508654085E+000   0.1015352389E+001
 0.1515152   0.6308010731E-001   0.9490793877E+000   0.6527498386E+000   0.1032067125E+001
 0.1616162   0.6200338403E-001   0.9701580487E+000   0.6544756624E+000   0.1017553452E+001
 0.1717172   0.6280163441E-001   0.9712192252E+000   0.6736310942E+000   0.1042116421E+001
 0.1818182   0.6226094486E-001   0.9283520377E+000   0.6695200007E+000   0.1025152676E+001
 0.1919192   0.6433314990E-001   0.9362800770E+000   0.6858860332E+000   0.1018767371E+001
 0.2020202   0.6630274927E-001   0.9692996908E+000   0.6959433443E+000   0.1035006322E+001
 0.2121212   0.6878719989E-001   0.9571993804E+000   0.6987834321E+000   0.1034957409E+001
 0.2222222   0.7214043442E-001   0.9392788968E+000   0.6981425757E+000   0.1018874089E+001
 0.2323232   0.7691373632E-001   0.9549104262E+000   0.7086801748E+000   0.1010736828E+001
 0.2424242   0.8215231806E-001   0.9558303540E+000   0.7340094810E+000   0.1030457459E+001
 0.2525253   0.8834163769E-001   0.9891723047E+000   0.7338441249E+000   0.1010963604E+001
 0.2626263   0.9365155087E-001   0.9617555584E+000   0.7516579690E+000   0.1007788738E+001
 0.2727273   0.1000724522E+000   0.9609153093E+000   0.7578566848E+000   0.1032156057E+001
 0.2828283   0.1109637092E+000   0.9821750585E+000   0.7653991108E+000   0.1021804393E+001
 0.2929293   0.1177496551E+000   0.9547039857E+000   0.7823622857E+000   0.1015485787E+001
 0.3030303   0.1288084826E+000   0.9727512310E+000   0.7843417219E+000   0.1005049638E+001
 0.3131313   0.1428642118E+000   0.9687419393E+000   0.8080887482E+000   0.1006966118E+001
 0.3232323   0.1578203929E+000   0.9904652741E+000   0.8086562048E+000   0.1001283375E+001
 0.3333333   0.1748873198E+000   0.1019703767E+001   0.8337806800E+000   0.1012404299E+001
 0.3434343   0.1875945501E+000   0.9795637673E+000   0.8538413206E+000   0.1015979359E+001
 0.3535354   0.2066999376E+000   0.9939095708E+000   0.8650953735E+000   0.1011528321E+001
 0.3636364   0.2268783851E+000   0.9734610966E+000   0.8839701215E+000   0.1018269353E+001
 0.3737374   0.2536280096E+000   0.9978391837E+000   0.8979728651E+000   0.9962320477E+000
 0.3838384   0.2845393837E+000   0.9990235002E+000   0.9193429653E+000   0.1007335186E+001
 0.3939394   0.3119237508E+000   0.9930113736E+000   0.9293700126E+000   0.9961831352E+000
 0.4040404   0.3429590322E+000   0.9801215188E+000   0.9474923675E+000   0.9887751145E+000
 0.4141414   0.3853664005E+000   0.9717335156E+000   0.9567278867E+000   0.9834036325E+000
 0.4242424   0.4308658476E+000   0.1001004605E+001   0.9819532934E+000   0.9972947829E+000
 0.4343434   0.4773889471E+000   0.9838555566E+000   0.1018134594E+001   0.1001456792E+001
 0.4444444   0.5355896805E+000   0.1003163175E+001   0.1027007157E+001   0.1003951330E+001
 0.4545455   0.6075630168E+000   0.1012040117E+001   0.1056461131E+001   0.1000794250E+001
 0.4646465   0.6751346021E+000   0.1012069091E+001   0.1067713974E+001   0.9880992326E+000
 0.4747475   0.7566983905E+000   0.1020917058E+001   0.1104151958E+001   0.9989755944E+000
 0.4848485   0.8472852030E+000   0.1011355603E+001   0.1107704867E+001   0.9976905295E+000
 0.4949495   0.9386310103E+000   0.1007990986E+001   0.1130708997E+001   0.9887439883E+000
 0.5050505   0.1026040326E+001   0.1039840770E+001   0.1146624724E+001   0.9770405606E+000
 0.5151515   0.9983962498E+000   0.9907006887E+000   0.1160292402E+001   0.1002879701E+001
 0.5252525   0.1009044337E+001   0.1024241836E+001   0.1144552917E+001   0.9828433620E+000
 0.5353535   0.1013398870E+001   0.1017295295E+001   0.1140384385E+001   0.9726384355E+000
 0.5454545   0.1017950605E+001   0.1014336314E+001   0.1138471681E+001   0.9757643890E+000
 0.5555556   0.1035018970E+001   0.1020377415E+001   0.1154806886E+001   0.9940043055E+000
 0.5656566   0.1037580003E+001   0.1023278447E+001   0.1148857886E+001   0.9851155700E+000
 0.5757576   0.1043850686E+001   0.1019783446E+001   0.1171734567E+001   0.1015325710E+001
 0.5858586   0.1059709306E+001   0.1012300884E+001   0.1144651448E+001   0.9856313746E+000
 0.5959596   0.1069775400E+001   0.1011942329E+001   0.1142600551E+001   0.9605214749E+000
 0.6060606   0.1070208170E+001   0.9986721892E+000   0.1151904049E+001   0.9677338456E+000
 0.6161616   0.1086689397E+001   0.9892049006E+000   0.1178166824E+001   0.1002599566E+001
 0.6262626   0.1115262603E+001   0.1014756439E+001   0.1155880187E+001   0.9674581569E+000
 0.6363636   0.1156862652E+001   0.1057703305E+001   0.1157202996E+001   0.9757910686E+000
 0.6464646   0.1145843145E+001   0.1045110435E+001   0.1181172460E+001   0.9977750148E+000
 0.6565657   0.1161512235E+001   0.1013101293E+001   0.1179008467E+001   0.9969657352E+000
 0.6666667   0.1203816956E+001   0.1022144836E+001   0.1161836582E+001   0.9976104909E+000
 0.6767677   0.1210044546E+001   0.1015763289E+001   0.1160578207E+001   0.9743414799E+000
 0.6868687   0.1257023770E+001   0.1036602914E+001   0.1159894536E+001   0.9768093379E+000
 0.6969697   0.1267443131E+001   0.1030565435E+001   0.1176017852E+001   0.9871031962E+000
 0.7070707   0.1290599752E+001   0.1029004455E+001   0.1187790344E+001   0.9843729893E+000
 0.7171717   0.1340148013E+001   0.1037164287E+001   0.1208782967E+001   0.1005520976E+001
 0.7272727   0.1363524577E+001   0.1026900211E+001   0.1195866974E+001   0.9939287135E+000
 0.7373737   0.1396873177E+001   0.1029942491E+001   0.1194967575E+001   0.9731320071E+000
 0.7474747   0.1423024987E+001   0.1019301752E+001   0.1195244823E+001   0.9717090980E+000
 0.7575758   0.1488626238E+001   0.1025730381E+001   0.1209860347E+001   0.9852089484E+000
 0.7676768   0.1524487957E+001   0.1034122006E+001   0.1205527363E+001   0.9797396414E+000
 0.7777778   0.1565144987E+001   0.1021815255E+001   0.1215765350E+001   0.9949514294E+000
 0.7878788   0.1623892087E+001   0.1013992247E+001   0.1230716454E+001   0.9840973007E+000
 0.7979798   0.1674315963E+001   0.1010808717E+001   0.1224568094E+001   0.9785835277E+000
 0.8080808   0.1724017830E+001   0.1027381905E+001   0.1231737916E+001   0.9862450041E+000
 0.8181818   0.1768993766E+001   0.1015832103E+001   0.1215722095E+001   0.9694235502E+000
 0.8282828   0.1868446123E+001   0.1040159485E+001   0.1232474459E+001   0.9908694588E+000
 0.8383838   0.1942805245E+001   0.1041774791E+001   0.1242685547E+001   0.9865295860E+000
 0.8484848   0.2012434181E+001   0.1055675118E+001   0.1252022535E+001   0.1003199856E+001
 0.8585859   0.2073923965E+001   0.1030112714E+001   0.1233793517E+001   0.9722115628E+000
 0.8686869   0.2162735552E+001   0.1030377103E+001   0.1269728476E+001   0.9921056112E+000
 0.8787879   0.2208408438E+001   0.1017356865E+001   0.1238180640E+001   0.9675648751E+000
 0.8888889   0.2347964985E+001   0.1031771482E+001   0.1253000278E+001   0.9727851730E+000
 0.8989899   0.2435380488E+001   0.1030739279E+001   0.1276055401E+001   0.9960942033E+000
 0.9090909   0.2587086332E+001   0.1028837854E+001   0.1273248848E+001   0.9727851730E+000
 0.9191919   0.2637753548E+001   0.1015781398E+001   0.1271765061E+001   0.9680406603E+000
 0.9292929   0.2776506554E+001   0.1009635266E+001   0.1288725452E+001   0.9673336524E+000
 0.9393939   0.2909045811E+001   0.1012358832E+001   0.1291645337E+001   0.9658840637E+000
 0.9494949   0.3065759285E+001   0.1000222304E+001   0.1292432344E+001   0.9456832005E+000
 0.9595960   0.3264374037E+001   0.1042470170E+001   0.1321959031E+001   0.9844130086E+000
 0.9696970   0.3383376508E+001   0.1003952720E+001   0.1315375797E+001   0.9539805394E+000
 0.9797980   0.3608560678E+001   0.1027646294E+001   0.1318816210E+001   0.9626736249E+000
 0.9898990   0.3772310120E+001   0.1038920842E+001   0.1317771076E+001   0.9714600889E+000
 1.0000000   0.3915783545E+001   0.1035136100E+001   0.1347165647E+001   0.9871031962E+000


 0.0000000   0.1446216948E+000   0.9648048718E+000   0.6370458076E+000   0.1027636409E+001
 0.0101010   0.1468842084E+000   0.1003486835E+001   0.6417889721E+000   0.1060511845E+001
 0.0202020   0.1436439967E+000   0.9705434383E+000   0.6445404825E+000   0.1029890808E+001
 0.0303030   0.1400074401E+000   0.9811271600E+000   0.6413851205E+000   0.1032222062E+001
 0.0404040   0.1315860866E+000   0.9778767286E+000   0.6414445450E+000   0.1045071406E+001
 0.0505051   0.1237851959E+000   0.9431404113E+000   0.6360436776E+000   0.1005798747E+001
 0.0606061   0.1174068864E+000   0.1001013946E+001   0.6439914459E+000   0.1060654574E+001
 0.0707071   0.1064771621E+000   0.9799501745E+000   0.6390811776E+000   0.1056101859E+001
 0.0808081   0.9833824463E-001   0.9677717290E+000   0.6422286576E+000   0.1032690509E+001
 0.0909091   0.9038250334E-001   0.9822462109E+000   0.6425609590E+000   0.1050085248E+001
 0.1010101   0.8212717090E-001   0.9635425092E+000   0.6323050309E+000   0.1016221683E+001
 0.1111111   0.7738550230E-001   0.9766113167E+000   0.6399154997E+000   0.1024262130E+001
 0.1212121   0.7195718075E-001   0.9745805594E+000   0.6457621399E+000   0.1050923328E+001
 0.1313131   0.6792765657E-001   0.9825419819E+000   0.6385656239E+000   0.1013751359E+001
 0.1414141   0.6563363296E-001   0.9515165229E+000   0.6506055550E+000   0.1015365304E+001
 0.1515152   0.6337546591E-001   0.9492265849E+000   0.6488977640E+000   0.1026399417E+001
 0.1616162   0.6282616985E-001   0.9786024346E+000   0.6569968530E+000   0.1021894279E+001
 0.1717172   0.6355498670E-001   0.9784408278E+000   0.6674759469E+000   0.1033019885E+001
 0.1818182   0.6358712455E-001   0.9438539206E+000   0.6684645162E+000   0.1023958371E+001
 0.1919192   0.6532495861E-001   0.9464304821E+000   0.6797600007E+000   0.1010084301E+001
 0.2020202   0.6713669399E-001   0.9770686945E+000   0.6930276441E+000   0.1031094863E+001
 0.2121212   0.7020778476E-001   0.9725650480E+000   0.6978572839E+000   0.1034011674E+001
 0.2222222   0.7258046331E-001   0.9407498501E+000   0.6939978462E+000   0.1013242656E+001
 0.2323232   0.7729221726E-001   0.9552853158E+000   0.7079078118E+000   0.1010051363E+001
 0.2424242   0.8249949871E-001   0.9555444965E+000   0.7352293267E+000   0.1032595356E+001
 0.2525253   0.8913967997E-001   0.9936105240E+000   0.7319903240E+000   0.1008825351E+001
 0.2626263   0.9525569143E-001   0.9738213123E+000   0.7498428688E+000   0.1005769469E+001
 0.2727273   0.1010548234E+000   0.9659757589E+000   0.7603085130E+000   0.1035922058E+001
 0.2828283   0.1122256772E+000   0.9888690411E+000   0.7654086856E+000   0.1022238294E+001
 0.2929293   0.1186905146E+000   0.9579960414E+000   0.7837228027E+000   0.1017670940E+001
 0.3030303   0.1307469912E+000   0.9829414251E+000   0.7825160481E+000   0.1003123477E+001
 0.3131313   0.1434529807E+000   0.9683510742E+000   0.8056539388E+000   0.1004345830E+001
 0.3232323   0.1593603120E+000   0.9956229862E+000   0.8102546868E+000   0.1003676098E+001
 0.3333333   0.1759597585E+000   0.1021333715E+001   0.8340219063E+000   0.1013114565E+001
 0.3434343   0.1896131870E+000   0.9856430032E+000   0.8584277523E+000   0.1021857681E+001
 0.3535354   0.2084629752E+000   0.9978702356E+000   0.8623281490E+000   0.1008708239E+001
 0.3636364   0.2286757090E+000   0.9767515793E+000   0.8846586840E+000   0.1019482511E+001
 0.3737374   0.2559626925E+000   0.1002486702E+001   0.8962577193E+000   0.9947390154E+000
 0.3838384   0.2876286437E+000   0.1005319395E+001   0.9122307127E+000   0.9999541435E+000
 0.3939394   0.3153826215E+000   0.9994985005E+000   0.9298553997E+000   0.9971141860E+000
 0.4040404   0.3461982114E+000   0.9849203463E+000   0.9441945737E+000   0.9857397172E+000
 0.4141414   0.3879424726E+000   0.9738213123E+000   0.9580752445E+000   0.9851944161E+000
 0.4242424   0.4326949435E+000   0.1000724273E+001   0.9848865340E+000   0.1000686091E+001
 0.4343434   0.4811508138E+000   0.9871401531E+000   0.1017872898E+001   0.1001612005E+001
 0.4444444   0.5385293855E+000   0.1004124114E+001   0.1030868173E+001   0.1008140980E+001
 0.4545455   0.6111974194E+000   0.1013506457E+001   0.1055965850E+001   0.1000737328E+001
 0.4646465   0.6749119448E+000   0.1007176349E+001   0.1068801072E+001   0.9895129081E+000
 0.4747475   0.7615189830E+000   0.1022791226E+001   0.1101118959E+001   0.9966420797E+000
 0.4848485   0.8472543260E+000   0.1006761660E+001   0.1106454565E+001   0.9969751159E+000
 0.4949495   0.9454662002E+000   0.1010756092E+001   0.1134104977E+001   0.9921223020E+000
 0.5050505   0.1028996679E+001   0.1038137775E+001   0.1145126241E+001   0.9761658400E+000
 0.5151515   0.1001400787E+001   0.9892044514E+000   0.1170393836E+001   0.1012027622E+001
 0.5252525   0.1015788196E+001   0.1026441101E+001   0.1156480133E+001   0.9934947042E+000
 0.5353535   0.1018515168E+001   0.1017824103E+001   0.1144185902E+001   0.9762829517E+000
 0.5454545   0.1020344647E+001   0.1012140422E+001   0.1137647109E+001   0.9754595104E+000
 0.5555556   0.1035744559E+001   0.1016491609E+001   0.1156854631E+001   0.9961772928E+000
 0.5656566   0.1044041342E+001   0.1025011033E+001   0.1153992831E+001   0.9899264586E+000
 0.5757576   0.1047319731E+001   0.1018562006E+001   0.1164234509E+001   0.1009242561E+001
 0.5858586   0.1064664380E+001   0.1012451439E+001   0.1140681747E+001   0.9826179599E+000
 0.5959596   0.1073801622E+001   0.1011173830E+001   0.1147411594E+001   0.9649633790E+000
 0.6060606   0.1076552481E+001   0.1000065649E+001   0.1159594021E+001   0.9745958120E+000
 0.6161616   0.1096432960E+001   0.9935769829E+000   0.1178967487E+001   0.1003694397E+001
 0.6262626   0.1116466639E+001   0.1011274454E+001   0.1155344214E+001   0.9674080846E+000
 0.6363636   0.1156448679E+001   0.1052560421E+001   0.1155847346E+001   0.9750496197E+000
 0.6464646   0.1147323226E+001   0.1041744961E+001   0.1183052269E+001   0.9997748163E+000
 0.6565657   0.1163440282E+001   0.1010210288E+001   0.1174116791E+001   0.9932385224E+000
 0.6666667   0.1205983241E+001   0.1019370040E+001   0.1164755184E+001   0.1000528722E+001
 0.6767677   0.1214674740E+001   0.1015055443E+001   0.1158642501E+001   0.9731172775E+000
 0.6868687   0.1254863013E+001   0.1030158057E+001   0.1169060899E+001   0.9849345747E+000
 0.6969697   0.1266732547E+001   0.1025346443E+001   0.1177496551E+001   0.9887516824E+000
 0.7070707   0.1289954328E+001   0.1023855392E+001   0.1180880359E+001   0.9790497144E+000
 0.7171717   0.1338406526E+001   0.1031149042E+001   0.1210347089E+001   0.1007237024E+001
 0.7272727   0.1364663289E+001   0.1023126636E+001   0.1195679833E+001   0.9941827351E+000
 0.7373737   0.1395218738E+001   0.1024087130E+001   0.1193244335E+001   0.9721291479E+000
 0.7474747   0.1427800268E+001   0.1018113776E+001   0.1200691141E+001   0.9765391334E+000
 0.7575758   0.1481602315E+001   0.1016290363E+001   0.1211756513E+001   0.9871596960E+000
 0.7676768   0.1520515398E+001   0.1026779560E+001   0.1206558846E+001   0.9809820566E+000
 0.7777778   0.1557554401E+001   0.1012277636E+001   0.1215188331E+001   0.9948890647E+000
 0.7878788   0.1625737270E+001   0.1010570092E+001   0.1228890843E+001   0.9830424896E+000
 0.7979798   0.1669940080E+001   0.1003624048E+001   0.1221300388E+001   0.9763744452E+000
 0.8080808   0.1721235711E+001   0.1021101977E+001   0.1229494034E+001   0.9848540604E+000
 0.8181818   0.1769993807E+001   0.1011826356E+001   0.1217470543E+001   0.9712178729E+000
 0.8282828   0.1858510019E+001   0.1029965959E+001   0.1228874088E+001   0.9883820488E+000
 0.8383838   0.1937068813E+001   0.1034018326E+001   0.1246109734E+001   0.9896556380E+000
 0.8484848   0.2005956370E+001   0.1047535363E+001   0.1252315456E+001   0.1003848106E+001
 0.8585859   0.2077433873E+001   0.1027206446E+001   0.1236857568E+001   0.9750276612E+000
 0.8686869   0.2150808568E+001   0.1020077451E+001   0.1268875610E+001   0.9918478216E+000
 0.8787879   0.2206850485E+001   0.1012058094E+001   0.1243429415E+001   0.9720669324E+000
 0.8888889   0.2329825529E+001   0.1019187089E+001   0.1248086598E+001   0.9693697047E+000
 0.8989899   0.2440827188E+001   0.1028389530E+001   0.1272796154E+001   0.9939594910E+000
 0.9090909   0.2583415399E+001   0.1022748537E+001   0.1279785621E+001   0.9781823562E+000
 0.9191919   0.2630674909E+001   0.1008490548E+001   0.1270991970E+001   0.9678509131E+000
 0.9292929   0.2767734763E+001   0.1001910406E+001   0.1288488619E+001   0.9675544742E+000
 0.9393939   0.2905176935E+001   0.1006456741E+001   0.1293042793E+001   0.9673275704E+000
 0.9494949   0.3064339326E+001   0.9952540348E+000   0.1296575441E+001   0.9491057300E+000
 0.9595960   0.3256784611E+001   0.1035359967E+001   0.1321367842E+001   0.9843782943E+000
 0.9696970   0.3382507884E+001   0.9991722377E+000   0.1323529851E+001   0.9602898923E+000
 0.9797980   0.3598863456E+001   0.1020266501E+001   0.1331080861E+001   0.9720266753E+000
 0.9898990   0.3744111172E+001   0.1026508183E+001   0.1311267531E+001   0.9670640692E+000
 1.0000000   0.3911926765E+001   0.1029456745E+001   0.1344436072E+001   0.9855091537E+000


 0.0000000   0.1454267256E+000   0.9695338375E+000   0.6347240987E+000   0.1024622148E+001
 0.0101010   0.1476603698E+000   0.1008122314E+001   0.6385200133E+000   0.1055863356E+001
 0.0202020   0.1444710731E+000   0.9754861331E+000   0.6394567747E+000   0.1022497149E+001
 0.0303030   0.1397532322E+000   0.9786981067E+000   0.6374489886E+000   0.1026619771E+001
 0.0404040   0.1318873640E+000   0.9794675048E+000   0.6355863048E+000   0.1036266146E+001
 0.0505051   0.1238030080E+000   0.9426523324E+000   0.6319421256E+000   0.1000026221E+001
 0.0606061   0.1173539989E+000   0.9999013484E+000   0.6385346454E+000   0.1052418000E+001
 0.0707071   0.1066939664E+000   0.9812961428E+000   0.6310284898E+000   0.1043538985E+001
 0.0808081   0.9917191485E-001   0.9753306726E+000   0.6422511164E+000   0.1033463882E+001
 0.0909091   0.9068066719E-001   0.9848348471E+000   0.6381072762E+000   0.1043551412E+001
 0.1010101   0.8221608529E-001   0.9639477964E+000   0.6306465933E+000   0.1014279867E+001
 0.1111111   0.7690436138E-001   0.9698974571E+000   0.6359190618E+000   0.1018591998E+001
 0.1212121   0.7222705552E-001   0.9775888033E+000   0.6405459469E+000   0.1043178605E+001
 0.1313131   0.6824406286E-001   0.9864658657E+000   0.6381748413E+000   0.1013854245E+001
 0.1414141   0.6563284973E-001   0.9508759334E+000   0.6449467422E+000   0.1007252459E+001
 0.1515152   0.6372000609E-001   0.9537559064E+000   0.6469509108E+000   0.1024050511E+001
 0.1616162   0.6288404721E-001   0.9788562022E+000   0.6517798985E+000   0.1014503551E+001
 0.1717172   0.6340636356E-001   0.9755072125E+000   0.6673105291E+000   0.1033501163E+001
 0.1818182   0.6407718525E-001   0.9504991391E+000   0.6702102350E+000   0.1027365384E+001
 0.1919192   0.6532344050E-001   0.9457826233E+000   0.6732987232E+000   0.1001197455E+001
 0.2020202   0.6688606316E-001   0.9727774302E+000   0.6908045737E+000   0.1028521085E+001
 0.2121212   0.7048257246E-001   0.9757259113E+000   0.6977903802E+000   0.1034650650E+001
 0.2222222   0.7284270295E-001   0.9435244926E+000   0.6946379370E+000   0.1014901211E+001
 0.2323232   0.7712204503E-001   0.9525517457E+000   0.7065478736E+000   0.1008830674E+001
 0.2424242   0.8282161894E-001   0.9586410574E+000   0.7305326955E+000   0.1026731613E+001
 0.2525253   0.8895041008E-001   0.9908451111E+000   0.7295527853E+000   0.1006183746E+001
 0.2626263   0.9534008840E-001   0.9740395593E+000   0.7450268509E+000   0.1000023114E+001
 0.2727273   0.1015104418E+000   0.9696892981E+000   0.7572660114E+000   0.1032513225E+001
 0.2828283   0.1122367895E+000   0.9883129481E+000   0.7688801748E+000   0.1027607709E+001
 0.2929293   0.1183645739E+000   0.9547334636E+000   0.7765709403E+000   0.1009104066E+001
 0.3030303   0.1316600123E+000   0.9891508543E+000   0.7839243960E+000   0.1005646283E+001
 0.3131313   0.1436607458E+000   0.9691122495E+000   0.8060867679E+000   0.1005602789E+001
 0.3232323   0.1597538912E+000   0.9974218840E+000   0.8081282339E+000   0.1001756666E+001
 0.3333333   0.1751849665E+000   0.1016164106E+001   0.8369131445E+000   0.1017352416E+001
 0.3434343   0.1893563585E+000   0.9836570356E+000   0.8569177783E+000   0.1020788452E+001
 0.3535354   0.2089577693E+000   0.9995772526E+000   0.8602464049E+000   0.1006991494E+001
 0.3636364   0.2292929299E+000   0.9787402655E+000   0.8843949249E+000   0.1019906142E+001
 0.3737374   0.2563857500E+000   0.1003479577E+001   0.8974025309E+000   0.9967206673E+000
 0.3838384   0.2877192196E+000   0.1004970944E+001   0.9117504360E+000   0.1000141169E+001
 0.3939394   0.3149456162E+000   0.9974535031E+000   0.9277541540E+000   0.9955711797E+000
 0.4040404   0.3483184591E+000   0.9902970467E+000   0.9472160016E+000   0.9896000579E+000
 0.4141414   0.3882872418E+000   0.9740421942E+000   0.9554387402E+000   0.9831846746E+000
 0.4242424   0.4307384443E+000   0.9955405475E+000   0.9860434976E+000   0.1002576840E+001
 0.4343434   0.4814834721E+000   0.9871693907E+000   0.1015290298E+001   0.9997838963E+000
 0.4444444   0.5405450295E+000   0.1007215900E+001   0.1030412123E+001   0.1008414373E+001
 0.4545455   0.6110892808E+000   0.1012657020E+001   0.1055203060E+001   0.1000728340E+001
 0.4646465   0.6788021517E+000   0.1012311845E+001   0.1068266799E+001   0.9897243268E+000
 0.4747475   0.7589562901E+000   0.1018675189E+001   0.1102526188E+001   0.9986281953E+000
 0.4848485   0.8494445516E+000   0.1008696728E+001   0.1103818826E+001   0.9953102150E+000
 0.4949495   0.9459794769E+000   0.1010636033E+001   0.1132526307E+001   0.9914485581E+000
 0.5050505   0.1026699866E+001   0.1035135566E+001   0.1143676515E+001   0.9756260171E+000
 0.5151515   0.1005636574E+001   0.9927317174E+000   0.1168086713E+001   0.1010753736E+001
 0.5252525   0.1017615528E+001   0.1027607585E+001   0.1163393658E+001   0.1000147383E+001
 0.5353535   0.1018447761E+001   0.1017083694E+001   0.1148505453E+001   0.9806682288E+000
 0.5454545   0.1025137313E+001   0.1016222074E+001   0.1139965956E+001   0.9781455696E+000
 0.5555556   0.1034115997E+001   0.1014222166E+001   0.1163156564E+001   0.1002318982E+001
 0.5656566   0.1047765468E+001   0.1027987014E+001   0.1154859450E+001   0.9913771035E+000
 0.5757576   0.1044623775E+001   0.1015268231E+001   0.1158717578E+001   0.1005177168E+001
 0.5858586   0.1069397625E+001   0.1016280042E+001   0.1143109401E+001   0.9854121951E+000
 0.5959596   0.1070967147E+001   0.1007837743E+001   0.1151975662E+001   0.9694933456E+000
 0.6060606   0.1079633876E+001   0.1002264876E+001   0.1163290235E+001   0.9784003209E+000
 0.6161616   0.1091819968E+001   0.9887424409E+000   0.1176883937E+001   0.1002635868E+001
 0.6262626   0.1121995999E+001   0.1015610771E+001   0.1156604459E+001   0.9691547128E+000
 0.6363636   0.1157115350E+001   0.1052470738E+001   0.1160184319E+001   0.9794068992E+000
 0.6464646   0.1150784873E+001   0.1044197073E+001   0.1182336587E+001   0.9998833115E+000
 0.6565657   0.1162772584E+001   0.1008962856E+001   0.1177120961E+001   0.9964907698E+000
 0.6666667   0.1200509176E+001   0.1014071975E+001   0.1167130867E+001   0.1003285173E+001
 0.6767677   0.1210820711E+001   0.1011165653E+001   0.1160216813E+001   0.9751351549E+000
 0.6868687   0.1255475171E+001   0.1029979018E+001   0.1174674465E+001   0.9903705252E+000
 0.6969697   0.1265580997E+001   0.1023736880E+001   0.1174867413E+001   0.9872482684E+000
 0.7070707   0.1294511980E+001   0.1026793393E+001   0.1184149288E+001   0.9824608081E+000
 0.7171717   0.1337734891E+001   0.1029950033E+001   0.1212568675E+001   0.1009806185E+001
 0.7272727   0.1360444423E+001   0.1019289127E+001   0.1197036897E+001   0.9960216546E+000
 0.7373737   0.1390656985E+001   0.1020063795E+001   0.1194033880E+001   0.9734668446E+000
 0.7474747   0.1433186236E+001   0.1021278495E+001   0.1206461400E+001   0.9819326651E+000
 0.7575758   0.1481364564E+001   0.1015455311E+001   0.1214643870E+001   0.9902182958E+000
 0.7676768   0.1517372044E+001   0.1023979293E+001   0.1209130773E+001   0.9837749520E+000
 0.7777778   0.1554674137E+001   0.1009737524E+001   0.1215336007E+001   0.9957203025E+000
 0.7878788   0.1618126207E+001   0.1005173833E+001   0.1228249999E+001   0.9832312754E+000
 0.7979798   0.1664921396E+001   0.9999461421E+000   0.1215971487E+001   0.9728082192E+000
 0.8080808   0.1718881280E+001   0.1019030904E+001   0.1224456990E+001   0.9815194710E+000
 0.8181818   0.1773739933E+001   0.1013297307E+001   0.1225540778E+001   0.9783537201E+000
 0.8282828   0.1856523456E+001   0.1028184634E+001   0.1231093274E+001   0.9908738144E+000
 0.8383838   0.1926802444E+001   0.1027857903E+001   0.1239467167E+001   0.9850828824E+000
 0.8484848   0.1994681712E+001   0.1040958750E+001   0.1247459307E+001   0.1000669312E+001
 0.8585859   0.2080484257E+001   0.1028034443E+001   0.1237816703E+001   0.9764803660E+000
 0.8686869   0.2153626229E+001   0.1020738336E+001   0.1273318120E+001   0.9960309748E+000
 0.8787879   0.2208899033E+001   0.1012327655E+001   0.1248882754E+001   0.9770271493E+000
 0.8888889   0.2327387577E+001   0.1017447314E+001   0.1250628953E+001   0.9720377519E+000
 0.8989899   0.2434001848E+001   0.1024835644E+001   0.1274610422E+001   0.9960868958E+000
 0.9090909   0.2589687746E+001   0.1024553707E+001   0.1291269655E+001   0.9876645693E+000
 0.9191919   0.2632527496E+001   0.1008533363E+001   0.1275897534E+001   0.9722800763E+000
 0.9292929   0.2777079612E+001   0.1004628404E+001   0.1296909088E+001   0.9745728380E+000
 0.9393939   0.2922192594E+001   0.1011682098E+001   0.1300997393E+001   0.9739732404E+000
 0.9494949   0.3072193841E+001   0.9971452168E+000   0.1299053594E+001   0.9515986203E+000
 0.9595960   0.3251556925E+001   0.1033014451E+001   0.1319336675E+001   0.9835668015E+000
 0.9696970   0.3384707943E+001   0.9991609345E+000   0.1322818563E+001   0.9604589947E+000
 0.9797980   0.3587294841E+001   0.1016314296E+001   0.1331812941E+001   0.9732555874E+000
 0.9898990   0.3735089148E+001   0.1023357451E+001   0.1317593201E+001   0.9724229856E+000
 1.0000000   0.3914076723E+001   0.1029341366E+001   0.1349443454E+001   0.9898858764E+000


 0.0000000   0.1450810228E+000   0.9663362426E+000   0.6300148590E+000   0.1017229548E+001
 0.0101010   0.1478704397E+000   0.1008624597E+001   0.6354284723E+000   0.1050967527E+001
 0.0202020   0.1447148968E+000   0.9762304625E+000   0.6381335642E+000   0.1020591446E+001
 0.0303030   0.1396186913E+000   0.9768533375E+000   0.6337365979E+000   0.1020851093E+001
 0.0404040   0.1320382534E+000   0.9796829038E+000   0.6348394097E+000   0.1035261543E+001
 0.0505051   0.1234810034E+000   0.9393326405E+000   0.6262458190E+000   0.9912160897E+000
 0.0606061   0.1168823046E+000   0.9949630247E+000   0.6371623703E+000   0.1050372501E+001
 0.0707071   0.1073570869E+000   0.9864835880E+000   0.6330971749E+000   0.1047175588E+001
 0.0808081   0.9913454308E-001   0.9740631351E+000   0.6377574572E+000   0.1026444339E+001
 0.0909091   0.9080543426E-001   0.9852795173E+000   0.6339032899E+000   0.1036889751E+001
 0.1010101   0.8259004448E-001   0.9674384305E+000   0.6316257420E+000   0.1016063838E+001
 0.1111111   0.7721193456E-001   0.9728775885E+000   0.6338977836E+000   0.1015563475E+001
 0.1212121   0.7213220859E-001   0.9754038216E+000   0.6369601022E+000   0.1037552394E+001
 0.1313131   0.6831940805E-001   0.9866433589E+000   0.6381829512E+000   0.1014075910E+001
 0.1414141   0.6559971842E-001   0.9495186160E+000   0.6424693121E+000   0.1003589928E+001
 0.1515152   0.6367189264E-001   0.9521559940E+000   0.6466418825E+000   0.1023772131E+001
 0.1616162   0.6307154061E-001   0.9808684504E+000   0.6514630983E+000   0.1014219257E+001
 0.1717172   0.6320544127E-001   0.9715183779E+000   0.6630506376E+000   0.1027115095E+001
 0.1818182   0.6414131843E-001   0.9505721779E+000   0.6705934559E+000   0.1028164505E+001
 0.1919192   0.6571698900E-001   0.9506022797E+000   0.6752160430E+000   0.1004255275E+001
 0.2020202   0.6687714927E-001   0.9717499300E+000   0.6892805060E+000   0.1026463271E+001
 0.2121212   0.7047167071E-001   0.9746744326E+000   0.6980294525E+000   0.1035218269E+001
 0.2222222   0.7317386944E-001   0.9469391260E+000   0.6951924143E+000   0.1015920491E+001
 0.2323232   0.7752582815E-001   0.9566550507E+000   0.7087495216E+000   0.1012182645E+001
 0.2424242   0.8307140647E-001   0.9606446928E+000   0.7308628808E+000   0.1027407199E+001
 0.2525253   0.8923054578E-001   0.9930480891E+000   0.7308122680E+000   0.1008128354E+001
 0.2626263   0.9552191125E-001   0.9749962900E+000   0.7448367249E+000   0.9999737918E+000
 0.2727273   0.1019645061E+000   0.9731276648E+000   0.7549783920E+000   0.1029606091E+001
 0.2828283   0.1122838920E+000   0.9878150124E+000   0.7715643063E+000   0.1031407397E+001
 0.2929293   0.1187962919E+000   0.9573311827E+000   0.7771669726E+000   0.1010086531E+001
 0.3030303   0.1317600951E+000   0.9889889814E+000   0.7838256053E+000   0.1005726612E+001
 0.3131313   0.1444617689E+000   0.9736162396E+000   0.8080099018E+000   0.1008209494E+001
 0.3232323   0.1602612380E+000   0.9996658472E+000   0.8060243383E+000   0.9993544237E+000
 0.3333333   0.1757147959E+000   0.1018296527E+001   0.8388108984E+000   0.1019869300E+001
 0.3434343   0.1895235971E+000   0.9836169734E+000   0.8539723094E+000   0.1017489196E+001
 0.3535354   0.2091393365E+000   0.9995222849E+000   0.8635582368E+000   0.1011076438E+001
 0.3636364   0.2303882457E+000   0.9825078390E+000   0.8863545535E+000   0.1022376524E+001
 0.3737374   0.2577406110E+000   0.1007851213E+001   0.9003409081E+000   0.1000190165E+001
 0.3838384   0.2877726604E+000   0.1004229738E+001   0.9131357548E+000   0.1001867057E+001
 0.3939394   0.3156496718E+000   0.9987604786E+000   0.9280968246E+000   0.9961439875E+000
 0.4040404   0.3500922231E+000   0.9944211929E+000   0.9484639543E+000   0.9911079031E+000
 0.4141414   0.3885028396E+000   0.9736833897E+000   0.9609902535E+000   0.9891010424E+000
 0.4242424   0.4318018586E+000   0.9970770951E+000   0.9881105711E+000   0.1004885462E+001
 0.4343434   0.4837910747E+000   0.9909849602E+000   0.1014617763E+001   0.9993273771E+000
 0.4444444   0.5417874966E+000   0.1008599126E+001   0.1030416190E+001   0.1008626012E+001
 0.4545455   0.6104770187E+000   0.1010708565E+001   0.1054686481E+001   0.1000444403E+001
 0.4646465   0.6794007335E+000   0.1012269226E+001   0.1073556059E+001   0.9948295208E+000
 0.4747475   0.7579298609E+000   0.1016358436E+001   0.1104948807E+001   0.1001028611E+001
 0.4848485   0.8503520695E+000   0.1008842256E+001   0.1104033225E+001   0.9957085366E+000
 0.4949495   0.9497069697E+000   0.1013681694E+001   0.1135431600E+001   0.9941966295E+000
 0.5050505   0.1031661584E+001   0.1039177892E+001   0.1143910652E+001   0.9760266965E+000
 0.5151515   0.1005855844E+001   0.9920315756E+000   0.1162237782E+001   0.1005899711E+001
 0.5252525   0.1019797080E+001   0.1028859932E+001   0.1164499827E+001   0.1001304487E+001
 0.5353535   0.1025129845E+001   0.1022811792E+001   0.1149009666E+001   0.9813007914E+000
 0.5454545   0.1029404192E+001   0.1019509859E+001   0.1145657853E+001   0.9832319215E+000
 0.5555556   0.1035195749E+001   0.1014343933E+001   0.1164947105E+001   0.1004068653E+001
 0.5656566   0.1048787859E+001   0.1028040238E+001   0.1156510024E+001   0.9929984633E+000
 0.5757576   0.1047725215E+001   0.1017342532E+001   0.1166066640E+001   0.1011760718E+001
 0.5858586   0.1069656153E+001   0.1015587367E+001   0.1146029361E+001   0.9881327727E+000
 0.5959596   0.1072017799E+001   0.1007895208E+001   0.1153674654E+001   0.9711231407E+000
 0.6060606   0.1082098304E+001   0.1003625388E+001   0.1167852161E+001   0.9824394549E+000
 0.6161616   0.1099000398E+001   0.9943262565E+000   0.1174952234E+001   0.1001196300E+001
 0.6262626   0.1122758437E+001   0.1015362762E+001   0.1155229710E+001   0.9682021035E+000
 0.6363636   0.1152902883E+001   0.1047671222E+001   0.1158520764E+001   0.9782039511E+000
 0.6464646   0.1150283361E+001   0.1042778527E+001   0.1179152880E+001   0.9973962470E+000
 0.6565657   0.1161306623E+001   0.1006760603E+001   0.1173102294E+001   0.9932932717E+000
 0.6666667   0.1200689498E+001   0.1013288055E+001   0.1170293221E+001   0.1006210747E+001
 0.6767677   0.1209870760E+001   0.1009439660E+001   0.1160793965E+001   0.9758211421E+000
 0.6868687   0.1252261128E+001   0.1026393902E+001   0.1175643811E+001   0.9913918929E+000
 0.6969697   0.1268923533E+001   0.1025493165E+001   0.1177348053E+001   0.9895364933E+000
 0.7070707   0.1298657686E+001   0.1029130848E+001   0.1186754402E+001   0.9848249686E+000
 0.7171717   0.1336187078E+001   0.1027808685E+001   0.1212249711E+001   0.1009748448E+001
 0.7272727   0.1363626515E+001   0.1020730139E+001   0.1199374824E+001   0.9981724856E+000
 0.7373737   0.1392102323E+001   0.1020181360E+001   0.1195006836E+001   0.9744606961E+000
 0.7474747   0.1429300640E+001   0.1017569453E+001   0.1201612697E+001   0.9781877231E+000
 0.7575758   0.1472448254E+001   0.1008411569E+001   0.1208940415E+001   0.9857716010E+000
 0.7676768   0.1513295460E+001   0.1020285559E+001   0.1205316417E+001   0.9808734545E+000
 0.7777778   0.1549378206E+001   0.1005368975E+001   0.1212863382E+001   0.9938991164E+000
 0.7878788   0.1617327776E+001   0.1003750426E+001   0.1232895978E+001   0.9871536843E+000
 0.7979798   0.1662971050E+001   0.9978527945E+000   0.1216664076E+001   0.9735627476E+000
 0.8080808   0.1723123326E+001   0.1020602785E+001   0.1224485385E+001   0.9817443563E+000
 0.8181818   0.1776810930E+001   0.1014114696E+001   0.1226425330E+001   0.9792614747E+000
 0.8282828   0.1859342101E+001   0.1028795097E+001   0.1230727432E+001   0.9907833435E+000
 0.8383838   0.1912697617E+001   0.1019391768E+001   0.1240370982E+001   0.9860042021E+000
 0.8484848   0.1989152077E+001   0.1037114763E+001   0.1247448035E+001   0.1000866331E+001
 0.8585859   0.2077240118E+001   0.1025483903E+001   0.1240294728E+001   0.9786366973E+000
 0.8686869   0.2147589023E+001   0.1016937316E+001   0.1267665899E+001   0.9918138204E+000
 0.8787879   0.2215110923E+001   0.1014237419E+001   0.1249282719E+001   0.9775413084E+000
 0.8888889   0.2333035707E+001   0.1018974974E+001   0.1255394758E+001   0.9759428520E+000
 0.8989899   0.2441986232E+001   0.1027248329E+001   0.1273552527E+001   0.9954651169E+000
 0.9090909   0.2581528311E+001   0.1020382811E+001   0.1289310764E+001   0.9863693318E+000
 0.9191919   0.2629965237E+001   0.1006621671E+001   0.1276952220E+001   0.9732841672E+000
 0.9292929   0.2781790663E+001   0.1005403707E+001   0.1299418440E+001   0.9766595879E+000
 0.9393939   0.2935286123E+001   0.1015277088E+001   0.1300972370E+001   0.9741550690E+000
 0.9494949   0.3055849546E+001   0.9909247567E+000   0.1295821293E+001   0.9494263259E+000
 0.9595960   0.3241450337E+001   0.1028852985E+001   0.1319381284E+001   0.9838026056E+000
 0.9696970   0.3396095168E+001   0.1001596991E+001   0.1327148986E+001   0.9638016152E+000
 0.9797980   0.3583394520E+001   0.1014272152E+001   0.1327966324E+001   0.9706444151E+000
 0.9898990   0.3737494231E+001   0.1023071130E+001   0.1318034227E+001   0.9729487889E+000
 1.0000000   0.3892621167E+001   0.1022753904E+001   0.1342957202E+001   0.9853307408E+000


 0.0000000   0.1448867075E+000   0.9646075944E+000   0.6290228592E+000   0.1015737753E+001
 0.0101010   0.1472026767E+000   0.1003617837E+001   0.6346328546E+000   0.1049765195E+001
 0.0202020   0.1439890824E+000   0.9708969884E+000   0.6371682651E+000   0.1019157875E+001
 0.0303030   0.1396796149E+000   0.9768397067E+000   0.6343773972E+000   0.1021993898E+001
 0.0404040   0.1315456199E+000   0.9755883922E+000   0.6344466885E+000   0.1034733069E+001
 0.0505051   0.1231676066E+000   0.9365268658E+000   0.6256651860E+000   0.9904042273E+000
 0.0606061   0.1159399991E+000   0.9864973932E+000   0.6333037828E+000   0.1044124528E+001
 0.0707071   0.1072014588E+000   0.9846101648E+000   0.6313185121E+000   0.1044346582E+001
 0.0808081   0.9928937152E-001   0.9751453038E+000   0.6374577209E+000   0.1026072943E+001
 0.0909091   0.9046439386E-001   0.9811372541E+000   0.6323112744E+000   0.1034397574E+001
 0.1010101   0.8228103957E-001   0.9633849986E+000   0.6301605176E+000   0.1013816498E+001
 0.1111111   0.7716013267E-001   0.9717872679E+000   0.6331064410E+000   0.1014405425E+001
 0.1212121   0.7241252254E-001   0.9787536025E+000   0.6351857582E+000   0.1034774101E+001
 0.1313131   0.6875302509E-001   0.9924585735E+000   0.6375436282E+000   0.1013169644E+001
 0.1414141   0.6546389311E-001   0.9471261152E+000   0.6425975521E+000   0.1003898867E+001
 0.1515152   0.6386291644E-001   0.9545827189E+000   0.6496652186E+000   0.1028670015E+001
 0.1616162   0.6344740856E-001   0.9862696950E+000   0.6487032504E+000   0.1010031917E+001
 0.1717172   0.6342404228E-001   0.9744396444E+000   0.6625772953E+000   0.1026492915E+001
 0.1818182   0.6445506650E-001   0.9547919551E+000   0.6681793891E+000   0.1024574075E+001
 0.1919192   0.6590100298E-001   0.9528349813E+000   0.6741391148E+000   0.1002762045E+001
 0.2020202   0.6702833570E-001   0.9735083382E+000   0.6876522243E+000   0.1024149275E+001
 0.2121212   0.7073214576E-001   0.9778366557E+000   0.6961296897E+000   0.1032512524E+001
 0.2222222   0.7350292635E-001   0.9507692866E+000   0.6957733074E+000   0.1016879403E+001
 0.2323232   0.7749567221E-001   0.9558524955E+000   0.7082468598E+000   0.1011574230E+001
 0.2424242   0.8366710632E-001   0.9670979155E+000   0.7307000258E+000   0.1027289415E+001
 0.2525253   0.8953712436E-001   0.9960114862E+000   0.7324418846E+000   0.1010485680E+001
 0.2626263   0.9570419113E-001   0.9764171316E+000   0.7458386766E+000   0.1001427304E+001
 0.2727273   0.1023705162E+000   0.9765627764E+000   0.7548651567E+000   0.1029563061E+001
 0.2828283   0.1117838437E+000   0.9829731992E+000   0.7747049820E+000   0.1035717833E+001
 0.2929293   0.1195756295E+000   0.9631778137E+000   0.7800248539E+000   0.1013910630E+001
 0.3030303   0.1325974031E+000   0.9948258145E+000   0.7858431526E+000   0.1008424435E+001
 0.3131313   0.1449605621E+000   0.9765381604E+000   0.8062495384E+000   0.1006121826E+001
 0.3232323   0.1607050352E+000   0.1001982923E+001   0.8065732838E+000   0.1000143249E+001
 0.3333333   0.1764346646E+000   0.1022008058E+001   0.8401438254E+000   0.1021600475E+001
 0.3434343   0.1900056254E+000   0.9856748078E+000   0.8551182306E+000   0.1018964784E+001
 0.3535354   0.2093088904E+000   0.9998823559E+000   0.8637147136E+000   0.1011369071E+001
 0.3636364   0.2307541973E+000   0.9836255238E+000   0.8861361980E+000   0.1022235261E+001
 0.3737374   0.2572831853E+000   0.1005609684E+001   0.8952611222E+000   0.9946546406E+000
 0.3838384   0.2885066396E+000   0.1006337908E+001   0.9112174317E+000   0.9998705084E+000
 0.3939394   0.3152365493E+000   0.9970043325E+000   0.9290643287E+000   0.9972903313E+000
 0.4040404   0.3516329400E+000   0.9983479571E+000   0.9457433786E+000   0.9883719457E+000
 0.4141414   0.3886709634E+000   0.9736662910E+000   0.9633879905E+000   0.9916762136E+000
 0.4242424   0.4318092467E+000   0.9966453488E+000   0.9893450286E+000   0.1006249749E+001
 0.4343434   0.4825295010E+000   0.9879558926E+000   0.1017445961E+001   0.1002221390E+001
 0.4444444   0.5406950060E+000   0.1006112261E+001   0.1030574637E+001   0.1008890267E+001
 0.4545455   0.6091297588E+000   0.1008024106E+001   0.1059320469E+001   0.1004948799E+001
 0.4646465   0.6811303077E+000   0.1014389399E+001   0.1073363192E+001   0.9947584270E+000
 0.4747475   0.7565358413E+000   0.1014032467E+001   0.1105434454E+001   0.1001576949E+001
 0.4848485   0.8468829087E+000   0.1004274265E+001   0.1104372313E+001   0.9961221314E+000
 0.4949495   0.9507383733E+000   0.1014325808E+001   0.1138852584E+001   0.9972999859E+000
 0.5050505   0.1029939856E+001   0.1036976652E+001   0.1146744903E+001   0.9785508601E+000
 0.5151515   0.1003518692E+001   0.9892810552E+000   0.1161548832E+001   0.1005412217E+001
 0.5252525   0.1020040278E+001   0.1028642077E+001   0.1162644574E+001   0.9998174084E+000
 0.5353535   0.1025663861E+001   0.1022883978E+001   0.1153569641E+001   0.9853018005E+000
 0.5454545   0.1025785232E+001   0.1015468401E+001   0.1148921234E+001   0.9861393322E+000
 0.5555556   0.1037566111E+001   0.1016208933E+001   0.1166264929E+001   0.1005313258E+001
 0.5656566   0.1048760571E+001   0.1027550766E+001   0.1154133958E+001   0.9910655637E+000
 0.5757576   0.1049814702E+001   0.1018912593E+001   0.1169561182E+001   0.1014902635E+001
 0.5858586   0.1069956282E+001   0.1015415067E+001   0.1147195970E+001   0.9892456820E+000
 0.5959596   0.1072663900E+001   0.1008048722E+001   0.1152002770E+001   0.9698207380E+000
 0.6060606   0.1084161757E+001   0.1005086594E+001   0.1163657513E+001   0.9790166919E+000
 0.6161616   0.1100374328E+001   0.9951212067E+000   0.1173917973E+001   0.1000423231E+001
 0.6262626   0.1118849051E+001   0.1011371885E+001   0.1157453353E+001   0.9701707153E+000
 0.6363636   0.1152382137E+001   0.1046726648E+001   0.1158237438E+001   0.9780705465E+000
 0.6464646   0.1153729986E+001   0.1045432256E+001   0.1177641850E+001   0.9962259178E+000
 0.6565657   0.1162298165E+001   0.1007166648E+001   0.1172870001E+001   0.9932040453E+000
 0.6666667   0.1201502287E+001   0.1013517582E+001   0.1169223919E+001   0.1005400149E+001
 0.6767677   0.1212656257E+001   0.1011308293E+001   0.1163165882E+001   0.9779209010E+000
 0.6868687   0.1251550460E+001   0.1025349683E+001   0.1178678436E+001   0.9940584725E+000
 0.6969697   0.1271513929E+001   0.1027124088E+001   0.1179013913E+001   0.9910438409E+000
 0.7070707   0.1301023536E+001   0.1030541613E+001   0.1184650034E+001   0.9831850415E+000
 0.7171717   0.1333601230E+001   0.1025357889E+001   0.1211882255E+001   0.1009551603E+001
 0.7272727   0.1365446834E+001   0.1021632664E+001   0.1199768513E+001   0.9986081767E+000
 0.7373737   0.1396317949E+001   0.1022810130E+001   0.1198087526E+001   0.9770785420E+000
 0.7474747   0.1432125762E+001   0.1019121830E+001   0.1205219432E+001   0.9812299962E+000
 0.7575758   0.1475014537E+001   0.1009714406E+001   0.1208171361E+001   0.9852511141E+000
 0.7676768   0.1515826706E+001   0.1021532148E+001   0.1205926576E+001   0.9814761871E+000
 0.7777778   0.1553587648E+001   0.1007646660E+001   0.1212181496E+001   0.9934478226E+000
 0.7878788   0.1611387530E+001   0.9996136310E+000   0.1230727244E+001   0.9855238550E+000
 0.7979798   0.1663611786E+001   0.9977879426E+000   0.1217318522E+001   0.9741918331E+000
 0.8080808   0.1725760116E+001   0.1021704461E+001   0.1225622841E+001   0.9827626552E+000
 0.8181818   0.1782371487E+001   0.1016830488E+001   0.1228008160E+001   0.9806314145E+000
 0.8282828   0.1854172234E+001   0.1025472764E+001   0.1231604325E+001   0.9915965636E+000
 0.8383838   0.1912463066E+001   0.1018807975E+001   0.1236034952E+001   0.9826636961E+000
 0.8484848   0.1991428131E+001   0.1037834110E+001   0.1247891850E+001   0.1001330758E+001
 0.8585859   0.2074224504E+001   0.1023534252E+001   0.1242813708E+001   0.9807303735E+000
 0.8686869   0.2142951918E+001   0.1014284781E+001   0.1267713781E+001   0.9919586090E+000
 0.8787879   0.2212110728E+001   0.1012407809E+001   0.1248926317E+001   0.9773681784E+000
 0.8888889   0.2325180097E+001   0.1015086853E+001   0.1252081649E+001   0.9734725696E+000
 0.8989899   0.2440980438E+001   0.1026363043E+001   0.1275749576E+001   0.9972903313E+000
 0.9090909   0.2575013143E+001   0.1017349476E+001   0.1286911659E+001   0.9846404642E+000
 0.9191919   0.2624638475E+001   0.1004130671E+001   0.1272444669E+001   0.9699534880E+000
 0.9292929   0.2786861482E+001   0.1006783048E+001   0.1300698934E+001   0.9777278101E+000
 0.9393939   0.2925620977E+001   0.1011478554E+001   0.1298076663E+001   0.9720919697E+000
 0.9494949   0.3052337993E+001   0.9893405439E+000   0.1292274101E+001   0.9469298125E+000
 0.9595960   0.3234757913E+001   0.1026266630E+001   0.1312853185E+001   0.9790408282E+000
 0.9696970   0.3399288533E+001   0.1002087541E+001   0.1330341220E+001   0.9662244201E+000
 0.9797980   0.3585567612E+001   0.1014430426E+001   0.1328145362E+001   0.9708803243E+000
 0.9898990   0.3735471849E+001   0.1022057290E+001   0.1323508395E+001   0.9770954375E+000
 1.0000000   0.3910655274E+001   0.1027029727E+001   0.1342815220E+001   0.9853331777E+000


 0.0000000   0.1447234186E+000   0.9615033606E+000   0.6302194288E+000   0.1017314703E+001
 0.0101010   0.1474217060E+000   0.1003006984E+001   0.6383341616E+000   0.1055519043E+001
 0.0202020   0.1441377673E+000   0.9698648964E+000   0.6385748438E+000   0.1021051155E+001
 0.0303030   0.1401511411E+000   0.9780853944E+000   0.6387409180E+000   0.1028664394E+001
 0.0404040   0.1314370401E+000   0.9727424371E+000   0.6344603048E+000   0.1034394058E+001
 0.0505051   0.1238209159E+000   0.9395234196E+000   0.6284450938E+000   0.9944574435E+000
 0.0606061   0.1159775254E+000   0.9847508115E+000   0.6340603696E+000   0.1045006984E+001
 0.0707071   0.1069097135E+000   0.9798749279E+000   0.6314583185E+000   0.1044213207E+001
 0.0808081   0.9956628491E-001   0.9758177971E+000   0.6371458919E+000   0.1025213000E+001
 0.0909091   0.9053754139E-001   0.9798749279E+000   0.6334001534E+000   0.1035817155E+001
 0.1010101   0.8257400729E-001   0.9647911934E+000   0.6327043360E+000   0.1017553713E+001
 0.1111111   0.7721568445E-001   0.9704510282E+000   0.6333628051E+000   0.1014461931E+001
 0.1212121   0.7287408170E-001   0.9829301397E+000   0.6382226103E+000   0.1039358451E+001
 0.1313131   0.6897685045E-001   0.9936050644E+000   0.6420263022E+000   0.1019937236E+001
 0.1414141   0.6570301238E-001   0.9485956402E+000   0.6462777483E+000   0.1009295805E+001
 0.1515152   0.6452742099E-001   0.9624961212E+000   0.6526259580E+000   0.1032997274E+001
 0.1616162   0.6383423734E-001   0.9902055002E+000   0.6517154192E+000   0.1014367643E+001
 0.1717172   0.6368545574E-001   0.9764075922E+000   0.6622215097E+000   0.1025583576E+001
 0.1818182   0.6460900861E-001   0.9550687328E+000   0.6691857427E+000   0.1025758996E+001
 0.1919192   0.6652667884E-001   0.9598676866E+000   0.6755435044E+000   0.1004500253E+001
 0.2020202   0.6754453194E-001   0.9789517704E+000   0.6870279792E+000   0.1022862369E+001
 0.2121212   0.7123845899E-001   0.9827744485E+000   0.6980425541E+000   0.1034988294E+001
 0.2222222   0.7399404017E-001   0.9551181877E+000   0.6967854935E+000   0.1018003228E+001
 0.2323232   0.7843506941E-001   0.9654139584E+000   0.7097564856E+000   0.1013376518E+001
 0.2424242   0.8459367737E-001   0.9757610156E+000   0.7309740016E+000   0.1027315851E+001
 0.2525253   0.9018304702E-001   0.1001096561E+001   0.7347333717E+000   0.1013293194E+001
 0.2626263   0.9622624492E-001   0.9796880984E+000   0.7463007440E+000   0.1001697915E+001
 0.2727273   0.1032324083E+000   0.9827231619E+000   0.7526957210E+000   0.1026245787E+001
 0.2828283   0.1124309125E+000   0.9865934632E+000   0.7753090675E+000   0.1036163610E+001
 0.2929293   0.1206246817E+000   0.9695938105E+000   0.7801173876E+000   0.1013676925E+001
 0.3030303   0.1329999866E+000   0.9957572669E+000   0.7852379140E+000   0.1007296014E+001
 0.3131313   0.1454874725E+000   0.9780359395E+000   0.8065530336E+000   0.1006149204E+001
 0.3232323   0.1615158750E+000   0.1004930229E+001   0.8082082182E+000   0.1001820709E+001
 0.3333333   0.1770545989E+000   0.1023451993E+001   0.8393936212E+000   0.1020331932E+001
 0.3434343   0.1907851401E+000   0.9876466687E+000   0.8560472924E+000   0.1019715768E+001
 0.3535354   0.2102812694E+000   0.1002424516E+001   0.8657912439E+000   0.1013446686E+001
 0.3636364   0.2319261124E+000   0.9865513350E+000   0.8866148579E+000   0.1022430396E+001
 0.3737374   0.2585489732E+000   0.1008441525E+001   0.8959272943E+000   0.9950472941E+000
 0.3838384   0.2877565964E+000   0.1001620416E+001   0.9117942793E+000   0.1000154216E+001
 0.3939394   0.3166756470E+000   0.9994590553E+000   0.9295809894E+000   0.9974965994E+000
 0.4040404   0.3532075736E+000   0.1000719239E+001   0.9433771188E+000   0.9855548653E+000
 0.4141414   0.3905660695E+000   0.9763654640E+000   0.9630795318E+000   0.9910126281E+000
 0.4242424   0.4327931813E+000   0.9968251257E+000   0.9919208270E+000   0.1008517377E+001
 0.4343434   0.4842259622E+000   0.9893537775E+000   0.1016557059E+001   0.1000996234E+001
 0.4444444   0.5419315739E+000   0.1006302144E+001   0.1025583690E+001   0.1003653850E+001
 0.4545455   0.6111417783E+000   0.1009236466E+001   0.1058059002E+001   0.1003401684E+001
 0.4646465   0.6854330669E+000   0.1018660365E+001   0.1069562276E+001   0.9908898340E+000
 0.4747475   0.7576088974E+000   0.1013344883E+001   0.1103414434E+001   0.9993977165E+000
 0.4848485   0.8527723691E+000   0.1009141219E+001   0.1105710840E+001   0.9969813024E+000
 0.4949495   0.9545143487E+000   0.1016222424E+001   0.1140066025E+001   0.9980140892E+000
 0.5050505   0.1027421101E+001   0.1032275107E+001   0.1148677811E+001   0.9798580925E+000
 0.5151515   0.1008282215E+001   0.9918961240E+000   0.1162935432E+001   0.1006261034E+001
 0.5252525   0.1023491544E+001   0.1029961718E+001   0.1160192721E+001   0.9973606487E+000
 0.5353535   0.1026996753E+001   0.1022069088E+001   0.1156549357E+001   0.9875020302E+000
 0.5454545   0.1026062020E+001   0.1013615969E+001   0.1150885083E+001   0.9874801027E+000
 0.5555556   0.1035680470E+001   0.1012238559E+001   0.1164346927E+001   0.1003309588E+001
 0.5656566   0.1048008769E+001   0.1024664553E+001   0.1153660458E+001   0.9903131399E+000
 0.5757576   0.1052921619E+001   0.1019788669E+001   0.1165414582E+001   0.1010951333E+001
 0.5858586   0.1070363094E+001   0.1013674582E+001   0.1152090911E+001   0.9931198640E+000
 0.5959596   0.1074239301E+001   0.1007415794E+001   0.1151791478E+001   0.9693043712E+000
 0.6060606   0.1087918417E+001   0.1006457835E+001   0.1164402076E+001   0.9793011331E+000
 0.6161616   0.1099370918E+001   0.9921324083E+000   0.1177252704E+001   0.1002914893E+001
 0.6262626   0.1122134704E+001   0.1012218411E+001   0.1158283862E+001   0.9705279275E+000
 0.6363636   0.1148832628E+001   0.1041318021E+001   0.1156083824E+001   0.9759111367E+000
 0.6464646   0.1153648334E+001   0.1043169831E+001   0.1178212537E+001   0.9963607533E+000
 0.6565657   0.1163391494E+001   0.1006003583E+001   0.1171905697E+001   0.9920410294E+000
 0.6666667   0.1202083494E+001   0.1011885049E+001   0.1167582809E+001   0.1003638501E+001
 0.6767677   0.1216392906E+001   0.1012300836E+001   0.1166064872E+001   0.9800159707E+000
 0.6868687   0.1252477696E+001   0.1023961195E+001   0.1181157630E+001   0.9958016012E+000
 0.6969697   0.1270396335E+001   0.1024072926E+001   0.1180802870E+001   0.9922011004E+000
 0.7070707   0.1299244465E+001   0.1026977941E+001   0.1183257905E+001   0.9816868487E+000
 0.7171717   0.1333640368E+001   0.1023241351E+001   0.1209947069E+001   0.1007587650E+001
 0.7272727   0.1364629747E+001   0.1018883828E+001   0.1195978953E+001   0.9951064984E+000
 0.7373737   0.1398722097E+001   0.1022426262E+001   0.1195064753E+001   0.9742731500E+000
 0.7474747   0.1431766867E+001   0.1016733457E+001   0.1203728326E+001   0.9796739012E+000
 0.7575758   0.1474969251E+001   0.1007569654E+001   0.1208726477E+001   0.9853597103E+000
 0.7676768   0.1520415240E+001   0.1022479380E+001   0.1205765736E+001   0.9810027097E+000
 0.7777778   0.1552115036E+001   0.1004584045E+001   0.1211214195E+001   0.9923085453E+000
 0.7878788   0.1611091964E+001   0.9973379910E+000   0.1229341272E+001   0.9840703714E+000
 0.7979798   0.1664587299E+001   0.9962829539E+000   0.1213873629E+001   0.9710958506E+000
 0.8080808   0.1727585653E+001   0.1020644055E+001   0.1226768602E+001   0.9833379918E+000
 0.8181818   0.1782417182E+001   0.1014727788E+001   0.1224317599E+001   0.9773430045E+000
 0.8282828   0.1855240257E+001   0.1023915403E+001   0.1231281641E+001   0.9909907006E+000
 0.8383838   0.1917379318E+001   0.1019288625E+001   0.1237099829E+001   0.9831669571E+000
 0.8484848   0.1989815862E+001   0.1034822949E+001   0.1246532830E+001   0.9998910859E+000
 0.8585859   0.2066729030E+001   0.1017700575E+001   0.1241791697E+001   0.9795818056E+000
 0.8686869   0.2144139082E+001   0.1012722118E+001   0.1267305922E+001   0.9912933005E+000
 0.8787879   0.2214459801E+001   0.1011361193E+001   0.1251589475E+001   0.9791103636E+000
 0.8888889   0.2323578839E+001   0.1012264203E+001   0.1250318556E+001   0.9717624476E+000
 0.8989899   0.2432488867E+001   0.1020651382E+001   0.1272280921E+001   0.9942315899E+000
 0.9090909   0.2571201010E+001   0.1013716710E+001   0.1283396167E+001   0.9816079095E+000
 0.9191919   0.2627882605E+001   0.1003267080E+001   0.1274477367E+001   0.9711638259E+000
 0.9292929   0.2782711165E+001   0.1003179160E+001   0.1294440089E+001   0.9726834039E+000
 0.9393939   0.2918214780E+001   0.1006805851E+001   0.1293511598E+001   0.9683351743E+000
 0.9494949   0.3052462477E+001   0.9873096429E+000   0.1294075036E+001   0.9479184490E+000
 0.9595960   0.3220492755E+001   0.1019601840E+001   0.1307951532E+001   0.9750449991E+000
 0.9696970   0.3391140019E+001   0.9975925920E+000   0.1328294858E+001   0.9644013750E+000
 0.9797980   0.3569411794E+001   0.1007745493E+001   0.1323370825E+001   0.9670524136E+000
 0.9898990   0.3742580123E+001   0.1021858447E+001   0.1323313650E+001   0.9766106249E+000
 1.0000000   0.3897834179E+001   0.1021519589E+001   0.1339742079E+001   0.9827349847E+000


