# Evolution of the weightfunction during equilibration phase for fractional: cd
# Weightfunction after cycle        202
 0.0000000    0.2400000000E+001    0.1100000000E+001
 0.0101010    0.3000000000E+001    0.2000000000E+001
 0.0202020    0.2500000000E+001    0.1400000000E+001
 0.0303030    0.3000000000E+001    0.1400000000E+001
 0.0404040    0.2400000000E+001    0.1600000000E+001
 0.0505051    0.2900000000E+001    0.1500000000E+001
 0.0606061    0.3000000000E+001    0.1400000000E+001
 0.0707071    0.2700000000E+001    0.1100000000E+001
 0.0808081    0.4100000000E+001    0.2000000000E+001
 0.0909091    0.3300000000E+001    0.1500000000E+001
 0.1010101    0.3300000000E+001    0.2100000000E+001
 0.1111111    0.3400000000E+001    0.2700000000E+001
 0.1212121    0.3500000000E+001    0.1800000000E+001
 0.1313131    0.4300000000E+001    0.2100000000E+001
 0.1414141    0.3900000000E+001    0.1700000000E+001
 0.1515152    0.3300000000E+001    0.1700000000E+001
 0.1616162    0.4000000000E+001    0.9000000000E+000
 0.1717172    0.4100000000E+001    0.1900000000E+001
 0.1818182    0.4200000000E+001    0.1200000000E+001
 0.1919192    0.2900000000E+001    0.7000000000E+000
 0.2020202    0.3700000000E+001    0.2100000000E+001
 0.2121212    0.2700000000E+001    0.1200000000E+001
 0.2222222    0.3600000000E+001    0.2000000000E+001
 0.2323232    0.3100000000E+001    0.1500000000E+001
 0.2424242    0.2400000000E+001    0.7000000000E+000
 0.2525253    0.3900000000E+001    0.1500000000E+001
 0.2626263    0.3900000000E+001    0.2500000000E+001
 0.2727273    0.2800000000E+001    0.1700000000E+001
 0.2828283    0.2600000000E+001    0.1300000000E+001
 0.2929293    0.3000000000E+001    0.1500000000E+001
 0.3030303    0.2000000000E+001    0.7000000000E+000
 0.3131313    0.2000000000E+001    0.2200000000E+001
 0.3232323    0.2100000000E+001    0.1500000000E+001
 0.3333333    0.1800000000E+001    0.1400000000E+001
 0.3434343    0.2400000000E+001    0.1600000000E+001
 0.3535354    0.2500000000E+001    0.1500000000E+001
 0.3636364    0.3000000000E+001    0.1300000000E+001
 0.3737374    0.2400000000E+001    0.1400000000E+001
 0.3838384    0.1300000000E+001    0.1100000000E+001
 0.3939394    0.2000000000E+001    0.2000000000E+001
 0.4040404    0.2900000000E+001    0.1100000000E+001
 0.4141414    0.2700000000E+001    0.1400000000E+001
 0.4242424    0.2200000000E+001    0.1500000000E+001
 0.4343434    0.1900000000E+001    0.2400000000E+001
 0.4444444    0.1700000000E+001    0.2800000000E+001
 0.4545455    0.1200000000E+001    0.2200000000E+001
 0.4646465    0.2400000000E+001    0.9000000000E+000
 0.4747475    0.1000000000E+001    0.1000000000E+001
 0.4848485    0.1400000000E+001    0.3200000000E+001
 0.4949495    0.1000000000E+001    0.1500000000E+001
 0.5050505    0.2100000000E+001    0.1800000000E+001
 0.5151515    0.3400000000E+001    0.2300000000E+001
 0.5252525    0.1200000000E+001    0.1300000000E+001
 0.5353535    0.1100000000E+001    0.1800000000E+001
 0.5454545    0.1700000000E+001    0.1700000000E+001
 0.5555556    0.1100000000E+001    0.1600000000E+001
 0.5656566    0.1300000000E+001    0.1500000000E+001
 0.5757576    0.2100000000E+001    0.1900000000E+001
 0.5858586    0.3500000000E+001    0.2200000000E+001
 0.5959596    0.2000000000E+001    0.1400000000E+001
 0.6060606    0.1500000000E+001    0.1300000000E+001
 0.6161616    0.2200000000E+001    0.2400000000E+001
 0.6262626    0.1500000000E+001    0.1700000000E+001
 0.6363636    0.1400000000E+001    0.2200000000E+001
 0.6464646    0.2200000000E+001    0.1800000000E+001
 0.6565657    0.1200000000E+001    0.1200000000E+001
 0.6666667    0.1200000000E+001    0.2700000000E+001
 0.6767677    0.1800000000E+001    0.2000000000E+001
 0.6868687    0.1300000000E+001    0.1800000000E+001
 0.6969697    0.1600000000E+001    0.1800000000E+001
 0.7070707    0.1400000000E+001    0.1600000000E+001
 0.7171717    0.1400000000E+001    0.1400000000E+001
 0.7272727    0.1400000000E+001    0.1500000000E+001
 0.7373737    0.1400000000E+001    0.1700000000E+001
 0.7474747    0.1000000000E+001    0.1800000000E+001
 0.7575758    0.2100000000E+001    0.1600000000E+001
 0.7676768    0.1800000000E+001    0.1800000000E+001
 0.7777778    0.1000000000E+001    0.1500000000E+001
 0.7878788    0.1300000000E+001    0.1800000000E+001
 0.7979798    0.1300000000E+001    0.1700000000E+001
 0.8080808    0.1500000000E+001    0.2100000000E+001
 0.8181818    0.1200000000E+001    0.2200000000E+001
 0.8282828    0.1500000000E+001    0.1900000000E+001
 0.8383838    0.1000000000E+001    0.1600000000E+001
 0.8484848    0.7000000000E+000    0.1300000000E+001
 0.8585859    0.1000000000E+001    0.1500000000E+001
 0.8686869    0.1000000000E+001    0.1700000000E+001
 0.8787879    0.8000000000E+000    0.1400000000E+001
 0.8888889    0.7000000000E+000    0.1400000000E+001
 0.8989899    0.9000000000E+000    0.1800000000E+001
 0.9090909    0.1000000000E+001    0.1500000000E+001
 0.9191919    0.1600000000E+001    0.2000000000E+001
 0.9292929    0.1800000000E+001    0.2400000000E+001
 0.9393939    0.1000000000E+000    0.1000000000E+001
 0.9494949    0.1000000000E+001    0.2100000000E+001
 0.9595960    0.8000000000E+000    0.1600000000E+001
 0.9696970    0.0000000000E+000    0.1100000000E+001
 0.9797980    0.1100000000E+001    0.2200000000E+001
 0.9898990    0.1000000000E+001    0.2200000000E+001
 1.0000000    0.9000000000E+000    0.2600000000E+001


# Weightfunction after cycle        979
 0.0000000    0.2800000000E+001    0.1600000000E+001
 0.0101010    0.3175000000E+001    0.2150000000E+001
 0.0202020    0.3100000000E+001    0.2025000000E+001
 0.0303030    0.3350000000E+001    0.2250000000E+001
 0.0404040    0.3200000000E+001    0.2050000000E+001
 0.0505051    0.2825000000E+001    0.1700000000E+001
 0.0606061    0.2975000000E+001    0.1600000000E+001
 0.0707071    0.4325000000E+001    0.2625000000E+001
 0.0808081    0.3675000000E+001    0.2075000000E+001
 0.0909091    0.3025000000E+001    0.1650000000E+001
 0.1010101    0.3575000000E+001    0.2050000000E+001
 0.1111111    0.3425000000E+001    0.1825000000E+001
 0.1212121    0.3575000000E+001    0.1825000000E+001
 0.1313131    0.3675000000E+001    0.2400000000E+001
 0.1414141    0.3975000000E+001    0.1775000000E+001
 0.1515152    0.3925000000E+001    0.2075000000E+001
 0.1616162    0.3925000000E+001    0.1950000000E+001
 0.1717172    0.3475000000E+001    0.2125000000E+001
 0.1818182    0.4250000000E+001    0.2150000000E+001
 0.1919192    0.3925000000E+001    0.2300000000E+001
 0.2020202    0.3725000000E+001    0.2500000000E+001
 0.2121212    0.4500000000E+001    0.2325000000E+001
 0.2222222    0.3675000000E+001    0.2150000000E+001
 0.2323232    0.4075000000E+001    0.2225000000E+001
 0.2424242    0.4225000000E+001    0.1975000000E+001
 0.2525253    0.3925000000E+001    0.1775000000E+001
 0.2626263    0.3600000000E+001    0.2325000000E+001
 0.2727273    0.3975000000E+001    0.1850000000E+001
 0.2828283    0.3700000000E+001    0.2125000000E+001
 0.2929293    0.3650000000E+001    0.1850000000E+001
 0.3030303    0.3275000000E+001    0.2500000000E+001
 0.3131313    0.3350000000E+001    0.1725000000E+001
 0.3232323    0.3375000000E+001    0.1900000000E+001
 0.3333333    0.2700000000E+001    0.1900000000E+001
 0.3434343    0.3050000000E+001    0.2225000000E+001
 0.3535354    0.3100000000E+001    0.2250000000E+001
 0.3636364    0.2750000000E+001    0.1925000000E+001
 0.3737374    0.2825000000E+001    0.2050000000E+001
 0.3838384    0.2325000000E+001    0.1925000000E+001
 0.3939394    0.2950000000E+001    0.1650000000E+001
 0.4040404    0.2275000000E+001    0.1775000000E+001
 0.4141414    0.2425000000E+001    0.1475000000E+001
 0.4242424    0.2225000000E+001    0.1550000000E+001
 0.4343434    0.2350000000E+001    0.1400000000E+001
 0.4444444    0.1775000000E+001    0.1525000000E+001
 0.4545455    0.1925000000E+001    0.1475000000E+001
 0.4646465    0.2050000000E+001    0.1775000000E+001
 0.4747475    0.1600000000E+001    0.1550000000E+001
 0.4848485    0.1425000000E+001    0.1425000000E+001
 0.4949495    0.1325000000E+001    0.1650000000E+001
 0.5050505    0.1100000000E+001    0.1300000000E+001
 0.5151515    0.1100000000E+001    0.1425000000E+001
 0.5252525    0.1625000000E+001    0.1350000000E+001
 0.5353535    0.1200000000E+001    0.1625000000E+001
 0.5454545    0.1175000000E+001    0.1500000000E+001
 0.5555556    0.1050000000E+001    0.1975000000E+001
 0.5656566    0.1300000000E+001    0.1475000000E+001
 0.5757576    0.1075000000E+001    0.1525000000E+001
 0.5858586    0.1200000000E+001    0.1250000000E+001
 0.5959596    0.1425000000E+001    0.1400000000E+001
 0.6060606    0.1325000000E+001    0.1675000000E+001
 0.6161616    0.1300000000E+001    0.1275000000E+001
 0.6262626    0.1475000000E+001    0.1500000000E+001
 0.6363636    0.1175000000E+001    0.1125000000E+001
 0.6464646    0.1500000000E+001    0.1325000000E+001
 0.6565657    0.9500000000E+000    0.2025000000E+001
 0.6666667    0.1825000000E+001    0.1575000000E+001
 0.6767677    0.1175000000E+001    0.1425000000E+001
 0.6868687    0.1100000000E+001    0.1775000000E+001
 0.6969697    0.1150000000E+001    0.1425000000E+001
 0.7070707    0.1225000000E+001    0.1300000000E+001
 0.7171717    0.1125000000E+001    0.1625000000E+001
 0.7272727    0.1125000000E+001    0.1375000000E+001
 0.7373737    0.1275000000E+001    0.1450000000E+001
 0.7474747    0.1350000000E+001    0.1250000000E+001
 0.7575758    0.1250000000E+001    0.1400000000E+001
 0.7676768    0.1025000000E+001    0.1300000000E+001
 0.7777778    0.1325000000E+001    0.1525000000E+001
 0.7878788    0.8000000000E+000    0.1325000000E+001
 0.7979798    0.9250000000E+000    0.1075000000E+001
 0.8080808    0.1275000000E+001    0.1525000000E+001
 0.8181818    0.1050000000E+001    0.1650000000E+001
 0.8282828    0.1225000000E+001    0.1650000000E+001
 0.8383838    0.8250000000E+000    0.1175000000E+001
 0.8484848    0.9750000000E+000    0.1425000000E+001
 0.8585859    0.8500000000E+000    0.1475000000E+001
 0.8686869    0.5500000000E+000    0.1175000000E+001
 0.8787879    0.1150000000E+001    0.1650000000E+001
 0.8888889    0.9000000000E+000    0.1425000000E+001
 0.8989899    0.9750000000E+000    0.1525000000E+001
 0.9090909    0.5750000000E+000    0.1275000000E+001
 0.9191919    0.6750000000E+000    0.1625000000E+001
 0.9292929    0.7000000000E+000    0.1450000000E+001
 0.9393939    0.6250000000E+000    0.1250000000E+001
 0.9494949    0.9750000000E+000    0.1850000000E+001
 0.9595960    0.5250000000E+000    0.1525000000E+001
 0.9696970    0.5750000000E+000    0.1525000000E+001
 0.9797980    0.2500000000E+000    0.1275000000E+001
 0.9898990    0.0000000000E+000    0.1075000000E+001
 1.0000000    0.2500000000E-001    0.8750000000E+000


# Weightfunction after cycle       2091
 0.0000000    0.2900000000E+001    0.1681250000E+001
 0.0101010    0.2600000000E+001    0.1400000000E+001
 0.0202020    0.2750000000E+001    0.1406250000E+001
 0.0303030    0.2781250000E+001    0.1506250000E+001
 0.0404040    0.2837500000E+001    0.1681250000E+001
 0.0505051    0.3137500000E+001    0.1812500000E+001
 0.0606061    0.3175000000E+001    0.1643750000E+001
 0.0707071    0.3331250000E+001    0.1925000000E+001
 0.0808081    0.3393750000E+001    0.1556250000E+001
 0.0909091    0.3387500000E+001    0.1681250000E+001
 0.1010101    0.3343750000E+001    0.1706250000E+001
 0.1111111    0.3400000000E+001    0.1637500000E+001
 0.1212121    0.3525000000E+001    0.1587500000E+001
 0.1313131    0.3625000000E+001    0.1668750000E+001
 0.1414141    0.3906250000E+001    0.1800000000E+001
 0.1515152    0.3718750000E+001    0.1675000000E+001
 0.1616162    0.3706250000E+001    0.1600000000E+001
 0.1717172    0.3643750000E+001    0.1443750000E+001
 0.1818182    0.3706250000E+001    0.1700000000E+001
 0.1919192    0.3606250000E+001    0.1637500000E+001
 0.2020202    0.3481250000E+001    0.1568750000E+001
 0.2121212    0.3731250000E+001    0.1593750000E+001
 0.2222222    0.3406250000E+001    0.1612500000E+001
 0.2323232    0.3431250000E+001    0.1618750000E+001
 0.2424242    0.3187500000E+001    0.1531250000E+001
 0.2525253    0.3218750000E+001    0.1650000000E+001
 0.2626263    0.3425000000E+001    0.1425000000E+001
 0.2727273    0.3362500000E+001    0.1400000000E+001
 0.2828283    0.3262500000E+001    0.1462500000E+001
 0.2929293    0.3281250000E+001    0.1493750000E+001
 0.3030303    0.3006250000E+001    0.1643750000E+001
 0.3131313    0.3331250000E+001    0.1406250000E+001
 0.3232323    0.3018750000E+001    0.1362500000E+001
 0.3333333    0.3062500000E+001    0.1431250000E+001
 0.3434343    0.2818750000E+001    0.1275000000E+001
 0.3535354    0.2881250000E+001    0.1356250000E+001
 0.3636364    0.2400000000E+001    0.1187500000E+001
 0.3737374    0.2525000000E+001    0.1375000000E+001
 0.3838384    0.2506250000E+001    0.1225000000E+001
 0.3939394    0.2156250000E+001    0.1250000000E+001
 0.4040404    0.2418750000E+001    0.1131250000E+001
 0.4141414    0.2487500000E+001    0.1287500000E+001
 0.4242424    0.2050000000E+001    0.1125000000E+001
 0.4343434    0.1768750000E+001    0.1243750000E+001
 0.4444444    0.1750000000E+001    0.1000000000E+001
 0.4545455    0.1643750000E+001    0.1281250000E+001
 0.4646465    0.1712500000E+001    0.1125000000E+001
 0.4747475    0.1275000000E+001    0.1100000000E+001
 0.4848485    0.1300000000E+001    0.1162500000E+001
 0.4949495    0.1381250000E+001    0.1025000000E+001
 0.5050505    0.1256250000E+001    0.1025000000E+001
 0.5151515    0.1356250000E+001    0.1187500000E+001
 0.5252525    0.1081250000E+001    0.1225000000E+001
 0.5353535    0.1243750000E+001    0.1062500000E+001
 0.5454545    0.1100000000E+001    0.1150000000E+001
 0.5555556    0.1218750000E+001    0.1193750000E+001
 0.5656566    0.1100000000E+001    0.1050000000E+001
 0.5757576    0.1156250000E+001    0.1018750000E+001
 0.5858586    0.1343750000E+001    0.1118750000E+001
 0.5959596    0.1075000000E+001    0.9750000000E+000
 0.6060606    0.9937500000E+000    0.1056250000E+001
 0.6161616    0.1300000000E+001    0.1012500000E+001
 0.6262626    0.1043750000E+001    0.1368750000E+001
 0.6363636    0.9875000000E+000    0.1068750000E+001
 0.6464646    0.1137500000E+001    0.1093750000E+001
 0.6565657    0.1231250000E+001    0.1050000000E+001
 0.6666667    0.1131250000E+001    0.1050000000E+001
 0.6767677    0.1225000000E+001    0.9500000000E+000
 0.6868687    0.1137500000E+001    0.9125000000E+000
 0.6969697    0.9937500000E+000    0.1225000000E+001
 0.7070707    0.8687500000E+000    0.9812500000E+000
 0.7171717    0.8250000000E+000    0.8625000000E+000
 0.7272727    0.1050000000E+001    0.1150000000E+001
 0.7373737    0.1031250000E+001    0.1043750000E+001
 0.7474747    0.9312500000E+000    0.1006250000E+001
 0.7575758    0.1087500000E+001    0.1062500000E+001
 0.7676768    0.7625000000E+000    0.9250000000E+000
 0.7777778    0.8687500000E+000    0.9875000000E+000
 0.7878788    0.7250000000E+000    0.8937500000E+000
 0.7979798    0.7625000000E+000    0.1031250000E+001
 0.8080808    0.8875000000E+000    0.1093750000E+001
 0.8181818    0.8312500000E+000    0.1087500000E+001
 0.8282828    0.6750000000E+000    0.9625000000E+000
 0.8383838    0.5687500000E+000    0.8812500000E+000
 0.8484848    0.6437500000E+000    0.1025000000E+001
 0.8585859    0.6000000000E+000    0.9437500000E+000
 0.8686869    0.5437500000E+000    0.9750000000E+000
 0.8787879    0.4312500000E+000    0.8812500000E+000
 0.8888889    0.2937500000E+000    0.6562500000E+000
 0.8989899    0.4937500000E+000    0.9937500000E+000
 0.9090909    0.3187500000E+000    0.9000000000E+000
 0.9191919    0.4437500000E+000    0.9312500000E+000
 0.9292929    0.2250000000E+000    0.9125000000E+000
 0.9393939    0.2000000000E+000    0.8250000000E+000
 0.9494949    0.1062500000E+000    0.7687500000E+000
 0.9595960    0.2000000000E+000    0.9625000000E+000
 0.9696970    0.6875000000E-001    0.9375000000E+000
 0.9797980    0.0000000000E+000    0.7500000000E+000
 0.9898990    0.1187500000E+000    0.8437500000E+000
 1.0000000    0.3750000000E-001    0.9687500000E+000


# Weightfunction after cycle       4613
 0.0000000    0.3203125000E+001    0.1807812500E+001
 0.0101010    0.3148437500E+001    0.1837500000E+001
 0.0202020    0.3178125000E+001    0.1806250000E+001
 0.0303030    0.3218750000E+001    0.1732812500E+001
 0.0404040    0.3351562500E+001    0.1882812500E+001
 0.0505051    0.3304687500E+001    0.1812500000E+001
 0.0606061    0.3468750000E+001    0.1856250000E+001
 0.0707071    0.3607812500E+001    0.2007812500E+001
 0.0808081    0.3614062500E+001    0.1870312500E+001
 0.0909091    0.3739062500E+001    0.1970312500E+001
 0.1010101    0.3735937500E+001    0.1978125000E+001
 0.1111111    0.3892187500E+001    0.1923437500E+001
 0.1212121    0.3853125000E+001    0.1878125000E+001
 0.1313131    0.4004687500E+001    0.1965625000E+001
 0.1414141    0.3910937500E+001    0.1828125000E+001
 0.1515152    0.4043750000E+001    0.1853125000E+001
 0.1616162    0.3843750000E+001    0.1779687500E+001
 0.1717172    0.4046875000E+001    0.1809375000E+001
 0.1818182    0.3937500000E+001    0.1770312500E+001
 0.1919192    0.3979687500E+001    0.1839062500E+001
 0.2020202    0.3856250000E+001    0.1681250000E+001
 0.2121212    0.3870312500E+001    0.1776562500E+001
 0.2222222    0.3798437500E+001    0.1725000000E+001
 0.2323232    0.3875000000E+001    0.1681250000E+001
 0.2424242    0.3623437500E+001    0.1603125000E+001
 0.2525253    0.3590625000E+001    0.1653125000E+001
 0.2626263    0.3576562500E+001    0.1623437500E+001
 0.2727273    0.3468750000E+001    0.1598437500E+001
 0.2828283    0.3429687500E+001    0.1534375000E+001
 0.2929293    0.3495312500E+001    0.1493750000E+001
 0.3030303    0.3228125000E+001    0.1485937500E+001
 0.3131313    0.3162500000E+001    0.1546875000E+001
 0.3232323    0.3112500000E+001    0.1470312500E+001
 0.3333333    0.2995312500E+001    0.1526562500E+001
 0.3434343    0.2904687500E+001    0.1515625000E+001
 0.3535354    0.2834375000E+001    0.1412500000E+001
 0.3636364    0.2740625000E+001    0.1307812500E+001
 0.3737374    0.2567187500E+001    0.1407812500E+001
 0.3838384    0.2623437500E+001    0.1317187500E+001
 0.3939394    0.2540625000E+001    0.1345312500E+001
 0.4040404    0.2326562500E+001    0.1268750000E+001
 0.4141414    0.2317187500E+001    0.1243750000E+001
 0.4242424    0.2276562500E+001    0.1243750000E+001
 0.4343434    0.1979687500E+001    0.1187500000E+001
 0.4444444    0.1879687500E+001    0.1271875000E+001
 0.4545455    0.1803125000E+001    0.1184375000E+001
 0.4646465    0.1756250000E+001    0.1092187500E+001
 0.4747475    0.1623437500E+001    0.1073437500E+001
 0.4848485    0.1500000000E+001    0.9828125000E+000
 0.4949495    0.1282812500E+001    0.1025000000E+001
 0.5050505    0.1275000000E+001    0.9375000000E+000
 0.5151515    0.1301562500E+001    0.9656250000E+000
 0.5252525    0.1356250000E+001    0.9406250000E+000
 0.5353535    0.1287500000E+001    0.1106250000E+001
 0.5454545    0.1239062500E+001    0.1085937500E+001
 0.5555556    0.1281250000E+001    0.1098437500E+001
 0.5656566    0.1278125000E+001    0.1059375000E+001
 0.5757576    0.1254687500E+001    0.1045312500E+001
 0.5858586    0.1292187500E+001    0.1015625000E+001
 0.5959596    0.1262500000E+001    0.1006250000E+001
 0.6060606    0.1239062500E+001    0.9250000000E+000
 0.6161616    0.1323437500E+001    0.1014062500E+001
 0.6262626    0.1215625000E+001    0.1076562500E+001
 0.6363636    0.1232812500E+001    0.1100000000E+001
 0.6464646    0.1104687500E+001    0.9203125000E+000
 0.6565657    0.1146875000E+001    0.9609375000E+000
 0.6666667    0.1010937500E+001    0.9718750000E+000
 0.6767677    0.1115625000E+001    0.1034375000E+001
 0.6868687    0.1128125000E+001    0.9671875000E+000
 0.6969697    0.1056250000E+001    0.1089062500E+001
 0.7070707    0.1106250000E+001    0.1010937500E+001
 0.7171717    0.1037500000E+001    0.9500000000E+000
 0.7272727    0.1023437500E+001    0.1039062500E+001
 0.7373737    0.1004687500E+001    0.9250000000E+000
 0.7474747    0.9562500000E+000    0.9921875000E+000
 0.7575758    0.1003125000E+001    0.1028125000E+001
 0.7676768    0.9203125000E+000    0.8921875000E+000
 0.7777778    0.9328125000E+000    0.1018750000E+001
 0.7878788    0.8781250000E+000    0.1020312500E+001
 0.7979798    0.8859375000E+000    0.1031250000E+001
 0.8080808    0.8328125000E+000    0.9546875000E+000
 0.8181818    0.8078125000E+000    0.1025000000E+001
 0.8282828    0.7140625000E+000    0.9296875000E+000
 0.8383838    0.7546875000E+000    0.9390625000E+000
 0.8484848    0.6218750000E+000    0.8812500000E+000
 0.8585859    0.5500000000E+000    0.8484375000E+000
 0.8686869    0.5625000000E+000    0.8578125000E+000
 0.8787879    0.4765625000E+000    0.8703125000E+000
 0.8888889    0.4781250000E+000    0.8562500000E+000
 0.8989899    0.4375000000E+000    0.8750000000E+000
 0.9090909    0.4281250000E+000    0.8453125000E+000
 0.9191919    0.3609375000E+000    0.8046875000E+000
 0.9292929    0.4093750000E+000    0.9218750000E+000
 0.9393939    0.3328125000E+000    0.9062500000E+000
 0.9494949    0.3125000000E+000    0.8750000000E+000
 0.9595960    0.2625000000E+000    0.9015625000E+000
 0.9696970    0.2906250000E+000    0.9562500000E+000
 0.9797980    0.1359375000E+000    0.8765625000E+000
 0.9898990    0.1406250000E+000    0.8281250000E+000
 1.0000000    0.0000000000E+000    0.8093750000E+000


# Weightfunction after cycle       9305
 0.0000000    0.3179687500E+001    0.1812500000E+001
 0.0101010    0.3114062500E+001    0.1781640625E+001
 0.0202020    0.3112890625E+001    0.1739062500E+001
 0.0303030    0.3205078125E+001    0.1778125000E+001
 0.0404040    0.3215234375E+001    0.1736718750E+001
 0.0505051    0.3328906250E+001    0.1818359375E+001
 0.0606061    0.3337500000E+001    0.1797656250E+001
 0.0707071    0.3426171875E+001    0.1801953125E+001
 0.0808081    0.3522265625E+001    0.1786328125E+001
 0.0909091    0.3589062500E+001    0.1813281250E+001
 0.1010101    0.3676562500E+001    0.1836718750E+001
 0.1111111    0.3785937500E+001    0.1802343750E+001
 0.1212121    0.3777343750E+001    0.1818750000E+001
 0.1313131    0.3832031250E+001    0.1844531250E+001
 0.1414141    0.3813281250E+001    0.1777734375E+001
 0.1515152    0.3882812500E+001    0.1791406250E+001
 0.1616162    0.3857031250E+001    0.1778906250E+001
 0.1717172    0.3827343750E+001    0.1700390625E+001
 0.1818182    0.3875000000E+001    0.1722265625E+001
 0.1919192    0.3809375000E+001    0.1781640625E+001
 0.2020202    0.3819921875E+001    0.1742187500E+001
 0.2121212    0.3806640625E+001    0.1666015625E+001
 0.2222222    0.3660937500E+001    0.1649609375E+001
 0.2323232    0.3642187500E+001    0.1653906250E+001
 0.2424242    0.3547265625E+001    0.1578906250E+001
 0.2525253    0.3510156250E+001    0.1640234375E+001
 0.2626263    0.3463671875E+001    0.1594140625E+001
 0.2727273    0.3323046875E+001    0.1548046875E+001
 0.2828283    0.3283203125E+001    0.1501953125E+001
 0.2929293    0.3182031250E+001    0.1517578125E+001
 0.3030303    0.3085156250E+001    0.1434375000E+001
 0.3131313    0.3035937500E+001    0.1497656250E+001
 0.3232323    0.2917187500E+001    0.1401953125E+001
 0.3333333    0.2789453125E+001    0.1378906250E+001
 0.3434343    0.2742187500E+001    0.1384375000E+001
 0.3535354    0.2592578125E+001    0.1359765625E+001
 0.3636364    0.2599218750E+001    0.1264843750E+001
 0.3737374    0.2452343750E+001    0.1276953125E+001
 0.3838384    0.2376171875E+001    0.1264453125E+001
 0.3939394    0.2331250000E+001    0.1188671875E+001
 0.4040404    0.2146484375E+001    0.1100781250E+001
 0.4141414    0.2055468750E+001    0.1144921875E+001
 0.4242424    0.1944531250E+001    0.1121093750E+001
 0.4343434    0.1830078125E+001    0.1039843750E+001
 0.4444444    0.1791406250E+001    0.1038671875E+001
 0.4545455    0.1630859375E+001    0.1004687500E+001
 0.4646465    0.1548437500E+001    0.9703125000E+000
 0.4747475    0.1419531250E+001    0.9132812500E+000
 0.4848485    0.1301562500E+001    0.8796875000E+000
 0.4949495    0.1246484375E+001    0.8910156250E+000
 0.5050505    0.1154296875E+001    0.8617187500E+000
 0.5151515    0.1171093750E+001    0.8070312500E+000
 0.5252525    0.1152343750E+001    0.7808593750E+000
 0.5353535    0.1155859375E+001    0.8132812500E+000
 0.5454545    0.1141796875E+001    0.8433593750E+000
 0.5555556    0.1151953125E+001    0.8371093750E+000
 0.5656566    0.1164843750E+001    0.8585937500E+000
 0.5757576    0.1110156250E+001    0.8621093750E+000
 0.5858586    0.1141015625E+001    0.7906250000E+000
 0.5959596    0.1098437500E+001    0.8101562500E+000
 0.6060606    0.1103906250E+001    0.7785156250E+000
 0.6161616    0.1104687500E+001    0.8460937500E+000
 0.6262626    0.1086718750E+001    0.8472656250E+000
 0.6363636    0.1082421875E+001    0.7851562500E+000
 0.6464646    0.1022656250E+001    0.8089843750E+000
 0.6565657    0.1029687500E+001    0.8613281250E+000
 0.6666667    0.1020312500E+001    0.8039062500E+000
 0.6767677    0.1057421875E+001    0.7765625000E+000
 0.6868687    0.9949218750E+000    0.7691406250E+000
 0.6969697    0.9855468750E+000    0.7800781250E+000
 0.7070707    0.9292968750E+000    0.7371093750E+000
 0.7171717    0.9187500000E+000    0.7695312500E+000
 0.7272727    0.9132812500E+000    0.8027343750E+000
 0.7373737    0.9148437500E+000    0.7789062500E+000
 0.7474747    0.8546875000E+000    0.7957031250E+000
 0.7575758    0.8082031250E+000    0.7382812500E+000
 0.7676768    0.8160156250E+000    0.7511718750E+000
 0.7777778    0.7843750000E+000    0.7378906250E+000
 0.7878788    0.7640625000E+000    0.7535156250E+000
 0.7979798    0.7257812500E+000    0.7511718750E+000
 0.8080808    0.7097656250E+000    0.7488281250E+000
 0.8181818    0.6402343750E+000    0.7277343750E+000
 0.8282828    0.6132812500E+000    0.6996093750E+000
 0.8383838    0.5902343750E+000    0.7070312500E+000
 0.8484848    0.5640625000E+000    0.6972656250E+000
 0.8585859    0.5277343750E+000    0.7250000000E+000
 0.8686869    0.4894531250E+000    0.7183593750E+000
 0.8787879    0.4472656250E+000    0.7019531250E+000
 0.8888889    0.4074218750E+000    0.6753906250E+000
 0.8989899    0.3933593750E+000    0.6855468750E+000
 0.9090909    0.3652343750E+000    0.6671875000E+000
 0.9191919    0.3019531250E+000    0.6527343750E+000
 0.9292929    0.2542968750E+000    0.6699218750E+000
 0.9393939    0.2589843750E+000    0.6800781250E+000
 0.9494949    0.1941406250E+000    0.6683593750E+000
 0.9595960    0.1531250000E+000    0.6421875000E+000
 0.9696970    0.1843750000E+000    0.7062500000E+000
 0.9797980    0.9335937500E-001    0.6593750000E+000
 0.9898990    0.1445312500E-001    0.6191406250E+000
 1.0000000    0.0000000000E+000    0.6378906250E+000


# Weightfunction after cycle      17704
 0.0000000    0.3174902344E+001    0.1746289063E+001
 0.0101010    0.3150781250E+001    0.1760253906E+001
 0.0202020    0.3186816406E+001    0.1764257813E+001
 0.0303030    0.3264160156E+001    0.1798730469E+001
 0.0404040    0.3302050781E+001    0.1771386719E+001
 0.0505051    0.3356054688E+001    0.1793457031E+001
 0.0606061    0.3401464844E+001    0.1818945313E+001
 0.0707071    0.3474902344E+001    0.1783105469E+001
 0.0808081    0.3564648438E+001    0.1800878906E+001
 0.0909091    0.3641796875E+001    0.1817187500E+001
 0.1010101    0.3715429688E+001    0.1812695313E+001
 0.1111111    0.3806054688E+001    0.1818945313E+001
 0.1212121    0.3838671875E+001    0.1803613281E+001
 0.1313131    0.3876464844E+001    0.1824902344E+001
 0.1414141    0.3912988281E+001    0.1800488281E+001
 0.1515152    0.3937597656E+001    0.1775585938E+001
 0.1616162    0.3937207031E+001    0.1766699219E+001
 0.1717172    0.3923632813E+001    0.1744531250E+001
 0.1818182    0.3917871094E+001    0.1742382813E+001
 0.1919192    0.3869140625E+001    0.1725292969E+001
 0.2020202    0.3884179688E+001    0.1715917969E+001
 0.2121212    0.3797753906E+001    0.1644531250E+001
 0.2222222    0.3738281250E+001    0.1643945313E+001
 0.2323232    0.3687597656E+001    0.1645019531E+001
 0.2424242    0.3637597656E+001    0.1595898438E+001
 0.2525253    0.3565917969E+001    0.1633300781E+001
 0.2626263    0.3495800781E+001    0.1587207031E+001
 0.2727273    0.3400781250E+001    0.1542675781E+001
 0.2828283    0.3323828125E+001    0.1521093750E+001
 0.2929293    0.3242285156E+001    0.1537207031E+001
 0.3030303    0.3159472656E+001    0.1482031250E+001
 0.3131313    0.3064355469E+001    0.1440429688E+001
 0.3232323    0.2990625000E+001    0.1404980469E+001
 0.3333333    0.2896679688E+001    0.1391406250E+001
 0.3434343    0.2841015625E+001    0.1369433594E+001
 0.3535354    0.2701757813E+001    0.1342773438E+001
 0.3636364    0.2661816406E+001    0.1320605469E+001
 0.3737374    0.2530273438E+001    0.1293164063E+001
 0.3838384    0.2459863281E+001    0.1282910156E+001
 0.3939394    0.2360644531E+001    0.1230078125E+001
 0.4040404    0.2228320313E+001    0.1176269531E+001
 0.4141414    0.2139062500E+001    0.1185449219E+001
 0.4242424    0.2038574219E+001    0.1152148438E+001
 0.4343434    0.1882519531E+001    0.1110253906E+001
 0.4444444    0.1835937500E+001    0.1079687500E+001
 0.4545455    0.1722363281E+001    0.1032031250E+001
 0.4646465    0.1616503906E+001    0.1015429688E+001
 0.4747475    0.1484863281E+001    0.9744140625E+000
 0.4848485    0.1398828125E+001    0.9395507813E+000
 0.4949495    0.1289062500E+001    0.9071289063E+000
 0.5050505    0.1221875000E+001    0.8847656250E+000
 0.5151515    0.1214062500E+001    0.8738281250E+000
 0.5252525    0.1223730469E+001    0.8747070313E+000
 0.5353535    0.1239550781E+001    0.8910156250E+000
 0.5454545    0.1201562500E+001    0.9035156250E+000
 0.5555556    0.1205566406E+001    0.8930664063E+000
 0.5656566    0.1206347656E+001    0.9023437500E+000
 0.5757576    0.1180957031E+001    0.9043945313E+000
 0.5858586    0.1199707031E+001    0.8738281250E+000
 0.5959596    0.1164550781E+001    0.8779296875E+000
 0.6060606    0.1164355469E+001    0.8642578125E+000
 0.6161616    0.1136621094E+001    0.8807617188E+000
 0.6262626    0.1129199219E+001    0.8840820313E+000
 0.6363636    0.1137597656E+001    0.8516601563E+000
 0.6464646    0.1096972656E+001    0.8904296875E+000
 0.6565657    0.1070800781E+001    0.8717773438E+000
 0.6666667    0.1098437500E+001    0.8562500000E+000
 0.6767677    0.1075097656E+001    0.8410156250E+000
 0.6868687    0.1026171875E+001    0.8323242188E+000
 0.6969697    0.1031250000E+001    0.8437500000E+000
 0.7070707    0.9955078125E+000    0.8257812500E+000
 0.7171717    0.9855468750E+000    0.8372070313E+000
 0.7272727    0.9700195313E+000    0.8629882813E+000
 0.7373737    0.9522460938E+000    0.8505859375E+000
 0.7474747    0.9175781250E+000    0.8531250000E+000
 0.7575758    0.8636718750E+000    0.8135742188E+000
 0.7676768    0.8683593750E+000    0.8165039063E+000
 0.7777778    0.8327148438E+000    0.8044921875E+000
 0.7878788    0.8143554688E+000    0.8086914063E+000
 0.7979798    0.7661132813E+000    0.8115234375E+000
 0.8080808    0.7470703125E+000    0.8033203125E+000
 0.8181818    0.7007812500E+000    0.7833007813E+000
 0.8282828    0.6698242188E+000    0.7727539063E+000
 0.8383838    0.6605468750E+000    0.8024414063E+000
 0.8484848    0.6123046875E+000    0.7710937500E+000
 0.8585859    0.5876953125E+000    0.7800781250E+000
 0.8686869    0.5372070313E+000    0.7784179688E+000
 0.8787879    0.5093750000E+000    0.7750000000E+000
 0.8888889    0.4571289063E+000    0.7490234375E+000
 0.8989899    0.4272460938E+000    0.7394531250E+000
 0.9090909    0.4072265625E+000    0.7529296875E+000
 0.9191919    0.3565429688E+000    0.7391601563E+000
 0.9292929    0.2858398438E+000    0.7195312500E+000
 0.9393939    0.2989257813E+000    0.7596679688E+000
 0.9494949    0.2233398438E+000    0.7254882813E+000
 0.9595960    0.1916992188E+000    0.7176757813E+000
 0.9696970    0.1746093750E+000    0.7407226563E+000
 0.9797980    0.1120117188E+000    0.7041015625E+000
 0.9898990    0.3867187500E-001    0.6819335938E+000
 1.0000000    0.0000000000E+000    0.6629882813E+000


# Weightfunction after cycle      52802
 0.0000000    0.3183593750E+001    0.1830102539E+001
 0.0101010    0.3180883789E+001    0.1843652344E+001
 0.0202020    0.3197973633E+001    0.1851635742E+001
 0.0303030    0.3234497070E+001    0.1851757812E+001
 0.0404040    0.3267041016E+001    0.1841528320E+001
 0.0505051    0.3329052734E+001    0.1855957031E+001
 0.0606061    0.3382470703E+001    0.1868554687E+001
 0.0707071    0.3450634766E+001    0.1855151367E+001
 0.0808081    0.3538183594E+001    0.1866137695E+001
 0.0909091    0.3616650391E+001    0.1877465820E+001
 0.1010101    0.3668286133E+001    0.1859399414E+001
 0.1111111    0.3736694336E+001    0.1871850586E+001
 0.1212121    0.3786889648E+001    0.1870068359E+001
 0.1313131    0.3820507812E+001    0.1865942383E+001
 0.1414141    0.3867749023E+001    0.1840380859E+001
 0.1515152    0.3885278320E+001    0.1833959961E+001
 0.1616162    0.3882202148E+001    0.1816406250E+001
 0.1717172    0.3875170898E+001    0.1807910156E+001
 0.1818182    0.3866967773E+001    0.1798046875E+001
 0.1919192    0.3828149414E+001    0.1775805664E+001
 0.2020202    0.3819506836E+001    0.1765869141E+001
 0.2121212    0.3732934570E+001    0.1737841797E+001
 0.2222222    0.3704345703E+001    0.1719677734E+001
 0.2323232    0.3656494141E+001    0.1708276367E+001
 0.2424242    0.3584985352E+001    0.1668139648E+001
 0.2525253    0.3524804687E+001    0.1688183594E+001
 0.2626263    0.3441479492E+001    0.1643774414E+001
 0.2727273    0.3363671875E+001    0.1616235352E+001
 0.2828283    0.3301196289E+001    0.1598852539E+001
 0.2929293    0.3220458984E+001    0.1581787109E+001
 0.3030303    0.3135937500E+001    0.1545678711E+001
 0.3131313    0.3036718750E+001    0.1508496094E+001
 0.3232323    0.2974731445E+001    0.1486938477E+001
 0.3333333    0.2888964844E+001    0.1457153320E+001
 0.3434343    0.2809423828E+001    0.1442651367E+001
 0.3535354    0.2693798828E+001    0.1407934570E+001
 0.3636364    0.2616943359E+001    0.1376928711E+001
 0.3737374    0.2511987305E+001    0.1359008789E+001
 0.3838384    0.2412133789E+001    0.1349340820E+001
 0.3939394    0.2323583984E+001    0.1299951172E+001
 0.4040404    0.2209008789E+001    0.1258520508E+001
 0.4141414    0.2119848633E+001    0.1260083008E+001
 0.4242424    0.2015429687E+001    0.1210058594E+001
 0.4343434    0.1897998047E+001    0.1177026367E+001
 0.4444444    0.1815917969E+001    0.1159448242E+001
 0.4545455    0.1695068359E+001    0.1127026367E+001
 0.4646465    0.1589990234E+001    0.1096240234E+001
 0.4747475    0.1478881836E+001    0.1050146484E+001
 0.4848485    0.1383007812E+001    0.1016870117E+001
 0.4949495    0.1273071289E+001    0.9840576172E+000
 0.5050505    0.1204101562E+001    0.9754394531E+000
 0.5151515    0.1204760742E+001    0.9590576172E+000
 0.5252525    0.1216088867E+001    0.9620117188E+000
 0.5353535    0.1227026367E+001    0.9729980469E+000
 0.5454545    0.1190893555E+001    0.9777099609E+000
 0.5555556    0.1182788086E+001    0.9833496094E+000
 0.5656566    0.1187353516E+001    0.9802490234E+000
 0.5757576    0.1181298828E+001    0.9742675781E+000
 0.5858586    0.1183422852E+001    0.9661865234E+000
 0.5959596    0.1149926758E+001    0.9603271484E+000
 0.6060606    0.1151489258E+001    0.9638183594E+000
 0.6161616    0.1124707031E+001    0.9766601563E+000
 0.6262626    0.1116967773E+001    0.9736816406E+000
 0.6363636    0.1116186523E+001    0.9657714844E+000
 0.6464646    0.1103564453E+001    0.9753173828E+000
 0.6565657    0.1070410156E+001    0.9546386719E+000
 0.6666667    0.1079370117E+001    0.9452880859E+000
 0.6767677    0.1046264648E+001    0.9409912109E+000
 0.6868687    0.1029638672E+001    0.9321289063E+000
 0.6969697    0.1021386719E+001    0.9437255859E+000
 0.7070707    0.9881835938E+000    0.9339843750E+000
 0.7171717    0.9751953125E+000    0.9360351563E+000
 0.7272727    0.9558837891E+000    0.9502441406E+000
 0.7373737    0.9278808594E+000    0.9340332031E+000
 0.7474747    0.9021484375E+000    0.9284179688E+000
 0.7575758    0.8616455078E+000    0.9113525391E+000
 0.7676768    0.8497070313E+000    0.9126464844E+000
 0.7777778    0.8261230469E+000    0.9055419922E+000
 0.7878788    0.8004638672E+000    0.9078857422E+000
 0.7979798    0.7636230469E+000    0.9094238281E+000
 0.8080808    0.7507812500E+000    0.9113525391E+000
 0.8181818    0.6986083984E+000    0.8850097656E+000
 0.8282828    0.6656250000E+000    0.8792968750E+000
 0.8383838    0.6486572266E+000    0.8929199219E+000
 0.8484848    0.6073486328E+000    0.8793945312E+000
 0.8585859    0.5804687500E+000    0.8769042969E+000
 0.8686869    0.5287597656E+000    0.8654296875E+000
 0.8787879    0.5071533203E+000    0.8722900391E+000
 0.8888889    0.4574462891E+000    0.8456298828E+000
 0.8989899    0.4223388672E+000    0.8419433594E+000
 0.9090909    0.3904296875E+000    0.8413574219E+000
 0.9191919    0.3547363281E+000    0.8381835937E+000
 0.9292929    0.2875244141E+000    0.8177978516E+000
 0.9393939    0.2734375000E+000    0.8352539062E+000
 0.9494949    0.2284179687E+000    0.8236572266E+000
 0.9595960    0.1717041016E+000    0.8012451172E+000
 0.9696970    0.1505126953E+000    0.8187500000E+000
 0.9797980    0.1044189453E+000    0.8009765625E+000
 0.9898990    0.4589843750E-001    0.7882080078E+000
 1.0000000    0.0000000000E+000    0.7603271484E+000


# Weightfunction after cycle      65376
 0.0000000    0.3180651855E+001    0.1826483154E+001
 0.0101010    0.3176708984E+001    0.1838189697E+001
 0.0202020    0.3193688965E+001    0.1845953369E+001
 0.0303030    0.3230340576E+001    0.1847460937E+001
 0.0404040    0.3264312744E+001    0.1838354492E+001
 0.0505051    0.3324957275E+001    0.1851727295E+001
 0.0606061    0.3377655029E+001    0.1862585449E+001
 0.0707071    0.3447296143E+001    0.1852185059E+001
 0.0808081    0.3535314941E+001    0.1862316895E+001
 0.0909091    0.3610382080E+001    0.1872540283E+001
 0.1010101    0.3663043213E+001    0.1854632568E+001
 0.1111111    0.3731707764E+001    0.1866802979E+001
 0.1212121    0.3779510498E+001    0.1862561035E+001
 0.1313131    0.3816149902E+001    0.1858190918E+001
 0.1414141    0.3860083008E+001    0.1831512451E+001
 0.1515152    0.3877978516E+001    0.1825067139E+001
 0.1616162    0.3876647949E+001    0.1809942627E+001
 0.1717172    0.3871710205E+001    0.1803289795E+001
 0.1818182    0.3861633301E+001    0.1791815186E+001
 0.1919192    0.3824426270E+001    0.1770727539E+001
 0.2020202    0.3810961914E+001    0.1757806396E+001
 0.2121212    0.3730676270E+001    0.1730889893E+001
 0.2222222    0.3697546387E+001    0.1714123535E+001
 0.2323232    0.3651580811E+001    0.1700268555E+001
 0.2424242    0.3579815674E+001    0.1663330078E+001
 0.2525253    0.3519445801E+001    0.1680682373E+001
 0.2626263    0.3437426758E+001    0.1637658691E+001
 0.2727273    0.3356738281E+001    0.1606018066E+001
 0.2828283    0.3297467041E+001    0.1593463135E+001
 0.2929293    0.3215911865E+001    0.1570874023E+001
 0.3030303    0.3131494141E+001    0.1538604736E+001
 0.3131313    0.3032977295E+001    0.1500042725E+001
 0.3232323    0.2971105957E+001    0.1480334473E+001
 0.3333333    0.2885754395E+001    0.1450701904E+001
 0.3434343    0.2804223633E+001    0.1431811523E+001
 0.3535354    0.2689105225E+001    0.1400946045E+001
 0.3636364    0.2612622070E+001    0.1368658447E+001
 0.3737374    0.2506823730E+001    0.1351446533E+001
 0.3838384    0.2410833740E+001    0.1336431885E+001
 0.3939394    0.2319927979E+001    0.1291644287E+001
 0.4040404    0.2205181885E+001    0.1249139404E+001
 0.4141414    0.2117010498E+001    0.1247155762E+001
 0.4242424    0.2012890625E+001    0.1199993896E+001
 0.4343434    0.1896459961E+001    0.1168786621E+001
 0.4444444    0.1814379883E+001    0.1148345947E+001
 0.4545455    0.1692352295E+001    0.1113629150E+001
 0.4646465    0.1587060547E+001    0.1085321045E+001
 0.4747475    0.1477471924E+001    0.1041784668E+001
 0.4848485    0.1381378174E+001    0.1008288574E+001
 0.4949495    0.1271966553E+001    0.9739013672E+000
 0.5050505    0.1204833984E+001    0.9670471191E+000
 0.5151515    0.1204431152E+001    0.9495117187E+000
 0.5252525    0.1213616943E+001    0.9531677246E+000
 0.5353535    0.1222668457E+001    0.9622680664E+000
 0.5454545    0.1190936279E+001    0.9677246094E+000
 0.5555556    0.1180914307E+001    0.9715759277E+000
 0.5656566    0.1182952881E+001    0.9699035645E+000
 0.5757576    0.1181341553E+001    0.9653015137E+000
 0.5858586    0.1180145264E+001    0.9569946289E+000
 0.5959596    0.1150775146E+001    0.9499816895E+000
 0.6060606    0.1151867676E+001    0.9545471191E+000
 0.6161616    0.1125677490E+001    0.9648864746E+000
 0.6262626    0.1117126465E+001    0.9624206543E+000
 0.6363636    0.1115081787E+001    0.9568542480E+000
 0.6464646    0.1102209473E+001    0.9659729004E+000
 0.6565657    0.1068841553E+001    0.9428527832E+000
 0.6666667    0.1074932861E+001    0.9361572266E+000
 0.6767677    0.1045001221E+001    0.9308288574E+000
 0.6868687    0.1029571533E+001    0.9231262207E+000
 0.6969697    0.1021844482E+001    0.9318603516E+000
 0.7070707    0.9881835937E+000    0.9257873535E+000
 0.7171717    0.9741821289E+000    0.9247863770E+000
 0.7272727    0.9541992187E+000    0.9389648437E+000
 0.7373737    0.9274536133E+000    0.9232543945E+000
 0.7474747    0.9030151367E+000    0.9192443848E+000
 0.7575758    0.8626770020E+000    0.9041625977E+000
 0.7676768    0.8492980957E+000    0.9026000977E+000
 0.7777778    0.8259765625E+000    0.8964233398E+000
 0.7878788    0.7994628906E+000    0.8986145020E+000
 0.7979798    0.7636108398E+000    0.9001464844E+000
 0.8080808    0.7490661621E+000    0.9005249023E+000
 0.8181818    0.6990844727E+000    0.8752868652E+000
 0.8282828    0.6653808594E+000    0.8693054199E+000
 0.8383838    0.6483886719E+000    0.8826843262E+000
 0.8484848    0.6071350098E+000    0.8699279785E+000
 0.8585859    0.5791198730E+000    0.8673950195E+000
 0.8686869    0.5291503906E+000    0.8550598145E+000
 0.8787879    0.5087585449E+000    0.8629333496E+000
 0.8888889    0.4576477051E+000    0.8364868164E+000
 0.8989899    0.4237304687E+000    0.8340637207E+000
 0.9090909    0.3916259766E+000    0.8330383301E+000
 0.9191919    0.3544677734E+000    0.8281005859E+000
 0.9292929    0.2900634766E+000    0.8109680176E+000
 0.9393939    0.2736938477E+000    0.8249816895E+000
 0.9494949    0.2290832520E+000    0.8133972168E+000
 0.9595960    0.1747375488E+000    0.7916748047E+000
 0.9696970    0.1500122070E+000    0.8057006836E+000
 0.9797980    0.1029357910E+000    0.7885009766E+000
 0.9898990    0.4592285156E-001    0.7782165527E+000
 1.0000000    0.0000000000E+000    0.7504394531E+000


# Weightfunction after cycle      74023
 0.0000000    0.3180401611E+001    0.1826864624E+001
 0.0101010    0.3177482605E+001    0.1839372253E+001
 0.0202020    0.3194459534E+001    0.1846578979E+001
 0.0303030    0.3230548096E+001    0.1848077393E+001
 0.0404040    0.3264642334E+001    0.1839263916E+001
 0.0505051    0.3325382996E+001    0.1852719116E+001
 0.0606061    0.3378030396E+001    0.1862741089E+001
 0.0707071    0.3447483826E+001    0.1852752686E+001
 0.0808081    0.3535758972E+001    0.1863101196E+001
 0.0909091    0.3611195374E+001    0.1873222351E+001
 0.1010101    0.3662974548E+001    0.1855172729E+001
 0.1111111    0.3731819153E+001    0.1867393494E+001
 0.1212121    0.3779930115E+001    0.1863171387E+001
 0.1313131    0.3816845703E+001    0.1858872986E+001
 0.1414141    0.3859751892E+001    0.1832695007E+001
 0.1515152    0.3878031921E+001    0.1825758362E+001
 0.1616162    0.3876600647E+001    0.1810768127E+001
 0.1717172    0.3872482300E+001    0.1803851318E+001
 0.1818182    0.3861720276E+001    0.1792807007E+001
 0.1919192    0.3824914551E+001    0.1771279907E+001
 0.2020202    0.3810462952E+001    0.1758796692E+001
 0.2121212    0.3731477356E+001    0.1731874084E+001
 0.2222222    0.3697761536E+001    0.1714762878E+001
 0.2323232    0.3651672363E+001    0.1701255798E+001
 0.2424242    0.3579762268E+001    0.1664663696E+001
 0.2525253    0.3519589233E+001    0.1680416870E+001
 0.2626263    0.3437384033E+001    0.1638279724E+001
 0.2727273    0.3357476807E+001    0.1607099915E+001
 0.2828283    0.3297570801E+001    0.1594097900E+001
 0.2929293    0.3216392517E+001    0.1571440125E+001
 0.3030303    0.3131414795E+001    0.1539149475E+001
 0.3131313    0.3032943726E+001    0.1501277161E+001
 0.3232323    0.2971116638E+001    0.1481526184E+001
 0.3333333    0.2886402893E+001    0.1452203369E+001
 0.3434343    0.2803640747E+001    0.1433012390E+001
 0.3535354    0.2689253235E+001    0.1402322388E+001
 0.3636364    0.2612463379E+001    0.1369740295E+001
 0.3737374    0.2507723999E+001    0.1352812195E+001
 0.3838384    0.2410844421E+001    0.1337596130E+001
 0.3939394    0.2319886780E+001    0.1293342590E+001
 0.4040404    0.2205601501E+001    0.1250126648E+001
 0.4141414    0.2116757202E+001    0.1248280334E+001
 0.4242424    0.2012687683E+001    0.1200755310E+001
 0.4343434    0.1897286987E+001    0.1169953918E+001
 0.4444444    0.1814926147E+001    0.1149519348E+001
 0.4545455    0.1692579651E+001    0.1114350891E+001
 0.4646465    0.1587109375E+001    0.1085845947E+001
 0.4747475    0.1477651978E+001    0.1043212891E+001
 0.4848485    0.1381509399E+001    0.1009416199E+001
 0.4949495    0.1272015381E+001    0.9755752563E+000
 0.5050505    0.1205259705E+001    0.9686645508E+000
 0.5151515    0.1204873657E+001    0.9510955811E+000
 0.5252525    0.1213716125E+001    0.9545318604E+000
 0.5353535    0.1222796631E+001    0.9637832642E+000
 0.5454545    0.1191371155E+001    0.9691589355E+000
 0.5555556    0.1181915283E+001    0.9728317261E+000
 0.5656566    0.1183393860E+001    0.9712158203E+000
 0.5757576    0.1181338501E+001    0.9667388916E+000
 0.5858586    0.1180210876E+001    0.9582473755E+000
 0.5959596    0.1151078796E+001    0.9516738892E+000
 0.6060606    0.1152001953E+001    0.9557861328E+000
 0.6161616    0.1126524353E+001    0.9661193848E+000
 0.6262626    0.1117979431E+001    0.9637329102E+000
 0.6363636    0.1114826965E+001    0.9578262329E+000
 0.6464646    0.1102107239E+001    0.9676345825E+000
 0.6565657    0.1069499207E+001    0.9443832397E+000
 0.6666667    0.1075161743E+001    0.9374450684E+000
 0.6767677    0.1045094299E+001    0.9314208984E+000
 0.6868687    0.1029475403E+001    0.9245544434E+000
 0.6969697    0.1022145081E+001    0.9328582764E+000
 0.7070707    0.9882537842E+000    0.9267974854E+000
 0.7171717    0.9740600586E+000    0.9259231567E+000
 0.7272727    0.9540435791E+000    0.9400024414E+000
 0.7373737    0.9272384644E+000    0.9242462158E+000
 0.7474747    0.9029724121E+000    0.9203353882E+000
 0.7575758    0.8628128052E+000    0.9058135986E+000
 0.7676768    0.8494552612E+000    0.9039184570E+000
 0.7777778    0.8258407593E+000    0.8979324341E+000
 0.7878788    0.7988510132E+000    0.8993942261E+000
 0.7979798    0.7636016846E+000    0.9014312744E+000
 0.8080808    0.7488372803E+000    0.9018417358E+000
 0.8181818    0.6990692139E+000    0.8766510010E+000
 0.8282828    0.6655975342E+000    0.8706848145E+000
 0.8383838    0.6482757568E+000    0.8837783813E+000
 0.8484848    0.6069351196E+000    0.8709838867E+000
 0.8585859    0.5793655396E+000    0.8687576294E+000
 0.8686869    0.5292739868E+000    0.8562957764E+000
 0.8787879    0.5085159302E+000    0.8638214111E+000
 0.8888889    0.4574890137E+000    0.8377929687E+000
 0.8989899    0.4241683960E+000    0.8358963013E+000
 0.9090909    0.3912231445E+000    0.8342849731E+000
 0.9191919    0.3543884277E+000    0.8295700073E+000
 0.9292929    0.2902450562E+000    0.8124099731E+000
 0.9393939    0.2734634399E+000    0.8261489868E+000
 0.9494949    0.2290008545E+000    0.8147140503E+000
 0.9595960    0.1745407104E+000    0.7929840088E+000
 0.9696970    0.1492706299E+000    0.8063934326E+000
 0.9797980    0.1019424438E+000    0.7897872925E+000
 0.9898990    0.4523925781E-001    0.7792404175E+000
 1.0000000    0.0000000000E+000    0.7518630981E+000


