# Lambda, (Probability, Probability_biased(/observed)) per Fractional
 0.0000000   0.1279340512E+001   0.1145358847E+001   0.9490461639E+000   0.1046562686E+001
 0.0101010   0.1229862462E+001   0.1102637860E+001   0.9055563911E+000   0.9893811832E+000
 0.0202020   0.1174774349E+001   0.1055346187E+001   0.8929970248E+000   0.9667203655E+000
 0.0303030   0.1143011246E+001   0.1077234951E+001   0.8921756167E+000   0.9918343402E+000
 0.0404040   0.1133064338E+001   0.1107047768E+001   0.9051449153E+000   0.1010630112E+001
 0.0505051   0.1088914504E+001   0.1074226107E+001   0.8910665838E+000   0.9771859924E+000
 0.0606061   0.1053254000E+001   0.1111296899E+001   0.9273368227E+000   0.1015677615E+001
 0.0707071   0.9372005644E+000   0.1075397489E+001   0.8905428179E+000   0.9897518040E+000
 0.0808081   0.8753652592E+000   0.1067381562E+001   0.8691252308E+000   0.9583902207E+000
 0.0909091   0.8575837712E+000   0.1160150415E+001   0.8975652034E+000   0.1007312173E+001
 0.1010101   0.7458652398E+000   0.1098113110E+001   0.9069200851E+000   0.1017407179E+001
 0.1111111   0.6586919337E+000   0.1057160681E+001   0.8813569467E+000   0.9952581710E+000
 0.1212121   0.6046548892E+000   0.1065337386E+001   0.8682334767E+000   0.9687146587E+000
 0.1313131   0.5364543763E+000   0.1020549254E+001   0.8620744075E+000   0.9591314624E+000
 0.1414141   0.5122748981E+000   0.1073307376E+001   0.8874515839E+000   0.1004294260E+001
 0.1515152   0.4587801550E+000   0.9838229863E+000   0.8807860068E+000   0.9734444866E+000
 0.1616162   0.4403451627E+000   0.1032056359E+001   0.9002469013E+000   0.1003870694E+001
 0.1717172   0.4169124170E+000   0.1021422048E+001   0.9292682095E+000   0.1026090296E+001
 0.1818182   0.3897860528E+000   0.1009248864E+001   0.8888423169E+000   0.9704089254E+000
 0.1919192   0.3935749056E+000   0.1033021026E+001   0.9104810354E+000   0.9983290294E+000
 0.2020202   0.3624490157E+000   0.9781498230E+000   0.9141725689E+000   0.1007206281E+001
 0.2121212   0.3664169516E+000   0.1008169355E+001   0.9067755853E+000   0.1012359676E+001
 0.2222222   0.3620105037E+000   0.9412857455E+000   0.9150526588E+000   0.9927167708E+000
 0.2323232   0.3760145426E+000   0.9939060579E+000   0.8946989145E+000   0.9717855171E+000
 0.2424242   0.3621692716E+000   0.9707081027E+000   0.9213476902E+000   0.9798332842E+000
 0.2525253   0.3846525106E+000   0.9854537336E+000   0.9301307204E+000   0.9916931514E+000
 0.2626263   0.4041104483E+000   0.1007664053E+001   0.9240549974E+000   0.9779272341E+000
 0.2727273   0.3901938038E+000   0.9297327044E+000   0.9159849187E+000   0.9781919632E+000
 0.2828283   0.3942833850E+000   0.9111284037E+000   0.9334883875E+000   0.9740974853E+000
 0.2929293   0.4322388017E+000   0.9827205092E+000   0.9518872801E+000   0.1008935845E+001
 0.3030303   0.4409417551E+000   0.9711444998E+000   0.9572871108E+000   0.1017195396E+001
 0.3131313   0.4594535721E+000   0.9769554728E+000   0.9340641725E+000   0.9581078429E+000
 0.3232323   0.4853841447E+000   0.9725455645E+000   0.9609525366E+000   0.1005917933E+001
 0.3333333   0.4778751171E+000   0.9204535223E+000   0.9695864101E+000   0.9874751331E+000
 0.3434343   0.5256326661E+000   0.9549978042E+000   0.1000855172E+001   0.1028984668E+001
 0.3535354   0.5425288276E+000   0.9418369841E+000   0.9626107636E+000   0.9872280525E+000
 0.3636364   0.5845872444E+000   0.9784254422E+000   0.9686817488E+000   0.9970230321E+000
 0.3737374   0.6374416499E+000   0.1009891976E+001   0.9884688448E+000   0.1017954286E+001
 0.3838384   0.6510463269E+000   0.9984537759E+000   0.9986822658E+000   0.1005917933E+001
 0.3939394   0.6594046243E+000   0.9140224060E+000   0.1003713762E+001   0.9937580389E+000
 0.4040404   0.7334888211E+000   0.9949855667E+000   0.9576722497E+000   0.9665615280E+000
 0.4141414   0.7780189288E+000   0.9910579921E+000   0.9703016534E+000   0.9700383045E+000
 0.4242424   0.7950128553E+000   0.9559395034E+000   0.9755597053E+000   0.9555134970E+000
 0.4343434   0.8730338338E+000   0.9753936303E+000   0.1009906034E+001   0.9855337858E+000
 0.4444444   0.8891845404E+000   0.9636109064E+000   0.1005341241E+001   0.9836453843E+000
 0.4545455   0.9743732941E+000   0.9715119922E+000   0.1051382927E+001   0.1024307786E+001
 0.4646465   0.1030110039E+001   0.9805614916E+000   0.1029853669E+001   0.9914637194E+000
 0.4747475   0.1081834501E+001   0.9577310287E+000   0.1057803103E+001   0.1014371618E+001
 0.4848485   0.1178079525E+001   0.9781038864E+000   0.1060246033E+001   0.1025137271E+001
 0.4949495   0.1234618100E+001   0.9729130568E+000   0.1056854838E+001   0.9943227945E+000
 0.5050505   0.1344643131E+001   0.1023902622E+001   0.1060381767E+001   0.1009588844E+001
 0.5151515   0.1277325504E+001   0.9848106220E+000   0.1062329196E+001   0.9876692678E+000
 0.5252525   0.1339719908E+001   0.9980862835E+000   0.1089989627E+001   0.1019560310E+001
 0.5353535   0.1300666866E+001   0.9803318089E+000   0.1042901740E+001   0.9865397567E+000
 0.5454545   0.1303663643E+001   0.9947329157E+000   0.1070572868E+001   0.1011265462E+001
 0.5555556   0.1368488388E+001   0.1024132305E+001   0.1041070464E+001   0.9999527017E+000
 0.5656566   0.1334846704E+001   0.1010695865E+001   0.1060071132E+001   0.1001029267E+001
 0.5757576   0.1245741620E+001   0.9573635363E+000   0.1039641834E+001   0.9994585406E+000
 0.5858586   0.1324197673E+001   0.1015174678E+001   0.1052267382E+001   0.9997938642E+000
 0.5959596   0.1333659451E+001   0.1010512119E+001   0.1067728077E+001   0.1032196716E+001
 0.6060606   0.1282476657E+001   0.9820773976E+000   0.1058738730E+001   0.1003605964E+001
 0.6161616   0.1309185346E+001   0.1005436131E+001   0.1033077969E+001   0.9861867844E+000
 0.6262626   0.1273820480E+001   0.9555490428E+000   0.1076932993E+001   0.1027925752E+001
 0.6363636   0.1345523285E+001   0.1016414965E+001   0.1088919479E+001   0.1034844007E+001
 0.6464646   0.1289791813E+001   0.9752328523E+000   0.1071257052E+001   0.1032761471E+001
 0.6565657   0.1303321823E+001   0.9825367630E+000   0.1041628601E+001   0.9967053571E+000
 0.6666667   0.1325777236E+001   0.9955368053E+000   0.1099076176E+001   0.1047621602E+001
 0.6767677   0.1305433764E+001   0.9823300486E+000   0.1066878356E+001   0.1009624141E+001
 0.6868687   0.1293625764E+001   0.9704784199E+000   0.1043330689E+001   0.9853925969E+000
 0.6969697   0.1295878841E+001   0.9976039498E+000   0.1084372963E+001   0.1032337905E+001
 0.7070707   0.1302253956E+001   0.9891975621E+000   0.1049996109E+001   0.9921343666E+000
 0.7171717   0.1321176559E+001   0.1001830112E+001   0.1061827564E+001   0.1004806070E+001
 0.7272727   0.1302309566E+001   0.9805385233E+000   0.1068322934E+001   0.1005317880E+001
 0.7373737   0.1318132129E+001   0.9946180744E+000   0.1044510734E+001   0.9971995183E+000
 0.7474747   0.1308839658E+001   0.9924131202E+000   0.1066162010E+001   0.1015730561E+001
 0.7575758   0.1295911323E+001   0.9789766808E+000   0.1069202007E+001   0.1012465568E+001
 0.7676768   0.1318618550E+001   0.1003254145E+001   0.1083757392E+001   0.1036961841E+001
 0.7777778   0.1310716042E+001   0.1006745322E+001   0.1041719516E+001   0.9921520153E+000
 0.7878788   0.1286532981E+001   0.9789766808E+000   0.1057933172E+001   0.1003076506E+001
 0.7979798   0.1311909973E+001   0.9875438464E+000   0.1055631941E+001   0.9930873917E+000
 0.8080808   0.1275767356E+001   0.9825367630E+000   0.1071059950E+001   0.1025543189E+001
 0.8181818   0.1285084926E+001   0.9808830474E+000   0.1069145762E+001   0.1024590164E+001
 0.8282828   0.1307677715E+001   0.9976039498E+000   0.1068643563E+001   0.1032779120E+001
 0.8383838   0.1286154317E+001   0.9751869158E+000   0.1059883955E+001   0.9967406544E+000
 0.8484848   0.1317639468E+001   0.1014600471E+001   0.1064569522E+001   0.1025578486E+001
 0.8585859   0.1285927996E+001   0.9714660556E+000   0.1038960446E+001   0.9869456747E+000
 0.8686869   0.1338947492E+001   0.1004770051E+001   0.1077029748E+001   0.1018360204E+001
 0.8787879   0.1314762627E+001   0.1006125179E+001   0.1064744934E+001   0.1013665673E+001
 0.8888889   0.1293790115E+001   0.9740155339E+000   0.1052129722E+001   0.9987878933E+000
 0.8989899   0.1316444898E+001   0.1004333654E+001   0.1099986196E+001   0.1051433703E+001
 0.9090909   0.1286037780E+001   0.9634501285E+000   0.1035718731E+001   0.9716266796E+000
 0.9191919   0.1286548819E+001   0.9805614916E+000   0.1029619616E+001   0.9691558740E+000
 0.9292929   0.1260300179E+001   0.9761975198E+000   0.1020181515E+001   0.9756858604E+000
 0.9393939   0.1315810429E+001   0.1004195844E+001   0.1056920315E+001   0.1005300231E+001
 0.9494949   0.1290541178E+001   0.9921375009E+000   0.1038036683E+001   0.9835571413E+000
 0.9595960   0.1303318707E+001   0.9930792001E+000   0.1046528528E+001   0.9909166124E+000
 0.9696970   0.1315523662E+001   0.1003575701E+001   0.1064024487E+001   0.1018324907E+001
 0.9797980   0.1296007421E+001   0.9892894351E+000   0.1023982533E+001   0.9796215008E+000
 0.9898990   0.1287029555E+001   0.9947558840E+000   0.1060830926E+001   0.1021819332E+001
 1.0000000   0.1266196090E+001   0.9546303119E+000   0.1044136690E+001   0.9769742090E+000


 0.0000000   0.1273094099E+001   0.1132813174E+001   0.9320436084E+000   0.1027655200E+001
 0.0101010   0.1231412706E+001   0.1097292342E+001   0.9053224995E+000   0.9889737020E+000
 0.0202020   0.1210168388E+001   0.1080509669E+001   0.9006739137E+000   0.9748812630E+000
 0.0303030   0.1190830359E+001   0.1115455358E+001   0.8927679439E+000   0.9923403760E+000
 0.0404040   0.1171716712E+001   0.1137828421E+001   0.9122450676E+000   0.1018401253E+001
 0.0505051   0.1110676790E+001   0.1089010282E+001   0.8874939841E+000   0.9731186065E+000
 0.0606061   0.1067732091E+001   0.1119699913E+001   0.9139026810E+000   0.1000809941E+001
 0.0707071   0.9821625981E+000   0.1120114016E+001   0.9002422505E+000   0.1000378090E+001
 0.0808081   0.9146067162E+000   0.1108427110E+001   0.8958548472E+000   0.9877134026E+000
 0.0909091   0.8402660532E+000   0.1129787922E+001   0.8891279819E+000   0.9976900386E+000
 0.1010101   0.7696372452E+000   0.1126199029E+001   0.9024062107E+000   0.1012187889E+001
 0.1111111   0.6641689942E+000   0.1059447932E+001   0.8786036558E+000   0.9919966580E+000
 0.1212121   0.6162029251E+000   0.1079060308E+001   0.8839122952E+000   0.9860565055E+000
 0.1313131   0.5561283225E+000   0.1051522461E+001   0.8798510324E+000   0.9787591074E+000
 0.1414141   0.5164916916E+000   0.1075540433E+001   0.9007176575E+000   0.1019150382E+001
 0.1515152   0.4866136717E+000   0.1037143886E+001   0.8861774394E+000   0.9792526513E+000
 0.1616162   0.4416470894E+000   0.1028792809E+001   0.8949523624E+000   0.9978134246E+000
 0.1717172   0.4285923518E+000   0.1043631499E+001   0.9251845323E+000   0.1021424209E+001
 0.1818182   0.4073897127E+000   0.1048393683E+001   0.8957483276E+000   0.9777984596E+000
 0.1919192   0.4060769487E+000   0.1059332903E+001   0.9093949436E+000   0.9969849760E+000
 0.2020202   0.3779966252E+000   0.1013885103E+001   0.9114507652E+000   0.1004053229E+001
 0.2121212   0.3826307478E+000   0.1046357677E+001   0.9000105083E+000   0.1004652532E+001
 0.2222222   0.3776321369E+000   0.9759141611E+000   0.9097437189E+000   0.9868056345E+000
 0.2323232   0.3839746619E+000   0.1008754827E+001   0.9098844579E+000   0.9881276269E+000
 0.2424242   0.3836446892E+000   0.1021994619E+001   0.9244575030E+000   0.9829894831E+000
 0.2525253   0.3997288232E+000   0.1017830584E+001   0.9269702591E+000   0.9881716933E+000
 0.2626263   0.4204122022E+000   0.1041917573E+001   0.9504950239E+000   0.1005754192E+001
 0.2727273   0.4116668936E+000   0.9749134122E+000   0.9289223652E+000   0.9918556455E+000
 0.2828283   0.4163769862E+000   0.9563132873E+000   0.9453389918E+000   0.9863120907E+000
 0.2929293   0.4411852597E+000   0.9969413895E+000   0.9566073921E+000   0.1013783093E+001
 0.3030303   0.4537883758E+000   0.9933409942E+000   0.9472209582E+000   0.1006344682E+001
 0.3131313   0.4758727302E+000   0.1005695066E+001   0.9369936478E+000   0.9609650897E+000
 0.3232323   0.4950456688E+000   0.9858526323E+000   0.9822899842E+000   0.1028095864E+001
 0.3333333   0.5026526016E+000   0.9622717689E+000   0.9659101861E+000   0.9835799730E+000
 0.3434343   0.5287785938E+000   0.9548524241E+000   0.9787358429E+000   0.1006089097E+001
 0.3535354   0.5521089754E+000   0.9526208692E+000   0.9687584527E+000   0.9933803434E+000
 0.3636364   0.5721308195E+000   0.9517351489E+000   0.9751909524E+000   0.1003568498E+001
 0.3737374   0.6286736937E+000   0.9899246448E+000   0.9940106381E+000   0.1023504144E+001
 0.3838384   0.6476433599E+000   0.9871754612E+000   0.9991894316E+000   0.1006274176E+001
 0.3939394   0.6733676154E+000   0.9276826683E+000   0.9894019701E+000   0.9794377302E+000
 0.4040404   0.7183426550E+000   0.9684948162E+000   0.9680289195E+000   0.9768642517E+000
 0.4141414   0.7802094535E+000   0.9877851128E+000   0.9848181333E+000   0.9843996083E+000
 0.4242424   0.8055763981E+000   0.9627318833E+000   0.9909509338E+000   0.9704393686E+000
 0.4343434   0.8745624986E+000   0.9711404741E+000   0.9994145308E+000   0.9751456615E+000
 0.4444444   0.9245728961E+000   0.9958486178E+000   0.1013374819E+001   0.9913532884E+000
 0.4545455   0.9693119477E+000   0.9605693456E+000   0.1050248966E+001   0.1023045853E+001
 0.4646465   0.1046183815E+001   0.9897866104E+000   0.1044812196E+001   0.1005710126E+001
 0.4747475   0.1088524022E+001   0.9577741505E+000   0.1058271004E+001   0.1014664421E+001
 0.4848485   0.1179771684E+001   0.9735330690E+000   0.1059476275E+001   0.1024235646E+001
 0.4949495   0.1259804237E+001   0.9867038439E+000   0.1032930161E+001   0.9716644149E+000
 0.5050505   0.1291692831E+001   0.9775820758E+000   0.1052229980E+001   0.1001673642E+001
 0.5151515   0.1280281174E+001   0.9810674424E+000   0.1069460979E+001   0.9941470990E+000
 0.5252525   0.1303380929E+001   0.9650899696E+000   0.1069250855E+001   0.1000007932E+001
 0.5353535   0.1270845294E+001   0.9520112176E+000   0.1053630396E+001   0.9965354986E+000
 0.5454545   0.1279024585E+001   0.9699786852E+000   0.1065835118E+001   0.1006635521E+001
 0.5555556   0.1322299646E+001   0.9835290545E+000   0.1044545785E+001   0.1003136647E+001
 0.5656566   0.1304601602E+001   0.9817691169E+000   0.1056109195E+001   0.9971348018E+000
 0.5757576   0.1248941065E+001   0.9539667038E+000   0.1030626446E+001   0.9906394125E+000
 0.5858586   0.1280226280E+001   0.9754770524E+000   0.1037708705E+001   0.9858097336E+000
 0.5959596   0.1311162764E+001   0.9874055184E+000   0.1065217755E+001   0.1029611748E+001
 0.6060606   0.1295414816E+001   0.9859331523E+000   0.1059977720E+001   0.1004626092E+001
 0.6161616   0.1312512200E+001   0.1001841608E+001   0.1038252624E+001   0.9909743172E+000
 0.6262626   0.1272589796E+001   0.9488019196E+000   0.1071523364E+001   0.1022605189E+001
 0.6363636   0.1320797543E+001   0.9916500738E+000   0.1074277190E+001   0.1020772026E+001
 0.6464646   0.1285742669E+001   0.9662402556E+000   0.1063710410E+001   0.1025328493E+001
 0.6565657   0.1308055946E+001   0.9800896993E+000   0.1047497510E+001   0.1002167186E+001
 0.6666667   0.1327011914E+001   0.9903847592E+000   0.1083020257E+001   0.1032158787E+001
 0.6767677   0.1304560661E+001   0.9756841039E+000   0.1061629569E+001   0.1004502706E+001
 0.6868687   0.1302685621E+001   0.9713130170E+000   0.1047721872E+001   0.9893879263E+000
 0.6969697   0.1306921155E+001   0.9999666417E+000   0.1061500322E+001   0.1010407606E+001
 0.7070707   0.1296934206E+001   0.9791464648E+000   0.1043584179E+001   0.9859243062E+000
 0.7171717   0.1322051690E+001   0.9963777493E+000   0.1066476533E+001   0.1009050360E+001
 0.7272727   0.1277638917E+001   0.9560947330E+000   0.1054806523E+001   0.9924461354E+000
 0.7373737   0.1308446099E+001   0.9812859968E+000   0.1059892989E+001   0.1011729598E+001
 0.7474747   0.1305512324E+001   0.9838511346E+000   0.1057804732E+001   0.1007613795E+001
 0.7575758   0.1284145019E+001   0.9641697408E+000   0.1065265774E+001   0.1008583256E+001
 0.7676768   0.1292398434E+001   0.9773060071E+000   0.1068898630E+001   0.1022587562E+001
 0.7777778   0.1309535346E+001   0.9997020759E+000   0.1050388361E+001   0.1000254704E+001
 0.7878788   0.1274669315E+001   0.9640317065E+000   0.1056708861E+001   0.1001761775E+001
 0.7979798   0.1297130677E+001   0.9704618053E+000   0.1060209535E+001   0.9972405612E+000
 0.8080808   0.1296826427E+001   0.9926623255E+000   0.1077306254E+001   0.1031365592E+001
 0.8181818   0.1266196067E+001   0.9605693456E+000   0.1041990026E+001   0.9984127278E+000
 0.8282828   0.1270896280E+001   0.9636291064E+000   0.1055104876E+001   0.1019538166E+001
 0.8383838   0.1295548262E+001   0.9763167612E+000   0.1070373275E+001   0.1006450442E+001
 0.8484848   0.1299511850E+001   0.9945372917E+000   0.1058141906E+001   0.1019229701E+001
 0.8585859   0.1284027273E+001   0.9641122265E+000   0.1046173274E+001   0.9936447419E+000
 0.8686869   0.1308785538E+001   0.9761442183E+000   0.1068242458E+001   0.1009896435E+001
 0.8787879   0.1290825167E+001   0.9817806198E+000   0.1062819013E+001   0.1011676718E+001
 0.8888889   0.1284714508E+001   0.9612825229E+000   0.1050429009E+001   0.9970202291E+000
 0.8989899   0.1293462526E+001   0.9807798709E+000   0.1075874245E+001   0.1028228063E+001
 0.9090909   0.1275093133E+001   0.9494230740E+000   0.1045718196E+001   0.9808566687E+000
 0.9191919   0.1263377159E+001   0.9570264646E+000   0.1046668027E+001   0.9850517913E+000
 0.9292929   0.1274720557E+001   0.9813435111E+000   0.1043607517E+001   0.9979368105E+000
 0.9393939   0.1281036315E+001   0.9716926114E+000   0.1049534599E+001   0.9981218895E+000
 0.9494949   0.1274610965E+001   0.9739126634E+000   0.1037941173E+001   0.9833155746E+000
 0.9595960   0.1276030942E+001   0.9663552842E+000   0.1047476390E+001   0.9916617533E+000
 0.9696970   0.1302636134E+001   0.9876815870E+000   0.1063733549E+001   0.1017890083E+001
 0.9797980   0.1268593712E+001   0.9624558146E+000   0.1030655373E+001   0.9858538000E+000
 0.9898990   0.1264382750E+001   0.9712900113E+000   0.1060098621E+001   0.1020957105E+001
 1.0000000   0.1273727386E+001   0.9544498239E+000   0.1039817830E+001   0.9727837018E+000


 0.0000000   0.1187908736E+001   0.1063454386E+001   0.9200401838E+000   0.1014669083E+001
 0.0101010   0.1138505560E+001   0.1020685342E+001   0.8911595905E+000   0.9737407719E+000
 0.0202020   0.1139292386E+001   0.1023425074E+001   0.8926469170E+000   0.9664297454E+000
 0.0303030   0.1120757610E+001   0.1056214187E+001   0.8957342024E+000   0.9958815162E+000
 0.0404040   0.1094994047E+001   0.1069803258E+001   0.9099044308E+000   0.1016037228E+001
 0.0505051   0.1042294574E+001   0.1028188555E+001   0.8952171384E+000   0.9818274879E+000
 0.0606061   0.9969179242E+000   0.1051808698E+001   0.9067816716E+000   0.9932551658E+000
 0.0707071   0.9084579134E+000   0.1042369408E+001   0.8933824839E+000   0.9929986386E+000
 0.0808081   0.8410979019E+000   0.1025551106E+001   0.8831369485E+000   0.9739301134E+000
 0.0909091   0.7843862915E+000   0.1061079951E+001   0.8753484604E+000   0.9824688060E+000
 0.1010101   0.7233146232E+000   0.1064864434E+001   0.8957079761E+000   0.1004921048E+001
 0.1111111   0.6340180282E+000   0.1017514559E+001   0.8885508063E+000   0.1003473501E+001
 0.1212121   0.5841730710E+000   0.1029204082E+001   0.8792433514E+000   0.9810884451E+000
 0.1313131   0.5361507462E+000   0.1019925523E+001   0.8776887826E+000   0.9765931105E+000
 0.1414141   0.4866894511E+000   0.1019655203E+001   0.8892194378E+000   0.1006386918E+001
 0.1515152   0.4587515729E+000   0.9837172246E+000   0.8815924085E+000   0.9744248445E+000
 0.1616162   0.4254160903E+000   0.9970213633E+000   0.8838763381E+000   0.9857059355E+000
 0.1717172   0.4098311448E+000   0.1004027771E+001   0.9164678787E+000   0.1012048840E+001
 0.1818182   0.3890061356E+000   0.1007183943E+001   0.8854075229E+000   0.9667473506E+000
 0.1919192   0.3881744803E+000   0.1018800407E+001   0.8985634395E+000   0.9853516836E+000
 0.2020202   0.3678313875E+000   0.9926304861E+000   0.9042989732E+000   0.9964190018E+000
 0.2121212   0.3707701932E+000   0.1020100866E+001   0.9008838064E+000   0.1005873863E+001
 0.2222222   0.3644484583E+000   0.9475819856E+000   0.9062666897E+000   0.9832750345E+000
 0.2323232   0.3780117688E+000   0.9991400894E+000   0.9057002807E+000   0.9838247357E+000
 0.2424242   0.3740370786E+000   0.1002471604E+001   0.9220185956E+000   0.9806364685E+000
 0.2525253   0.3949232501E+000   0.1011720939E+001   0.9281309789E+000   0.9896515688E+000
 0.2626263   0.4113756607E+000   0.1025733755E+001   0.9365194837E+000   0.9912090557E+000
 0.2727273   0.4071655268E+000   0.9701281537E+000   0.9250926332E+000   0.9880085729E+000
 0.2828283   0.4113668995E+000   0.9505628140E+000   0.9403828362E+000   0.9813816191E+000
 0.2929293   0.4400655123E+000   0.1000469773E+001   0.9472637290E+000   0.1004127035E+001
 0.3030303   0.4514806943E+000   0.9943108551E+000   0.9443502235E+000   0.1003540687E+001
 0.3131313   0.4740657009E+000   0.1007980291E+001   0.9431925487E+000   0.9675596869E+000
 0.3232323   0.4848413134E+000   0.9714140013E+000   0.9729344207E+000   0.1018553638E+001
 0.3333333   0.4975236435E+000   0.9582559816E+000   0.9592215875E+000   0.9770084404E+000
 0.3434343   0.5322031012E+000   0.9668916169E+000   0.9771401919E+000   0.1004695059E+001
 0.3535354   0.5549408838E+000   0.9633409242E+000   0.9713109741E+000   0.9962418759E+000
 0.3636364   0.5803500920E+000   0.9712898001E+000   0.9703085927E+000   0.9987888249E+000
 0.3737374   0.6353644767E+000   0.1006555631E+001   0.9998306794E+000   0.1029749220E+001
 0.3838384   0.6569591237E+000   0.1007476181E+001   0.1001548511E+001   0.1008897220E+001
 0.3939394   0.6855440215E+000   0.9502121283E+000   0.9871502331E+000   0.9774482013E+000
 0.4040404   0.7180566396E+000   0.9740076143E+000   0.9872495486E+000   0.9965045109E+000
 0.4141414   0.7938688108E+000   0.1011202216E+001   0.9939348768E+000   0.9937560047E+000
 0.4242424   0.8196521972E+000   0.9855217948E+000   0.1002271713E+001   0.9817664100E+000
 0.4343434   0.8846305707E+000   0.9883053625E+000   0.1001159645E+001   0.9770878416E+000
 0.4444444   0.9462081565E+000   0.1025361151E+001   0.1017529456E+001   0.9956616357E+000
 0.4545455   0.9821304926E+000   0.9792021462E+000   0.1040353593E+001   0.1013655190E+001
 0.4646465   0.1047510393E+001   0.9970798110E+000   0.1047999572E+001   0.1009025484E+001
 0.4747475   0.1101186041E+001   0.9748185749E+000   0.1051386689E+001   0.1008310872E+001
 0.4848485   0.1199722201E+001   0.9960277539E+000   0.1065884931E+001   0.1030683712E+001
 0.4949495   0.1273733501E+001   0.1003691698E+001   0.1041686664E+001   0.9801417374E+000
 0.5050505   0.1306147724E+001   0.9945446456E+000   0.1056229308E+001   0.1005727276E+001
 0.5151515   0.1291989680E+001   0.9960715896E+000   0.1075596789E+001   0.1000095892E+001
 0.5252525   0.1333123770E+001   0.9931272909E+000   0.1077322591E+001   0.1007803925E+001
 0.5353535   0.1306245039E+001   0.9844916555E+000   0.1047335226E+001   0.9908242648E+000
 0.5454545   0.1322339301E+001   0.1008937371E+001   0.1060403528E+001   0.1001751104E+001
 0.5555556   0.1339673349E+001   0.1002522745E+001   0.1054368776E+001   0.1012818422E+001
 0.5656566   0.1320454969E+001   0.9997537894E+000   0.1056450601E+001   0.9977016380E+000
 0.5757576   0.1271287895E+001   0.9769519130E+000   0.1022205899E+001   0.9827864111E+000
 0.5858586   0.1305599702E+001   0.1000871600E+001   0.1045341313E+001   0.9933040281E+000
 0.5959596   0.1321082529E+001   0.1000937354E+001   0.1057846459E+001   0.1022737476E+001
 0.6060606   0.1313251858E+001   0.1005598551E+001   0.1062554646E+001   0.1007315302E+001
 0.6161616   0.1328778068E+001   0.1020436940E+001   0.1039689932E+001   0.9925894165E+000
 0.6262626   0.1285794865E+001   0.9644879587E+000   0.1080773017E+001   0.1031685390E+001
 0.6363636   0.1333179824E+001   0.1007045130E+001   0.1066230278E+001   0.1013374231E+001
 0.6464646   0.1300269590E+001   0.9831108306E+000   0.1064734357E+001   0.1026567061E+001
 0.6565657   0.1318408428E+001   0.9938651920E+000   0.1066751318E+001   0.1020837952E+001
 0.6666667   0.1332455451E+001   0.1000506302E+001   0.1089030655E+001   0.1038141326E+001
 0.6767677   0.1309773367E+001   0.9855510186E+000   0.1064928505E+001   0.1007871111E+001
 0.6868687   0.1310747721E+001   0.9832788675E+000   0.1049108632E+001   0.9909403128E+000
 0.6969697   0.1319866176E+001   0.1016024145E+001   0.1064285501E+001   0.1013307045E+001
 0.7070707   0.1316268174E+001   0.9997976251E+000   0.1053639177E+001   0.9956677435E+000
 0.7171717   0.1328499377E+001   0.1007337368E+001   0.1065091752E+001   0.1007987159E+001
 0.7272727   0.1299593936E+001   0.9784496331E+000   0.1062332503E+001   0.9997721794E+000
 0.7373737   0.1315402592E+001   0.9925135909E+000   0.1060613708E+001   0.1012665727E+001
 0.7474747   0.1333477508E+001   0.1011048791E+001   0.1056591179E+001   0.1006704523E+001
 0.7575758   0.1309267039E+001   0.9890213458E+000   0.1068670626E+001   0.1012054948E+001
 0.7676768   0.1305348206E+001   0.9931126790E+000   0.1071608184E+001   0.1025431012E+001
 0.7777778   0.1320982332E+001   0.1014584872E+001   0.1058781203E+001   0.1008494106E+001
 0.7878788   0.1299321563E+001   0.9886633541E+000   0.1061900814E+001   0.1006930511E+001
 0.7979798   0.1304682263E+001   0.9820587735E+000   0.1059875001E+001   0.9971702602E+000
 0.8080808   0.1318416670E+001   0.1015337385E+001   0.1070411120E+001   0.1025015682E+001
 0.8181818   0.1298562523E+001   0.9911254600E+000   0.1046772876E+001   0.1003241405E+001
 0.8282828   0.1296562702E+001   0.9890797934E+000   0.1065461547E+001   0.1029798083E+001
 0.8383838   0.1308140226E+001   0.9918122195E+000   0.1069023852E+001   0.1005427994E+001
 0.8484848   0.1304243044E+001   0.1004239644E+001   0.1059196834E+001   0.1020495916E+001
 0.8585859   0.1314312197E+001   0.9928642766E+000   0.1052784574E+001   0.1000169186E+001
 0.8686869   0.1329197745E+001   0.9974085788E+000   0.1068383745E+001   0.1010277581E+001
 0.8787879   0.1298466330E+001   0.9936094837E+000   0.1051928464E+001   0.1001555655E+001
 0.8888889   0.1298942897E+001   0.9778505451E+000   0.1050541925E+001   0.9973718173E+000
 0.8989899   0.1301556268E+001   0.9929300302E+000   0.1077879109E+001   0.1030396646E+001
 0.9090909   0.1297038860E+001   0.9716477917E+000   0.1047727105E+001   0.9829818605E+000
 0.9191919   0.1294965596E+001   0.9869318435E+000   0.1059278384E+001   0.9971641524E+000
 0.9292929   0.1305890878E+001   0.1011465231E+001   0.1049734307E+001   0.1004041526E+001
 0.9393939   0.1292050962E+001   0.9860185995E+000   0.1044315350E+001   0.9934017528E+000
 0.9494949   0.1296524908E+001   0.9966925955E+000   0.1053622467E+001   0.9984162497E+000
 0.9595960   0.1298377867E+001   0.9892697482E+000   0.1054281666E+001   0.9983490640E+000
 0.9696970   0.1320993151E+001   0.1007702665E+001   0.1067675863E+001   0.1021912924E+001
 0.9797980   0.1310320912E+001   0.1000170229E+001   0.1040519779E+001   0.9955333721E+000
 0.9898990   0.1295246472E+001   0.1001061555E+001   0.1058738725E+001   0.1019897352E+001
 1.0000000   0.1286771417E+001   0.9700989299E+000   0.1038758204E+001   0.9720305903E+000


 0.0000000   0.1203213620E+001   0.1077188683E+001   0.9246193383E+000   0.1019817211E+001
 0.0101010   0.1155863437E+001   0.1036278532E+001   0.8815194196E+000   0.9632998373E+000
 0.0202020   0.1148753731E+001   0.1031955680E+001   0.8919582424E+000   0.9657769487E+000
 0.0303030   0.1136054807E+001   0.1070663104E+001   0.9015022290E+000   0.1002390755E+001
 0.0404040   0.1107902416E+001   0.1082447695E+001   0.9134346521E+000   0.1020077239E+001
 0.0505051   0.1033800624E+001   0.1019840680E+001   0.8918646206E+000   0.9782446203E+000
 0.0606061   0.9977216972E+000   0.1052688850E+001   0.8976103892E+000   0.9833037669E+000
 0.0707071   0.9158158989E+000   0.1050844066E+001   0.8910223482E+000   0.9904705111E+000
 0.0808081   0.8459498900E+000   0.1031498614E+001   0.8848503943E+000   0.9759134896E+000
 0.0909091   0.7879211031E+000   0.1065894200E+001   0.8772071151E+000   0.9846495273E+000
 0.1010101   0.7206293655E+000   0.1060943570E+001   0.8929073920E+000   0.1001875260E+001
 0.1111111   0.6420119760E+000   0.1030375223E+001   0.8862465862E+000   0.1000967442E+001
 0.1212121   0.5859170313E+000   0.1032308116E+001   0.8756661828E+000   0.9771908215E+000
 0.1313131   0.5375371449E+000   0.1022594089E+001   0.8771535926E+000   0.9760914037E+000
 0.1414141   0.4902404569E+000   0.1027126200E+001   0.8870221185E+000   0.1003996543E+001
 0.1515152   0.4593353250E+000   0.9849990421E+000   0.8820991687E+000   0.9750786620E+000
 0.1616162   0.4245075051E+000   0.9949223283E+000   0.8858750863E+000   0.9880298949E+000
 0.1717172   0.4154369061E+000   0.1017792144E+001   0.9108566265E+000   0.1005949036E+001
 0.1818182   0.3870319896E+000   0.1002103219E+001   0.8866938952E+000   0.9682449364E+000
 0.1919192   0.3852083199E+000   0.1011046292E+001   0.8926621867E+000   0.9789745242E+000
 0.2020202   0.3703610288E+000   0.9994874804E+000   0.9030365961E+000   0.9951236487E+000
 0.2121212   0.3688850066E+000   0.1014945119E+001   0.8997941996E+000   0.1004753819E+001
 0.2222222   0.3660632079E+000   0.9518094496E+000   0.9037129866E+000   0.9805985605E+000
 0.2323232   0.3755899492E+000   0.9927691624E+000   0.9014383675E+000   0.9792892953E+000
 0.2424242   0.3694379274E+000   0.9901754511E+000   0.9126134009E+000   0.9707266098E+000
 0.2525253   0.3949724358E+000   0.1011877821E+001   0.9257981113E+000   0.9872589338E+000
 0.2626263   0.4051481615E+000   0.1010236789E+001   0.9406319902E+000   0.9956573909E+000
 0.2727273   0.4046488491E+000   0.9641612425E+000   0.9272189923E+000   0.9903747112E+000
 0.2828283   0.4098134097E+000   0.9470019974E+000   0.9328022761E+000   0.9735641113E+000
 0.2929293   0.4394698537E+000   0.9991460577E+000   0.9442568742E+000   0.1001035871E+001
 0.3030303   0.4486615992E+000   0.9881324216E+000   0.9430014889E+000   0.1002203717E+001
 0.3131313   0.4733772646E+000   0.1006547221E+001   0.9396033956E+000   0.9639704365E+000
 0.3232323   0.4861978395E+000   0.9741616241E+000   0.9729977195E+000   0.1018717793E+001
 0.3333333   0.5013691740E+000   0.9656921379E+000   0.9627075791E+000   0.9806533033E+000
 0.3434343   0.5318843147E+000   0.9663419425E+000   0.9747876622E+000   0.1002372507E+001
 0.3535354   0.5605417197E+000   0.9730933014E+000   0.9638478994E+000   0.9886822465E+000
 0.3636364   0.5803998438E+000   0.9714027083E+000   0.9652591452E+000   0.9936866503E+000
 0.3737374   0.6281584826E+000   0.9951701351E+000   0.9932853498E+000   0.1023106341E+001
 0.3838384   0.6540352244E+000   0.1003022858E+001   0.1001297125E+001   0.1008740919E+001
 0.3939394   0.6827900290E+000   0.9464237815E+000   0.9871640077E+000   0.9775557734E+000
 0.4040404   0.7184933301E+000   0.9746297037E+000   0.9801062732E+000   0.9893893409E+000
 0.4141414   0.7884004053E+000   0.1004267399E+001   0.9957044175E+000   0.9956208957E+000
 0.4242424   0.8305321269E+000   0.9986339236E+000   0.1009765876E+001   0.9892023030E+000
 0.4343434   0.8813583028E+000   0.9846796466E+000   0.1007142117E+001   0.9830209291E+000
 0.4444444   0.9360594555E+000   0.1014394437E+001   0.1018597418E+001   0.9968024277E+000
 0.4545455   0.9852413882E+000   0.9823337421E+000   0.1033688883E+001   0.1007258302E+001
 0.4646465   0.1041087069E+001   0.9909959670E+000   0.1041520200E+001   0.1002883440E+001
 0.4747475   0.1111607225E+001   0.9840738967E+000   0.1050720939E+001   0.1007769234E+001
 0.4848485   0.1192656566E+001   0.9901919715E+000   0.1062786998E+001   0.1027786850E+001
 0.4949495   0.1277283380E+001   0.1006519687E+001   0.1049217810E+001   0.9873228004E+000
 0.5050505   0.1317574738E+001   0.1003276171E+001   0.1056418175E+001   0.1006003779E+001
 0.5151515   0.1282809892E+001   0.9890245261E+000   0.1082509006E+001   0.1006619636E+001
 0.5252525   0.1325299225E+001   0.9873284261E+000   0.1080200304E+001   0.1010593050E+001
 0.5353535   0.1310765345E+001   0.9879286693E+000   0.1049097927E+001   0.9925872325E+000
 0.5454545   0.1312988566E+001   0.1001833385E+001   0.1063156341E+001   0.1004448171E+001
 0.5555556   0.1339358856E+001   0.1002317985E+001   0.1063513841E+001   0.1021701276E+001
 0.5656566   0.1319779301E+001   0.9992727145E+000   0.1064013846E+001   0.1004940857E+001
 0.5757576   0.1278796747E+001   0.9827522603E+000   0.1022897185E+001   0.9835455476E+000
 0.5858586   0.1308990951E+001   0.1003501951E+001   0.1051672832E+001   0.9994163962E+000
 0.5959596   0.1319862727E+001   0.1000043669E+001   0.1050728401E+001   0.1015953282E+001
 0.6060606   0.1308647228E+001   0.1002103219E+001   0.1062031555E+001   0.1006916159E+001
 0.6161616   0.1330205504E+001   0.1021564314E+001   0.1048995451E+001   0.1001569613E+001
 0.6262626   0.1292499701E+001   0.9695469106E+000   0.1078965216E+001   0.1030058676E+001
 0.6363636   0.1326925028E+001   0.1002351026E+001   0.1057298625E+001   0.1004981914E+001
 0.6464646   0.1297490624E+001   0.9810396399E+000   0.1058194909E+001   0.1020360077E+001
 0.6565657   0.1315635962E+001   0.9918054692E+000   0.1054595212E+001   0.1009302033E+001
 0.6666667   0.1318260760E+001   0.9898780829E+000   0.1070380195E+001   0.1020460439E+001
 0.6767677   0.1306482397E+001   0.9831046967E+000   0.1063002732E+001   0.1006145198E+001
 0.6868687   0.1310446192E+001   0.9830826694E+000   0.1044584337E+001   0.9867616868E+000
 0.6969697   0.1321335674E+001   0.1017186394E+001   0.1062540293E+001   0.1011742649E+001
 0.7070707   0.1310186691E+001   0.9952086828E+000   0.1056616289E+001   0.9985770067E+000
 0.7171717   0.1319602578E+001   0.1000621885E+001   0.1059476573E+001   0.1002769392E+001
 0.7272727   0.1296733458E+001   0.9763258036E+000   0.1058575914E+001   0.9963325521E+000
 0.7373737   0.1307906788E+001   0.9868878807E+000   0.1066859361E+001   0.1018726917E+001
 0.7474747   0.1318537622E+001   0.9997518077E+000   0.1057611804E+001   0.1007773796E+001
 0.7575758   0.1303224578E+001   0.9844869080E+000   0.1071961459E+001   0.1015268997E+001
 0.7676768   0.1296887891E+001   0.9867061557E+000   0.1071163982E+001   0.1025104453E+001
 0.7777778   0.1315582146E+001   0.1010468076E+001   0.1061021737E+001   0.1010725345E+001
 0.7878788   0.1302419757E+001   0.9910510352E+000   0.1063500984E+001   0.1008544757E+001
 0.7979798   0.1308570477E+001   0.9850155625E+000   0.1062955428E+001   0.1000164548E+001
 0.8080808   0.1305983146E+001   0.1005792787E+001   0.1070105622E+001   0.1024821615E+001
 0.8181818   0.1294565495E+001   0.9881048875E+000   0.1050772654E+001   0.1007171625E+001
 0.8282828   0.1308440694E+001   0.9981713509E+000   0.1072202927E+001   0.1036413402E+001
 0.8383838   0.1304510777E+001   0.9890906079E+000   0.1059833306E+001   0.9968799800E+000
 0.8484848   0.1305927088E+001   0.1005567008E+001   0.1058982486E+001   0.1020387449E+001
 0.8585859   0.1313096502E+001   0.9919761806E+000   0.1058286593E+001   0.1005492846E+001
 0.8686869   0.1325440366E+001   0.9946194533E+000   0.1077099754E+001   0.1018617431E+001
 0.8787879   0.1311562652E+001   0.1003661649E+001   0.1065769125E+001   0.1014831055E+001
 0.8888889   0.1300542645E+001   0.9790847195E+000   0.1054285579E+001   0.1001022185E+001
 0.8989899   0.1292824247E+001   0.9862986512E+000   0.1062214741E+001   0.1015519902E+001
 0.9090909   0.1303692098E+001   0.9766617195E+000   0.1058359401E+001   0.9930525463E+000
 0.9191919   0.1299116900E+001   0.9901258897E+000   0.1062557408E+001   0.1000347024E+001
 0.9292929   0.1305907362E+001   0.1011508864E+001   0.1057975169E+001   0.1012020925E+001
 0.9393939   0.1295106052E+001   0.9883802284E+000   0.1049990642E+001   0.9988963396E+000
 0.9494949   0.1299855858E+001   0.9992837282E+000   0.1050677490E+001   0.9957212575E+000
 0.9595960   0.1297192505E+001   0.9883967488E+000   0.1063202473E+001   0.1006893350E+001
 0.9696970   0.1323661128E+001   0.1009768710E+001   0.1069182207E+001   0.1023453045E+001
 0.9797980   0.1314494178E+001   0.1003386308E+001   0.1054437383E+001   0.1008946204E+001
 0.9898990   0.1293077734E+001   0.9994158918E+000   0.1059505576E+001   0.1020734153E+001
 1.0000000   0.1285817352E+001   0.9694092401E+000   0.1052741867E+001   0.9852106409E+000


 0.0000000   0.1197413181E+001   0.1071984220E+001   0.9191724069E+000   0.1013828730E+001
 0.0101010   0.1147684112E+001   0.1028934334E+001   0.8824518540E+000   0.9643370964E+000
 0.0202020   0.1141379136E+001   0.1025319826E+001   0.8940821955E+000   0.9680950729E+000
 0.0303030   0.1123131801E+001   0.1058472532E+001   0.8970725395E+000   0.9974842822E+000
 0.0404040   0.1102043278E+001   0.1076711558E+001   0.9117157350E+000   0.1018176984E+001
 0.0505051   0.1029088951E+001   0.1015181679E+001   0.8902355106E+000   0.9764762771E+000
 0.0606061   0.9973924005E+000   0.1052330059E+001   0.8980577985E+000   0.9838125804E+000
 0.0707071   0.9149176851E+000   0.1049802094E+001   0.8938913855E+000   0.9936786436E+000
 0.0808081   0.8452644997E+000   0.1030651773E+001   0.8815177520E+000   0.9722563444E+000
 0.0909091   0.7840335567E+000   0.1060623712E+001   0.8752036875E+000   0.9824193794E+000
 0.1010101   0.7220357969E+000   0.1063002715E+001   0.8913460374E+000   0.1000142363E+001
 0.1111111   0.6447846287E+000   0.1034813934E+001   0.8888589185E+000   0.1003937003E+001
 0.1212121   0.5845555198E+000   0.1029898203E+001   0.8746281514E+000   0.9760509841E+000
 0.1313131   0.5387155254E+000   0.1024824748E+001   0.8812814961E+000   0.9807035423E+000
 0.1414141   0.4901363801E+000   0.1026897066E+001   0.8932851018E+000   0.1011104656E+001
 0.1515152   0.4576569353E+000   0.9813893144E+000   0.8819802706E+000   0.9749657538E+000
 0.1616162   0.4245983236E+000   0.9951244449E+000   0.8873135401E+000   0.9896530258E+000
 0.1717172   0.4130775285E+000   0.1012000911E+001   0.9089577662E+000   0.1003871009E+001
 0.1818182   0.3915509720E+000   0.1013792831E+001   0.8875134734E+000   0.9691583053E+000
 0.1919192   0.3851421812E+000   0.1010861794E+001   0.8944056406E+000   0.9809051898E+000
 0.2020202   0.3723134495E+000   0.1004745608E+001   0.9079096696E+000   0.1000512661E+001
 0.2121212   0.3699797611E+000   0.1017946230E+001   0.9030380761E+000   0.1008395246E+001
 0.2222222   0.3663426758E+000   0.9525258248E+000   0.9020862773E+000   0.9788520515E+000
 0.2323232   0.3741429617E+000   0.9889337784E+000   0.9005327953E+000   0.9783241016E+000
 0.2424242   0.3683901554E+000   0.9873565385E+000   0.9097050529E+000   0.9676514484E+000
 0.2525253   0.3941901823E+000   0.1009862875E+001   0.9272622920E+000   0.9888391031E+000
 0.2626263   0.4012512172E+000   0.1000508967E+001   0.9317482272E+000   0.9862726802E+000
 0.2727273   0.4038703612E+000   0.9622959495E+000   0.9300577208E+000   0.9934256676E+000
 0.2828283   0.4123106663E+000   0.9527624108E+000   0.9336075998E+000   0.9744231387E+000
 0.2929293   0.4402976119E+000   0.1001017188E+001   0.9402801967E+000   0.9968390102E+000
 0.3030303   0.4467485545E+000   0.9839085169E+000   0.9357453227E+000   0.9945108979E+000
 0.3131313   0.4754444968E+000   0.1010931893E+001   0.9448137112E+000   0.9693342886E+000
 0.3232323   0.4884043930E+000   0.9785721887E+000   0.9662997010E+000   0.1011724263E+001
 0.3333333   0.5046633742E+000   0.9720266433E+000   0.9608310546E+000   0.9787603935E+000
 0.3434343   0.5341942718E+000   0.9705282654E+000   0.9681044996E+000   0.9955191355E+000
 0.3535354   0.5598979883E+000   0.9719653062E+000   0.9672349851E+000   0.9921754530E+000
 0.3636364   0.5857630949E+000   0.9803684897E+000   0.9675728458E+000   0.9960874149E+000
 0.3737374   0.6250750234E+000   0.9902744323E+000   0.9918516311E+000   0.1021648988E+001
 0.3838384   0.6527744372E+000   0.1001078525E+001   0.9971684201E+000   0.1004600606E+001
 0.3939394   0.6847848380E+000   0.9491785713E+000   0.9839263542E+000   0.9743681439E+000
 0.4040404   0.7222666392E+000   0.9797375937E+000   0.9810062236E+000   0.9903166295E+000
 0.4141414   0.7862253330E+000   0.1001485979E+001   0.9986343089E+000   0.9985695125E+000
 0.4242424   0.8223243027E+000   0.9887541483E+000   0.9995519840E+000   0.9792150170E+000
 0.4343434   0.8771834889E+000   0.9800048483E+000   0.1006375216E+001   0.9822910582E+000
 0.4444444   0.9348715738E+000   0.1013096217E+001   0.1022268198E+001   0.1000413671E+001
 0.4545455   0.9921265263E+000   0.9891878893E+000   0.1026821978E+001   0.1000585988E+001
 0.4646465   0.1038061938E+001   0.9881057275E+000   0.1037797103E+001   0.9993174415E+000
 0.4747475   0.1116881328E+001   0.9887322422E+000   0.1046170339E+001   0.1003423718E+001
 0.4848485   0.1191787213E+001   0.9894595250E+000   0.1065158531E+001   0.1030099852E+001
 0.4949495   0.1279388073E+001   0.1008167342E+001   0.1055620871E+001   0.9933670065E+000
 0.5050505   0.1308609540E+001   0.9964388114E+000   0.1056649432E+001   0.1006243117E+001
 0.5151515   0.1291855182E+001   0.9959875456E+000   0.1075448066E+001   0.1000072703E+001
 0.5252525   0.1327509590E+001   0.9889644470E+000   0.1068441267E+001   0.9996107470E+000
 0.5353535   0.1304137643E+001   0.9829227420E+000   0.1051165391E+001   0.9945622264E+000
 0.5454545   0.1300368577E+001   0.9921934075E+000   0.1063891206E+001   0.1005161553E+001
 0.5555556   0.1327945850E+001   0.9937662661E+000   0.1054558707E+001   0.1013117464E+001
 0.5656566   0.1325025537E+001   0.1003234087E+001   0.1064762980E+001   0.1005667505E+001
 0.5757576   0.1289317137E+001   0.9908264662E+000   0.1029698460E+001   0.9901039830E+000
 0.5858586   0.1314850751E+001   0.1007983331E+001   0.1055927493E+001   0.1003478713E+001
 0.5959596   0.1316252560E+001   0.9972975309E+000   0.1046467459E+001   0.1011852585E+001
 0.6060606   0.1319155250E+001   0.1010138892E+001   0.1056030887E+001   0.1001245925E+001
 0.6161616   0.1334379821E+001   0.1024759030E+001   0.1054046864E+001   0.1006411768E+001
 0.6262626   0.1298546990E+001   0.9740726739E+000   0.1073188964E+001   0.1024563711E+001
 0.6363636   0.1330642954E+001   0.1005148680E+001   0.1054512983E+001   0.1002353153E+001
 0.6464646   0.1299450492E+001   0.9825109072E+000   0.1053926062E+001   0.1016263166E+001
 0.6565657   0.1315217443E+001   0.9914792683E+000   0.1057152027E+001   0.1011768259E+001
 0.6666667   0.1304134352E+001   0.9792600405E+000   0.1072183367E+001   0.1022198935E+001
 0.6767677   0.1312659347E+001   0.9877420861E+000   0.1060188662E+001   0.1003500711E+001
 0.6868687   0.1306182353E+001   0.9798734116E+000   0.1048746834E+001   0.9907125919E+000
 0.6969697   0.1317510740E+001   0.1014230953E+001   0.1062974388E+001   0.1012175221E+001
 0.7070707   0.1311918355E+001   0.9965132922E+000   0.1058896492E+001   0.1000750972E+001
 0.7171717   0.1318624318E+001   0.9998693082E+000   0.1058265202E+001   0.1001641887E+001
 0.7272727   0.1298811659E+001   0.9778799557E+000   0.1053336654E+001   0.9914201914E+000
 0.7373737   0.1298583989E+001   0.9798427431E+000   0.1070532678E+001   0.1022253930E+001
 0.7474747   0.1323705046E+001   0.1003659065E+001   0.1062314598E+001   0.1012274211E+001
 0.7575758   0.1302838362E+001   0.9841845339E+000   0.1068217848E+001   0.1011742595E+001
 0.7676768   0.1292833153E+001   0.9836105938E+000   0.1072107165E+001   0.1026026572E+001
 0.7777778   0.1315441554E+001   0.1010349191E+001   0.1061134198E+001   0.1010851680E+001
 0.7878788   0.1302328688E+001   0.9909710466E+000   0.1062256101E+001   0.1007383342E+001
 0.7979798   0.1312410471E+001   0.9878954288E+000   0.1063772765E+001   0.1000952620E+001
 0.8080808   0.1306475017E+001   0.1006160743E+001   0.1069727947E+001   0.1024479386E+001
 0.8181818   0.1295636743E+001   0.9889118723E+000   0.1054829132E+001   0.1011078991E+001
 0.8282828   0.1306005670E+001   0.9963029936E+000   0.1067562709E+001   0.1031947676E+001
 0.8383838   0.1303272106E+001   0.9881407772E+000   0.1058990060E+001   0.9961057465E+000
 0.8484848   0.1308407870E+001   0.1007466347E+001   0.1064304814E+001   0.1025535285E+001
 0.8585859   0.1311443765E+001   0.9907169357E+000   0.1062625477E+001   0.1009634462E+001
 0.8686869   0.1325140919E+001   0.9943840184E+000   0.1074799250E+001   0.1016461147E+001
 0.8787879   0.1316182328E+001   0.1007185949E+001   0.1064392091E+001   0.1013539091E+001
 0.8888889   0.1297402467E+001   0.9767101694E+000   0.1056408685E+001   0.1003057086E+001
 0.8989899   0.1285995301E+001   0.9810782476E+000   0.1060663420E+001   0.1014056042E+001
 0.9090909   0.1308016713E+001   0.9798909365E+000   0.1065242692E+001   0.9995300880E+000
 0.9191919   0.1301860923E+001   0.9922065511E+000   0.1066533415E+001   0.1004109320E+001
 0.9292929   0.1307880320E+001   0.1013026117E+001   0.1063965110E+001   0.1017770023E+001
 0.9393939   0.1305128428E+001   0.9960182141E+000   0.1062972797E+001   0.1011265974E+001
 0.9494949   0.1307065889E+001   0.1004815708E+001   0.1064266755E+001   0.1008618892E+001
 0.9595960   0.1307174677E+001   0.9959919268E+000   0.1069847250E+001   0.1013205456E+001
 0.9696970   0.1323213039E+001   0.1009415991E+001   0.1067541539E+001   0.1021901964E+001
 0.9797980   0.1317236193E+001   0.1005468510E+001   0.1057175012E+001   0.1011584943E+001
 0.9898990   0.1303740158E+001   0.1007645977E+001   0.1062573708E+001   0.1023709459E+001
 1.0000000   0.1284915446E+001   0.9687188208E+000   0.1052630488E+001   0.9851251225E+000


 0.0000000   0.1172706648E+001   0.1050829536E+001   0.9127615251E+000   0.1006736987E+001
 0.0101010   0.1137498114E+001   0.1020738513E+001   0.8802690967E+000   0.9619320458E+000
 0.0202020   0.1130349320E+001   0.1016343769E+001   0.8920101868E+000   0.9658317125E+000
 0.0303030   0.1117027694E+001   0.1053686302E+001   0.8978734854E+000   0.9983543834E+000
 0.0404040   0.1095309996E+001   0.1071115496E+001   0.9142141582E+000   0.1020946188E+001
 0.0505051   0.1022717834E+001   0.1009822891E+001   0.8882722969E+000   0.9743028758E+000
 0.0606061   0.9913725769E+000   0.1046938928E+001   0.8977554206E+000   0.9834611378E+000
 0.0707071   0.9083569350E+000   0.1043230977E+001   0.8976929533E+000   0.9978841025E+000
 0.0808081   0.8388629508E+000   0.1023785243E+001   0.8830370113E+000   0.9739119930E+000
 0.0909091   0.7738875451E+000   0.1047859523E+001   0.8800074907E+000   0.9877913863E+000
 0.1010101   0.7134150348E+000   0.1051275221E+001   0.8892618767E+000   0.9977833280E+000
 0.1111111   0.6420601652E+000   0.1031387454E+001   0.8861622816E+000   0.1000870691E+001
 0.1212121   0.5792581728E+000   0.1021502022E+001   0.8733861046E+000   0.9746448982E+000
 0.1313131   0.5345021473E+000   0.1017742927E+001   0.8816591204E+000   0.9811036258E+000
 0.1414141   0.4886035819E+000   0.1024625468E+001   0.8959872521E+000   0.1014142384E+001
 0.1515152   0.4557637079E+000   0.9782267682E+000   0.8877194938E+000   0.9812899059E+000
 0.1616162   0.4232192074E+000   0.9928028497E+000   0.8893206149E+000   0.9918712256E+000
 0.1717172   0.4091437457E+000   0.1003283746E+001   0.9053942488E+000   0.9999148608E+000
 0.1818182   0.3882911934E+000   0.1006275679E+001   0.8896952920E+000   0.9715208896E+000
 0.1919192   0.3820322390E+000   0.1003619837E+001   0.8993163809E+000   0.9862706079E+000
 0.2020202   0.3728440660E+000   0.1007101292E+001   0.9065156754E+000   0.9989559765E+000
 0.2121212   0.3683872847E+000   0.1014495274E+001   0.9006855161E+000   0.1005747565E+001
 0.2222222   0.3655761058E+000   0.9514053169E+000   0.9026657217E+000   0.9794606966E+000
 0.2323232   0.3725986142E+000   0.9857559170E+000   0.9087684089E+000   0.9872508687E+000
 0.2424242   0.3690012123E+000   0.9899022460E+000   0.9164104894E+000   0.9747639953E+000
 0.2525253   0.3886899348E+000   0.9966861516E+000   0.9265995205E+000   0.9881120324E+000
 0.2626263   0.3996632365E+000   0.9974642733E+000   0.9263271579E+000   0.9805142479E+000
 0.2727273   0.4030186933E+000   0.9611482767E+000   0.9320466255E+000   0.9955296444E+000
 0.2828283   0.4126503755E+000   0.9544228215E+000   0.9311093599E+000   0.9717957290E+000
 0.2929293   0.4380065561E+000   0.9967226831E+000   0.9433679661E+000   0.1000091980E+001
 0.3030303   0.4434597157E+000   0.9775618943E+000   0.9353122711E+000   0.9940302424E+000
 0.3131313   0.4739208713E+000   0.1008617350E+001   0.9428448485E+000   0.9672944692E+000
 0.3232323   0.4848386304E+000   0.9723196193E+000   0.9617806730E+000   0.1006972128E+001
 0.3333333   0.5067647019E+000   0.9769700835E+000   0.9611275584E+000   0.9790423298E+000
 0.3434343   0.5387453727E+000   0.9796953358E+000   0.9651054623E+000   0.9924147970E+000
 0.3535354   0.5621070988E+000   0.9766960970E+000   0.9650529322E+000   0.9899168116E+000
 0.3636364   0.5832255105E+000   0.9770175744E+000   0.9700529068E+000   0.9986200615E+000
 0.3737374   0.6281995762E+000   0.9961381786E+000   0.9913349521E+000   0.1021095823E+001
 0.3838384   0.6531744348E+000   0.1002611566E+001   0.9907401908E+000   0.9981039741E+000
 0.3939394   0.6852035245E+000   0.9506308484E+000   0.9932492040E+000   0.9835802349E+000
 0.4040404   0.7267902078E+000   0.9867788000E+000   0.9788061471E+000   0.9880753871E+000
 0.4141414   0.7872036467E+000   0.1003652715E+001   0.1000214057E+001   0.1000128625E+001
 0.4242424   0.8188936147E+000   0.9855330747E+000   0.1008037269E+001   0.9875073855E+000
 0.4343434   0.8731750210E+000   0.9764221105E+000   0.1007203582E+001   0.9830794163E+000
 0.4444444   0.9318955338E+000   0.1010798283E+001   0.1026354191E+001   0.1004391690E+001
 0.4545455   0.9934844641E+000   0.9914511830E+000   0.1025004177E+001   0.9987941265E+000
 0.4646465   0.1036771512E+001   0.9877834171E+000   0.1038870159E+001   0.1000330174E+001
 0.4747475   0.1114971613E+001   0.9879478090E+000   0.1044020300E+001   0.1001340972E+001
 0.4848485   0.1188417720E+001   0.9875678811E+000   0.1062248428E+001   0.1027264442E+001
 0.4949495   0.1283416825E+001   0.1012270503E+001   0.1052044200E+001   0.9899809408E+000
 0.5050505   0.1303410290E+001   0.9933910074E+000   0.1056583659E+001   0.1006159824E+001
 0.5151515   0.1292735403E+001   0.9975811742E+000   0.1071100165E+001   0.9960090866E+000
 0.5252525   0.1329401550E+001   0.9912831379E+000   0.1068654435E+001   0.9997896562E+000
 0.5353535   0.1300939277E+001   0.9814123178E+000   0.1045018296E+001   0.9887258405E+000
 0.5454545   0.1302279470E+001   0.9945636696E+000   0.1064077563E+001   0.1005316983E+001
 0.5555556   0.1329894455E+001   0.9961381786E+000   0.1056702569E+001   0.1015156236E+001
 0.5656566   0.1323171935E+001   0.1002750386E+001   0.1068607284E+001   0.1009277726E+001
 0.5757576   0.1300321344E+001   0.1000200485E+001   0.1036731189E+001   0.9968458201E+000
 0.5858586   0.1312871349E+001   0.1007389891E+001   0.1060907419E+001   0.1008190583E+001
 0.5959596   0.1318728616E+001   0.1000090890E+001   0.1050041489E+001   0.1015287549E+001
 0.6060606   0.1323214469E+001   0.1014177449E+001   0.1057785830E+001   0.1002889235E+001
 0.6161616   0.1334935446E+001   0.1026126914E+001   0.1052896291E+001   0.1005292553E+001
 0.6262626   0.1299959640E+001   0.9760275699E+000   0.1078138354E+001   0.1029267716E+001
 0.6363636   0.1330396052E+001   0.1005884792E+001   0.1052271404E+001   0.1000201915E+001
 0.6464646   0.1307083995E+001   0.9891898811E+000   0.1056330940E+001   0.1018561192E+001
 0.6565657   0.1314380568E+001   0.9917580479E+000   0.1061600799E+001   0.1016005185E+001
 0.6666667   0.1311571434E+001   0.9857486107E+000   0.1065686206E+001   0.1015983809E+001
 0.6767677   0.1310467391E+001   0.9869979892E+000   0.1057538250E+001   0.1000971466E+001
 0.6868687   0.1302270737E+001   0.9778358808E+000   0.1051824616E+001   0.9935996605E+000
 0.6969697   0.1318153033E+001   0.1015656977E+001   0.1060864051E+001   0.1010144997E+001
 0.7070707   0.1316482562E+001   0.1000898237E+001   0.1059894733E+001   0.1001673833E+001
 0.7171717   0.1323555021E+001   0.1004529472E+001   0.1060188807E+001   0.1003441967E+001
 0.7272727   0.1305924049E+001   0.9841375702E+000   0.1055252117E+001   0.9932026702E+000
 0.7373737   0.1302910311E+001   0.9840097098E+000   0.1067311062E+001   0.1019156678E+001
 0.7474747   0.1320913302E+001   0.1002461787E+001   0.1057220781E+001   0.1007399656E+001
 0.7575758   0.1308785051E+001   0.9895844217E+000   0.1067130118E+001   0.1010691622E+001
 0.7676768   0.1301559586E+001   0.9911589307E+000   0.1067953315E+001   0.1022030277E+001
 0.7777778   0.1320293388E+001   0.1015006715E+001   0.1060930258E+001   0.1010636654E+001
 0.7878788   0.1308868272E+001   0.9968615030E+000   0.1057973633E+001   0.1003301494E+001
 0.7979798   0.1321957980E+001   0.9959957056E+000   0.1064518907E+001   0.1001634134E+001
 0.8080808   0.1309236098E+001   0.1009212814E+001   0.1065359067E+001   0.1020274358E+001
 0.8181818   0.1301306002E+001   0.9941508632E+000   0.1057231192E+001   0.1013360619E+001
 0.8282828   0.1306515236E+001   0.9976067462E+000   0.1064354029E+001   0.1028824920E+001
 0.8383838   0.1310925291E+001   0.9948559218E+000   0.1059561609E+001   0.9966228947E+000
 0.8484848   0.1312934079E+001   0.1011879616E+001   0.1062457537E+001   0.1023734282E+001
 0.8585859   0.1316019143E+001   0.9950860705E+000   0.1063477120E+001   0.1010422890E+001
 0.8686869   0.1323148125E+001   0.9938001605E+000   0.1072601918E+001   0.1014362256E+001
 0.8787879   0.1309288990E+001   0.1002830755E+001   0.1059659664E+001   0.1009012047E+001
 0.8888889   0.1300940153E+001   0.9802725340E+000   0.1061869189E+001   0.1008221120E+001
 0.8989899   0.1292305100E+001   0.9867970657E+000   0.1057833656E+001   0.1011329860E+001
 0.9090909   0.1313756892E+001   0.9850946963E+000   0.1063116520E+001   0.9975145961E+000
 0.9191919   0.1306261311E+001   0.9964742687E+000   0.1066187043E+001   0.1003762613E+001
 0.9292929   0.1313617713E+001   0.1018404148E+001   0.1065937791E+001   0.1019636120E+001
 0.9393939   0.1308952196E+001   0.9998534355E+000   0.1059010781E+001   0.1007476000E+001
 0.9494949   0.1307071254E+001   0.1005742319E+001   0.1062660509E+001   0.1007075956E+001
 0.9595960   0.1306330345E+001   0.9962623858E+000   0.1066299020E+001   0.1009824351E+001
 0.9696970   0.1323072905E+001   0.1010235697E+001   0.1069356419E+001   0.1023618238E+001
 0.9797980   0.1323204804E+001   0.1010951715E+001   0.1057278002E+001   0.1011662721E+001
 0.9898990   0.1306227255E+001   0.1010495071E+001   0.1061071271E+001   0.1022240987E+001
 1.0000000   0.1301976647E+001   0.9824826917E+000   0.1057246884E+001   0.9894251543E+000


 0.0000000   0.1179850122E+001   0.1056497377E+001   0.9053649986E+000   0.9985230332E+000
 0.0101010   0.1149068856E+001   0.1030406446E+001   0.8858448476E+000   0.9679708709E+000
 0.0202020   0.1141507769E+001   0.1025664964E+001   0.8912275909E+000   0.9649303296E+000
 0.0303030   0.1128106351E+001   0.1063398725E+001   0.8983857209E+000   0.9988680227E+000
 0.0404040   0.1101343176E+001   0.1076268461E+001   0.9111931085E+000   0.1017515475E+001
 0.0505051   0.1029927446E+001   0.1016236316E+001   0.8839454833E+000   0.9695027271E+000
 0.0606061   0.9984446583E+000   0.1053676131E+001   0.8983093682E+000   0.9840128802E+000
 0.0707071   0.9141547274E+000   0.1049161499E+001   0.8951610629E+000   0.9950139242E+000
 0.0808081   0.8519501484E+000   0.1039036326E+001   0.8906088916E+000   0.9822081219E+000
 0.0909091   0.7828132421E+000   0.1059209990E+001   0.8835693200E+000   0.9917339499E+000
 0.1010101   0.7182484226E+000   0.1057663577E+001   0.8897483686E+000   0.9982733021E+000
 0.1111111   0.6467053846E+000   0.1038128927E+001   0.8881680899E+000   0.1003079983E+001
 0.1212121   0.5850031711E+000   0.1030917657E+001   0.8768766263E+000   0.9784853254E+000
 0.1313131   0.5394126461E+000   0.1026380659E+001   0.8862804068E+000   0.9861909478E+000
 0.1414141   0.4929500113E+000   0.1033023207E+001   0.8964677172E+000   0.1014629406E+001
 0.1515152   0.4616234419E+000   0.9901166302E+000   0.8910082742E+000   0.9848702047E+000
 0.1616162   0.4248885127E+000   0.9960275072E+000   0.8912002972E+000   0.9939120176E+000
 0.1717172   0.4113612370E+000   0.1008021795E+001   0.9046042414E+000   0.9989864519E+000
 0.1818182   0.3909325344E+000   0.1012418209E+001   0.8900966781E+000   0.9719047804E+000
 0.1919192   0.3825039534E+000   0.1004162152E+001   0.8966834499E+000   0.9833280504E+000
 0.2020202   0.3754963535E+000   0.1013562044E+001   0.9087669700E+000   0.1001380782E+001
 0.2121212   0.3693499086E+000   0.1016440801E+001   0.9045193386E+000   0.1009972049E+001
 0.2222222   0.3666799265E+000   0.9536161659E+000   0.9058795813E+000   0.9828929517E+000
 0.2323232   0.3751374680E+000   0.9917844561E+000   0.9115170917E+000   0.9901814974E+000
 0.2424242   0.3698152022E+000   0.9913978528E+000   0.9151291066E+000   0.9733465274E+000
 0.2525253   0.3875792106E+000   0.9931487504E+000   0.9259145573E+000   0.9873263236E+000
 0.2626263   0.3992197645E+000   0.9956664645E+000   0.9268531674E+000   0.9810161062E+000
 0.2727273   0.4014195805E+000   0.9566706516E+000   0.9337203187E+000   0.9972615047E+000
 0.2828283   0.4155197545E+000   0.9603929065E+000   0.9370089149E+000   0.9778983284E+000
 0.2929293   0.4410045888E+000   0.1002848979E+001   0.9447385538E+000   0.1001488913E+001
 0.3030303   0.4440654135E+000   0.9782181946E+000   0.9390253798E+000   0.9979205890E+000
 0.3131313   0.4721399319E+000   0.1004130201E+001   0.9399054864E+000   0.9642249035E+000
 0.3232323   0.4843144336E+000   0.9705947608E+000   0.9609300989E+000   0.1006025266E+001
 0.3333333   0.5083181900E+000   0.9792853475E+000   0.9577758303E+000   0.9755735115E+000
 0.3434343   0.5368822495E+000   0.9756301890E+000   0.9673792657E+000   0.9946972548E+000
 0.3535354   0.5566077711E+000   0.9664699271E+000   0.9668609855E+000   0.9917159281E+000
 0.3636364   0.5838207050E+000   0.9773363556E+000   0.9697278376E+000   0.9982295348E+000
 0.3737374   0.6225107047E+000   0.9864327161E+000   0.9912737907E+000   0.1020975667E+001
 0.3838384   0.6515933475E+000   0.9994909617E+000   0.9917432318E+000   0.9990585393E+000
 0.3939394   0.6835458485E+000   0.9476733382E+000   0.9931749321E+000   0.9834516287E+000
 0.4040404   0.7250755555E+000   0.9837680288E+000   0.9857398761E+000   0.9950190733E+000
 0.4141414   0.7838766123E+000   0.9987177550E+000   0.9975518719E+000   0.9974108285E+000
 0.4242424   0.8189719749E+000   0.9849438141E+000   0.1010539713E+001   0.9899034462E+000
 0.4343434   0.8675369236E+000   0.9694445360E+000   0.1009917821E+001   0.9856734637E+000
 0.4444444   0.9339159401E+000   0.1012287212E+001   0.1026744496E+001   0.1004717396E+001
 0.4545455   0.9908525614E+000   0.9881388827E+000   0.1023256113E+001   0.9970349444E+000
 0.4646465   0.1036579110E+001   0.9869151714E+000   0.1040893827E+001   0.1002222659E+001
 0.4747475   0.1110465661E+001   0.9832727932E+000   0.1046461081E+001   0.1003625788E+001
 0.4848485   0.1191119000E+001   0.9891261589E+000   0.1058908919E+001   0.1023977590E+001
 0.4949495   0.1278621112E+001   0.1007788555E+001   0.1051872991E+001   0.9897644206E+000
 0.5050505   0.1300217010E+001   0.9902699935E+000   0.1054270929E+001   0.1003901264E+001
 0.5151515   0.1294091365E+001   0.9979349632E+000   0.1065969900E+001   0.9911829966E+000
 0.5252525   0.1321469345E+001   0.9846850135E+000   0.1062095677E+001   0.9935979227E+000
 0.5353535   0.1297575481E+001   0.9781958291E+000   0.1047864488E+001   0.9913632150E+000
 0.5454545   0.1300224054E+001   0.9923052523E+000   0.1065791619E+001   0.1006880016E+001
 0.5555556   0.1327160830E+001   0.9934011608E+000   0.1056500072E+001   0.1014904883E+001
 0.5656566   0.1316968040E+001   0.9973566558E+000   0.1070274622E+001   0.1010795904E+001
 0.5757576   0.1303002557E+001   0.1001567756E+001   0.1038348886E+001   0.9983453894E+000
 0.5858586   0.1306539609E+001   0.1001836142E+001   0.1062256321E+001   0.1009415946E+001
 0.5959596   0.1315218049E+001   0.9967368125E+000   0.1059738014E+001   0.1024605780E+001
 0.6060606   0.1321906814E+001   0.1012472526E+001   0.1062342372E+001   0.1007152918E+001
 0.6161616   0.1329957166E+001   0.1021591252E+001   0.1050966751E+001   0.1003394078E+001
 0.6262626   0.1300885794E+001   0.9760455479E+000   0.1077514286E+001   0.1028614351E+001
 0.6363636   0.1328345884E+001   0.1003638161E+001   0.1050344525E+001   0.9983144948E+000
 0.6464646   0.1307057690E+001   0.9884839501E+000   0.1058576475E+001   0.1020669296E+001
 0.6565657   0.1313594706E+001   0.9904776730E+000   0.1057664215E+001   0.1012181011E+001
 0.6666667   0.1310810306E+001   0.9844933094E+000   0.1066218281E+001   0.1016434164E+001
 0.6767677   0.1306533515E+001   0.9833526699E+000   0.1054441992E+001   0.9979849527E+000
 0.6868687   0.1299008643E+001   0.9747100092E+000   0.1057479980E+001   0.9988860445E+000
 0.6969697   0.1311790895E+001   0.1010053859E+001   0.1063705347E+001   0.1012793753E+001
 0.7070707   0.1313096406E+001   0.9976314317E+000   0.1061635462E+001   0.1003262776E+001
 0.7171717   0.1324326294E+001   0.1004417758E+001   0.1062683911E+001   0.1005747215E+001
 0.7272727   0.1301205988E+001   0.9799019957E+000   0.1051997146E+001   0.9900836646E+000
 0.7373737   0.1298524229E+001   0.9800170182E+000   0.1063392432E+001   0.1015358003E+001
 0.7474747   0.1320436321E+001   0.1001404808E+001   0.1059474452E+001   0.1009490608E+001
 0.7575758   0.1304980894E+001   0.9860237473E+000   0.1068498816E+001   0.1011931280E+001
 0.7676768   0.1305833417E+001   0.9937238627E+000   0.1068205118E+001   0.1022214025E+001
 0.7777778   0.1317008509E+001   0.1011779196E+001   0.1058845926E+001   0.1008594665E+001
 0.7878788   0.1307480231E+001   0.9951137176E+000   0.1055342199E+001   0.1000750017E+001
 0.7979798   0.1313891391E+001   0.9892315962E+000   0.1061540056E+001   0.9987753390E+000
 0.8080808   0.1308486575E+001   0.1007935528E+001   0.1061978552E+001   0.1016979969E+001
 0.8181818   0.1302675170E+001   0.9945066546E+000   0.1053443319E+001   0.1009673401E+001
 0.8282828   0.1306838793E+001   0.9971617566E+000   0.1061004764E+001   0.1025530043E+001
 0.8383838   0.1315069411E+001   0.9973087298E+000   0.1061583693E+001   0.9984689677E+000
 0.8484848   0.1311719439E+001   0.1010242368E+001   0.1058462149E+001   0.1019827419E+001
 0.8585859   0.1315518706E+001   0.9940178091E+000   0.1061081193E+001   0.1008090054E+001
 0.8686869   0.1317349573E+001   0.9887587261E+000   0.1062713247E+001   0.1004954254E+001
 0.8787879   0.1308810534E+001   0.1001769046E+001   0.1059434754E+001   0.1008741415E+001
 0.8888889   0.1302598432E+001   0.9808413459E+000   0.1062872554E+001   0.1009117299E+001
 0.8989899   0.1295626195E+001   0.9886468986E+000   0.1060261720E+001   0.1013594438E+001
 0.9090909   0.1309512515E+001   0.9812311443E+000   0.1057355138E+001   0.9920531939E+000
 0.9191919   0.1312256795E+001   0.1000353630E+001   0.1064534341E+001   0.1002150572E+001
 0.9292929   0.1311694088E+001   0.1016207561E+001   0.1065599926E+001   0.1019255869E+001
 0.9393939   0.1310549397E+001   0.1000379191E+001   0.1057929348E+001   0.1006390852E+001
 0.9494949   0.1304319444E+001   0.1002928856E+001   0.1056286329E+001   0.1000979152E+001
 0.9595960   0.1301734405E+001   0.9920688172E+000   0.1063401791E+001   0.1007024191E+001
 0.9696970   0.1316835271E+001   0.1004775605E+001   0.1067225707E+001   0.1021521471E+001
 0.9797980   0.1316046346E+001   0.1004785190E+001   0.1052120604E+001   0.1006671478E+001
 0.9898990   0.1301805973E+001   0.1006376335E+001   0.1063133781E+001   0.1024170681E+001
 1.0000000   0.1298580891E+001   0.9792406165E+000   0.1057121130E+001   0.9892520855E+000


 0.0000000   0.1173493739E+001   0.1050830146E+001   0.9085842967E+000   0.1002074768E+001
 0.0101010   0.1140517906E+001   0.1022762478E+001   0.8829319857E+000   0.9647891005E+000
 0.0202020   0.1132255114E+001   0.1017375101E+001   0.8881232510E+000   0.9615704040E+000
 0.0303030   0.1120896529E+001   0.1056627187E+001   0.8966446434E+000   0.9969333886E+000
 0.0404040   0.1091994720E+001   0.1067157823E+001   0.9079629439E+000   0.1013909598E+001
 0.0505051   0.1020993723E+001   0.1007444933E+001   0.8819977822E+000   0.9673676514E+000
 0.0606061   0.9888037370E+000   0.1043526323E+001   0.8981819059E+000   0.9838744206E+000
 0.0707071   0.9040037604E+000   0.1037535673E+001   0.8919886261E+000   0.9914887828E+000
 0.0808081   0.8416467540E+000   0.1026494358E+001   0.8884385089E+000   0.9798156736E+000
 0.0909091   0.7821344897E+000   0.1058316354E+001   0.8879804996E+000   0.9966863149E+000
 0.1010101   0.7121411750E+000   0.1048694837E+001   0.8894299198E+000   0.9979171912E+000
 0.1111111   0.6444731377E+000   0.1034569810E+001   0.8881858670E+000   0.1003101247E+001
 0.1212121   0.5844442840E+000   0.1029956869E+001   0.8806764792E+000   0.9827266510E+000
 0.1313131   0.5359531394E+000   0.1019821868E+001   0.8850655047E+000   0.9848402542E+000
 0.1414141   0.4904991950E+000   0.1027911350E+001   0.8939632221E+000   0.1011795995E+001
 0.1515152   0.4592181600E+000   0.9849806971E+000   0.8910715671E+000   0.9849413298E+000
 0.1616162   0.4239414196E+000   0.9938305846E+000   0.8938983101E+000   0.9969221580E+000
 0.1717172   0.4105333802E+000   0.1006016717E+001   0.9041535815E+000   0.9984899529E+000
 0.1818182   0.3902739447E+000   0.1010736283E+001   0.8897932769E+000   0.9715746427E+000
 0.1919192   0.3801521250E+000   0.9980114129E+000   0.8975636315E+000   0.9842944459E+000
 0.2020202   0.3743118267E+000   0.1010388348E+001   0.9064359590E+000   0.9988133949E+000
 0.2121212   0.3702221554E+000   0.1018865048E+001   0.9045907699E+000   0.1010053002E+001
 0.2222222   0.3664436590E+000   0.9530240170E+000   0.9072550658E+000   0.9843865370E+000
 0.2323232   0.3747181940E+000   0.9906991723E+000   0.9132756472E+000   0.9920929903E+000
 0.2424242   0.3710164752E+000   0.9946414969E+000   0.9188598249E+000   0.9773157370E+000
 0.2525253   0.3874442123E+000   0.9928260634E+000   0.9274030626E+000   0.9889147241E+000
 0.2626263   0.3995824825E+000   0.9965944207E+000   0.9273222334E+000   0.9815137437E+000
 0.2727273   0.4046883483E+000   0.9644834148E+000   0.9299315257E+000   0.9932160525E+000
 0.2828283   0.4161216411E+000   0.9618065623E+000   0.9363462706E+000   0.9772079230E+000
 0.2929293   0.4430375080E+000   0.1007495439E+001   0.9457562386E+000   0.1002568915E+001
 0.3030303   0.4446448576E+000   0.9795175610E+000   0.9395240996E+000   0.9984517688E+000
 0.3131313   0.4732414978E+000   0.1006496530E+001   0.9417023398E+000   0.9660693915E+000
 0.3232323   0.4878340993E+000   0.9776712624E+000   0.9601269832E+000   0.1005185650E+001
 0.3333333   0.5124247497E+000   0.9872198252E+000   0.9579106636E+000   0.9757120041E+000
 0.3434343   0.5362820440E+000   0.9745622974E+000   0.9673443768E+000   0.9946625567E+000
 0.3535354   0.5606265757E+000   0.9734707926E+000   0.9719202559E+000   0.9969064351E+000
 0.3636364   0.5883029533E+000   0.9848628482E+000   0.9709724788E+000   0.9995119396E+000
 0.3737374   0.6250734194E+000   0.9905167871E+000   0.9879667899E+000   0.1017570781E+001
 0.3838384   0.6546835569E+000   0.1004254596E+001   0.9920650476E+000   0.9993839105E+000
 0.3939394   0.6864035348E+000   0.9516575315E+000   0.9920718755E+000   0.9823605327E+000
 0.4040404   0.7298878051E+000   0.9903203724E+000   0.9897535384E+000   0.9990716992E+000
 0.4141414   0.7829691367E+000   0.9975849123E+000   0.1000397916E+001   0.1000257653E+001
 0.4242424   0.8212815244E+000   0.9877445332E+000   0.1011835890E+001   0.9911743253E+000
 0.4343434   0.8759505400E+000   0.9788693924E+000   0.1008061829E+001   0.9838631900E+000
 0.4444444   0.9379615081E+000   0.1016696068E+001   0.1028153720E+001   0.1006097577E+001
 0.4545455   0.9891059436E+000   0.9864201366E+000   0.1023561001E+001   0.9973331988E+000
 0.4646465   0.1042568539E+001   0.9926408724E+000   0.1042894496E+001   0.1004150187E+001
 0.4747475   0.1111253033E+001   0.9839930115E+000   0.1043507694E+001   0.1000794477E+001
 0.4848485   0.1193519179E+001   0.9911425084E+000   0.1059896265E+001   0.1024933577E+001
 0.4949495   0.1278048431E+001   0.1007360755E+001   0.1047490774E+001   0.9856421206E+000
 0.5050505   0.1298576470E+001   0.9890436765E+000   0.1052823310E+001   0.1002523993E+001
 0.5151515   0.1295823029E+001   0.9992937206E+000   0.1065439961E+001   0.9906914086E+000
 0.5252525   0.1324689488E+001   0.9871075882E+000   0.1062805076E+001   0.9942627466E+000
 0.5353535   0.1303720043E+001   0.9828510000E+000   0.1050249028E+001   0.9936203550E+000
 0.5454545   0.1301607658E+001   0.9933844425E+000   0.1064553203E+001   0.1005711243E+001
 0.5555556   0.1326050337E+001   0.9925931717E+000   0.1052409087E+001   0.1010976159E+001
 0.5656566   0.1320421224E+001   0.9999952019E+000   0.1068402240E+001   0.1009028769E+001
 0.5757576   0.1305098586E+001   0.1003202374E+001   0.1041642437E+001   0.1001513237E+001
 0.5858586   0.1306933170E+001   0.1002161376E+001   0.1055472720E+001   0.1002970971E+001
 0.5959596   0.1319597759E+001   0.1000079380E+001   0.1058647067E+001   0.1023552210E+001
 0.6060606   0.1325990680E+001   0.1015624204E+001   0.1060171280E+001   0.1005095805E+001
 0.6161616   0.1327863707E+001   0.1020007059E+001   0.1052307976E+001   0.1004675780E+001
 0.6262626   0.1300688505E+001   0.9759203652E+000   0.1071007893E+001   0.1022404441E+001
 0.6363636   0.1330764646E+001   0.1005489203E+001   0.1050163955E+001   0.9981440498E+000
 0.6464646   0.1312994793E+001   0.9929972249E+000   0.1059310208E+001   0.1021377962E+001
 0.6565657   0.1317463550E+001   0.9934181136E+000   0.1052916252E+001   0.1007638418E+001
 0.6666667   0.1319647483E+001   0.9911537321E+000   0.1067077091E+001   0.1017254077E+001
 0.6767677   0.1304818658E+001   0.9820849824E+000   0.1059791883E+001   0.1003049586E+001
 0.6868687   0.1300336979E+001   0.9757295623E+000   0.1056008382E+001   0.9974971659E+000
 0.6969697   0.1312620949E+001   0.1010716641E+001   0.1069617677E+001   0.1018424308E+001
 0.7070707   0.1314326578E+001   0.9985894334E+000   0.1062884610E+001   0.1004444429E+001
 0.7171717   0.1324372436E+001   0.1004476264E+001   0.1062848748E+001   0.1005904410E+001
 0.7272727   0.1300393065E+001   0.9793127285E+000   0.1051744296E+001   0.9898468657E+000
 0.7373737   0.1295906265E+001   0.9780640919E+000   0.1060907422E+001   0.1012986441E+001
 0.7474747   0.1318073205E+001   0.9996360435E+000   0.1059893710E+001   0.1009891281E+001
 0.7575758   0.1308731684E+001   0.9888809328E+000   0.1068501749E+001   0.1011935254E+001
 0.7676768   0.1309718707E+001   0.9967038518E+000   0.1069360486E+001   0.1023320860E+001
 0.7777778   0.1317395207E+001   0.1012099962E+001   0.1060936879E+001   0.1010587580E+001
 0.7878788   0.1307290019E+001   0.9949922375E+000   0.1055783401E+001   0.1001169580E+001
 0.7979798   0.1318355171E+001   0.9926156191E+000   0.1064319836E+001   0.1001391946E+001
 0.8080808   0.1306901164E+001   0.1006737840E+001   0.1062057129E+001   0.1017056418E+001
 0.8181818   0.1300424997E+001   0.9928120338E+000   0.1055926182E+001   0.1012054299E+001
 0.8282828   0.1308914559E+001   0.9987690126E+000   0.1060460774E+001   0.1025005453E+001
 0.8383838   0.1315450899E+001   0.9976213893E+000   0.1060616075E+001   0.9975600574E+000
 0.8484848   0.1314668956E+001   0.1012537687E+001   0.1060242688E+001   0.1021544175E+001
 0.8585859   0.1315971676E+001   0.9943833518E+000   0.1061826850E+001   0.1008799665E+001
 0.8686869   0.1311317063E+001   0.9842539625E+000   0.1064327185E+001   0.1006481664E+001
 0.8787879   0.1309420772E+001   0.1002259583E+001   0.1061787625E+001   0.1010982898E+001
 0.8888889   0.1297310948E+001   0.9768827974E+000   0.1062600619E+001   0.1008860310E+001
 0.8989899   0.1297505777E+001   0.9901043162E+000   0.1058160715E+001   0.1011587105E+001
 0.9090909   0.1307614432E+001   0.9798318246E+000   0.1059977007E+001   0.9945143125E+000
 0.9191919   0.1311086020E+001   0.9994845235E+000   0.1066320753E+001   0.1003833483E+001
 0.9292929   0.1310508410E+001   0.1015312747E+001   0.1062089863E+001   0.1015899664E+001
 0.9393939   0.1314106880E+001   0.1003118196E+001   0.1057596192E+001   0.1006075115E+001
 0.9494949   0.1302998900E+001   0.1001936902E+001   0.1053935665E+001   0.9987527495E+000
 0.9595960   0.1309346648E+001   0.9978935640E+000   0.1064556727E+001   0.1008119089E+001
 0.9696970   0.1309767280E+001   0.9994059576E+000   0.1064462731E+001   0.1018878025E+001
 0.9797980   0.1316503965E+001   0.1005158104E+001   0.1053146387E+001   0.1007654141E+001
 0.9898990   0.1304290181E+001   0.1008320381E+001   0.1065069244E+001   0.1026036424E+001
 1.0000000   0.1297600556E+001   0.9785242636E+000   0.1055871292E+001   0.9880836580E+000


 0.0000000   0.1167901540E+001   0.1046352992E+001   0.9087533550E+000   0.1002325884E+001
 0.0101010   0.1129489072E+001   0.1013386127E+001   0.8821884326E+000   0.9640388044E+000
 0.0202020   0.1122561346E+001   0.1009176527E+001   0.8871190433E+000   0.9605451159E+000
 0.0303030   0.1109893169E+001   0.1046785451E+001   0.8978714806E+000   0.9983618527E+000
 0.0404040   0.1081803235E+001   0.1057734409E+001   0.9058730074E+000   0.1011641058E+001
 0.0505051   0.1009663278E+001   0.9967702072E+000   0.8835810910E+000   0.9691667340E+000
 0.0606061   0.9751884450E+000   0.1029679577E+001   0.8934070174E+000   0.9787071144E+000
 0.0707071   0.8958679500E+000   0.1028719669E+001   0.8883895522E+000   0.9875519459E+000
 0.0808081   0.8339849026E+000   0.1017665720E+001   0.8857118397E+000   0.9768715827E+000
 0.0909091   0.7745887504E+000   0.1048637775E+001   0.8887696295E+000   0.9976364091E+000
 0.1010101   0.7033361245E+000   0.1036253952E+001   0.8859109330E+000   0.9940331069E+000
 0.1111111   0.6410487036E+000   0.1029594586E+001   0.8884143410E+000   0.1003424014E+001
 0.1212121   0.5789916830E+000   0.1020865416E+001   0.8823147540E+000   0.9846182839E+000
 0.1313131   0.5319240672E+000   0.1012668695E+001   0.8846728255E+000   0.9844668177E+000
 0.1414141   0.4887630326E+000   0.1024792542E+001   0.8945363592E+000   0.1012509996E+001
 0.1515152   0.4550158237E+000   0.9764621385E+000   0.8864903897E+000   0.9799407671E+000
 0.1616162   0.4236006764E+000   0.9935355148E+000   0.8934910960E+000   0.9965322999E+000
 0.1717172   0.4091721390E+000   0.1003189597E+001   0.9005957016E+000   0.9946250210E+000
 0.1818182   0.3896824992E+000   0.1009716476E+001   0.8914675370E+000   0.9734655852E+000
 0.1919192   0.3784551970E+000   0.9940604648E+000   0.8970850158E+000   0.9838330510E+000
 0.2020202   0.3707308585E+000   0.1001229783E+001   0.9024410850E+000   0.9944755477E+000
 0.2121212   0.3690732201E+000   0.1016218358E+001   0.9037485883E+000   0.1009177738E+001
 0.2222222   0.3660649088E+000   0.9525219152E+000   0.9085598851E+000   0.9858658875E+000
 0.2323232   0.3735573399E+000   0.9881310287E+000   0.9109538000E+000   0.9896346068E+000
 0.2424242   0.3716648797E+000   0.9968851962E+000   0.9157317704E+000   0.9740515204E+000
 0.2525253   0.3877984781E+000   0.9942379480E+000   0.9246113076E+000   0.9860014099E+000
 0.2626263   0.3986148666E+000   0.9946854054E+000   0.9239782846E+000   0.9780374742E+000
 0.2727273   0.4047661672E+000   0.9651582135E+000   0.9277518430E+000   0.9909519646E+000
 0.2828283   0.4166995418E+000   0.9636308587E+000   0.9333876697E+000   0.9741830568E+000
 0.2929293   0.4438934505E+000   0.1009953953E+001   0.9454114636E+000   0.1002268087E+001
 0.3030303   0.4464606117E+000   0.9840164200E+000   0.9422911209E+000   0.1001456946E+001
 0.3131313   0.4725587986E+000   0.1005554372E+001   0.9429297710E+000   0.9673909915E+000
 0.3232323   0.4889235966E+000   0.9803517685E+000   0.9584643345E+000   0.1003509712E+001
 0.3333333   0.5121150421E+000   0.9871236245E+000   0.9561209584E+000   0.9739518715E+000
 0.3434343   0.5398708004E+000   0.9815816516E+000   0.9670148332E+000   0.9943878567E+000
 0.3535354   0.5655995615E+000   0.9826040544E+000   0.9696645518E+000   0.9946569086E+000
 0.3636364   0.5866978776E+000   0.9826740477E+000   0.9685342987E+000   0.9970664177E+000
 0.3737374   0.6250885686E+000   0.9910432518E+000   0.9846731561E+000   0.1014243886E+001
 0.3838384   0.6558402844E+000   0.1006539278E+001   0.9938668777E+000   0.1001263627E+001
 0.3939394   0.6919227595E+000   0.9597962234E+000   0.9927985123E+000   0.9831434810E+000
 0.4040404   0.7338583693E+000   0.9962127602E+000   0.9897169835E+000   0.9990992542E+000
 0.4141414   0.7835528323E+000   0.9988350108E+000   0.9943016944E+000   0.9942264256E+000
 0.4242424   0.8211759450E+000   0.9881185299E+000   0.1010209073E+001   0.9896445717E+000
 0.4343434   0.8794436957E+000   0.9832714909E+000   0.1007459536E+001   0.9833387928E+000
 0.4444444   0.9383501042E+000   0.1017633223E+001   0.1026766714E+001   0.1004805147E+001
 0.4545455   0.9884401747E+000   0.9862562070E+000   0.1025137595E+001   0.9989338371E+000
 0.4646465   0.1041462355E+001   0.9920906522E+000   0.1037923243E+001   0.9994280953E+000
 0.4747475   0.1115239117E+001   0.9880235390E+000   0.1043389263E+001   0.1000745453E+001
 0.4848485   0.1196952557E+001   0.9944979232E+000   0.1060725008E+001   0.1025801159E+001
 0.4949495   0.1278561829E+001   0.1008276613E+001   0.1050975503E+001   0.9889848963E+000
 0.5050505   0.1302946680E+001   0.9928755775E+000   0.1058823767E+001   0.1008302822E+001
 0.5151515   0.1301271626E+001   0.1004004519E+001   0.1064554100E+001   0.9899315604E+000
 0.5252525   0.1322932905E+001   0.9862987030E+000   0.1064768275E+001   0.9961635992E+000
 0.5353535   0.1305578533E+001   0.9847513501E+000   0.1053728712E+001   0.9969767337E+000
 0.5454545   0.1305198452E+001   0.9966302205E+000   0.1061177666E+001   0.1002586964E+001
 0.5555556   0.1331966862E+001   0.9975276351E+000   0.1054524879E+001   0.1013074008E+001
 0.5656566   0.1325498373E+001   0.1004349486E+001   0.1068005714E+001   0.1008719354E+001
 0.5757576   0.1309952423E+001   0.1007444192E+001   0.1041249317E+001   0.1001199852E+001
 0.5858586   0.1307056878E+001   0.1002764637E+001   0.1058949510E+001   0.1006339739E+001
 0.5959596   0.1326769063E+001   0.1006024327E+001   0.1058080867E+001   0.1023070780E+001
 0.6060606   0.1323464548E+001   0.1014203549E+001   0.1060674977E+001   0.1005638211E+001
 0.6161616   0.1327276269E+001   0.1020072991E+001   0.1049088036E+001   0.1001666208E+001
 0.6262626   0.1302295851E+001   0.9776220281E+000   0.1068442766E+001   0.1020021526E+001
 0.6363636   0.1327547284E+001   0.1003567061E+001   0.1051040324E+001   0.9990414578E+000
 0.6464646   0.1307434214E+001   0.9892934182E+000   0.1060685348E+001   0.1022769841E+001
 0.6565657   0.1321918128E+001   0.9972826584E+000   0.1052328503E+001   0.1007140916E+001
 0.6666667   0.1315245368E+001   0.9883485081E+000   0.1071756927E+001   0.1021781324E+001
 0.6767677   0.1302625635E+001   0.9809317134E+000   0.1063081654E+001   0.1006228133E+001
 0.6868687   0.1303277307E+001   0.9784319511E+000   0.1060566647E+001   0.1001867499E+001
 0.6969697   0.1315232364E+001   0.1013241141E+001   0.1069114210E+001   0.1018010612E+001
 0.7070707   0.1315732745E+001   0.1000164884E+001   0.1063906277E+001   0.1005474787E+001
 0.7171717   0.1324752763E+001   0.1005274398E+001   0.1064735146E+001   0.1007754753E+001
 0.7272727   0.1301743125E+001   0.9808267234E+000   0.1056024654E+001   0.9939394369E+000
 0.7373737   0.1296342206E+001   0.9788894076E+000   0.1062408368E+001   0.1014485036E+001
 0.7474747   0.1323148912E+001   0.1003994520E+001   0.1061306070E+001   0.1011302252E+001
 0.7575758   0.1308107869E+001   0.9889109546E+000   0.1066259937E+001   0.1009877273E+001
 0.7676768   0.1313058625E+001   0.9997524235E+000   0.1067651566E+001   0.1021751430E+001
 0.7777778   0.1318768063E+001   0.1013668600E+001   0.1062399032E+001   0.1012045632E+001
 0.7878788   0.1307008855E+001   0.9952828486E+000   0.1055711485E+001   0.1001165971E+001
 0.7979798   0.1319136888E+001   0.9937079984E+000   0.1064513000E+001   0.1001638307E+001
 0.8080808   0.1312153184E+001   0.1011296326E+001   0.1065344843E+001   0.1020270648E+001
 0.8181818   0.1304122925E+001   0.9961402671E+000   0.1058225588E+001   0.1014323605E+001
 0.8282828   0.1312633332E+001   0.1002114699E+001   0.1063518548E+001   0.1028027314E+001
 0.8383838   0.1315764057E+001   0.9983650555E+000   0.1061385243E+001   0.9983479019E+000
 0.8484848   0.1315366233E+001   0.1013588608E+001   0.1056989027E+001   0.1018474976E+001
 0.8585859   0.1319771035E+001   0.9977601130E+000   0.1065115987E+001   0.1011989829E+001
 0.8686869   0.1313315126E+001   0.9862537073E+000   0.1064441417E+001   0.1006654630E+001
 0.8787879   0.1310963632E+001   0.1003949524E+001   0.1062337063E+001   0.1011571304E+001
 0.8888889   0.1301005538E+001   0.9801617866E+000   0.1061995297E+001   0.1008350653E+001
 0.8989899   0.1298473948E+001   0.9913457230E+000   0.1058078008E+001   0.1011573297E+001
 0.9090909   0.1307981766E+001   0.9806042445E+000   0.1057957813E+001   0.9926838615E+000
 0.9191919   0.1316452331E+001   0.1004084512E+001   0.1072646153E+001   0.1009853358E+001
 0.9292929   0.1314766104E+001   0.1019128081E+001   0.1062232178E+001   0.1016101340E+001
 0.9393939   0.1313010423E+001   0.1002789635E+001   0.1056098776E+001   0.1004715463E+001
 0.9494949   0.1309474025E+001   0.1007426694E+001   0.1060493802E+001   0.1005032346E+001
 0.9595960   0.1313553102E+001   0.1001607247E+001   0.1066323499E+001   0.1009857344E+001
 0.9696970   0.1313234200E+001   0.1002559657E+001   0.1067150150E+001   0.1021516258E+001
 0.9797980   0.1320455562E+001   0.1008686574E+001   0.1056561926E+001   0.1010987361E+001
 0.9898990   0.1309897093E+001   0.1013168648E+001   0.1066278869E+001   0.1027267990E+001
 1.0000000   0.1298407345E+001   0.9796293373E+000   0.1055085953E+001   0.9874124376E+000


 0.0000000   0.1166795241E+001   0.1045901620E+001   0.9101542721E+000   0.1003871526E+001
 0.0101010   0.1126765015E+001   0.1011464100E+001   0.8826904445E+000   0.9645878506E+000
 0.0202020   0.1123264638E+001   0.1010330215E+001   0.8917459429E+000   0.9655554376E+000
 0.0303030   0.1107983181E+001   0.1045523659E+001   0.8983226545E+000   0.9988639957E+000
 0.0404040   0.1078694822E+001   0.1055239765E+001   0.9014682766E+000   0.1006722516E+001
 0.0505051   0.1005596128E+001   0.9932676187E+000   0.8852035330E+000   0.9709467896E+000
 0.0606061   0.9740051775E+000   0.1028961239E+001   0.8969396245E+000   0.9825774711E+000
 0.0707071   0.8966717476E+000   0.1030174338E+001   0.8906848736E+000   0.9901039413E+000
 0.0808081   0.8316689081E+000   0.1015363670E+001   0.8856777357E+000   0.9768344316E+000
 0.0909091   0.7718681714E+000   0.1045494237E+001   0.8881770061E+000   0.9969716669E+000
 0.1010101   0.7016431631E+000   0.1034293442E+001   0.8857037629E+000   0.9938011235E+000
 0.1111111   0.6373660455E+000   0.1024208427E+001   0.8856315554E+000   0.1000281457E+001
 0.1212121   0.5786416603E+000   0.1020775086E+001   0.8821988767E+000   0.9844894374E+000
 0.1313131   0.5286145906E+000   0.1006887821E+001   0.8833596009E+000   0.9830059230E+000
 0.1414141   0.4875105737E+000   0.1022694317E+001   0.8942711322E+000   0.1012210270E+001
 0.1515152   0.4549426820E+000   0.9768093085E+000   0.8866174981E+000   0.9800817393E+000
 0.1616162   0.4226708999E+000   0.9918666707E+000   0.8934204278E+000   0.9964539543E+000
 0.1717172   0.4060537743E+000   0.9960581985E+000   0.9016564526E+000   0.9957969948E+000
 0.1818182   0.3882060722E+000   0.1006410276E+001   0.8906105898E+000   0.9725302761E+000
 0.1919192   0.3779297623E+000   0.9931929316E+000   0.8985735108E+000   0.9854659505E+000
 0.2020202   0.3705193952E+000   0.1001175393E+001   0.9002151274E+000   0.9920230484E+000
 0.2121212   0.3673590676E+000   0.1012020858E+001   0.9017284925E+000   0.1006922460E+001
 0.2222222   0.3661682818E+000   0.9532828874E+000   0.9114648834E+000   0.9890185301E+000
 0.2323232   0.3724106698E+000   0.9856065378E+000   0.9103304013E+000   0.9889578327E+000
 0.2424242   0.3692226355E+000   0.9908459476E+000   0.9148080299E+000   0.9730694113E+000
 0.2525253   0.3855357208E+000   0.9889470859E+000   0.9235864406E+000   0.9849089631E+000
 0.2626263   0.3966945228E+000   0.9904046151E+000   0.9242984717E+000   0.9783768581E+000
 0.2727273   0.4038685008E+000   0.9635150134E+000   0.9278700270E+000   0.9910786692E+000
 0.2828283   0.4142354619E+000   0.9584272410E+000   0.9325152098E+000   0.9732729259E+000
 0.2929293   0.4427668197E+000   0.1007910807E+001   0.9421495141E+000   0.9988104392E+000
 0.3030303   0.4480669004E+000   0.9880666840E+000   0.9440200432E+000   0.1003294902E+001
 0.3131313   0.4733016169E+000   0.1007655061E+001   0.9462194619E+000   0.9707664828E+000
 0.3232323   0.4881656115E+000   0.9793373520E+000   0.9596091361E+000   0.1004708793E+001
 0.3333333   0.5118081214E+000   0.9870414345E+000   0.9586786483E+000   0.9765577232E+000
 0.3434343   0.5380735341E+000   0.9788190692E+000   0.9610880094E+000   0.9882937324E+000
 0.3535354   0.5625715010E+000   0.9778481375E+000   0.9661792442E+000   0.9910822396E+000
 0.3636364   0.5897697167E+000   0.9883292203E+000   0.9695828572E+000   0.9981463389E+000
 0.3737374   0.6245459830E+000   0.9906943103E+000   0.9825059838E+000   0.1012012111E+001
 0.3838384   0.6569315114E+000   0.1008734628E+001   0.9951277908E+000   0.1002534400E+001
 0.3939394   0.6921317278E+000   0.9605818492E+000   0.9930341041E+000   0.9833772479E+000
 0.4040404   0.7330108923E+000   0.9955761275E+000   0.9913049694E+000   0.1000702768E+001
 0.4141414   0.7824103860E+000   0.9978936894E+000   0.9952149016E+000   0.9951400354E+000
 0.4242424   0.8212993593E+000   0.9887773426E+000   0.1009429226E+001   0.9888810685E+000
 0.4343434   0.8780626274E+000   0.9822343043E+000   0.1007942905E+001   0.9838110553E+000
 0.4444444   0.9375221003E+000   0.1017260268E+001   0.1027083692E+001   0.1005115822E+001
 0.4545455   0.9877054803E+000   0.9860320277E+000   0.1026917632E+001   0.1000668849E+001
 0.4646465   0.1043551301E+001   0.9945938797E+000   0.1040394132E+001   0.1001807817E+001
 0.4747475   0.1117446839E+001   0.9904906183E+000   0.1044518736E+001   0.1001829239E+001
 0.4848485   0.1196093583E+001   0.9942973947E+000   0.1060700465E+001   0.1025777911E+001
 0.4949495   0.1277323598E+001   0.1007820277E+001   0.1056279033E+001   0.9939760746E+000
 0.5050505   0.1311174487E+001   0.9996612829E+000   0.1058573526E+001   0.1008064998E+001
 0.5151515   0.1301063177E+001   0.1004362041E+001   0.1064546992E+001   0.9899254197E+000
 0.5252525   0.1322860521E+001   0.9867540025E+000   0.1060298178E+001   0.9919819885E+000
 0.5353535   0.1310776439E+001   0.9891824633E+000   0.1052090743E+001   0.9954274551E+000
 0.5454545   0.1307360651E+001   0.9987967237E+000   0.1059447393E+001   0.1000952698E+001
 0.5555556   0.1333577228E+001   0.9992493725E+000   0.1054214368E+001   0.1012776183E+001
 0.5656566   0.1321346889E+001   0.1001720835E+001   0.1072136028E+001   0.1012620869E+001
 0.5757576   0.1307503245E+001   0.1006079843E+001   0.1039701429E+001   0.9997119733E+000
 0.5858586   0.1311040370E+001   0.1006340116E+001   0.1058014273E+001   0.1005451442E+001
 0.5959596   0.1321581142E+001   0.1002608027E+001   0.1056304987E+001   0.1021354146E+001
 0.6060606   0.1315264891E+001   0.1008440406E+001   0.1064243318E+001   0.1009021874E+001
 0.6161616   0.1330244555E+001   0.1022882166E+001   0.1052247990E+001   0.1004683800E+001
 0.6262626   0.1308319055E+001   0.9826507412E+000   0.1068117775E+001   0.1019711747E+001
 0.6363636   0.1325010647E+001   0.1002166694E+001   0.1054534268E+001   0.1002363019E+001
 0.6464646   0.1309216761E+001   0.9911537488E+000   0.1060442292E+001   0.1022535958E+001
 0.6565657   0.1323682542E+001   0.9991294206E+000   0.1056171724E+001   0.1010819587E+001
 0.6666667   0.1317524082E+001   0.9905720951E+000   0.1067441572E+001   0.1017667675E+001
 0.6767677   0.1302639869E+001   0.9814489587E+000   0.1060572532E+001   0.1003853674E+001
 0.6868687   0.1307763247E+001   0.9823067281E+000   0.1061873078E+001   0.1003102098E+001
 0.6969697   0.1318978028E+001   0.1016651455E+001   0.1067184316E+001   0.1016173449E+001
 0.7070707   0.1318358278E+001   0.1002678187E+001   0.1066572839E+001   0.1007995375E+001
 0.7171717   0.1324799038E+001   0.1005828623E+001   0.1064619183E+001   0.1007645473E+001
 0.7272727   0.1305490331E+001   0.9841580617E+000   0.1056673826E+001   0.9945509141E+000
 0.7373737   0.1298821371E+001   0.9812678991E+000   0.1063654432E+001   0.1015675374E+001
 0.7474747   0.1324530146E+001   0.1005561560E+001   0.1061316119E+001   0.1011312306E+001
 0.7575758   0.1309063407E+001   0.9901443420E+000   0.1063752237E+001   0.1007502655E+001
 0.7676768   0.1317410012E+001   0.1003583485E+001   0.1068881223E+001   0.1022928706E+001
 0.7777778   0.1319120283E+001   0.1014462898E+001   0.1061216429E+001   0.1010919559E+001
 0.7878788   0.1305795397E+001   0.9948722587E+000   0.1057997317E+001   0.1003334176E+001
 0.7979798   0.1318997863E+001   0.9941163352E+000   0.1064709721E+001   0.1001823884E+001
 0.8080808   0.1315470945E+001   0.1014376895E+001   0.1065113058E+001   0.1020049153E+001
 0.8181818   0.1307858700E+001   0.9995096456E+000   0.1060717464E+001   0.1016712584E+001
 0.8282828   0.1310693560E+001   0.1001150497E+001   0.1063578957E+001   0.1028086195E+001
 0.8383838   0.1315111017E+001   0.9983848133E+000   0.1058150833E+001   0.9953060604E+000
 0.8484848   0.1313349633E+001   0.1012557247E+001   0.1054318354E+001   0.1015902096E+001
 0.8585859   0.1319308385E+001   0.9979253748E+000   0.1065223485E+001   0.1012092445E+001
 0.8686869   0.1312595310E+001   0.9862221402E+000   0.1064943091E+001   0.1007129545E+001
 0.8787879   0.1314435015E+001   0.1007127725E+001   0.1064889897E+001   0.1014002626E+001
 0.8888889   0.1303681104E+001   0.9826846899E+000   0.1061902644E+001   0.1008263157E+001
 0.8989899   0.1297937660E+001   0.9914479705E+000   0.1056854069E+001   0.1010403631E+001
 0.9090909   0.1307361726E+001   0.9806455071E+000   0.1055841316E+001   0.9906984182E+000
 0.9191919   0.1317539413E+001   0.1005432555E+001   0.1070438898E+001   0.1007775793E+001
 0.9292929   0.1315563382E+001   0.1020272646E+001   0.1062620589E+001   0.1016473365E+001
 0.9393939   0.1310783003E+001   0.1001605409E+001   0.1051962931E+001   0.1000781318E+001
 0.9494949   0.1313364192E+001   0.1010941291E+001   0.1059895704E+001   0.1004466003E+001
 0.9595960   0.1314999812E+001   0.1003228155E+001   0.1065256076E+001   0.1008846923E+001
 0.9696970   0.1307701100E+001   0.9988510416E+000   0.1062685274E+001   0.1017242793E+001
 0.9797980   0.1321009603E+001   0.1009630873E+001   0.1057509233E+001   0.1011894287E+001
 0.9898990   0.1312885126E+001   0.1016004168E+001   0.1067416709E+001   0.1028364688E+001
 1.0000000   0.1303571641E+001   0.9840335833E+000   0.1055225969E+001   0.9875439418E+000


