# Evolution of the weightfunction during equilibration phase for fractional: cd
# Weightfunction after cycle         97
 0.0000000    0.2500000000E+001    0.2100000000E+001
 0.0101010    0.2400000000E+001    0.1700000000E+001
 0.0202020    0.1900000000E+001    0.1100000000E+001
 0.0303030    0.3000000000E+001    0.2200000000E+001
 0.0404040    0.2800000000E+001    0.1900000000E+001
 0.0505051    0.9000000000E+000    0.2000000000E+000
 0.0606061    0.3500000000E+001    0.2400000000E+001
 0.0707071    0.2400000000E+001    0.1000000000E+001
 0.0808081    0.3100000000E+001    0.1900000000E+001
 0.0909091    0.3000000000E+001    0.2200000000E+001
 0.1010101    0.2600000000E+001    0.1700000000E+001
 0.1111111    0.2400000000E+001    0.1200000000E+001
 0.1212121    0.3000000000E+001    0.1800000000E+001
 0.1313131    0.2200000000E+001    0.1700000000E+001
 0.1414141    0.3900000000E+001    0.1500000000E+001
 0.1515152    0.3900000000E+001    0.1800000000E+001
 0.1616162    0.3500000000E+001    0.2000000000E+001
 0.1717172    0.1800000000E+001    0.1000000000E+001
 0.1818182    0.3300000000E+001    0.1500000000E+001
 0.1919192    0.4100000000E+001    0.2200000000E+001
 0.2020202    0.3700000000E+001    0.1500000000E+001
 0.2121212    0.2800000000E+001    0.1400000000E+001
 0.2222222    0.3000000000E+001    0.9000000000E+000
 0.2323232    0.1900000000E+001    0.1600000000E+001
 0.2424242    0.3500000000E+001    0.1100000000E+001
 0.2525253    0.2900000000E+001    0.2900000000E+001
 0.2626263    0.3300000000E+001    0.1600000000E+001
 0.2727273    0.2500000000E+001    0.2200000000E+001
 0.2828283    0.2600000000E+001    0.1800000000E+001
 0.2929293    0.2200000000E+001    0.1200000000E+001
 0.3030303    0.2800000000E+001    0.1400000000E+001
 0.3131313    0.3600000000E+001    0.1900000000E+001
 0.3232323    0.2900000000E+001    0.1700000000E+001
 0.3333333    0.2400000000E+001    0.1400000000E+001
 0.3434343    0.2800000000E+001    0.1000000000E+001
 0.3535354    0.3000000000E+001    0.1600000000E+001
 0.3636364    0.1700000000E+001    0.7000000000E+000
 0.3737374    0.2600000000E+001    0.1700000000E+001
 0.3838384    0.2100000000E+001    0.1500000000E+001
 0.3939394    0.2100000000E+001    0.2700000000E+001
 0.4040404    0.1900000000E+001    0.2000000000E+001
 0.4141414    0.2200000000E+001    0.2200000000E+001
 0.4242424    0.2100000000E+001    0.1400000000E+001
 0.4343434    0.2000000000E+001    0.5000000000E+000
 0.4444444    0.1300000000E+001    0.7000000000E+000
 0.4545455    0.1300000000E+001    0.2000000000E+001
 0.4646465    0.2300000000E+001    0.1300000000E+001
 0.4747475    0.1400000000E+001    0.1400000000E+001
 0.4848485    0.7000000000E+000    0.1700000000E+001
 0.4949495    0.1600000000E+001    0.1300000000E+001
 0.5050505    0.1400000000E+001    0.1000000000E+001
 0.5151515    0.1800000000E+001    0.1300000000E+001
 0.5252525    0.1800000000E+001    0.1800000000E+001
 0.5353535    0.1300000000E+001    0.1300000000E+001
 0.5454545    0.1300000000E+001    0.1200000000E+001
 0.5555556    0.6000000000E+000    0.1400000000E+001
 0.5656566    0.1400000000E+001    0.1800000000E+001
 0.5757576    0.1000000000E+001    0.1600000000E+001
 0.5858586    0.1200000000E+001    0.1100000000E+001
 0.5959596    0.1400000000E+001    0.1300000000E+001
 0.6060606    0.8000000000E+000    0.1300000000E+001
 0.6161616    0.1700000000E+001    0.1900000000E+001
 0.6262626    0.1800000000E+001    0.1300000000E+001
 0.6363636    0.8000000000E+000    0.2500000000E+001
 0.6464646    0.1100000000E+001    0.1100000000E+001
 0.6565657    0.1500000000E+001    0.8000000000E+000
 0.6666667    0.2200000000E+001    0.1800000000E+001
 0.6767677    0.1000000000E+001    0.9000000000E+000
 0.6868687    0.1300000000E+001    0.1700000000E+001
 0.6969697    0.1200000000E+001    0.1200000000E+001
 0.7070707    0.1700000000E+001    0.1800000000E+001
 0.7171717    0.1300000000E+001    0.1300000000E+001
 0.7272727    0.8000000000E+000    0.1500000000E+001
 0.7373737    0.1300000000E+001    0.1300000000E+001
 0.7474747    0.9000000000E+000    0.1800000000E+001
 0.7575758    0.1200000000E+001    0.1300000000E+001
 0.7676768    0.1300000000E+001    0.1700000000E+001
 0.7777778    0.1500000000E+001    0.1800000000E+001
 0.7878788    0.1100000000E+001    0.1100000000E+001
 0.7979798    0.9000000000E+000    0.1400000000E+001
 0.8080808    0.9000000000E+000    0.1400000000E+001
 0.8181818    0.1300000000E+001    0.1600000000E+001
 0.8282828    0.6000000000E+000    0.1400000000E+001
 0.8383838    0.8000000000E+000    0.1400000000E+001
 0.8484848    0.1000000000E+001    0.1700000000E+001
 0.8585859    0.6000000000E+000    0.8000000000E+000
 0.8686869    0.1100000000E+001    0.1300000000E+001
 0.8787879    0.1000000000E+001    0.1800000000E+001
 0.8888889    0.6000000000E+000    0.1400000000E+001
 0.8989899    0.5000000000E+000    0.1000000000E+001
 0.9090909    0.1000000000E+001    0.1700000000E+001
 0.9191919    0.1000000000E+000    0.1000000000E+001
 0.9292929    0.5000000000E+000    0.1500000000E+001
 0.9393939    0.1500000000E+001    0.2400000000E+001
 0.9494949    0.8000000000E+000    0.1200000000E+001
 0.9595960    0.0000000000E+000    0.1000000000E+001
 0.9696970    0.1200000000E+001    0.1900000000E+001
 0.9797980    0.4000000000E+000    0.9000000000E+000
 0.9898990    0.1100000000E+001    0.1800000000E+001
 1.0000000    0.1100000000E+001    0.1900000000E+001


# Weightfunction after cycle        413
 0.0000000    0.2925000000E+001    0.2450000000E+001
 0.0101010    0.2875000000E+001    0.2500000000E+001
 0.0202020    0.2925000000E+001    0.2225000000E+001
 0.0303030    0.2625000000E+001    0.2025000000E+001
 0.0404040    0.3075000000E+001    0.2400000000E+001
 0.0505051    0.2775000000E+001    0.1975000000E+001
 0.0606061    0.3150000000E+001    0.2275000000E+001
 0.0707071    0.3150000000E+001    0.2375000000E+001
 0.0808081    0.3100000000E+001    0.2200000000E+001
 0.0909091    0.3625000000E+001    0.2450000000E+001
 0.1010101    0.2775000000E+001    0.1800000000E+001
 0.1111111    0.3050000000E+001    0.1950000000E+001
 0.1212121    0.3300000000E+001    0.2300000000E+001
 0.1313131    0.3375000000E+001    0.2150000000E+001
 0.1414141    0.3250000000E+001    0.1875000000E+001
 0.1515152    0.3150000000E+001    0.2675000000E+001
 0.1616162    0.3025000000E+001    0.2150000000E+001
 0.1717172    0.3425000000E+001    0.2550000000E+001
 0.1818182    0.3375000000E+001    0.2275000000E+001
 0.1919192    0.3575000000E+001    0.2150000000E+001
 0.2020202    0.3225000000E+001    0.2250000000E+001
 0.2121212    0.3325000000E+001    0.2150000000E+001
 0.2222222    0.3250000000E+001    0.2425000000E+001
 0.2323232    0.3250000000E+001    0.2300000000E+001
 0.2424242    0.2750000000E+001    0.2475000000E+001
 0.2525253    0.2950000000E+001    0.2025000000E+001
 0.2626263    0.2850000000E+001    0.2050000000E+001
 0.2727273    0.2975000000E+001    0.2150000000E+001
 0.2828283    0.2975000000E+001    0.2250000000E+001
 0.2929293    0.2800000000E+001    0.1650000000E+001
 0.3030303    0.2375000000E+001    0.2250000000E+001
 0.3131313    0.2550000000E+001    0.2350000000E+001
 0.3232323    0.2600000000E+001    0.1775000000E+001
 0.3333333    0.2150000000E+001    0.2000000000E+001
 0.3434343    0.2375000000E+001    0.1975000000E+001
 0.3535354    0.2425000000E+001    0.1725000000E+001
 0.3636364    0.2150000000E+001    0.1925000000E+001
 0.3737374    0.2125000000E+001    0.1675000000E+001
 0.3838384    0.2300000000E+001    0.2025000000E+001
 0.3939394    0.1700000000E+001    0.1500000000E+001
 0.4040404    0.1975000000E+001    0.1825000000E+001
 0.4141414    0.1425000000E+001    0.2350000000E+001
 0.4242424    0.1750000000E+001    0.1625000000E+001
 0.4343434    0.1650000000E+001    0.1700000000E+001
 0.4444444    0.1750000000E+001    0.1400000000E+001
 0.4545455    0.1300000000E+001    0.1200000000E+001
 0.4646465    0.1200000000E+001    0.1375000000E+001
 0.4747475    0.9250000000E+000    0.1350000000E+001
 0.4848485    0.1425000000E+001    0.1850000000E+001
 0.4949495    0.1275000000E+001    0.1275000000E+001
 0.5050505    0.1125000000E+001    0.1525000000E+001
 0.5151515    0.1250000000E+001    0.1050000000E+001
 0.5252525    0.8000000000E+000    0.1050000000E+001
 0.5353535    0.1125000000E+001    0.1000000000E+001
 0.5454545    0.1400000000E+001    0.1025000000E+001
 0.5555556    0.1075000000E+001    0.1450000000E+001
 0.5656566    0.1500000000E+001    0.1375000000E+001
 0.5757576    0.1100000000E+001    0.1325000000E+001
 0.5858586    0.1200000000E+001    0.1050000000E+001
 0.5959596    0.8000000000E+000    0.1275000000E+001
 0.6060606    0.9500000000E+000    0.1625000000E+001
 0.6161616    0.1725000000E+001    0.1150000000E+001
 0.6262626    0.1375000000E+001    0.1225000000E+001
 0.6363636    0.9250000000E+000    0.1300000000E+001
 0.6464646    0.1000000000E+001    0.1225000000E+001
 0.6565657    0.1350000000E+001    0.1500000000E+001
 0.6666667    0.1100000000E+001    0.1375000000E+001
 0.6767677    0.7750000000E+000    0.1550000000E+001
 0.6868687    0.1025000000E+001    0.1300000000E+001
 0.6969697    0.1125000000E+001    0.1225000000E+001
 0.7070707    0.1100000000E+001    0.1450000000E+001
 0.7171717    0.5500000000E+000    0.9750000000E+000
 0.7272727    0.1225000000E+001    0.1475000000E+001
 0.7373737    0.9000000000E+000    0.1175000000E+001
 0.7474747    0.1200000000E+001    0.1400000000E+001
 0.7575758    0.7750000000E+000    0.1250000000E+001
 0.7676768    0.7750000000E+000    0.1050000000E+001
 0.7777778    0.6500000000E+000    0.1100000000E+001
 0.7878788    0.1000000000E+001    0.1100000000E+001
 0.7979798    0.5750000000E+000    0.1000000000E+001
 0.8080808    0.8250000000E+000    0.1100000000E+001
 0.8181818    0.6750000000E+000    0.1125000000E+001
 0.8282828    0.7000000000E+000    0.1050000000E+001
 0.8383838    0.5000000000E+000    0.1075000000E+001
 0.8484848    0.8250000000E+000    0.1225000000E+001
 0.8585859    0.6500000000E+000    0.1150000000E+001
 0.8686869    0.7750000000E+000    0.1350000000E+001
 0.8787879    0.8750000000E+000    0.1250000000E+001
 0.8888889    0.4750000000E+000    0.1250000000E+001
 0.8989899    0.7750000000E+000    0.1250000000E+001
 0.9090909    0.7000000000E+000    0.1275000000E+001
 0.9191919    0.3000000000E+000    0.1125000000E+001
 0.9292929    0.6500000000E+000    0.1275000000E+001
 0.9393939    0.2250000000E+000    0.9500000000E+000
 0.9494949    0.8000000000E+000    0.1350000000E+001
 0.9595960    0.0000000000E+000    0.7000000000E+000
 0.9696970    0.5000000000E+000    0.1475000000E+001
 0.9797980    0.5500000000E+000    0.1225000000E+001
 0.9898990    0.1000000000E+000    0.1075000000E+001
 1.0000000    0.1250000000E+000    0.1325000000E+001


# Weightfunction after cycle        986
 0.0000000    0.3143750000E+001    0.2231250000E+001
 0.0101010    0.3037500000E+001    0.2225000000E+001
 0.0202020    0.2918750000E+001    0.2156250000E+001
 0.0303030    0.2881250000E+001    0.1868750000E+001
 0.0404040    0.2868750000E+001    0.2018750000E+001
 0.0505051    0.3225000000E+001    0.2287500000E+001
 0.0606061    0.2956250000E+001    0.1950000000E+001
 0.0707071    0.3268750000E+001    0.2187500000E+001
 0.0808081    0.3137500000E+001    0.2200000000E+001
 0.0909091    0.3381250000E+001    0.2350000000E+001
 0.1010101    0.3381250000E+001    0.2143750000E+001
 0.1111111    0.3337500000E+001    0.2331250000E+001
 0.1212121    0.3406250000E+001    0.2250000000E+001
 0.1313131    0.3600000000E+001    0.2331250000E+001
 0.1414141    0.3556250000E+001    0.2250000000E+001
 0.1515152    0.3406250000E+001    0.2243750000E+001
 0.1616162    0.3612500000E+001    0.2568750000E+001
 0.1717172    0.3412500000E+001    0.2125000000E+001
 0.1818182    0.3318750000E+001    0.2006250000E+001
 0.1919192    0.3618750000E+001    0.2156250000E+001
 0.2020202    0.3400000000E+001    0.2206250000E+001
 0.2121212    0.3231250000E+001    0.2250000000E+001
 0.2222222    0.3600000000E+001    0.2206250000E+001
 0.2323232    0.3062500000E+001    0.2012500000E+001
 0.2424242    0.3012500000E+001    0.2018750000E+001
 0.2525253    0.3368750000E+001    0.2200000000E+001
 0.2626263    0.3287500000E+001    0.2025000000E+001
 0.2727273    0.2900000000E+001    0.2087500000E+001
 0.2828283    0.2850000000E+001    0.1925000000E+001
 0.2929293    0.2718750000E+001    0.1993750000E+001
 0.3030303    0.2906250000E+001    0.2200000000E+001
 0.3131313    0.2862500000E+001    0.1806250000E+001
 0.3232323    0.2700000000E+001    0.2068750000E+001
 0.3333333    0.2612500000E+001    0.1975000000E+001
 0.3434343    0.2562500000E+001    0.1887500000E+001
 0.3535354    0.2493750000E+001    0.1850000000E+001
 0.3636364    0.2350000000E+001    0.1687500000E+001
 0.3737374    0.2281250000E+001    0.1693750000E+001
 0.3838384    0.2237500000E+001    0.1893750000E+001
 0.3939394    0.2281250000E+001    0.1606250000E+001
 0.4040404    0.1862500000E+001    0.1793750000E+001
 0.4141414    0.1981250000E+001    0.1512500000E+001
 0.4242424    0.1762500000E+001    0.1437500000E+001
 0.4343434    0.1575000000E+001    0.1400000000E+001
 0.4444444    0.1475000000E+001    0.1487500000E+001
 0.4545455    0.1512500000E+001    0.1531250000E+001
 0.4646465    0.1493750000E+001    0.1287500000E+001
 0.4747475    0.1437500000E+001    0.1387500000E+001
 0.4848485    0.1231250000E+001    0.1168750000E+001
 0.4949495    0.1131250000E+001    0.1468750000E+001
 0.5050505    0.1075000000E+001    0.1387500000E+001
 0.5151515    0.1225000000E+001    0.1181250000E+001
 0.5252525    0.1268750000E+001    0.1325000000E+001
 0.5353535    0.1006250000E+001    0.1343750000E+001
 0.5454545    0.9875000000E+000    0.1281250000E+001
 0.5555556    0.1293750000E+001    0.1156250000E+001
 0.5656566    0.1075000000E+001    0.1087500000E+001
 0.5757576    0.1225000000E+001    0.1087500000E+001
 0.5858586    0.1268750000E+001    0.1212500000E+001
 0.5959596    0.1012500000E+001    0.1356250000E+001
 0.6060606    0.1081250000E+001    0.8500000000E+000
 0.6161616    0.8000000000E+000    0.1106250000E+001
 0.6262626    0.1168750000E+001    0.1375000000E+001
 0.6363636    0.8875000000E+000    0.1350000000E+001
 0.6464646    0.1018750000E+001    0.1312500000E+001
 0.6565657    0.1062500000E+001    0.1193750000E+001
 0.6666667    0.1006250000E+001    0.1237500000E+001
 0.6767677    0.8437500000E+000    0.1206250000E+001
 0.6868687    0.7437500000E+000    0.1250000000E+001
 0.6969697    0.9750000000E+000    0.1306250000E+001
 0.7070707    0.9000000000E+000    0.1118750000E+001
 0.7171717    0.9187500000E+000    0.1231250000E+001
 0.7272727    0.8062500000E+000    0.1093750000E+001
 0.7373737    0.9750000000E+000    0.1150000000E+001
 0.7474747    0.7312500000E+000    0.1112500000E+001
 0.7575758    0.9562500000E+000    0.1281250000E+001
 0.7676768    0.6500000000E+000    0.1081250000E+001
 0.7777778    0.6062500000E+000    0.1087500000E+001
 0.7878788    0.7000000000E+000    0.9875000000E+000
 0.7979798    0.6437500000E+000    0.1056250000E+001
 0.8080808    0.5875000000E+000    0.1137500000E+001
 0.8181818    0.5312500000E+000    0.9875000000E+000
 0.8282828    0.6312500000E+000    0.1237500000E+001
 0.8383838    0.5125000000E+000    0.1118750000E+001
 0.8484848    0.5375000000E+000    0.1006250000E+001
 0.8585859    0.4250000000E+000    0.1068750000E+001
 0.8686869    0.5375000000E+000    0.1143750000E+001
 0.8787879    0.3875000000E+000    0.9812500000E+000
 0.8888889    0.4250000000E+000    0.1037500000E+001
 0.8989899    0.3375000000E+000    0.1100000000E+001
 0.9090909    0.4750000000E+000    0.1118750000E+001
 0.9191919    0.2750000000E+000    0.9562500000E+000
 0.9292929    0.5437500000E+000    0.1162500000E+001
 0.9393939    0.2750000000E+000    0.1068750000E+001
 0.9494949    0.2687500000E+000    0.1043750000E+001
 0.9595960    0.0000000000E+000    0.8250000000E+000
 0.9696970    0.1125000000E+000    0.1012500000E+001
 0.9797980    0.1937500000E+000    0.9187500000E+000
 0.9898990    0.5625000000E-001    0.9500000000E+000
 1.0000000    0.1437500000E+000    0.9375000000E+000


# Weightfunction after cycle       1974
 0.0000000    0.2851562500E+001    0.2204687500E+001
 0.0101010    0.3062500000E+001    0.2396875000E+001
 0.0202020    0.2945312500E+001    0.2234375000E+001
 0.0303030    0.2757812500E+001    0.2159375000E+001
 0.0404040    0.2996875000E+001    0.2306250000E+001
 0.0505051    0.3135937500E+001    0.2329687500E+001
 0.0606061    0.3084375000E+001    0.2276562500E+001
 0.0707071    0.3192187500E+001    0.2335937500E+001
 0.0808081    0.3275000000E+001    0.2309375000E+001
 0.0909091    0.3307812500E+001    0.2334375000E+001
 0.1010101    0.3376562500E+001    0.2415625000E+001
 0.1111111    0.3498437500E+001    0.2395312500E+001
 0.1212121    0.3351562500E+001    0.2390625000E+001
 0.1313131    0.3407812500E+001    0.2334375000E+001
 0.1414141    0.3531250000E+001    0.2354687500E+001
 0.1515152    0.3504687500E+001    0.2356250000E+001
 0.1616162    0.3556250000E+001    0.2351562500E+001
 0.1717172    0.3496875000E+001    0.2235937500E+001
 0.1818182    0.3387500000E+001    0.2156250000E+001
 0.1919192    0.3451562500E+001    0.2246875000E+001
 0.2020202    0.3418750000E+001    0.2234375000E+001
 0.2121212    0.3435937500E+001    0.2259375000E+001
 0.2222222    0.3270312500E+001    0.2192187500E+001
 0.2323232    0.3196875000E+001    0.2007812500E+001
 0.2424242    0.3239062500E+001    0.2114062500E+001
 0.2525253    0.3115625000E+001    0.2154687500E+001
 0.2626263    0.3209375000E+001    0.1935937500E+001
 0.2727273    0.3017187500E+001    0.1992187500E+001
 0.2828283    0.2896875000E+001    0.2020312500E+001
 0.2929293    0.2960937500E+001    0.1959375000E+001
 0.3030303    0.2848437500E+001    0.1868750000E+001
 0.3131313    0.2757812500E+001    0.1964062500E+001
 0.3232323    0.2812500000E+001    0.1900000000E+001
 0.3333333    0.2626562500E+001    0.1787500000E+001
 0.3434343    0.2496875000E+001    0.1817187500E+001
 0.3535354    0.2462500000E+001    0.1887500000E+001
 0.3636364    0.2465625000E+001    0.1779687500E+001
 0.3737374    0.2215625000E+001    0.1650000000E+001
 0.3838384    0.2173437500E+001    0.1617187500E+001
 0.3939394    0.2007812500E+001    0.1637500000E+001
 0.4040404    0.2057812500E+001    0.1610937500E+001
 0.4141414    0.1987500000E+001    0.1545312500E+001
 0.4242424    0.1810937500E+001    0.1414062500E+001
 0.4343434    0.1745312500E+001    0.1460937500E+001
 0.4444444    0.1550000000E+001    0.1471875000E+001
 0.4545455    0.1571875000E+001    0.1320312500E+001
 0.4646465    0.1493750000E+001    0.1325000000E+001
 0.4747475    0.1418750000E+001    0.1235937500E+001
 0.4848485    0.1192187500E+001    0.1209375000E+001
 0.4949495    0.1140625000E+001    0.1304687500E+001
 0.5050505    0.1095312500E+001    0.1173437500E+001
 0.5151515    0.1126562500E+001    0.1256250000E+001
 0.5252525    0.1090625000E+001    0.1198437500E+001
 0.5353535    0.1059375000E+001    0.1279687500E+001
 0.5454545    0.1120312500E+001    0.1151562500E+001
 0.5555556    0.1145312500E+001    0.1128125000E+001
 0.5656566    0.1182812500E+001    0.1185937500E+001
 0.5757576    0.1054687500E+001    0.1093750000E+001
 0.5858586    0.9812500000E+000    0.1225000000E+001
 0.5959596    0.1087500000E+001    0.1237500000E+001
 0.6060606    0.1075000000E+001    0.1176562500E+001
 0.6161616    0.9671875000E+000    0.1168750000E+001
 0.6262626    0.1070312500E+001    0.1229687500E+001
 0.6363636    0.1106250000E+001    0.1129687500E+001
 0.6464646    0.1089062500E+001    0.1218750000E+001
 0.6565657    0.1020312500E+001    0.1275000000E+001
 0.6666667    0.9859375000E+000    0.1196875000E+001
 0.6767677    0.1006250000E+001    0.1168750000E+001
 0.6868687    0.9796875000E+000    0.1176562500E+001
 0.6969697    0.8812500000E+000    0.1292187500E+001
 0.7070707    0.9453125000E+000    0.1168750000E+001
 0.7171717    0.9062500000E+000    0.1240625000E+001
 0.7272727    0.8140625000E+000    0.1096875000E+001
 0.7373737    0.8375000000E+000    0.1129687500E+001
 0.7474747    0.7875000000E+000    0.1100000000E+001
 0.7575758    0.8281250000E+000    0.1189062500E+001
 0.7676768    0.7953125000E+000    0.1118750000E+001
 0.7777778    0.7953125000E+000    0.1090625000E+001
 0.7878788    0.7750000000E+000    0.1200000000E+001
 0.7979798    0.7171875000E+000    0.1068750000E+001
 0.8080808    0.7281250000E+000    0.1131250000E+001
 0.8181818    0.7609375000E+000    0.1162500000E+001
 0.8282828    0.7343750000E+000    0.1137500000E+001
 0.8383838    0.6656250000E+000    0.1137500000E+001
 0.8484848    0.6328125000E+000    0.1104687500E+001
 0.8585859    0.5484375000E+000    0.1131250000E+001
 0.8686869    0.5390625000E+000    0.1082812500E+001
 0.8787879    0.4359375000E+000    0.9906250000E+000
 0.8888889    0.4375000000E+000    0.1098437500E+001
 0.8989899    0.5312500000E+000    0.1156250000E+001
 0.9090909    0.4968750000E+000    0.1148437500E+001
 0.9191919    0.3906250000E+000    0.1067187500E+001
 0.9292929    0.3953125000E+000    0.1051562500E+001
 0.9393939    0.3046875000E+000    0.1050000000E+001
 0.9494949    0.2828125000E+000    0.1073437500E+001
 0.9595960    0.2437500000E+000    0.9984375000E+000
 0.9696970    0.1359375000E+000    0.9171875000E+000
 0.9797980    0.1000000000E+000    0.9031250000E+000
 0.9898990    0.5312500000E-001    0.9468750000E+000
 1.0000000    0.0000000000E+000    0.9265625000E+000


# Weightfunction after cycle       5097
 0.0000000    0.2983203125E+001    0.2295703125E+001
 0.0101010    0.2970703125E+001    0.2257812500E+001
 0.0202020    0.2950000000E+001    0.2223046875E+001
 0.0303030    0.3019531250E+001    0.2276171875E+001
 0.0404040    0.3057812500E+001    0.2276562500E+001
 0.0505051    0.3110546875E+001    0.2291796875E+001
 0.0606061    0.3129687500E+001    0.2311328125E+001
 0.0707071    0.3177343750E+001    0.2293750000E+001
 0.0808081    0.3210937500E+001    0.2273046875E+001
 0.0909091    0.3248828125E+001    0.2313281250E+001
 0.1010101    0.3319921875E+001    0.2344921875E+001
 0.1111111    0.3346484375E+001    0.2282812500E+001
 0.1212121    0.3427734375E+001    0.2312500000E+001
 0.1313131    0.3393750000E+001    0.2247656250E+001
 0.1414141    0.3408203125E+001    0.2285937500E+001
 0.1515152    0.3408593750E+001    0.2235156250E+001
 0.1616162    0.3388671875E+001    0.2285546875E+001
 0.1717172    0.3392578125E+001    0.2225000000E+001
 0.1818182    0.3346875000E+001    0.2241406250E+001
 0.1919192    0.3335156250E+001    0.2225000000E+001
 0.2020202    0.3273046875E+001    0.2216796875E+001
 0.2121212    0.3278515625E+001    0.2198046875E+001
 0.2222222    0.3158984375E+001    0.2136328125E+001
 0.2323232    0.3191406250E+001    0.2120703125E+001
 0.2424242    0.3156640625E+001    0.2051562500E+001
 0.2525253    0.3079687500E+001    0.2051562500E+001
 0.2626263    0.2980859375E+001    0.2028906250E+001
 0.2727273    0.2948046875E+001    0.2005859375E+001
 0.2828283    0.2833203125E+001    0.1989453125E+001
 0.2929293    0.2810546875E+001    0.1941406250E+001
 0.3030303    0.2638671875E+001    0.1827343750E+001
 0.3131313    0.2571093750E+001    0.1866406250E+001
 0.3232323    0.2554687500E+001    0.1864843750E+001
 0.3333333    0.2433203125E+001    0.1809375000E+001
 0.3434343    0.2378906250E+001    0.1771484375E+001
 0.3535354    0.2301171875E+001    0.1745703125E+001
 0.3636364    0.2210937500E+001    0.1707421875E+001
 0.3737374    0.2187890625E+001    0.1648828125E+001
 0.3838384    0.2008984375E+001    0.1644140625E+001
 0.3939394    0.1942187500E+001    0.1532421875E+001
 0.4040404    0.1800390625E+001    0.1524609375E+001
 0.4141414    0.1785156250E+001    0.1521093750E+001
 0.4242424    0.1649609375E+001    0.1457421875E+001
 0.4343434    0.1626562500E+001    0.1423046875E+001
 0.4444444    0.1475000000E+001    0.1381250000E+001
 0.4545455    0.1403906250E+001    0.1308984375E+001
 0.4646465    0.1294921875E+001    0.1294531250E+001
 0.4747475    0.1172265625E+001    0.1231640625E+001
 0.4848485    0.1065625000E+001    0.1142968750E+001
 0.4949495    0.9808593750E+000    0.1158203125E+001
 0.5050505    0.9328125000E+000    0.1164453125E+001
 0.5151515    0.9316406250E+000    0.1123437500E+001
 0.5252525    0.9664062500E+000    0.1151562500E+001
 0.5353535    0.9246093750E+000    0.1139062500E+001
 0.5454545    0.9832031250E+000    0.1148828125E+001
 0.5555556    0.9355468750E+000    0.1135546875E+001
 0.5656566    0.9324218750E+000    0.1164453125E+001
 0.5757576    0.9074218750E+000    0.1114843750E+001
 0.5858586    0.9621093750E+000    0.1211718750E+001
 0.5959596    0.9207031250E+000    0.1139843750E+001
 0.6060606    0.8843750000E+000    0.1088671875E+001
 0.6161616    0.8945312500E+000    0.1098828125E+001
 0.6262626    0.8656250000E+000    0.1150000000E+001
 0.6363636    0.9011718750E+000    0.1130468750E+001
 0.6464646    0.8292968750E+000    0.1131640625E+001
 0.6565657    0.8421875000E+000    0.1146093750E+001
 0.6666667    0.8773437500E+000    0.1148828125E+001
 0.6767677    0.8445312500E+000    0.1151953125E+001
 0.6868687    0.8394531250E+000    0.1108984375E+001
 0.6969697    0.7765625000E+000    0.1110156250E+001
 0.7070707    0.8085937500E+000    0.1121484375E+001
 0.7171717    0.8183593750E+000    0.1160546875E+001
 0.7272727    0.7785156250E+000    0.1087890625E+001
 0.7373737    0.7183593750E+000    0.1076171875E+001
 0.7474747    0.7144531250E+000    0.1063281250E+001
 0.7575758    0.6976562500E+000    0.1087109375E+001
 0.7676768    0.6992187500E+000    0.1045312500E+001
 0.7777778    0.6386718750E+000    0.1067187500E+001
 0.7878788    0.6285156250E+000    0.1057031250E+001
 0.7979798    0.6062500000E+000    0.1029687500E+001
 0.8080808    0.5800781250E+000    0.1037500000E+001
 0.8181818    0.5832031250E+000    0.1029687500E+001
 0.8282828    0.5750000000E+000    0.1047265625E+001
 0.8383838    0.5062500000E+000    0.9980468750E+000
 0.8484848    0.5085937500E+000    0.1025781250E+001
 0.8585859    0.4226562500E+000    0.9945312500E+000
 0.8686869    0.4464843750E+000    0.9992187500E+000
 0.8787879    0.3847656250E+000    0.9875000000E+000
 0.8888889    0.4093750000E+000    0.9855468750E+000
 0.8989899    0.3445312500E+000    0.9953125000E+000
 0.9090909    0.3128906250E+000    0.9695312500E+000
 0.9191919    0.2933593750E+000    0.9597656250E+000
 0.9292929    0.2421875000E+000    0.9257812500E+000
 0.9393939    0.1980468750E+000    0.9460937500E+000
 0.9494949    0.1863281250E+000    0.9542968750E+000
 0.9595960    0.1625000000E+000    0.9359375000E+000
 0.9696970    0.1710937500E+000    0.9648437500E+000
 0.9797980    0.1015625000E+000    0.9417968750E+000
 0.9898990    0.1640625000E-001    0.8847656250E+000
 1.0000000    0.0000000000E+000    0.8910156250E+000


# Weightfunction after cycle       8068
 0.0000000    0.2949707031E+001    0.2277734375E+001
 0.0101010    0.2935351563E+001    0.2259472656E+001
 0.0202020    0.2920703125E+001    0.2234765625E+001
 0.0303030    0.2953222656E+001    0.2245312500E+001
 0.0404040    0.3014257813E+001    0.2268554688E+001
 0.0505051    0.3073242188E+001    0.2294531250E+001
 0.0606061    0.3111425781E+001    0.2331640625E+001
 0.0707071    0.3121679688E+001    0.2290917969E+001
 0.0808081    0.3191015625E+001    0.2298437500E+001
 0.0909091    0.3240429688E+001    0.2329199219E+001
 0.1010101    0.3279296875E+001    0.2319921875E+001
 0.1111111    0.3365625000E+001    0.2311621094E+001
 0.1212121    0.3386523438E+001    0.2331738281E+001
 0.1313131    0.3382519531E+001    0.2271777344E+001
 0.1414141    0.3383105469E+001    0.2287500000E+001
 0.1515152    0.3385351563E+001    0.2264843750E+001
 0.1616162    0.3394921875E+001    0.2291992188E+001
 0.1717172    0.3381933594E+001    0.2216406250E+001
 0.1818182    0.3339941406E+001    0.2224414063E+001
 0.1919192    0.3326171875E+001    0.2222265625E+001
 0.2020202    0.3258886719E+001    0.2200585938E+001
 0.2121212    0.3239453125E+001    0.2208398438E+001
 0.2222222    0.3160546875E+001    0.2137792969E+001
 0.2323232    0.3160644531E+001    0.2107324219E+001
 0.2424242    0.3096972656E+001    0.2090332031E+001
 0.2525253    0.3041015625E+001    0.2048144531E+001
 0.2626263    0.2958593750E+001    0.2032617188E+001
 0.2727273    0.2891210938E+001    0.2017382813E+001
 0.2828283    0.2802832031E+001    0.1967382813E+001
 0.2929293    0.2767382813E+001    0.1951171875E+001
 0.3030303    0.2640429688E+001    0.1884179688E+001
 0.3131313    0.2569042969E+001    0.1857421875E+001
 0.3232323    0.2525878906E+001    0.1845214844E+001
 0.3333333    0.2431738281E+001    0.1797949219E+001
 0.3434343    0.2378222656E+001    0.1777539063E+001
 0.3535354    0.2272753906E+001    0.1754101563E+001
 0.3636364    0.2178515625E+001    0.1710449219E+001
 0.3737374    0.2120800781E+001    0.1682812500E+001
 0.3838384    0.1977734375E+001    0.1626953125E+001
 0.3939394    0.1930468750E+001    0.1555371094E+001
 0.4040404    0.1778613281E+001    0.1525097656E+001
 0.4141414    0.1744921875E+001    0.1507617188E+001
 0.4242424    0.1635351563E+001    0.1466796875E+001
 0.4343434    0.1578906250E+001    0.1416894531E+001
 0.4444444    0.1456640625E+001    0.1388085938E+001
 0.4545455    0.1360156250E+001    0.1306445313E+001
 0.4646465    0.1277050781E+001    0.1318554688E+001
 0.4747475    0.1166406250E+001    0.1244726563E+001
 0.4848485    0.1030761719E+001    0.1185644531E+001
 0.4949495    0.9756835938E+000    0.1167187500E+001
 0.5050505    0.8948242187E+000    0.1190332031E+001
 0.5151515    0.9205078125E+000    0.1141992188E+001
 0.5252525    0.9376953125E+000    0.1153125000E+001
 0.5353535    0.9104492188E+000    0.1159570313E+001
 0.5454545    0.9458984375E+000    0.1158886719E+001
 0.5555556    0.8945312500E+000    0.1155078125E+001
 0.5656566    0.9329101562E+000    0.1163671875E+001
 0.5757576    0.9065429688E+000    0.1132910156E+001
 0.5858586    0.9182617188E+000    0.1179296875E+001
 0.5959596    0.8876953125E+000    0.1149511719E+001
 0.6060606    0.8626953125E+000    0.1116992188E+001
 0.6161616    0.8461914063E+000    0.1133300781E+001
 0.6262626    0.8585937500E+000    0.1159960938E+001
 0.6363636    0.8520507812E+000    0.1149218750E+001
 0.6464646    0.8057617187E+000    0.1145605469E+001
 0.6565657    0.8315429688E+000    0.1138378906E+001
 0.6666667    0.8344726563E+000    0.1153320313E+001
 0.6767677    0.8152343750E+000    0.1169531250E+001
 0.6868687    0.7934570313E+000    0.1136035156E+001
 0.6969697    0.7517578125E+000    0.1124218750E+001
 0.7070707    0.7748046875E+000    0.1124902344E+001
 0.7171717    0.7808593750E+000    0.1156054688E+001
 0.7272727    0.7514648438E+000    0.1103125000E+001
 0.7373737    0.6978515625E+000    0.1083105469E+001
 0.7474747    0.6795898438E+000    0.1067578125E+001
 0.7575758    0.6866210938E+000    0.1091503906E+001
 0.7676768    0.6791015625E+000    0.1075195313E+001
 0.7777778    0.6334960938E+000    0.1081933594E+001
 0.7878788    0.6182617188E+000    0.1079296875E+001
 0.7979798    0.5985351563E+000    0.1052539063E+001
 0.8080808    0.5764648438E+000    0.1068554688E+001
 0.8181818    0.5697265625E+000    0.1051269531E+001
 0.8282828    0.5423828125E+000    0.1072656250E+001
 0.8383838    0.4981445313E+000    0.1029882813E+001
 0.8484848    0.4781250000E+000    0.1031835938E+001
 0.8585859    0.4410156250E+000    0.1036816406E+001
 0.8686869    0.4198242188E+000    0.1015917969E+001
 0.8787879    0.3925781250E+000    0.1026464844E+001
 0.8888889    0.3675781250E+000    0.9983398438E+000
 0.8989899    0.3427734375E+000    0.1014257812E+001
 0.9090909    0.3031250000E+000    0.9935546875E+000
 0.9191919    0.2756835938E+000    0.9848632813E+000
 0.9292929    0.2280273438E+000    0.9439453125E+000
 0.9393939    0.1996093750E+000    0.9755859375E+000
 0.9494949    0.1710937500E+000    0.9600585938E+000
 0.9595960    0.1460937500E+000    0.9527343750E+000
 0.9696970    0.1359375000E+000    0.9725585938E+000
 0.9797980    0.8486328125E-001    0.9562500000E+000
 0.9898990    0.3076171875E-001    0.9273437500E+000
 1.0000000    0.0000000000E+000    0.9144531250E+000


# Weightfunction after cycle      11083
 0.0000000    0.2936596680E+001    0.2269482422E+001
 0.0101010    0.2926245117E+001    0.2259545898E+001
 0.0202020    0.2918627930E+001    0.2235351562E+001
 0.0303030    0.2946557617E+001    0.2244628906E+001
 0.0404040    0.3007910156E+001    0.2265527344E+001
 0.0505051    0.3060888672E+001    0.2285498047E+001
 0.0606061    0.3094848633E+001    0.2318408203E+001
 0.0707071    0.3113793945E+001    0.2280249023E+001
 0.0808081    0.3183715820E+001    0.2295800781E+001
 0.0909091    0.3239672852E+001    0.2326953125E+001
 0.1010101    0.3279028320E+001    0.2316088867E+001
 0.1111111    0.3349023437E+001    0.2309643555E+001
 0.1212121    0.3375390625E+001    0.2323046875E+001
 0.1313131    0.3374682617E+001    0.2274755859E+001
 0.1414141    0.3381616211E+001    0.2283129883E+001
 0.1515152    0.3382934570E+001    0.2264160156E+001
 0.1616162    0.3384814453E+001    0.2283300781E+001
 0.1717172    0.3372753906E+001    0.2217871094E+001
 0.1818182    0.3337988281E+001    0.2222216797E+001
 0.1919192    0.3323413086E+001    0.2222387695E+001
 0.2020202    0.3260449219E+001    0.2200952148E+001
 0.2121212    0.3240771484E+001    0.2206054687E+001
 0.2222222    0.3165649414E+001    0.2138989258E+001
 0.2323232    0.3152465820E+001    0.2103173828E+001
 0.2424242    0.3091113281E+001    0.2091967773E+001
 0.2525253    0.3036206055E+001    0.2046826172E+001
 0.2626263    0.2954736328E+001    0.2030078125E+001
 0.2727273    0.2885058594E+001    0.2009814453E+001
 0.2828283    0.2799829102E+001    0.1971923828E+001
 0.2929293    0.2760913086E+001    0.1952319336E+001
 0.3030303    0.2644946289E+001    0.1883837891E+001
 0.3131313    0.2574291992E+001    0.1856640625E+001
 0.3232323    0.2521728516E+001    0.1845239258E+001
 0.3333333    0.2437182617E+001    0.1797729492E+001
 0.3434343    0.2381176758E+001    0.1773901367E+001
 0.3535354    0.2274365234E+001    0.1753369141E+001
 0.3636364    0.2180688477E+001    0.1702783203E+001
 0.3737374    0.2120385742E+001    0.1682421875E+001
 0.3838384    0.1979052734E+001    0.1628417969E+001
 0.3939394    0.1928613281E+001    0.1557714844E+001
 0.4040404    0.1789501953E+001    0.1530273438E+001
 0.4141414    0.1745800781E+001    0.1510083008E+001
 0.4242424    0.1638867188E+001    0.1469458008E+001
 0.4343434    0.1581250000E+001    0.1415502930E+001
 0.4444444    0.1461499023E+001    0.1388671875E+001
 0.4545455    0.1363330078E+001    0.1310839844E+001
 0.4646465    0.1282543945E+001    0.1318554687E+001
 0.4747475    0.1167553711E+001    0.1248876953E+001
 0.4848485    0.1044238281E+001    0.1193188477E+001
 0.4949495    0.9712890625E+000    0.1170996094E+001
 0.5050505    0.9067871094E+000    0.1188500977E+001
 0.5151515    0.9291748047E+000    0.1139331055E+001
 0.5252525    0.9460449219E+000    0.1150439453E+001
 0.5353535    0.9153808594E+000    0.1157250977E+001
 0.5454545    0.9401367188E+000    0.1160083008E+001
 0.5555556    0.8991455078E+000    0.1157592773E+001
 0.5656566    0.9360351563E+000    0.1167187500E+001
 0.5757576    0.9046142578E+000    0.1134765625E+001
 0.5858586    0.9206298828E+000    0.1178125000E+001
 0.5959596    0.8888916016E+000    0.1151611328E+001
 0.6060606    0.8635253906E+000    0.1119433594E+001
 0.6161616    0.8600585938E+000    0.1137744141E+001
 0.6262626    0.8600341797E+000    0.1160986328E+001
 0.6363636    0.8553710938E+000    0.1146459961E+001
 0.6464646    0.8206054688E+000    0.1143164062E+001
 0.6565657    0.8369384766E+000    0.1135644531E+001
 0.6666667    0.8384277344E+000    0.1155468750E+001
 0.6767677    0.8236328125E+000    0.1163574219E+001
 0.6868687    0.8047607422E+000    0.1135229492E+001
 0.6969697    0.7594482422E+000    0.1126562500E+001
 0.7070707    0.7760498047E+000    0.1128906250E+001
 0.7171717    0.7847900391E+000    0.1155883789E+001
 0.7272727    0.7510253906E+000    0.1105712891E+001
 0.7373737    0.7035644531E+000    0.1093603516E+001
 0.7474747    0.6813476563E+000    0.1071508789E+001
 0.7575758    0.6898193359E+000    0.1093676758E+001
 0.7676768    0.6778564453E+000    0.1080249023E+001
 0.7777778    0.6354003906E+000    0.1087744141E+001
 0.7878788    0.6225830078E+000    0.1081127930E+001
 0.7979798    0.6001953125E+000    0.1062866211E+001
 0.8080808    0.5762207031E+000    0.1070141602E+001
 0.8181818    0.5693603516E+000    0.1057080078E+001
 0.8282828    0.5414306641E+000    0.1071044922E+001
 0.8383838    0.4959228516E+000    0.1031835938E+001
 0.8484848    0.4785156250E+000    0.1037670898E+001
 0.8585859    0.4448486328E+000    0.1038476563E+001
 0.8686869    0.4240966797E+000    0.1026806641E+001
 0.8787879    0.3962158203E+000    0.1031054688E+001
 0.8888889    0.3697998047E+000    0.1005590820E+001
 0.8989899    0.3431152344E+000    0.1015795898E+001
 0.9090909    0.3040283203E+000    0.9950927734E+000
 0.9191919    0.2726318359E+000    0.9866455078E+000
 0.9292929    0.2279785156E+000    0.9520019531E+000
 0.9393939    0.2015136719E+000    0.9812500000E+000
 0.9494949    0.1729492188E+000    0.9672119141E+000
 0.9595960    0.1437500000E+000    0.9585205078E+000
 0.9696970    0.1314941406E+000    0.9718994141E+000
 0.9797980    0.7939453125E-001    0.9553222656E+000
 0.9898990    0.3217773438E-001    0.9338378906E+000
 1.0000000    0.0000000000E+000    0.9203613281E+000


# Weightfunction after cycle      17696
 0.0000000    0.2937042236E+001    0.2266717529E+001
 0.0101010    0.2924884033E+001    0.2254620361E+001
 0.0202020    0.2918261719E+001    0.2232067871E+001
 0.0303030    0.2946759033E+001    0.2242645264E+001
 0.0404040    0.3006573486E+001    0.2262542725E+001
 0.0505051    0.3056201172E+001    0.2282019043E+001
 0.0606061    0.3092065430E+001    0.2313397217E+001
 0.0707071    0.3112567139E+001    0.2278039551E+001
 0.0808081    0.3180242920E+001    0.2292498779E+001
 0.0909091    0.3233666992E+001    0.2318365479E+001
 0.1010101    0.3274969482E+001    0.2313134766E+001
 0.1111111    0.3344146729E+001    0.2305596924E+001
 0.1212121    0.3367413330E+001    0.2315106201E+001
 0.1313131    0.3370996094E+001    0.2273748779E+001
 0.1414141    0.3374456787E+001    0.2276812744E+001
 0.1515152    0.3376147461E+001    0.2258514404E+001
 0.1616162    0.3377410889E+001    0.2278002930E+001
 0.1717172    0.3364807129E+001    0.2215618896E+001
 0.1818182    0.3333837891E+001    0.2216809082E+001
 0.1919192    0.3318878174E+001    0.2218206787E+001
 0.2020202    0.3255963135E+001    0.2196923828E+001
 0.2121212    0.3235510254E+001    0.2197711182E+001
 0.2222222    0.3160375977E+001    0.2133428955E+001
 0.2323232    0.3146826172E+001    0.2097863770E+001
 0.2424242    0.3083801270E+001    0.2088836670E+001
 0.2525253    0.3030871582E+001    0.2043536377E+001
 0.2626263    0.2948364258E+001    0.2024932861E+001
 0.2727273    0.2882476807E+001    0.2003387451E+001
 0.2828283    0.2796069336E+001    0.1966284180E+001
 0.2929293    0.2756323242E+001    0.1945611572E+001
 0.3030303    0.2643536377E+001    0.1880291748E+001
 0.3131313    0.2574505615E+001    0.1852185059E+001
 0.3232323    0.2518988037E+001    0.1837414551E+001
 0.3333333    0.2432818604E+001    0.1792962646E+001
 0.3434343    0.2375256348E+001    0.1765112305E+001
 0.3535354    0.2269696045E+001    0.1743902588E+001
 0.3636364    0.2179101563E+001    0.1697021484E+001
 0.3737374    0.2117193604E+001    0.1674169922E+001
 0.3838384    0.1978131104E+001    0.1621832275E+001
 0.3939394    0.1926403809E+001    0.1552636719E+001
 0.4040404    0.1791094971E+001    0.1527148438E+001
 0.4141414    0.1745867920E+001    0.1503424072E+001
 0.4242424    0.1639068604E+001    0.1463018799E+001
 0.4343434    0.1580468750E+001    0.1409222412E+001
 0.4444444    0.1461370850E+001    0.1382904053E+001
 0.4545455    0.1364953613E+001    0.1310980225E+001
 0.4646465    0.1283203125E+001    0.1312145996E+001
 0.4747475    0.1166461182E+001    0.1243957520E+001
 0.4848485    0.1050537109E+001    0.1188049316E+001
 0.4949495    0.9722351074E+000    0.1163916016E+001
 0.5050505    0.9078125000E+000    0.1179266357E+001
 0.5151515    0.9325134277E+000    0.1133880615E+001
 0.5252525    0.9456359863E+000    0.1147430420E+001
 0.5353535    0.9176147461E+000    0.1151593018E+001
 0.5454545    0.9391845703E+000    0.1153912354E+001
 0.5555556    0.9053344727E+000    0.1146826172E+001
 0.5656566    0.9344116211E+000    0.1159429932E+001
 0.5757576    0.9070190430E+000    0.1130181885E+001
 0.5858586    0.9209289551E+000    0.1169177246E+001
 0.5959596    0.8921264648E+000    0.1144000244E+001
 0.6060606    0.8677307129E+000    0.1115747070E+001
 0.6161616    0.8607788086E+000    0.1131298828E+001
 0.6262626    0.8617126465E+000    0.1152832031E+001
 0.6363636    0.8568176270E+000    0.1140087891E+001
 0.6464646    0.8245300293E+000    0.1134948730E+001
 0.6565657    0.8375366211E+000    0.1125152588E+001
 0.6666667    0.8394104004E+000    0.1146655273E+001
 0.6767677    0.8239318848E+000    0.1154870605E+001
 0.6868687    0.8070556641E+000    0.1126763916E+001
 0.6969697    0.7638488770E+000    0.1118988037E+001
 0.7070707    0.7790405273E+000    0.1121868896E+001
 0.7171717    0.7839965820E+000    0.1145312500E+001
 0.7272727    0.7513793945E+000    0.1098937988E+001
 0.7373737    0.7063720703E+000    0.1087408447E+001
 0.7474747    0.6853271484E+000    0.1067687988E+001
 0.7575758    0.6914062500E+000    0.1087115479E+001
 0.7676768    0.6795410156E+000    0.1074188232E+001
 0.7777778    0.6382324219E+000    0.1078948975E+001
 0.7878788    0.6274841309E+000    0.1075866699E+001
 0.7979798    0.6032714844E+000    0.1057763672E+001
 0.8080808    0.5769531250E+000    0.1061761475E+001
 0.8181818    0.5704833984E+000    0.1050518799E+001
 0.8282828    0.5428710937E+000    0.1062512207E+001
 0.8383838    0.4985778809E+000    0.1025469971E+001
 0.8484848    0.4792114258E+000    0.1031286621E+001
 0.8585859    0.4455688477E+000    0.1029394531E+001
 0.8686869    0.4266418457E+000    0.1019799805E+001
 0.8787879    0.3977050781E+000    0.1022186279E+001
 0.8888889    0.3714172363E+000    0.9983520508E+000
 0.8989899    0.3460388184E+000    0.1008892822E+001
 0.9090909    0.3066711426E+000    0.9891662598E+000
 0.9191919    0.2755310059E+000    0.9794006348E+000
 0.9292929    0.2326538086E+000    0.9485046387E+000
 0.9393939    0.2052368164E+000    0.9750915527E+000
 0.9494949    0.1745300293E+000    0.9592834473E+000
 0.9595960    0.1483703613E+000    0.9535705566E+000
 0.9696970    0.1318603516E+000    0.9617492676E+000
 0.9797980    0.7872314453E-001    0.9453308105E+000
 0.9898990    0.3448486328E-001    0.9256713867E+000
 1.0000000    0.0000000000E+000    0.9094055176E+000


# Weightfunction after cycle      97636
 0.0000000    0.2924610901E+001    0.2242048645E+001
 0.0101010    0.2916436768E+001    0.2234492493E+001
 0.0202020    0.2911752319E+001    0.2216201782E+001
 0.0303030    0.2940240479E+001    0.2225151062E+001
 0.0404040    0.2992645264E+001    0.2242594910E+001
 0.0505051    0.3043496704E+001    0.2260916138E+001
 0.0606061    0.3081053162E+001    0.2286447144E+001
 0.0707071    0.3105290222E+001    0.2260183716E+001
 0.0808081    0.3168441772E+001    0.2272627258E+001
 0.0909091    0.3221435547E+001    0.2294117737E+001
 0.1010101    0.3262301636E+001    0.2288208008E+001
 0.1111111    0.3325920105E+001    0.2284013367E+001
 0.1212121    0.3351350403E+001    0.2290347290E+001
 0.1313131    0.3359123230E+001    0.2258489990E+001
 0.1414141    0.3364634705E+001    0.2257974243E+001
 0.1515152    0.3365988159E+001    0.2241441345E+001
 0.1616162    0.3366090393E+001    0.2253671265E+001
 0.1717172    0.3350430298E+001    0.2199194336E+001
 0.1818182    0.3320672607E+001    0.2197994995E+001
 0.1919192    0.3303004456E+001    0.2194558716E+001
 0.2020202    0.3248803711E+001    0.2172273254E+001
 0.2121212    0.3222467041E+001    0.2167973328E+001
 0.2222222    0.3155665588E+001    0.2111560059E+001
 0.2323232    0.3130606079E+001    0.2076240540E+001
 0.2424242    0.3071377563E+001    0.2065243530E+001
 0.2525253    0.3015443420E+001    0.2024284363E+001
 0.2626263    0.2936497498E+001    0.2001818848E+001
 0.2727273    0.2872259521E+001    0.1976571655E+001
 0.2828283    0.2790432739E+001    0.1941044617E+001
 0.2929293    0.2743316650E+001    0.1917819214E+001
 0.3030303    0.2638755798E+001    0.1861334229E+001
 0.3131313    0.2567921448E+001    0.1829469299E+001
 0.3232323    0.2509483337E+001    0.1810488892E+001
 0.3333333    0.2426379395E+001    0.1769319153E+001
 0.3434343    0.2363204956E+001    0.1739578247E+001
 0.3535354    0.2260726929E+001    0.1712432861E+001
 0.3636364    0.2175582886E+001    0.1669548035E+001
 0.3737374    0.2107972717E+001    0.1642163086E+001
 0.3838384    0.1979826355E+001    0.1594400024E+001
 0.3939394    0.1920492554E+001    0.1530238342E+001
 0.4040404    0.1797711182E+001    0.1502114868E+001
 0.4141414    0.1741426086E+001    0.1473986816E+001
 0.4242424    0.1637466431E+001    0.1434902954E+001
 0.4343434    0.1572708130E+001    0.1384442139E+001
 0.4444444    0.1461918640E+001    0.1353511047E+001
 0.4545455    0.1366014099E+001    0.1288836670E+001
 0.4646465    0.1280882263E+001    0.1278620911E+001
 0.4747475    0.1169189453E+001    0.1217825317E+001
 0.4848485    0.1058447266E+001    0.1165034485E+001
 0.4949495    0.9754531860E+000    0.1134774780E+001
 0.5050505    0.9144180298E+000    0.1140960693E+001
 0.5151515    0.9326370239E+000    0.1103897095E+001
 0.5252525    0.9429519653E+000    0.1117591858E+001
 0.5353535    0.9229171753E+000    0.1121775818E+001
 0.5454545    0.9374206543E+000    0.1121229553E+001
 0.5555556    0.9082000732E+000    0.1114971924E+001
 0.5656566    0.9322311401E+000    0.1124655151E+001
 0.5757576    0.9071090698E+000    0.1103831482E+001
 0.5858586    0.9168914795E+000    0.1132905579E+001
 0.5959596    0.8930221558E+000    0.1111560059E+001
 0.6060606    0.8727722168E+000    0.1089767456E+001
 0.6161616    0.8662536621E+000    0.1101197815E+001
 0.6262626    0.8642135620E+000    0.1116484070E+001
 0.6363636    0.8600555420E+000    0.1106089783E+001
 0.6464646    0.8298065186E+000    0.1103025818E+001
 0.6565657    0.8389175415E+000    0.1093383789E+001
 0.6666667    0.8378112793E+000    0.1109419250E+001
 0.6767677    0.8207809448E+000    0.1116365051E+001
 0.6868687    0.8058105469E+000    0.1091674805E+001
 0.6969697    0.7689102173E+000    0.1083851624E+001
 0.7070707    0.7764114380E+000    0.1086082458E+001
 0.7171717    0.7777084351E+000    0.1104945374E+001
 0.7272727    0.7481597900E+000    0.1065625000E+001
 0.7373737    0.7092224121E+000    0.1055717468E+001
 0.7474747    0.6877593994E+000    0.1039717102E+001
 0.7575758    0.6875793457E+000    0.1051600647E+001
 0.7676768    0.6765808106E+000    0.1043206787E+001
 0.7777778    0.6383941650E+000    0.1045544434E+001
 0.7878788    0.6262817383E+000    0.1042344666E+001
 0.7979798    0.6015121460E+000    0.1025483704E+001
 0.8080808    0.5752151489E+000    0.1026029968E+001
 0.8181818    0.5646118164E+000    0.1015399170E+001
 0.8282828    0.5378295898E+000    0.1023022461E+001
 0.8383838    0.4977371216E+000    0.9948577881E+000
 0.8484848    0.4768005371E+000    0.9964141846E+000
 0.8585859    0.4434173584E+000    0.9925888062E+000
 0.8686869    0.4239990234E+000    0.9838607788E+000
 0.8787879    0.3960296631E+000    0.9834396362E+000
 0.8888889    0.3663009644E+000    0.9619079590E+000
 0.8989899    0.3403594971E+000    0.9680892944E+000
 0.9090909    0.3042327881E+000    0.9524566650E+000
 0.9191919    0.2719650269E+000    0.9414581299E+000
 0.9292929    0.2314895630E+000    0.9169326782E+000
 0.9393939    0.2028869629E+000    0.9349136353E+000
 0.9494949    0.1714294434E+000    0.9198883057E+000
 0.9595960    0.1429885864E+000    0.9128692627E+000
 0.9696970    0.1228576660E+000    0.9175003052E+000
 0.9797980    0.7248535156E-001    0.9011657715E+000
 0.9898990    0.3101196289E-001    0.8849288940E+000
 1.0000000    0.0000000000E+000    0.8710693359E+000


