# Cycle, ((Average density(Ib,Tm), Tm=1,N_MolType), Ib=1,N_Box)
    100100   0.9503493903E+003   0.2309768632E+002   0.5548620253E+002   0.2838924642E+002
    100200   0.9561084454E+003   0.2713506717E+002   0.5676247553E+002   0.2867292759E+002
    100300   0.9633999760E+003   0.2560914068E+002   0.5668608603E+002   0.2882036274E+002
    100400   0.9733173632E+003   0.2664288992E+002   0.5560704736E+002   0.2824060660E+002
    100500   0.9808830190E+003   0.2595241336E+002   0.5597678560E+002   0.2846599123E+002
    100600   0.9837773776E+003   0.2500194074E+002   0.5624841911E+002   0.2870299617E+002
    100700   0.9871253309E+003   0.2422574312E+002   0.5618364049E+002   0.2876615486E+002
    100800   0.9944657301E+003   0.2255241637E+002   0.5573446391E+002   0.2873868494E+002
    100900   0.1001038530E+004   0.2146636617E+002   0.5519865837E+002   0.2858223804E+002
    101000   0.1004503636E+004   0.2094994111E+002   0.5507160868E+002   0.2858822924E+002
    101100   0.1006394941E+004   0.2053577094E+002   0.5515569702E+002   0.2867063435E+002
    101200   0.1007617086E+004   0.2025345253E+002   0.5510362017E+002   0.2866113902E+002
    101300   0.1007566955E+004   0.1990536422E+002   0.5520513911E+002   0.2872179903E+002
    101400   0.1007473545E+004   0.1987657291E+002   0.5508836612E+002   0.2863895586E+002
    101500   0.1007474199E+004   0.1985063031E+002   0.5495619450E+002   0.2853681249E+002
    101600   0.1006562038E+004   0.2040677274E+002   0.5504884010E+002   0.2850482619E+002
    101700   0.1004806039E+004   0.2090016529E+002   0.5519695955E+002   0.2849471283E+002
    101800   0.1003876614E+004   0.2089482482E+002   0.5524855413E+002   0.2848231463E+002
    101900   0.1003237606E+004   0.2123670246E+002   0.5543441887E+002   0.2850069097E+002
    102000   0.1002610979E+004   0.2162491939E+002   0.5558152963E+002   0.2849011583E+002
    102100   0.1001349426E+004   0.2211152346E+002   0.5582679664E+002   0.2853450337E+002
    102200   0.9999402914E+003   0.2274814843E+002   0.5598697757E+002   0.2852047050E+002
    102300   0.9989711565E+003   0.2294311160E+002   0.5606072675E+002   0.2850776819E+002
    102400   0.9983582966E+003   0.2303153230E+002   0.5613607877E+002   0.2850836951E+002
    102500   0.9983455479E+003   0.2280642698E+002   0.5618694480E+002   0.2851586131E+002
    102600   0.9982389589E+003   0.2287980092E+002   0.5626797279E+002   0.2851724160E+002
    102700   0.9976297806E+003   0.2318291883E+002   0.5636220158E+002   0.2851167284E+002
    102800   0.9966518991E+003   0.2369811566E+002   0.5640727674E+002   0.2846809791E+002
    102900   0.9956554144E+003   0.2406572858E+002   0.5646659983E+002   0.2845225036E+002
    103000   0.9950993621E+003   0.2429039253E+002   0.5649774776E+002   0.2843649959E+002
    103100   0.9943837253E+003   0.2449008085E+002   0.5648850136E+002   0.2839477128E+002
    103200   0.9945365758E+003   0.2452984879E+002   0.5658861632E+002   0.2842084347E+002
    103300   0.9948145420E+003   0.2468479264E+002   0.5660076975E+002   0.2839424540E+002
    103400   0.9951810529E+003   0.2468766862E+002   0.5653990909E+002   0.2834901823E+002
    103500   0.9959482518E+003   0.2474648589E+002   0.5660099706E+002   0.2835413289E+002
    103600   0.9969881394E+003   0.2480681842E+002   0.5652518321E+002   0.2828356634E+002
    103700   0.9967540137E+003   0.2480962027E+002   0.5651337667E+002   0.2824632094E+002
    103800   0.9963024217E+003   0.2475219884E+002   0.5657379776E+002   0.2824725054E+002
    103900   0.9962302848E+003   0.2474149888E+002   0.5660237506E+002   0.2822767901E+002
    104000   0.9959440206E+003   0.2495183881E+002   0.5661169855E+002   0.2818681447E+002
    104100   0.9957137819E+003   0.2512432392E+002   0.5669114873E+002   0.2817600125E+002
    104200   0.9958272660E+003   0.2533470050E+002   0.5688364592E+002   0.2821764793E+002
    104300   0.9963822568E+003   0.2536135477E+002   0.5690426280E+002   0.2819632123E+002
    104400   0.9967048667E+003   0.2540580543E+002   0.5690300073E+002   0.2816984033E+002
    104500   0.9968622007E+003   0.2542697836E+002   0.5691356729E+002   0.2814865263E+002
    104600   0.9966604078E+003   0.2538688501E+002   0.5703308282E+002   0.2819195833E+002
    104700   0.9963114420E+003   0.2545627897E+002   0.5706470005E+002   0.2818505412E+002
    104800   0.9962557540E+003   0.2550999651E+002   0.5709107685E+002   0.2818074906E+002
    104900   0.9963327013E+003   0.2541076398E+002   0.5711567754E+002   0.2818558058E+002
    105000   0.9964423657E+003   0.2526149185E+002   0.5718405076E+002   0.2821627579E+002
    105100   0.9963043759E+003   0.2529884146E+002   0.5719807591E+002   0.2821066571E+002
    105200   0.9964993599E+003   0.2543185585E+002   0.5724302119E+002   0.2822019983E+002
    105300   0.9968134068E+003   0.2564664727E+002   0.5720390920E+002   0.2818759590E+002
    105400   0.9968765706E+003   0.2596435399E+002   0.5713159937E+002   0.2813565477E+002
    105500   0.9968148591E+003   0.2615410248E+002   0.5714168304E+002   0.2813146139E+002
    105600   0.9966821283E+003   0.2622859808E+002   0.5716978946E+002   0.2814174225E+002
    105700   0.9969270217E+003   0.2629841972E+002   0.5716950029E+002   0.2814333189E+002
    105800   0.9973237807E+003   0.2643993005E+002   0.5719181685E+002   0.2815276652E+002
    105900   0.9976765726E+003   0.2655931119E+002   0.5718314539E+002   0.2815012711E+002
    106000   0.9979485190E+003   0.2654690611E+002   0.5710546909E+002   0.2811748827E+002
    106100   0.9980024673E+003   0.2662095089E+002   0.5711497020E+002   0.2811928207E+002
    106200   0.9979443100E+003   0.2671787287E+002   0.5712692426E+002   0.2812194080E+002
    106300   0.9978901808E+003   0.2673936116E+002   0.5716517524E+002   0.2814031962E+002
    106400   0.9978587866E+003   0.2667863346E+002   0.5716217782E+002   0.2814530753E+002
    106500   0.9979785754E+003   0.2664288315E+002   0.5715336317E+002   0.2814129638E+002
    106600   0.9981514044E+003   0.2661036169E+002   0.5712058378E+002   0.2812411754E+002
    106700   0.9982314918E+003   0.2652844310E+002   0.5711441163E+002   0.2812285432E+002
    106800   0.9983820973E+003   0.2639229236E+002   0.5711447922E+002   0.2813102112E+002
    106900   0.9990906630E+003   0.2622450966E+002   0.5703098340E+002   0.2810373116E+002
    107000   0.9996751735E+003   0.2599928816E+002   0.5700887471E+002   0.2811229737E+002
    107100   0.1000528131E+004   0.2569966801E+002   0.5696086198E+002   0.2810744599E+002
    107200   0.1000969253E+004   0.2549802376E+002   0.5690213578E+002   0.2809079408E+002
    107300   0.1001742739E+004   0.2525515447E+002   0.5685437053E+002   0.2808724453E+002
    107400   0.1002434783E+004   0.2502837676E+002   0.5683318337E+002   0.2809951801E+002
    107500   0.1003133262E+004   0.2476938999E+002   0.5680194076E+002   0.2810932829E+002
    107600   0.1003343771E+004   0.2459505834E+002   0.5677439950E+002   0.2811114891E+002
    107700   0.1003665478E+004   0.2441122141E+002   0.5677336283E+002   0.2812779552E+002
    107800   0.1003786480E+004   0.2441348383E+002   0.5679591470E+002   0.2813895389E+002
    107900   0.1003824034E+004   0.2444869864E+002   0.5680805917E+002   0.2814280786E+002
    108000   0.1003765096E+004   0.2447186154E+002   0.5677651377E+002   0.2812765472E+002
    108100   0.1003920839E+004   0.2438057615E+002   0.5678711016E+002   0.2814404444E+002
    108200   0.1003889081E+004   0.2436192451E+002   0.5678750947E+002   0.2814882850E+002
    108300   0.1003872150E+004   0.2440910519E+002   0.5678800635E+002   0.2814735747E+002
    108400   0.1003548561E+004   0.2444767244E+002   0.5679919377E+002   0.2814795432E+002
    108500   0.1003210811E+004   0.2447039743E+002   0.5679534912E+002   0.2814246639E+002
    108600   0.1003037293E+004   0.2441684366E+002   0.5678740302E+002   0.2814187133E+002
    108700   0.1003023805E+004   0.2429015370E+002   0.5681580253E+002   0.2816877556E+002
    108800   0.1003035686E+004   0.2424365570E+002   0.5679210715E+002   0.2816429424E+002
    108900   0.1003074712E+004   0.2424962299E+002   0.5679682173E+002   0.2817068480E+002
    109000   0.1002884911E+004   0.2428632872E+002   0.5679944960E+002   0.2817200078E+002
    109100   0.1002570595E+004   0.2435256986E+002   0.5679451147E+002   0.2816515118E+002
    109200   0.1002390200E+004   0.2439929369E+002   0.5678350355E+002   0.2815879541E+002
    109300   0.1002118441E+004   0.2436431211E+002   0.5676050894E+002   0.2815207231E+002
    109400   0.1001837355E+004   0.2429974845E+002   0.5672886867E+002   0.2814370550E+002
    109500   0.1001755778E+004   0.2431170945E+002   0.5672806397E+002   0.2814594258E+002
    109600   0.1001701203E+004   0.2434137022E+002   0.5673805059E+002   0.2815135942E+002
    109700   0.1001435001E+004   0.2436699364E+002   0.5674297893E+002   0.2815483357E+002
    109800   0.1001130307E+004   0.2438611392E+002   0.5672145483E+002   0.2814535231E+002
    109900   0.1000781882E+004   0.2432193960E+002   0.5672468905E+002   0.2815072645E+002
    110000   0.1000625542E+004   0.2424924346E+002   0.5672799365E+002   0.2815903264E+002
    110100   0.1000455669E+004   0.2424282037E+002   0.5673499918E+002   0.2816461841E+002
    110200   0.1000508023E+004   0.2417399370E+002   0.5671483775E+002   0.2816022380E+002
    110300   0.1000463054E+004   0.2417349462E+002   0.5674095441E+002   0.2817212891E+002
    110400   0.1000503894E+004   0.2415446413E+002   0.5675639642E+002   0.2817964576E+002
    110500   0.1000600122E+004   0.2410841848E+002   0.5676485776E+002   0.2818615395E+002
    110600   0.1000592236E+004   0.2408421585E+002   0.5675207053E+002   0.2818345441E+002
    110700   0.1000401458E+004   0.2410044030E+002   0.5675626993E+002   0.2818424495E+002
    110800   0.1000188196E+004   0.2426621704E+002   0.5678844698E+002   0.2818857103E+002
    110900   0.1000035421E+004   0.2437003426E+002   0.5681463662E+002   0.2819584103E+002
    111000   0.9998295173E+003   0.2445850123E+002   0.5681531691E+002   0.2819288449E+002
    111100   0.9996471397E+003   0.2454205614E+002   0.5682964363E+002   0.2819804681E+002
    111200   0.9993128553E+003   0.2452523423E+002   0.5683087381E+002   0.2820460468E+002
    111300   0.9991364218E+003   0.2457870885E+002   0.5682483072E+002   0.2819980050E+002
    111400   0.9990361392E+003   0.2466838647E+002   0.5686771434E+002   0.2821648720E+002
    111500   0.9988486925E+003   0.2477854307E+002   0.5687760686E+002   0.2821770660E+002
    111600   0.9985667446E+003   0.2491510321E+002   0.5687802670E+002   0.2821145527E+002
    111700   0.9984163230E+003   0.2496618562E+002   0.5688971638E+002   0.2821610996E+002
    111800   0.9983319619E+003   0.2497006554E+002   0.5689956489E+002   0.2822499551E+002
    111900   0.9981815904E+003   0.2500291491E+002   0.5692022797E+002   0.2823444849E+002
    112000   0.9981539949E+003   0.2502885884E+002   0.5692130956E+002   0.2823604377E+002
    112100   0.9981973604E+003   0.2504100589E+002   0.5695082117E+002   0.2825322319E+002
    112200   0.9983141498E+003   0.2506537681E+002   0.5698248890E+002   0.2827033183E+002
    112300   0.9984062679E+003   0.2506895580E+002   0.5696471263E+002   0.2826458064E+002
    112400   0.9985344869E+003   0.2504217863E+002   0.5693339658E+002   0.2825270311E+002
    112500   0.9986768480E+003   0.2504853648E+002   0.5692154571E+002   0.2824897319E+002
    112600   0.9987246586E+003   0.2503312936E+002   0.5689894882E+002   0.2824092197E+002
    112700   0.9987399865E+003   0.2501789660E+002   0.5687534611E+002   0.2822922297E+002
    112800   0.9986499033E+003   0.2500885878E+002   0.5687092578E+002   0.2822392457E+002
    112900   0.9984983504E+003   0.2504284242E+002   0.5687984633E+002   0.2822145301E+002
    113000   0.9983675009E+003   0.2509271435E+002   0.5689957555E+002   0.2822363743E+002
    113100   0.9982433875E+003   0.2510965568E+002   0.5690758916E+002   0.2822327374E+002
    113200   0.9981742850E+003   0.2516288068E+002   0.5692794754E+002   0.2822607356E+002
    113300   0.9980876915E+003   0.2519060339E+002   0.5693441930E+002   0.2822295793E+002
    113400   0.9979536756E+003   0.2513730700E+002   0.5690842803E+002   0.2821090924E+002
    113500   0.9978822241E+003   0.2505761494E+002   0.5691171889E+002   0.2821672275E+002
    113600   0.9979129723E+003   0.2501415706E+002   0.5690221074E+002   0.2821632049E+002
    113700   0.9978823931E+003   0.2500824085E+002   0.5689506107E+002   0.2821617012E+002
    113800   0.9976921397E+003   0.2500040599E+002   0.5689041420E+002   0.2821760637E+002
    113900   0.9975596525E+003   0.2501316274E+002   0.5688997341E+002   0.2822039762E+002
    114000   0.9973790105E+003   0.2507976417E+002   0.5690634397E+002   0.2822497868E+002
    114100   0.9971583870E+003   0.2513205676E+002   0.5690841752E+002   0.2822379122E+002
    114200   0.9969897581E+003   0.2515120381E+002   0.5690963356E+002   0.2822515059E+002
    114300   0.9968503666E+003   0.2515791177E+002   0.5692929599E+002   0.2823788854E+002
    114400   0.9968271986E+003   0.2516106958E+002   0.5692983738E+002   0.2823948903E+002
    114500   0.9967287022E+003   0.2515380827E+002   0.5693285260E+002   0.2824002015E+002
    114600   0.9966118877E+003   0.2515152792E+002   0.5695047384E+002   0.2824554009E+002
    114700   0.9963936063E+003   0.2512867458E+002   0.5698410704E+002   0.2825971469E+002
    114800   0.9962597117E+003   0.2517040276E+002   0.5700500193E+002   0.2826527274E+002
    114900   0.9961522818E+003   0.2523529930E+002   0.5699676059E+002   0.2825617666E+002
    115000   0.9960576058E+003   0.2528750763E+002   0.5699019440E+002   0.2824908558E+002
    115100   0.9958139515E+003   0.2534152602E+002   0.5698610243E+002   0.2824391485E+002
    115200   0.9956222260E+003   0.2537264111E+002   0.5699597471E+002   0.2824863685E+002
    115300   0.9952656097E+003   0.2542850159E+002   0.5700966405E+002   0.2825535601E+002
    115400   0.9949715418E+003   0.2545335931E+002   0.5700337360E+002   0.2825241649E+002
    115500   0.9947232027E+003   0.2547447111E+002   0.5699840764E+002   0.2825147523E+002
    115600   0.9945169149E+003   0.2549556970E+002   0.5700000162E+002   0.2825345128E+002
    115700   0.9943316880E+003   0.2554645053E+002   0.5700965410E+002   0.2825643169E+002
    115800   0.9941890919E+003   0.2557839315E+002   0.5700625284E+002   0.2825443928E+002
    115900   0.9940350927E+003   0.2562782487E+002   0.5702583827E+002   0.2826138489E+002
    116000   0.9938706417E+003   0.2572104352E+002   0.5702972014E+002   0.2825769792E+002
    116100   0.9936978284E+003   0.2576941823E+002   0.5701824342E+002   0.2825157748E+002
    116200   0.9935313465E+003   0.2577581450E+002   0.5701693314E+002   0.2825666084E+002
    116300   0.9933887846E+003   0.2577571289E+002   0.5702289584E+002   0.2826456704E+002
    116400   0.9931442092E+003   0.2576837884E+002   0.5700097616E+002   0.2826023324E+002
    116500   0.9930479063E+003   0.2576171031E+002   0.5699942127E+002   0.2826571528E+002
    116600   0.9929552860E+003   0.2575332689E+002   0.5699639420E+002   0.2827180844E+002
    116700   0.9928916590E+003   0.2577778480E+002   0.5698750301E+002   0.2827170965E+002
    116800   0.9927768352E+003   0.2579403893E+002   0.5698233757E+002   0.2827224319E+002
    116900   0.9926152126E+003   0.2580591250E+002   0.5697960178E+002   0.2827318312E+002
    117000   0.9924898957E+003   0.2582366512E+002   0.5697043764E+002   0.2827272865E+002
    117100   0.9923691931E+003   0.2586327577E+002   0.5695951061E+002   0.2827094619E+002
    117200   0.9923049080E+003   0.2586716485E+002   0.5694261818E+002   0.2827105360E+002
    117300   0.9921294803E+003   0.2589737946E+002   0.5693719637E+002   0.2827475458E+002
    117400   0.9919869082E+003   0.2592102993E+002   0.5693514426E+002   0.2828045745E+002
    117500   0.9917899666E+003   0.2597186053E+002   0.5693737293E+002   0.2828552417E+002
    117600   0.9915850897E+003   0.2601434275E+002   0.5693159273E+002   0.2828985461E+002
    117700   0.9914482040E+003   0.2604680048E+002   0.5692802364E+002   0.2829281237E+002
    117800   0.9913832667E+003   0.2607328888E+002   0.5694143035E+002   0.2830436871E+002
    117900   0.9913146698E+003   0.2609837950E+002   0.5695087107E+002   0.2831685425E+002
    118000   0.9911694555E+003   0.2613682140E+002   0.5695093555E+002   0.2832091630E+002
    118100   0.9909470720E+003   0.2613894998E+002   0.5692970382E+002   0.2831786467E+002
    118200   0.9907776536E+003   0.2613089996E+002   0.5692298856E+002   0.2832095209E+002
    118300   0.9905849022E+003   0.2613956518E+002   0.5690633868E+002   0.2831678257E+002
    118400   0.9903710950E+003   0.2617375863E+002   0.5690935807E+002   0.2831795818E+002
    118500   0.9902763142E+003   0.2615603314E+002   0.5690117381E+002   0.2831772133E+002
    118600   0.9901459544E+003   0.2615835547E+002   0.5688366927E+002   0.2831156575E+002
    118700   0.9898606005E+003   0.2617922438E+002   0.5687947649E+002   0.2830886320E+002
    118800   0.9896220488E+003   0.2623203328E+002   0.5689093454E+002   0.2831053343E+002
    118900   0.9894790770E+003   0.2628458105E+002   0.5689289267E+002   0.2830881811E+002
    119000   0.9893444243E+003   0.2633084364E+002   0.5690281444E+002   0.2831174326E+002
    119100   0.9892732441E+003   0.2636770922E+002   0.5691372588E+002   0.2831752922E+002
    119200   0.9892010471E+003   0.2640652659E+002   0.5692165751E+002   0.2832246910E+002
    119300   0.9891135968E+003   0.2644781774E+002   0.5691563828E+002   0.2832189431E+002
    119400   0.9890503012E+003   0.2644286001E+002   0.5691640522E+002   0.2832822108E+002
    119500   0.9890431072E+003   0.2646367173E+002   0.5692287477E+002   0.2833564482E+002
    119600   0.9891214664E+003   0.2648570121E+002   0.5691867675E+002   0.2833817692E+002
    119700   0.9890864391E+003   0.2650879778E+002   0.5691342593E+002   0.2834018776E+002
    119800   0.9890933768E+003   0.2650793862E+002   0.5692554229E+002   0.2835487350E+002
    119900   0.9891437942E+003   0.2651469448E+002   0.5692092057E+002   0.2836010672E+002
    120000   0.9892916660E+003   0.2653818826E+002   0.5692597709E+002   0.2836997300E+002
    120100   0.9894398194E+003   0.2653325674E+002   0.5691255084E+002   0.2836992397E+002
    120200   0.9896087661E+003   0.2653941462E+002   0.5689982256E+002   0.2836928602E+002
    120300   0.9898150240E+003   0.2654679871E+002   0.5689366179E+002   0.2837248178E+002
    120400   0.9898974599E+003   0.2658841838E+002   0.5689814260E+002   0.2837629159E+002
    120500   0.9899300945E+003   0.2665004430E+002   0.5690745952E+002   0.2837978441E+002
    120600   0.9899286371E+003   0.2671013243E+002   0.5690779864E+002   0.2837837863E+002
    120700   0.9899495967E+003   0.2675763219E+002   0.5689540599E+002   0.2837246630E+002
    120800   0.9899756870E+003   0.2676203603E+002   0.5689212618E+002   0.2837601266E+002
    120900   0.9899288474E+003   0.2677241629E+002   0.5687978763E+002   0.2837322882E+002
    121000   0.9899298483E+003   0.2675136767E+002   0.5686325218E+002   0.2837375657E+002
    121100   0.9899762298E+003   0.2675180028E+002   0.5685988011E+002   0.2837786889E+002
    121200   0.9900638194E+003   0.2671963064E+002   0.5686095099E+002   0.2838807042E+002
    121300   0.9901911373E+003   0.2666955591E+002   0.5683820323E+002   0.2838856223E+002
    121400   0.9902614798E+003   0.2665440464E+002   0.5683239844E+002   0.2839322387E+002
    121500   0.9903920373E+003   0.2665539701E+002   0.5682605312E+002   0.2839515033E+002
    121600   0.9903651007E+003   0.2663498057E+002   0.5682034554E+002   0.2839973743E+002
    121700   0.9904162541E+003   0.2663277476E+002   0.5682325273E+002   0.2840785147E+002
    121800   0.9904007828E+003   0.2663239677E+002   0.5681445700E+002   0.2840739387E+002
    121900   0.9904447319E+003   0.2659446766E+002   0.5679070006E+002   0.2840568281E+002
    122000   0.9904488433E+003   0.2657046101E+002   0.5679041067E+002   0.2841510344E+002
    122100   0.9903454155E+003   0.2658833285E+002   0.5677593814E+002   0.2841264830E+002
    122200   0.9902383863E+003   0.2662519797E+002   0.5676181920E+002   0.2840680047E+002
    122300   0.9901225478E+003   0.2666536072E+002   0.5676861770E+002   0.2841023521E+002
    122400   0.9899981021E+003   0.2666439827E+002   0.5675496061E+002   0.2840811546E+002
    122500   0.9899458118E+003   0.2668005273E+002   0.5674938316E+002   0.2840956413E+002
    122600   0.9897917637E+003   0.2671086834E+002   0.5675402860E+002   0.2841408715E+002
    122700   0.9896349836E+003   0.2672994595E+002   0.5674976516E+002   0.2841542545E+002
    122800   0.9895511571E+003   0.2675567507E+002   0.5675792343E+002   0.2842235647E+002
    122900   0.9894639965E+003   0.2684478779E+002   0.5676047126E+002   0.2842293966E+002
    123000   0.9893911992E+003   0.2692640910E+002   0.5675287027E+002   0.2841791363E+002
    123100   0.9893157352E+003   0.2700665684E+002   0.5675292984E+002   0.2841748177E+002
    123200   0.9892537057E+003   0.2706179619E+002   0.5675426826E+002   0.2842017419E+002
    123300   0.9892302321E+003   0.2709970286E+002   0.5674579294E+002   0.2842014748E+002
    123400   0.9892277384E+003   0.2712515946E+002   0.5672983109E+002   0.2841945889E+002
    123500   0.9891741337E+003   0.2716045269E+002   0.5671291004E+002   0.2841657003E+002
    123600   0.9891771905E+003   0.2716951128E+002   0.5670056794E+002   0.2841712657E+002
    123700   0.9892953239E+003   0.2716255885E+002   0.5668757177E+002   0.2842347041E+002
    123800   0.9894150535E+003   0.2715435817E+002   0.5667310980E+002   0.2842797085E+002
    123900   0.9895595640E+003   0.2716135549E+002   0.5665621693E+002   0.2843027128E+002
    124000   0.9896437201E+003   0.2716468359E+002   0.5664009720E+002   0.2843451984E+002
    124100   0.9897278605E+003   0.2716284723E+002   0.5662421117E+002   0.2844047221E+002
    124200   0.9897690266E+003   0.2717557617E+002   0.5660888292E+002   0.2844486125E+002
    124300   0.9897717015E+003   0.2717247510E+002   0.5660590972E+002   0.2845484821E+002
    124400   0.9898132955E+003   0.2717826634E+002   0.5659894546E+002   0.2846182096E+002
    124500   0.9898784269E+003   0.2717371910E+002   0.5658325467E+002   0.2846682863E+002
    124600   0.9899316856E+003   0.2717744891E+002   0.5656736448E+002   0.2847125981E+002
    124700   0.9899555224E+003   0.2716135027E+002   0.5655538430E+002   0.2848018890E+002
    124800   0.9900875189E+003   0.2712942519E+002   0.5654826854E+002   0.2849300235E+002
    124900   0.9901613497E+003   0.2707800152E+002   0.5652914077E+002   0.2850137912E+002
    125000   0.9902438819E+003   0.2703264535E+002   0.5651714483E+002   0.2851128522E+002
    125100   0.9902844513E+003   0.2700130946E+002   0.5650514905E+002   0.2852052826E+002
    125200   0.9902626856E+003   0.2698571253E+002   0.5650321627E+002   0.2853090825E+002
    125300   0.9902679711E+003   0.2698312807E+002   0.5649650550E+002   0.2853951126E+002
    125400   0.9903063982E+003   0.2699380688E+002   0.5648598835E+002   0.2854681202E+002
    125500   0.9903185692E+003   0.2699262262E+002   0.5647349068E+002   0.2855426398E+002
    125600   0.9902765569E+003   0.2700931795E+002   0.5645875578E+002   0.2855761669E+002
    125700   0.9902764904E+003   0.2702893496E+002   0.5644501655E+002   0.2856376896E+002
    125800   0.9903098149E+003   0.2702936194E+002   0.5643307504E+002   0.2856824318E+002
    125900   0.9903392195E+003   0.2702441116E+002   0.5642105613E+002   0.2857639685E+002
    126000   0.9903834516E+003   0.2703271217E+002   0.5641360874E+002   0.2858721913E+002
    126100   0.9903862348E+003   0.2705662536E+002   0.5641565931E+002   0.2859852781E+002
    126200   0.9903897119E+003   0.2708558168E+002   0.5641435029E+002   0.2860379038E+002
    126300   0.9903646957E+003   0.2710554025E+002   0.5641695391E+002   0.2861385520E+002
    126400   0.9903783224E+003   0.2712206232E+002   0.5640859706E+002   0.2861981639E+002
    126500   0.9903811514E+003   0.2714103379E+002   0.5639968940E+002   0.2862798913E+002
    126600   0.9903616911E+003   0.2715717418E+002   0.5639473376E+002   0.2863821307E+002
    126700   0.9903122867E+003   0.2716637409E+002   0.5638385277E+002   0.2864393033E+002
    126800   0.9903045482E+003   0.2717573297E+002   0.5637320095E+002   0.2865023520E+002
    126900   0.9902655380E+003   0.2720207493E+002   0.5636423285E+002   0.2865318259E+002
    127000   0.9901654350E+003   0.2721961499E+002   0.5635145983E+002   0.2866059426E+002
    127100   0.9900627311E+003   0.2723610387E+002   0.5633309720E+002   0.2866118681E+002
    127200   0.9900244960E+003   0.2725793965E+002   0.5631997928E+002   0.2866678716E+002
    127300   0.9899615316E+003   0.2725637581E+002   0.5630993537E+002   0.2867453933E+002
    127400   0.9899114663E+003   0.2724580265E+002   0.5629110349E+002   0.2868028463E+002
    127500   0.9899556843E+003   0.2722381437E+002   0.5628155190E+002   0.2869397916E+002
    127600   0.9899424985E+003   0.2721048279E+002   0.5626857936E+002   0.2870089591E+002
    127700   0.9899947491E+003   0.2719563199E+002   0.5624222572E+002   0.2870769167E+002
    127800   0.9900312286E+003   0.2717077861E+002   0.5623016310E+002   0.2871830456E+002
    127900   0.9900604423E+003   0.2716112788E+002   0.5621501102E+002   0.2872547248E+002
    128000   0.9901151845E+003   0.2715272725E+002   0.5621113524E+002   0.2874092943E+002
    128100   0.9901528312E+003   0.2714911881E+002   0.5619950429E+002   0.2874841129E+002
    128200   0.9901492713E+003   0.2716832802E+002   0.5618895975E+002   0.2875309774E+002
    128300   0.9901010765E+003   0.2718278635E+002   0.5618502462E+002   0.2875767373E+002
    128400   0.9900766023E+003   0.2721516756E+002   0.5618358750E+002   0.2876159254E+002
    128500   0.9900868652E+003   0.2723320227E+002   0.5617611876E+002   0.2876222003E+002
    128600   0.9900878635E+003   0.2724071753E+002   0.5617172278E+002   0.2876875088E+002
    128700   0.9900474375E+003   0.2727353051E+002   0.5616514592E+002   0.2877350796E+002
    128800   0.9899943149E+003   0.2730140935E+002   0.5615934376E+002   0.2877637207E+002
    128900   0.9899381849E+003   0.2730989620E+002   0.5615080069E+002   0.2877863301E+002
    129000   0.9899249853E+003   0.2731540189E+002   0.5613820546E+002   0.2877964921E+002
    129100   0.9899014570E+003   0.2730660844E+002   0.5612353948E+002   0.2878159258E+002
    129200   0.9898606284E+003   0.2731945485E+002   0.5613501816E+002   0.2879299303E+002
    129300   0.9898094610E+003   0.2733021213E+002   0.5614006697E+002   0.2880143634E+002
    129400   0.9898118159E+003   0.2733361716E+002   0.5613335410E+002   0.2880512978E+002
    129500   0.9898591824E+003   0.2734659330E+002   0.5613409059E+002   0.2881267869E+002
    129600   0.9898838428E+003   0.2734473022E+002   0.5613281119E+002   0.2881913908E+002
    129700   0.9899498272E+003   0.2736680832E+002   0.5613003687E+002   0.2882399579E+002
    129800   0.9899676332E+003   0.2739143090E+002   0.5612407178E+002   0.2882510301E+002
    129900   0.9899782062E+003   0.2739841729E+002   0.5611664931E+002   0.2882571286E+002
    130000   0.9900247770E+003   0.2742002934E+002   0.5611293822E+002   0.2882721379E+002
    130100   0.9900327937E+003   0.2745429999E+002   0.5611984295E+002   0.2883285330E+002
    130200   0.9900156764E+003   0.2748998254E+002   0.5611705640E+002   0.2883384451E+002
    130300   0.9899710962E+003   0.2752290844E+002   0.5612305066E+002   0.2883882489E+002
    130400   0.9899551194E+003   0.2754472617E+002   0.5611849793E+002   0.2883808520E+002
    130500   0.9898900871E+003   0.2756879299E+002   0.5610745161E+002   0.2883360013E+002
    130600   0.9898415715E+003   0.2758630271E+002   0.5609926748E+002   0.2883297158E+002
    130700   0.9897866900E+003   0.2760052890E+002   0.5609038509E+002   0.2883399580E+002
    130800   0.9897260892E+003   0.2759873480E+002   0.5607323533E+002   0.2882988872E+002
    130900   0.9896901674E+003   0.2761463504E+002   0.5606562117E+002   0.2882881348E+002
    131000   0.9896754326E+003   0.2762161307E+002   0.5605065838E+002   0.2882815105E+002
    131100   0.9896784689E+003   0.2763963833E+002   0.5603825493E+002   0.2882700613E+002
    131200   0.9896514537E+003   0.2767044103E+002   0.5603518463E+002   0.2882777177E+002
    131300   0.9895829737E+003   0.2769598758E+002   0.5602950008E+002   0.2882872504E+002
    131400   0.9895153059E+003   0.2772060678E+002   0.5602467546E+002   0.2882944515E+002
    131500   0.9894568757E+003   0.2774278922E+002   0.5601125404E+002   0.2882630243E+002
    131600   0.9894125956E+003   0.2775789570E+002   0.5600028166E+002   0.2882542913E+002
    131700   0.9893844506E+003   0.2777976500E+002   0.5600850667E+002   0.2883791298E+002
    131800   0.9893782026E+003   0.2778549326E+002   0.5600703521E+002   0.2884357921E+002
    131900   0.9893795310E+003   0.2779349188E+002   0.5600125767E+002   0.2884662121E+002
    132000   0.9894466335E+003   0.2776142804E+002   0.5597967582E+002   0.2884953433E+002
    132100   0.9895092789E+003   0.2772274819E+002   0.5596925737E+002   0.2885750232E+002
    132200   0.9895153325E+003   0.2770428443E+002   0.5596056751E+002   0.2886159439E+002
    132300   0.9896016221E+003   0.2769153778E+002   0.5594603259E+002   0.2886502924E+002
    132400   0.9896543456E+003   0.2767255960E+002   0.5594377871E+002   0.2887366637E+002
    132500   0.9896584625E+003   0.2764413876E+002   0.5593313839E+002   0.2887850615E+002
    132600   0.9896958677E+003   0.2763339804E+002   0.5592888923E+002   0.2888481382E+002
    132700   0.9897280956E+003   0.2763565016E+002   0.5591986792E+002   0.2888536121E+002
    132800   0.9897774443E+003   0.2762433128E+002   0.5591055468E+002   0.2888751546E+002
    132900   0.9898463148E+003   0.2761013388E+002   0.5590356744E+002   0.2889207949E+002
    133000   0.9898952997E+003   0.2761932711E+002   0.5590455047E+002   0.2889642070E+002
    133100   0.9899374700E+003   0.2762541010E+002   0.5589584491E+002   0.2889683945E+002
    133200   0.9900098058E+003   0.2762533365E+002   0.5588671588E+002   0.2889744753E+002
    133300   0.9901304038E+003   0.2760849635E+002   0.5587534897E+002   0.2890044385E+002
    133400   0.9901918654E+003   0.2759602996E+002   0.5586523513E+002   0.2890172453E+002
    133500   0.9902360484E+003   0.2757442121E+002   0.5585570991E+002   0.2890439037E+002
    133600   0.9902768673E+003   0.2754126220E+002   0.5585632314E+002   0.2891348770E+002
    133700   0.9902812122E+003   0.2752918121E+002   0.5584589719E+002   0.2891549330E+002
    133800   0.9902800526E+003   0.2753771457E+002   0.5583822700E+002   0.2891738716E+002
    133900   0.9902784340E+003   0.2752965374E+002   0.5583520876E+002   0.2892152264E+002
    134000   0.9902783902E+003   0.2751545051E+002   0.5582414522E+002   0.2892397292E+002
    134100   0.9902822516E+003   0.2753536834E+002   0.5581863413E+002   0.2892375828E+002
    134200   0.9902300142E+003   0.2756799387E+002   0.5581507095E+002   0.2892309094E+002
    134300   0.9901937017E+003   0.2758962428E+002   0.5580720629E+002   0.2892043837E+002
    134400   0.9901234742E+003   0.2760799640E+002   0.5580235636E+002   0.2892019601E+002
    134500   0.9900928398E+003   0.2763482706E+002   0.5579614029E+002   0.2892002577E+002
    134600   0.9900961190E+003   0.2764374605E+002   0.5578549999E+002   0.2892009960E+002
    134700   0.9901374003E+003   0.2762495043E+002   0.5577846775E+002   0.2892388605E+002
    134800   0.9902160133E+003   0.2758528341E+002   0.5577106884E+002   0.2893318442E+002
    134900   0.9902885311E+003   0.2757119244E+002   0.5576545580E+002   0.2893793392E+002
    135000   0.9904028254E+003   0.2753860555E+002   0.5575232881E+002   0.2894180242E+002
    135100   0.9904409448E+003   0.2751837443E+002   0.5574331150E+002   0.2894431919E+002
    135200   0.9904768244E+003   0.2749474447E+002   0.5573344291E+002   0.2894818306E+002
    135300   0.9904945005E+003   0.2746058880E+002   0.5572236047E+002   0.2895236348E+002
    135400   0.9905013824E+003   0.2744314704E+002   0.5571258271E+002   0.2895466635E+002
    135500   0.9905697390E+003   0.2740967476E+002   0.5570139294E+002   0.2895869141E+002
    135600   0.9906575830E+003   0.2740056543E+002   0.5569273104E+002   0.2896278581E+002
    135700   0.9907372998E+003   0.2738367031E+002   0.5568907734E+002   0.2896806504E+002
    135800   0.9908060341E+003   0.2736668130E+002   0.5567301390E+002   0.2896713668E+002
    135900   0.9908569978E+003   0.2736289969E+002   0.5566325805E+002   0.2896673510E+002
    136000   0.9908949546E+003   0.2737091729E+002   0.5566084035E+002   0.2896894217E+002
    136100   0.9908994690E+003   0.2737585520E+002   0.5565891690E+002   0.2897300692E+002
    136200   0.9908601558E+003   0.2737577133E+002   0.5565777593E+002   0.2897574233E+002
    136300   0.9908002346E+003   0.2739051057E+002   0.5564646325E+002   0.2897428404E+002
    136400   0.9908004438E+003   0.2739941696E+002   0.5564266784E+002   0.2897669172E+002
    136500   0.9908350034E+003   0.2737938724E+002   0.5563600847E+002   0.2898113781E+002
    136600   0.9908676393E+003   0.2735491890E+002   0.5562799911E+002   0.2898653212E+002
    136700   0.9908545466E+003   0.2732424180E+002   0.5561826626E+002   0.2899284279E+002
    136800   0.9908628437E+003   0.2731397998E+002   0.5561224592E+002   0.2899715805E+002
    136900   0.9908601580E+003   0.2731426815E+002   0.5561224130E+002   0.2900431464E+002
    137000   0.9908571764E+003   0.2731683949E+002   0.5559799919E+002   0.2900453130E+002
    137100   0.9908693997E+003   0.2731432661E+002   0.5559140568E+002   0.2900694409E+002
    137200   0.9908880013E+003   0.2732487076E+002   0.5558594161E+002   0.2901015547E+002
    137300   0.9909025676E+003   0.2734597218E+002   0.5558084561E+002   0.2901084920E+002
    137400   0.9909325384E+003   0.2736743634E+002   0.5557634183E+002   0.2901160828E+002
    137500   0.9909901415E+003   0.2740383868E+002   0.5557129369E+002   0.2901135215E+002
    137600   0.9910905225E+003   0.2741777198E+002   0.5556488761E+002   0.2901450203E+002
    137700   0.9911035984E+003   0.2742518622E+002   0.5555618625E+002   0.2901435975E+002
    137800   0.9911364721E+003   0.2741636127E+002   0.5555617139E+002   0.2902118331E+002
    137900   0.9911870212E+003   0.2741828500E+002   0.5555093903E+002   0.2902393498E+002
    138000   0.9912520628E+003   0.2742588676E+002   0.5553833368E+002   0.2902319684E+002
    138100   0.9912421358E+003   0.2742819843E+002   0.5553350789E+002   0.2902485103E+002
    138200   0.9912224440E+003   0.2742019501E+002   0.5553408303E+002   0.2902969000E+002
    138300   0.9911998872E+003   0.2740503924E+002   0.5553520154E+002   0.2903553627E+002
    138400   0.9911466004E+003   0.2741147381E+002   0.5553756259E+002   0.2903925100E+002
    138500   0.9911081233E+003   0.2742296433E+002   0.5553510830E+002   0.2903855712E+002
    138600   0.9910715444E+003   0.2744977067E+002   0.5554098574E+002   0.2904140563E+002
    138700   0.9910842355E+003   0.2747184485E+002   0.5553910210E+002   0.2904217552E+002
    138800   0.9910770081E+003   0.2748542985E+002   0.5553957515E+002   0.2904357718E+002
    138900   0.9910430617E+003   0.2750248877E+002   0.5553935003E+002   0.2904403248E+002
    139000   0.9910220544E+003   0.2751069084E+002   0.5553711041E+002   0.2904471973E+002
    139100   0.9909778470E+003   0.2751415426E+002   0.5553729789E+002   0.2904665201E+002
    139200   0.9908755680E+003   0.2750291624E+002   0.5553901113E+002   0.2905076319E+002
    139300   0.9908019799E+003   0.2752248660E+002   0.5553584952E+002   0.2904938853E+002
    139400   0.9907472133E+003   0.2754982567E+002   0.5553926981E+002   0.2905037023E+002
    139500   0.9907160784E+003   0.2758472538E+002   0.5554179680E+002   0.2905041709E+002
    139600   0.9906824052E+003   0.2760436631E+002   0.5554046752E+002   0.2904992350E+002
    139700   0.9906148014E+003   0.2761416041E+002   0.5553702805E+002   0.2904916999E+002
    139800   0.9905691816E+003   0.2763742538E+002   0.5553856479E+002   0.2904968528E+002
    139900   0.9905157636E+003   0.2766887281E+002   0.5554273432E+002   0.2905055717E+002
    140000   0.9904738779E+003   0.2769427684E+002   0.5554146342E+002   0.2904929297E+002
    140100   0.9904215323E+003   0.2770815335E+002   0.5554276605E+002   0.2904998187E+002
    140200   0.9903587154E+003   0.2770982649E+002   0.5553814629E+002   0.2904881056E+002
    140300   0.9903120505E+003   0.2772020857E+002   0.5553710456E+002   0.2904867195E+002
    140400   0.9902925553E+003   0.2774218339E+002   0.5553357173E+002   0.2904668644E+002
    140500   0.9902669146E+003   0.2775473221E+002   0.5553979079E+002   0.2905112401E+002
    140600   0.9902840837E+003   0.2776627190E+002   0.5553693770E+002   0.2905086394E+002
    140700   0.9902643365E+003   0.2779148960E+002   0.5552590842E+002   0.2904633532E+002
    140800   0.9902869122E+003   0.2780212804E+002   0.5552807256E+002   0.2904980471E+002
    140900   0.9903291870E+003   0.2780253088E+002   0.5552576775E+002   0.2905329424E+002
    141000   0.9903830627E+003   0.2780486311E+002   0.5552766199E+002   0.2905929582E+002
    141100   0.9904437555E+003   0.2781501160E+002   0.5552525507E+002   0.2906141857E+002
    141200   0.9904865682E+003   0.2781558228E+002   0.5552747094E+002   0.2906767707E+002
    141300   0.9904715209E+003   0.2781484563E+002   0.5551860483E+002   0.2906683992E+002
    141400   0.9904638226E+003   0.2781532371E+002   0.5551836206E+002   0.2907007797E+002
    141500   0.9905040943E+003   0.2782832119E+002   0.5552795762E+002   0.2907839226E+002
    141600   0.9905467027E+003   0.2781531423E+002   0.5553100793E+002   0.2908521901E+002
    141700   0.9905084656E+003   0.2781322837E+002   0.5552546562E+002   0.2908569063E+002
    141800   0.9905343245E+003   0.2780661135E+002   0.5552328335E+002   0.2908848268E+002
    141900   0.9905853561E+003   0.2782553586E+002   0.5551943131E+002   0.2908969466E+002
    142000   0.9906139644E+003   0.2782507557E+002   0.5551428134E+002   0.2909091993E+002
    142100   0.9905944892E+003   0.2784247122E+002   0.5551089896E+002   0.2909171760E+002
    142200   0.9905620292E+003   0.2784847423E+002   0.5550129316E+002   0.2909056798E+002
    142300   0.9905538037E+003   0.2785823167E+002   0.5549998547E+002   0.2909277465E+002
    142400   0.9905448219E+003   0.2788263461E+002   0.5549829905E+002   0.2909356126E+002
    142500   0.9905191550E+003   0.2790328881E+002   0.5550073453E+002   0.2909608402E+002
    142600   0.9904977696E+003   0.2791397002E+002   0.5549514284E+002   0.2909479716E+002
    142700   0.9904989408E+003   0.2791628933E+002   0.5549066189E+002   0.2909671581E+002
    142800   0.9905626905E+003   0.2792111175E+002   0.5548601929E+002   0.2909945657E+002
    142900   0.9905672810E+003   0.2792071765E+002   0.5548074078E+002   0.2910124255E+002
    143000   0.9905494542E+003   0.2792980640E+002   0.5547541446E+002   0.2910122132E+002
    143100   0.9905233931E+003   0.2792308876E+002   0.5547069325E+002   0.2910207997E+002
    143200   0.9904974148E+003   0.2792157783E+002   0.5546757406E+002   0.2910321762E+002
    143300   0.9904427794E+003   0.2792437802E+002   0.5546784124E+002   0.2910542157E+002
    143400   0.9903904145E+003   0.2792604191E+002   0.5546961441E+002   0.2910777220E+002
    143500   0.9903614780E+003   0.2793224199E+002   0.5547218747E+002   0.2910949347E+002
    143600   0.9903486541E+003   0.2794435312E+002   0.5547348199E+002   0.2911072794E+002
    143700   0.9903488241E+003   0.2796093773E+002   0.5546960406E+002   0.2911007052E+002
    143800   0.9903963264E+003   0.2796593124E+002   0.5546286707E+002   0.2910918519E+002
    143900   0.9904407845E+003   0.2797362210E+002   0.5545744203E+002   0.2910843904E+002
    144000   0.9904745076E+003   0.2798253714E+002   0.5545328421E+002   0.2910843916E+002
    144100   0.9904823351E+003   0.2798762914E+002   0.5545543628E+002   0.2911181012E+002
    144200   0.9904813509E+003   0.2799242617E+002   0.5545249650E+002   0.2911197172E+002
    144300   0.9904752406E+003   0.2799536376E+002   0.5545541981E+002   0.2911589481E+002
    144400   0.9904545977E+003   0.2797284613E+002   0.5544847303E+002   0.2911679074E+002
    144500   0.9904734239E+003   0.2794364080E+002   0.5544238485E+002   0.2911839985E+002
    144600   0.9904985315E+003   0.2793774637E+002   0.5544055316E+002   0.2911961742E+002
    144700   0.9905297978E+003   0.2793658492E+002   0.5544298374E+002   0.2912305824E+002
    144800   0.9905659914E+003   0.2792987716E+002   0.5543999710E+002   0.2912493488E+002
    144900   0.9905672689E+003   0.2793543094E+002   0.5543711450E+002   0.2912703244E+002
    145000   0.9905622220E+003   0.2794219592E+002   0.5543602888E+002   0.2912783922E+002
    145100   0.9906029420E+003   0.2796144731E+002   0.5543123870E+002   0.2912672981E+002
    145200   0.9906132789E+003   0.2797508985E+002   0.5543191795E+002   0.2912838763E+002
    145300   0.9906315567E+003   0.2798325648E+002   0.5543478882E+002   0.2913132894E+002
    145400   0.9906756131E+003   0.2798827697E+002   0.5544184975E+002   0.2913623855E+002
    145500   0.9907094583E+003   0.2799445240E+002   0.5544166270E+002   0.2913729931E+002
    145600   0.9907859864E+003   0.2800515101E+002   0.5543536604E+002   0.2913502773E+002
    145700   0.9908560275E+003   0.2802901686E+002   0.5543509293E+002   0.2913530443E+002
    145800   0.9908718337E+003   0.2803652473E+002   0.5543157329E+002   0.2913434913E+002
    145900   0.9908646298E+003   0.2804620307E+002   0.5543542395E+002   0.2913665351E+002
    146000   0.9908381185E+003   0.2805780522E+002   0.5543817978E+002   0.2913819920E+002
    146100   0.9908262407E+003   0.2806582889E+002   0.5543448946E+002   0.2913689534E+002
    146200   0.9908316910E+003   0.2808281881E+002   0.5544210419E+002   0.2914093645E+002
    146300   0.9908323498E+003   0.2809222905E+002   0.5544150543E+002   0.2914110170E+002
    146400   0.9908451043E+003   0.2810730382E+002   0.5543936935E+002   0.2913975406E+002
    146500   0.9908438705E+003   0.2813296292E+002   0.5543849644E+002   0.2913812300E+002
    146600   0.9907950167E+003   0.2815178968E+002   0.5544025076E+002   0.2913809465E+002
    146700   0.9907351285E+003   0.2816365239E+002   0.5544281330E+002   0.2913875931E+002
    146800   0.9907084992E+003   0.2818120137E+002   0.5544949063E+002   0.2914105702E+002
    146900   0.9907138040E+003   0.2819901075E+002   0.5545134206E+002   0.2914129923E+002
    147000   0.9907128272E+003   0.2821889161E+002   0.5545046164E+002   0.2913980057E+002
    147100   0.9907313270E+003   0.2823718738E+002   0.5545427245E+002   0.2914054075E+002
    147200   0.9907375636E+003   0.2824505293E+002   0.5545524200E+002   0.2914066388E+002
    147300   0.9907570860E+003   0.2824546154E+002   0.5545431811E+002   0.2914078933E+002
    147400   0.9907565490E+003   0.2824474612E+002   0.5544984764E+002   0.2913894601E+002
    147500   0.9907824503E+003   0.2824415615E+002   0.5544576400E+002   0.2913825222E+002
    147600   0.9907870282E+003   0.2824366913E+002   0.5544217901E+002   0.2913846860E+002
    147700   0.9907834588E+003   0.2825296624E+002   0.5543771623E+002   0.2913674894E+002
    147800   0.9907654577E+003   0.2827841618E+002   0.5543593214E+002   0.2913481616E+002
    147900   0.9907522724E+003   0.2828861160E+002   0.5543459472E+002   0.2913432168E+002
    148000   0.9907256879E+003   0.2827989723E+002   0.5543607340E+002   0.2913655986E+002
    148100   0.9907545355E+003   0.2827346375E+002   0.5543500627E+002   0.2913801723E+002
    148200   0.9907738095E+003   0.2826571940E+002   0.5542911184E+002   0.2913602212E+002
    148300   0.9907573901E+003   0.2825277951E+002   0.5542720258E+002   0.2913535175E+002
    148400   0.9907505923E+003   0.2825167444E+002   0.5542867962E+002   0.2913527579E+002
    148500   0.9907372157E+003   0.2825947862E+002   0.5543342337E+002   0.2913568924E+002
    148600   0.9907233865E+003   0.2824374670E+002   0.5543806566E+002   0.2913783810E+002
    148700   0.9907108459E+003   0.2824899377E+002   0.5543735430E+002   0.2913586566E+002
    148800   0.9907151366E+003   0.2825584027E+002   0.5543594107E+002   0.2913356545E+002
    148900   0.9907190652E+003   0.2826865538E+002   0.5543942107E+002   0.2913347270E+002
    149000   0.9907250477E+003   0.2826428541E+002   0.5544269646E+002   0.2913469730E+002
    149100   0.9907157780E+003   0.2826630154E+002   0.5544422242E+002   0.2913470705E+002
    149200   0.9906810925E+003   0.2827861513E+002   0.5544640649E+002   0.2913361934E+002
    149300   0.9907035175E+003   0.2828881633E+002   0.5544731009E+002   0.2913142125E+002
    149400   0.9906888207E+003   0.2828419726E+002   0.5545156457E+002   0.2913236317E+002
    149500   0.9906756239E+003   0.2827596550E+002   0.5545045600E+002   0.2913103901E+002
    149600   0.9906626413E+003   0.2827212259E+002   0.5545059246E+002   0.2913026894E+002
    149700   0.9906730288E+003   0.2826421649E+002   0.5545326225E+002   0.2913093540E+002
    149800   0.9907441786E+003   0.2825862042E+002   0.5546123288E+002   0.2913353476E+002
    149900   0.9908295533E+003   0.2824564969E+002   0.5546776877E+002   0.2913573139E+002
    150000   0.9908760726E+003   0.2823690138E+002   0.5546983286E+002   0.2913552064E+002
    150100   0.9909123059E+003   0.2823915966E+002   0.5547298743E+002   0.2913532790E+002
    150200   0.9909461184E+003   0.2822770475E+002   0.5547365672E+002   0.2913533475E+002
    150300   0.9909554401E+003   0.2822646910E+002   0.5547310408E+002   0.2913380764E+002
    150400   0.9909530138E+003   0.2822386066E+002   0.5547280146E+002   0.2913142756E+002
    150500   0.9909702014E+003   0.2820050860E+002   0.5547628765E+002   0.2913223899E+002
    150600   0.9910437205E+003   0.2818093903E+002   0.5548006040E+002   0.2913273150E+002
    150700   0.9911237525E+003   0.2817875572E+002   0.5547847061E+002   0.2913037152E+002
    150800   0.9911501065E+003   0.2819079901E+002   0.5548364190E+002   0.2912982190E+002
    150900   0.9911864269E+003   0.2819962240E+002   0.5549021908E+002   0.2913007806E+002
    151000   0.9912322476E+003   0.2821581645E+002   0.5549259560E+002   0.2912793446E+002
    151100   0.9912741270E+003   0.2821954677E+002   0.5548993784E+002   0.2912391514E+002
    151200   0.9913077778E+003   0.2821483503E+002   0.5549383339E+002   0.2912356320E+002
    151300   0.9913250078E+003   0.2821370212E+002   0.5549373233E+002   0.2912069785E+002
    151400   0.9913555682E+003   0.2820688987E+002   0.5550078689E+002   0.2912242997E+002
    151500   0.9913990279E+003   0.2821337049E+002   0.5550812377E+002   0.2912270848E+002
    151600   0.9914214676E+003   0.2821693735E+002   0.5551464250E+002   0.2912313460E+002
    151700   0.9914015782E+003   0.2821048203E+002   0.5551510188E+002   0.2911973441E+002
    151800   0.9913667525E+003   0.2821190848E+002   0.5551615973E+002   0.2911706101E+002
    151900   0.9913552176E+003   0.2821944808E+002   0.5551900300E+002   0.2911458450E+002
    152000   0.9913513085E+003   0.2822817233E+002   0.5552019966E+002   0.2911117433E+002
    152100   0.9913153487E+003   0.2823738799E+002   0.5552416996E+002   0.2910870043E+002
    152200   0.9912884122E+003   0.2826672043E+002   0.5553498351E+002   0.2910852968E+002
    152300   0.9912612030E+003   0.2829555453E+002   0.5554909654E+002   0.2910898183E+002
    152400   0.9912106795E+003   0.2831697818E+002   0.5555170953E+002   0.2910478655E+002
    152500   0.9911533075E+003   0.2832197255E+002   0.5555685320E+002   0.2910178822E+002
    152600   0.9911313022E+003   0.2830504213E+002   0.5557156663E+002   0.2910520888E+002
    152700   0.9911231855E+003   0.2830627267E+002   0.5557594718E+002   0.2910303663E+002
    152800   0.9911236483E+003   0.2832250046E+002   0.5557338946E+002   0.2909657768E+002
    152900   0.9911262054E+003   0.2832438539E+002   0.5557037678E+002   0.2909029406E+002
    153000   0.9911701862E+003   0.2831713261E+002   0.5557628580E+002   0.2908951394E+002
    153100   0.9912315456E+003   0.2831825221E+002   0.5557843503E+002   0.2908611527E+002
    153200   0.9912939544E+003   0.2831264922E+002   0.5558291463E+002   0.2908428371E+002
    153300   0.9913693522E+003   0.2829217228E+002   0.5559035396E+002   0.2908455346E+002
    153400   0.9913988835E+003   0.2825277248E+002   0.5558737311E+002   0.2908011875E+002
    153500   0.9914470830E+003   0.2822441167E+002   0.5558783827E+002   0.2907827857E+002
    153600   0.9915089252E+003   0.2819224617E+002   0.5559745460E+002   0.2907929789E+002
    153700   0.9915228054E+003   0.2818867081E+002   0.5560835554E+002   0.2908005280E+002
    153800   0.9914708429E+003   0.2817987399E+002   0.5561910032E+002   0.2908023659E+002
    153900   0.9914277281E+003   0.2816705059E+002   0.5562220979E+002   0.2907568870E+002
    154000   0.9914238424E+003   0.2815492137E+002   0.5563118338E+002   0.2907587092E+002
    154100   0.9914047210E+003   0.2814193143E+002   0.5563512529E+002   0.2907214577E+002
    154200   0.9913688189E+003   0.2813965206E+002   0.5563458826E+002   0.2906465174E+002
    154300   0.9913381066E+003   0.2815594927E+002   0.5563844071E+002   0.2906007492E+002
    154400   0.9912961876E+003   0.2818513915E+002   0.5564899432E+002   0.2905718756E+002
    154500   0.9912018824E+003   0.2822011073E+002   0.5565823813E+002   0.2905289846E+002
    154600   0.9910659837E+003   0.2823371243E+002   0.5566952778E+002   0.2905030616E+002
    154700   0.9909602358E+003   0.2823502152E+002   0.5567440461E+002   0.2904716839E+002
    154800   0.9908515296E+003   0.2824326436E+002   0.5568326259E+002   0.2904346247E+002
    154900   0.9907768009E+003   0.2825521173E+002   0.5569703165E+002   0.2904178058E+002
    155000   0.9907234097E+003   0.2827319894E+002   0.5570152368E+002   0.2903749180E+002
    155100   0.9906733237E+003   0.2829876109E+002   0.5570436103E+002   0.2903089936E+002
    155200   0.9906761709E+003   0.2831799710E+002   0.5571611365E+002   0.2903022238E+002
    155300   0.9906871933E+003   0.2831875176E+002   0.5572158659E+002   0.2902803321E+002
    155400   0.9907046388E+003   0.2831360862E+002   0.5572912042E+002   0.2902579772E+002
    155500   0.9907313704E+003   0.2831102184E+002   0.5573381218E+002   0.2902337556E+002
    155600   0.9907403206E+003   0.2832020765E+002   0.5573819781E+002   0.2901983248E+002
    155700   0.9907551253E+003   0.2833526211E+002   0.5575126906E+002   0.2902074893E+002
    155800   0.9907662262E+003   0.2834884939E+002   0.5575769286E+002   0.2901969506E+002
    155900   0.9908088542E+003   0.2835695964E+002   0.5576816498E+002   0.2901970826E+002
    156000   0.9908319128E+003   0.2835588164E+002   0.5577569651E+002   0.2901902139E+002
    156100   0.9908235463E+003   0.2835149093E+002   0.5578387772E+002   0.2901946622E+002
    156200   0.9908411698E+003   0.2833263657E+002   0.5578604223E+002   0.2901725968E+002
    156300   0.9908651389E+003   0.2833437447E+002   0.5578194974E+002   0.2901074278E+002
    156400   0.9908916114E+003   0.2833433446E+002   0.5578596753E+002   0.2900956814E+002
    156500   0.9909190060E+003   0.2833891995E+002   0.5579012715E+002   0.2900794353E+002
    156600   0.9909672451E+003   0.2833929580E+002   0.5578703293E+002   0.2900220236E+002
    156700   0.9909989720E+003   0.2833314472E+002   0.5578816282E+002   0.2899962575E+002
    156800   0.9910318784E+003   0.2832711225E+002   0.5578579748E+002   0.2899531956E+002
    156900   0.9910853293E+003   0.2830190350E+002   0.5579009051E+002   0.2899540007E+002
    157000   0.9911175034E+003   0.2827990303E+002   0.5579434072E+002   0.2899466065E+002
    157100   0.9911422363E+003   0.2825989769E+002   0.5579357682E+002   0.2899205309E+002
    157200   0.9911431040E+003   0.2824509499E+002   0.5579795659E+002   0.2899183174E+002
    157300   0.9910983269E+003   0.2824782541E+002   0.5580065143E+002   0.2898837790E+002
    157400   0.9910257210E+003   0.2824843704E+002   0.5580409505E+002   0.2898559446E+002
    157500   0.9909632353E+003   0.2825617520E+002   0.5580674648E+002   0.2898265399E+002
    157600   0.9909243582E+003   0.2825606378E+002   0.5581064571E+002   0.2898111871E+002
    157700   0.9908742711E+003   0.2826128735E+002   0.5582114196E+002   0.2898081471E+002
    157800   0.9908603605E+003   0.2826171286E+002   0.5582560823E+002   0.2897837411E+002
    157900   0.9908401102E+003   0.2826784060E+002   0.5583428822E+002   0.2897628077E+002
    158000   0.9908313143E+003   0.2826229156E+002   0.5584386324E+002   0.2897523380E+002
    158100   0.9907977874E+003   0.2825665626E+002   0.5584875513E+002   0.2897148027E+002
    158200   0.9907662033E+003   0.2826190014E+002   0.5585481115E+002   0.2896870621E+002
    158300   0.9907340164E+003   0.2827681126E+002   0.5586134403E+002   0.2896492018E+002
    158400   0.9907003367E+003   0.2827267784E+002   0.5586558628E+002   0.2896041243E+002
    158500   0.9906595854E+003   0.2826531436E+002   0.5587285436E+002   0.2895756217E+002
    158600   0.9906896539E+003   0.2826433916E+002   0.5588216494E+002   0.2895714335E+002
    158700   0.9907300261E+003   0.2824363874E+002   0.5589726054E+002   0.2895835388E+002
    158800   0.9907512693E+003   0.2823889671E+002   0.5591386030E+002   0.2896089321E+002
    158900   0.9907910583E+003   0.2823514547E+002   0.5592119657E+002   0.2895806691E+002
    159000   0.9907745063E+003   0.2823756112E+002   0.5592374424E+002   0.2895357903E+002
    159100   0.9907736937E+003   0.2825534114E+002   0.5592737488E+002   0.2894837149E+002
    159200   0.9907322901E+003   0.2826907118E+002   0.5593061133E+002   0.2894432685E+002
    159300   0.9906962751E+003   0.2827438322E+002   0.5593719880E+002   0.2894335358E+002
    159400   0.9906370560E+003   0.2827611262E+002   0.5593589056E+002   0.2893810617E+002
    159500   0.9906296286E+003   0.2828867721E+002   0.5593828411E+002   0.2893255237E+002
    159600   0.9906447174E+003   0.2828962218E+002   0.5594022384E+002   0.2892858670E+002
    159700   0.9906778775E+003   0.2828293790E+002   0.5594167635E+002   0.2892298125E+002
    159800   0.9906905728E+003   0.2827468549E+002   0.5594416835E+002   0.2891891448E+002
    159900   0.9906829153E+003   0.2826467184E+002   0.5593882049E+002   0.2891023670E+002
    160000   0.9906446457E+003   0.2824542351E+002   0.5594537196E+002   0.2890838454E+002
    160100   0.9905973146E+003   0.2823611574E+002   0.5595202970E+002   0.2890697141E+002
    160200   0.9905544962E+003   0.2823922802E+002   0.5595512870E+002   0.2890354020E+002
    160300   0.9905115822E+003   0.2824495865E+002   0.5595888301E+002   0.2890094233E+002
    160400   0.9904526015E+003   0.2824886721E+002   0.5596030407E+002   0.2889672915E+002
    160500   0.9903848348E+003   0.2825215272E+002   0.5596443851E+002   0.2889404974E+002
    160600   0.9903507608E+003   0.2825034168E+002   0.5596636791E+002   0.2889115726E+002
    160700   0.9903177703E+003   0.2824135684E+002   0.5596758082E+002   0.2888798280E+002
    160800   0.9903151230E+003   0.2823567884E+002   0.5596560333E+002   0.2888398887E+002
    160900   0.9903530445E+003   0.2822511564E+002   0.5596870030E+002   0.2888284414E+002
    161000   0.9903751403E+003   0.2820600374E+002   0.5597193164E+002   0.2888159444E+002
    161100   0.9903607244E+003   0.2821052130E+002   0.5597682367E+002   0.2887979967E+002
    161200   0.9903448635E+003   0.2822214655E+002   0.5597512378E+002   0.2887438009E+002
    161300   0.9903212751E+003   0.2822611160E+002   0.5597466851E+002   0.2887039050E+002
    161400   0.9903013978E+003   0.2821696378E+002   0.5597641549E+002   0.2886637560E+002
    161500   0.9903088582E+003   0.2820743995E+002   0.5598021733E+002   0.2886464259E+002
    161600   0.9903489793E+003   0.2817887164E+002   0.5599102932E+002   0.2886464871E+002
    161700   0.9903710370E+003   0.2816098858E+002   0.5599148644E+002   0.2886008985E+002
    161800   0.9903300964E+003   0.2814664571E+002   0.5599334704E+002   0.2885642247E+002
    161900   0.9903175964E+003   0.2813876777E+002   0.5599997739E+002   0.2885410049E+002
    162000   0.9903203555E+003   0.2814689402E+002   0.5601059120E+002   0.2885212104E+002
    162100   0.9903107236E+003   0.2815985026E+002   0.5601361066E+002   0.2884843642E+002
    162200   0.9902717415E+003   0.2818737084E+002   0.5601702346E+002   0.2884223690E+002
    162300   0.9902466788E+003   0.2820851268E+002   0.5602688700E+002   0.2883905629E+002
    162400   0.9902163472E+003   0.2821959623E+002   0.5603877546E+002   0.2883683382E+002
    162500   0.9901825259E+003   0.2822405829E+002   0.5604436446E+002   0.2883321436E+002
    162600   0.9901502633E+003   0.2821142084E+002   0.5604660279E+002   0.2882793736E+002
    162700   0.9901106797E+003   0.2820619861E+002   0.5605298851E+002   0.2882171830E+002
    162800   0.9900636531E+003   0.2820562350E+002   0.5606454793E+002   0.2881902881E+002
    162900   0.9900337195E+003   0.2822699965E+002   0.5606913406E+002   0.2881291981E+002
    163000   0.9900036438E+003   0.2824190069E+002   0.5607379120E+002   0.2880864141E+002
    163100   0.9899741332E+003   0.2823922801E+002   0.5607932022E+002   0.2880311629E+002
    163200   0.9899433841E+003   0.2824059777E+002   0.5608796430E+002   0.2880137225E+002
    163300   0.9899587091E+003   0.2824335373E+002   0.5609560926E+002   0.2879872254E+002
    163400   0.9899753963E+003   0.2823494269E+002   0.5610137026E+002   0.2879605075E+002
    163500   0.9899912172E+003   0.2822332473E+002   0.5610577440E+002   0.2879170315E+002
    163600   0.9900256832E+003   0.2822709634E+002   0.5611484635E+002   0.2878911568E+002
    163700   0.9900411277E+003   0.2824166970E+002   0.5611875782E+002   0.2878435724E+002
    163800   0.9900484167E+003   0.2826175718E+002   0.5612326022E+002   0.2877965871E+002
    163900   0.9900566108E+003   0.2828057919E+002   0.5613139014E+002   0.2877465511E+002
    164000   0.9900625884E+003   0.2827063374E+002   0.5613582182E+002   0.2876979314E+002
    164100   0.9900674484E+003   0.2826635870E+002   0.5613980764E+002   0.2876577723E+002
    164200   0.9901112405E+003   0.2826651194E+002   0.5614142673E+002   0.2875880035E+002
    164300   0.9901049886E+003   0.2828027080E+002   0.5614809540E+002   0.2875479410E+002
    164400   0.9901014512E+003   0.2828340619E+002   0.5615823131E+002   0.2875233419E+002
    164500   0.9900820528E+003   0.2827868100E+002   0.5616572822E+002   0.2875014176E+002
    164600   0.9901031372E+003   0.2827624630E+002   0.5617925252E+002   0.2874885536E+002
    164700   0.9901411146E+003   0.2826424514E+002   0.5618445967E+002   0.2874591461E+002
    164800   0.9901792319E+003   0.2825757050E+002   0.5619310158E+002   0.2874313889E+002
    164900   0.9902125963E+003   0.2825556481E+002   0.5619875293E+002   0.2873926108E+002
    165000   0.9902642112E+003   0.2825205996E+002   0.5620493996E+002   0.2873505693E+002
    165100   0.9902936573E+003   0.2824767424E+002   0.5621611051E+002   0.2873296696E+002
    165200   0.9903147988E+003   0.2824348379E+002   0.5621998011E+002   0.2872837139E+002
    165300   0.9903545094E+003   0.2823182726E+002   0.5622799486E+002   0.2872414533E+002
    165400   0.9903712741E+003   0.2823762108E+002   0.5622993361E+002   0.2871621482E+002
    165500   0.9903987216E+003   0.2823986160E+002   0.5624046767E+002   0.2871129322E+002
    165600   0.9903949415E+003   0.2822858038E+002   0.5624477204E+002   0.2870425002E+002
    165700   0.9903918201E+003   0.2822289691E+002   0.5625367990E+002   0.2870107591E+002
    165800   0.9904299173E+003   0.2819507617E+002   0.5625502667E+002   0.2869240176E+002
    165900   0.9904636168E+003   0.2817761983E+002   0.5626205332E+002   0.2868654517E+002
    166000   0.9904950417E+003   0.2816908720E+002   0.5627411095E+002   0.2868174431E+002
    166100   0.9905057729E+003   0.2816375083E+002   0.5628308948E+002   0.2867733382E+002
    166200   0.9905071961E+003   0.2815771444E+002   0.5629190752E+002   0.2867296617E+002
    166300   0.9905430341E+003   0.2815194447E+002   0.5629696678E+002   0.2866690178E+002
    166400   0.9905704728E+003   0.2814602094E+002   0.5630861777E+002   0.2866573101E+002
    166500   0.9906367770E+003   0.2813096274E+002   0.5631942153E+002   0.2866249208E+002
    166600   0.9907125511E+003   0.2810444184E+002   0.5633065830E+002   0.2866016565E+002
    166700   0.9907758253E+003   0.2808985827E+002   0.5633392496E+002   0.2865445896E+002
    166800   0.9908159241E+003   0.2809200648E+002   0.5634032361E+002   0.2864963074E+002
    166900   0.9908238404E+003   0.2808966922E+002   0.5634907181E+002   0.2864676642E+002
    167000   0.9908852306E+003   0.2807180709E+002   0.5635816596E+002   0.2864511672E+002
    167100   0.9909933618E+003   0.2804481166E+002   0.5636323984E+002   0.2864191380E+002
    167200   0.9910878908E+003   0.2801854183E+002   0.5637821177E+002   0.2863973531E+002
    167300   0.9911238372E+003   0.2801066682E+002   0.5637848497E+002   0.2863132392E+002
    167400   0.9911295284E+003   0.2801096784E+002   0.5638250518E+002   0.2862550829E+002
    167500   0.9911501579E+003   0.2800023650E+002   0.5638857164E+002   0.2862036918E+002
    167600   0.9911975767E+003   0.2799877206E+002   0.5639436660E+002   0.2861569417E+002
    167700   0.9912600778E+003   0.2799519838E+002   0.5639867770E+002   0.2860878254E+002
    167800   0.9912590182E+003   0.2799049966E+002   0.5640415300E+002   0.2860277515E+002
    167900   0.9912602982E+003   0.2800195964E+002   0.5641201777E+002   0.2859791623E+002
    168000   0.9912925713E+003   0.2800314692E+002   0.5641538916E+002   0.2859299699E+002
    168100   0.9913003379E+003   0.2801375570E+002   0.5642178608E+002   0.2858823131E+002
    168200   0.9913105918E+003   0.2801940383E+002   0.5643511353E+002   0.2858576805E+002
    168300   0.9913720456E+003   0.2802451937E+002   0.5644651349E+002   0.2858069833E+002
    168400   0.9913887907E+003   0.2802766973E+002   0.5645695915E+002   0.2857697481E+002
    168500   0.9913834632E+003   0.2802086589E+002   0.5646165769E+002   0.2857118126E+002
    168600   0.9913975735E+003   0.2801157697E+002   0.5646790811E+002   0.2856577799E+002
    168700   0.9914163483E+003   0.2799641286E+002   0.5647069423E+002   0.2855885276E+002
    168800   0.9914540138E+003   0.2798521690E+002   0.5648093526E+002   0.2855557556E+002
    168900   0.9914920220E+003   0.2798415713E+002   0.5648642016E+002   0.2855108819E+002
    169000   0.9915200057E+003   0.2798691046E+002   0.5649269147E+002   0.2854655556E+002
    169100   0.9915537559E+003   0.2797034877E+002   0.5650060184E+002   0.2854340175E+002
    169200   0.9915759761E+003   0.2796738892E+002   0.5651361797E+002   0.2854095808E+002
    169300   0.9915744103E+003   0.2796445230E+002   0.5652055889E+002   0.2853605954E+002
    169400   0.9915651958E+003   0.2797012888E+002   0.5652479689E+002   0.2853112179E+002
    169500   0.9915428558E+003   0.2797902473E+002   0.5653323186E+002   0.2852644844E+002
    169600   0.9915557384E+003   0.2798826496E+002   0.5653942252E+002   0.2852295102E+002
    169700   0.9915599610E+003   0.2798595326E+002   0.5654389410E+002   0.2851740683E+002
    169800   0.9915901346E+003   0.2797213804E+002   0.5654953887E+002   0.2851260495E+002
    169900   0.9916052018E+003   0.2797114303E+002   0.5655544076E+002   0.2850846284E+002
    170000   0.9915891997E+003   0.2798240450E+002   0.5656623965E+002   0.2850618854E+002
    170100   0.9915458781E+003   0.2799321265E+002   0.5657528364E+002   0.2850380695E+002
    170200   0.9915162492E+003   0.2799010974E+002   0.5658069748E+002   0.2849840551E+002
    170300   0.9915048027E+003   0.2797507982E+002   0.5658984700E+002   0.2849595511E+002
    170400   0.9914964504E+003   0.2794265701E+002   0.5658782132E+002   0.2848873070E+002
    170500   0.9914820694E+003   0.2790002951E+002   0.5658921633E+002   0.2848152062E+002
    170600   0.9915015996E+003   0.2788187299E+002   0.5659584849E+002   0.2847848270E+002
    170700   0.9915273284E+003   0.2786114151E+002   0.5660144452E+002   0.2847447877E+002
    170800   0.9915822907E+003   0.2782308131E+002   0.5660928199E+002   0.2846973480E+002
    170900   0.9916196420E+003   0.2780228431E+002   0.5661835885E+002   0.2846539040E+002
    171000   0.9916420607E+003   0.2780236910E+002   0.5661991049E+002   0.2846037710E+002
    171100   0.9916413740E+003   0.2780465949E+002   0.5662681884E+002   0.2845740615E+002
    171200   0.9916487010E+003   0.2778901143E+002   0.5663425274E+002   0.2845492910E+002
    171300   0.9916628704E+003   0.2778114479E+002   0.5664273763E+002   0.2845003246E+002
    171400   0.9916583082E+003   0.2777261320E+002   0.5664528154E+002   0.2844403565E+002
    171500   0.9916920849E+003   0.2776301124E+002   0.5665122665E+002   0.2844085416E+002
    171600   0.9917547553E+003   0.2774085466E+002   0.5665919900E+002   0.2843823113E+002
    171700   0.9918265880E+003   0.2771691545E+002   0.5666942927E+002   0.2843631964E+002
    171800   0.9919357642E+003   0.2768451112E+002   0.5668299062E+002   0.2843507574E+002
    171900   0.9920029085E+003   0.2765980950E+002   0.5668950491E+002   0.2843045263E+002
    172000   0.9920533337E+003   0.2763503600E+002   0.5669133101E+002   0.2842402817E+002
    172100   0.9920924656E+003   0.2761022734E+002   0.5669330127E+002   0.2841799470E+002
    172200   0.9921632282E+003   0.2760662067E+002   0.5669992560E+002   0.2841380481E+002
    172300   0.9922335464E+003   0.2759636735E+002   0.5670367117E+002   0.2840820944E+002
    172400   0.9923303609E+003   0.2758335141E+002   0.5671499186E+002   0.2840525448E+002
    172500   0.9924433593E+003   0.2756774146E+002   0.5671769718E+002   0.2839728695E+002
    172600   0.9924972739E+003   0.2755634964E+002   0.5672004782E+002   0.2838960726E+002
    172700   0.9925098000E+003   0.2754831899E+002   0.5672380717E+002   0.2838509202E+002
    172800   0.9924936269E+003   0.2754990540E+002   0.5673641300E+002   0.2838261156E+002
    172900   0.9925036882E+003   0.2754356054E+002   0.5673846553E+002   0.2837635262E+002
    173000   0.9925029063E+003   0.2754135938E+002   0.5674168540E+002   0.2837070781E+002
    173100   0.9924728329E+003   0.2754615104E+002   0.5674958575E+002   0.2836754275E+002
    173200   0.9924138769E+003   0.2755599255E+002   0.5675659627E+002   0.2836406142E+002
    173300   0.9923396326E+003   0.2756402765E+002   0.5676651875E+002   0.2836186183E+002
    173400   0.9922946487E+003   0.2755223582E+002   0.5678134265E+002   0.2836271522E+002
    173500   0.9922355962E+003   0.2755189534E+002   0.5678934672E+002   0.2835940632E+002
    173600   0.9921573083E+003   0.2755862395E+002   0.5679943502E+002   0.2835424806E+002
    173700   0.9921108182E+003   0.2757183637E+002   0.5680519821E+002   0.2834994655E+002
    173800   0.9920447949E+003   0.2757440740E+002   0.5681114043E+002   0.2834625628E+002
    173900   0.9920033446E+003   0.2757705967E+002   0.5681651919E+002   0.2834334036E+002
    174000   0.9919840330E+003   0.2757631023E+002   0.5682567753E+002   0.2834221711E+002
    174100   0.9919551668E+003   0.2757873256E+002   0.5683385266E+002   0.2834026731E+002
    174200   0.9919222195E+003   0.2757498832E+002   0.5684075325E+002   0.2833810651E+002
    174300   0.9919044611E+003   0.2756878870E+002   0.5684611296E+002   0.2833541824E+002
    174400   0.9919187580E+003   0.2756264015E+002   0.5685118002E+002   0.2833314259E+002
    174500   0.9919585636E+003   0.2754964250E+002   0.5685359986E+002   0.2832953945E+002
    174600   0.9919830647E+003   0.2754523974E+002   0.5685856202E+002   0.2832721711E+002
    174700   0.9920086789E+003   0.2755197333E+002   0.5687010687E+002   0.2832658064E+002
    174800   0.9920626010E+003   0.2755095846E+002   0.5688419685E+002   0.2832772091E+002
    174900   0.9921214992E+003   0.2754638017E+002   0.5688945085E+002   0.2832624224E+002
    175000   0.9921715340E+003   0.2754425609E+002   0.5689969468E+002   0.2832552369E+002
    175100   0.9922245855E+003   0.2754122102E+002   0.5690640363E+002   0.2832332905E+002
    175200   0.9922308011E+003   0.2753759281E+002   0.5690639850E+002   0.2831814482E+002
    175300   0.9921920138E+003   0.2752475738E+002   0.5690858193E+002   0.2831343996E+002
    175400   0.9921883862E+003   0.2752017389E+002   0.5691285315E+002   0.2831103845E+002
    175500   0.9921856942E+003   0.2752417949E+002   0.5691749554E+002   0.2830814253E+002
    175600   0.9921881748E+003   0.2753262158E+002   0.5691891770E+002   0.2830304620E+002
    175700   0.9921911061E+003   0.2752045482E+002   0.5692292767E+002   0.2830017279E+002
    175800   0.9922080945E+003   0.2750965467E+002   0.5692540113E+002   0.2829597242E+002
    175900   0.9922230535E+003   0.2750052546E+002   0.5692473382E+002   0.2829166430E+002
    176000   0.9922082561E+003   0.2750274446E+002   0.5693351545E+002   0.2829126823E+002
    176100   0.9921764848E+003   0.2749711875E+002   0.5693541861E+002   0.2828726026E+002
    176200   0.9921597527E+003   0.2749045368E+002   0.5693488945E+002   0.2828241999E+002
    176300   0.9921517149E+003   0.2749012475E+002   0.5693632376E+002   0.2827796433E+002
    176400   0.9921553037E+003   0.2749297289E+002   0.5693729000E+002   0.2827397059E+002
    176500   0.9921587910E+003   0.2750049693E+002   0.5694163141E+002   0.2827010263E+002
    176600   0.9921253277E+003   0.2750428316E+002   0.5694907941E+002   0.2826756865E+002
    176700   0.9921079045E+003   0.2749374690E+002   0.5695934379E+002   0.2826735762E+002
    176800   0.9920725621E+003   0.2748261972E+002   0.5696225989E+002   0.2826426285E+002
    176900   0.9920820920E+003   0.2747127176E+002   0.5696154130E+002   0.2825845431E+002
    177000   0.9921303835E+003   0.2745523733E+002   0.5696719831E+002   0.2825582012E+002
    177100   0.9921774299E+003   0.2744398158E+002   0.5696742503E+002   0.2825129506E+002
    177200   0.9921979450E+003   0.2744264391E+002   0.5696646446E+002   0.2824623775E+002
    177300   0.9922172516E+003   0.2743257591E+002   0.5697154381E+002   0.2824408579E+002
    177400   0.9922553073E+003   0.2740540360E+002   0.5697464966E+002   0.2824069309E+002
    177500   0.9922787589E+003   0.2738767262E+002   0.5697745305E+002   0.2823705996E+002
    177600   0.9923139209E+003   0.2738052053E+002   0.5698499753E+002   0.2823510883E+002
    177700   0.9923523049E+003   0.2737682883E+002   0.5698960671E+002   0.2823151665E+002
    177800   0.9923944868E+003   0.2737928295E+002   0.5699549379E+002   0.2822822832E+002
    177900   0.9924227333E+003   0.2737323296E+002   0.5700120399E+002   0.2822518071E+002
    178000   0.9924598518E+003   0.2736869184E+002   0.5700861024E+002   0.2822273314E+002
    178100   0.9925050570E+003   0.2736157425E+002   0.5701381586E+002   0.2822018246E+002
    178200   0.9925412197E+003   0.2734431364E+002   0.5702134982E+002   0.2821831905E+002
    178300   0.9925842517E+003   0.2732885418E+002   0.5702597853E+002   0.2821513534E+002
    178400   0.9926603745E+003   0.2731185982E+002   0.5703312519E+002   0.2821206018E+002
    178500   0.9927126862E+003   0.2729436355E+002   0.5703682852E+002   0.2820827168E+002
    178600   0.9927377246E+003   0.2728979994E+002   0.5704542696E+002   0.2820699154E+002
    178700   0.9927962472E+003   0.2728784872E+002   0.5704653219E+002   0.2820261500E+002
    178800   0.9928418608E+003   0.2728670169E+002   0.5704998006E+002   0.2820039304E+002
    178900   0.9928877797E+003   0.2728312300E+002   0.5705064147E+002   0.2819684819E+002
    179000   0.9929221618E+003   0.2727636302E+002   0.5706102217E+002   0.2819678000E+002
    179100   0.9929661244E+003   0.2727177275E+002   0.5706951343E+002   0.2819545741E+002
    179200   0.9929825757E+003   0.2726555323E+002   0.5707431831E+002   0.2819271843E+002
    179300   0.9929766878E+003   0.2725954443E+002   0.5707924488E+002   0.2819060305E+002
    179400   0.9929697324E+003   0.2724945125E+002   0.5708583656E+002   0.2818920305E+002
    179500   0.9929492509E+003   0.2724879945E+002   0.5708911657E+002   0.2818554952E+002
    179600   0.9929182629E+003   0.2723457386E+002   0.5709372752E+002   0.2818396440E+002
    179700   0.9928970082E+003   0.2722819380E+002   0.5709641602E+002   0.2818119165E+002
    179800   0.9928905105E+003   0.2721820281E+002   0.5709961563E+002   0.2817903436E+002
    179900   0.9928569927E+003   0.2721158329E+002   0.5710728633E+002   0.2817846810E+002
    180000   0.9928099336E+003   0.2720495032E+002   0.5711081679E+002   0.2817648628E+002
    180100   0.9927598251E+003   0.2719280601E+002   0.5711421128E+002   0.2817578281E+002
    180200   0.9927073145E+003   0.2720018568E+002   0.5711897120E+002   0.2817379788E+002
    180300   0.9926611162E+003   0.2720808324E+002   0.5711946453E+002   0.2817060767E+002
    180400   0.9926396683E+003   0.2721327469E+002   0.5712157227E+002   0.2816894282E+002
    180500   0.9926150625E+003   0.2721939417E+002   0.5712674214E+002   0.2816762142E+002
    180600   0.9925913858E+003   0.2722884663E+002   0.5713242083E+002   0.2816686676E+002
    180700   0.9925415345E+003   0.2722717908E+002   0.5713896941E+002   0.2816614937E+002
    180800   0.9925186899E+003   0.2722422129E+002   0.5714060480E+002   0.2816368584E+002
    180900   0.9924927456E+003   0.2723022792E+002   0.5714138858E+002   0.2815982172E+002
    181000   0.9924845985E+003   0.2723237734E+002   0.5714328927E+002   0.2815737779E+002
    181100   0.9924575871E+003   0.2722986768E+002   0.5714649718E+002   0.2815556908E+002
    181200   0.9924257426E+003   0.2722164666E+002   0.5714876214E+002   0.2815298946E+002
    181300   0.9923973787E+003   0.2721806395E+002   0.5714858054E+002   0.2814911581E+002
    181400   0.9923933683E+003   0.2722006970E+002   0.5715284110E+002   0.2814767197E+002
    181500   0.9923982768E+003   0.2721111505E+002   0.5716003459E+002   0.2814716564E+002
    181600   0.9923997667E+003   0.2720345606E+002   0.5716547037E+002   0.2814634793E+002
    181700   0.9924266326E+003   0.2719875469E+002   0.5716970151E+002   0.2814444467E+002
    181800   0.9924589950E+003   0.2719744032E+002   0.5717600915E+002   0.2814335617E+002
    181900   0.9924792872E+003   0.2719704490E+002   0.5718136004E+002   0.2814191623E+002
    182000   0.9924889834E+003   0.2719615353E+002   0.5718901884E+002   0.2814049948E+002
    182100   0.9924850047E+003   0.2718022085E+002   0.5719182468E+002   0.2813818563E+002
    182200   0.9924797511E+003   0.2717329777E+002   0.5719644550E+002   0.2813699337E+002
    182300   0.9924865055E+003   0.2716481675E+002   0.5719717992E+002   0.2813415857E+002
    182400   0.9924899134E+003   0.2716564651E+002   0.5719801289E+002   0.2813143203E+002
    182500   0.9924594561E+003   0.2715969623E+002   0.5720539124E+002   0.2813168552E+002
    182600   0.9924518516E+003   0.2714971419E+002   0.5720550271E+002   0.2812966299E+002
    182700   0.9924753660E+003   0.2714209835E+002   0.5720595589E+002   0.2812713790E+002
    182800   0.9924854700E+003   0.2713086741E+002   0.5720688208E+002   0.2812573737E+002
    182900   0.9925103973E+003   0.2711256911E+002   0.5720830960E+002   0.2812453375E+002
    183000   0.9925151105E+003   0.2710179004E+002   0.5720770085E+002   0.2812265195E+002
    183100   0.9924949472E+003   0.2709862177E+002   0.5720866992E+002   0.2812094274E+002
    183200   0.9924898059E+003   0.2708366128E+002   0.5721088163E+002   0.2812036727E+002
    183300   0.9924982748E+003   0.2705940772E+002   0.5721286530E+002   0.2811953232E+002
    183400   0.9924965908E+003   0.2705238253E+002   0.5721600856E+002   0.2811918326E+002
    183500   0.9924738907E+003   0.2705572595E+002   0.5721963659E+002   0.2811791194E+002
    183600   0.9924358773E+003   0.2706540040E+002   0.5722277537E+002   0.2811624126E+002
    183700   0.9923742889E+003   0.2707782694E+002   0.5722997421E+002   0.2811552846E+002
    183800   0.9923313280E+003   0.2708178091E+002   0.5723674899E+002   0.2811560069E+002
    183900   0.9922959958E+003   0.2708635798E+002   0.5724404662E+002   0.2811595260E+002
    184000   0.9922950769E+003   0.2709478587E+002   0.5724920561E+002   0.2811562403E+002
    184100   0.9922753340E+003   0.2709365324E+002   0.5725602219E+002   0.2811604183E+002
    184200   0.9922451093E+003   0.2709851802E+002   0.5725953414E+002   0.2811460490E+002
    184300   0.9922158325E+003   0.2710654319E+002   0.5726700246E+002   0.2811466299E+002
    184400   0.9921859683E+003   0.2712117157E+002   0.5727383124E+002   0.2811400979E+002
    184500   0.9921478081E+003   0.2713933100E+002   0.5728034006E+002   0.2811258249E+002
    184600   0.9921179632E+003   0.2714028879E+002   0.5728330072E+002   0.2811082578E+002
    184700   0.9920883578E+003   0.2713053983E+002   0.5728157091E+002   0.2810762907E+002
    184800   0.9920659681E+003   0.2713437310E+002   0.5728427145E+002   0.2810524566E+002
    184900   0.9920487991E+003   0.2713349003E+002   0.5728812374E+002   0.2810449676E+002
    185000   0.9920411428E+003   0.2713785743E+002   0.5728577153E+002   0.2810055231E+002
    185100   0.9920280710E+003   0.2713919555E+002   0.5728437647E+002   0.2809786534E+002
    185200   0.9920018306E+003   0.2714597628E+002   0.5728582755E+002   0.2809542606E+002
    185300   0.9919558048E+003   0.2715988314E+002   0.5728855172E+002   0.2809303366E+002
    185400   0.9919214012E+003   0.2717055466E+002   0.5729063486E+002   0.2809116309E+002
    185500   0.9918818132E+003   0.2718814506E+002   0.5729537981E+002   0.2808977137E+002
    185600   0.9918468502E+003   0.2719748754E+002   0.5729582726E+002   0.2808757579E+002
    185700   0.9918196469E+003   0.2720821957E+002   0.5729784424E+002   0.2808510656E+002
    185800   0.9918025595E+003   0.2721549536E+002   0.5730282960E+002   0.2808491036E+002
    185900   0.9917757354E+003   0.2721060778E+002   0.5730513772E+002   0.2808454222E+002
    186000   0.9917321122E+003   0.2721095297E+002   0.5730783902E+002   0.2808382215E+002
    186100   0.9917140907E+003   0.2721166278E+002   0.5731200457E+002   0.2808399713E+002
    186200   0.9916923584E+003   0.2721556505E+002   0.5731492733E+002   0.2808372100E+002
    186300   0.9916916692E+003   0.2722444569E+002   0.5731925793E+002   0.2808392442E+002
    186400   0.9917122744E+003   0.2722338010E+002   0.5732168939E+002   0.2808400468E+002
    186500   0.9917447920E+003   0.2722505014E+002   0.5732136167E+002   0.2808305042E+002
    186600   0.9917653241E+003   0.2722607135E+002   0.5732239936E+002   0.2808225890E+002
    186700   0.9917644086E+003   0.2722474789E+002   0.5732118729E+002   0.2808065517E+002
    186800   0.9917538106E+003   0.2722854338E+002   0.5732052949E+002   0.2807915212E+002
    186900   0.9917386466E+003   0.2723146128E+002   0.5732335736E+002   0.2807897194E+002
    187000   0.9917423658E+003   0.2722620157E+002   0.5732623071E+002   0.2807951198E+002
    187100   0.9917484399E+003   0.2721649907E+002   0.5732586733E+002   0.2807914345E+002
    187200   0.9917365289E+003   0.2719799906E+002   0.5732852547E+002   0.2808067349E+002
    187300   0.9917354888E+003   0.2719709425E+002   0.5733049767E+002   0.2808078201E+002
    187400   0.9917507507E+003   0.2720143282E+002   0.5733312773E+002   0.2808131115E+002
    187500   0.9917743564E+003   0.2720281305E+002   0.5733569646E+002   0.2808181530E+002
    187600   0.9918044242E+003   0.2720394509E+002   0.5733921576E+002   0.2808294875E+002
    187700   0.9918331873E+003   0.2720705678E+002   0.5734306082E+002   0.2808425810E+002
    187800   0.9918665594E+003   0.2721100387E+002   0.5734831015E+002   0.2808595891E+002
    187900   0.9918956841E+003   0.2720881958E+002   0.5734844415E+002   0.2808559949E+002
    188000   0.9918893728E+003   0.2721058687E+002   0.5734836912E+002   0.2808453965E+002
    188100   0.9918824623E+003   0.2719992327E+002   0.5734733676E+002   0.2808368526E+002
    188200   0.9918749237E+003   0.2719193491E+002   0.5734637240E+002   0.2808279058E+002
    188300   0.9918663509E+003   0.2718959791E+002   0.5734707732E+002   0.2808255642E+002
    188400   0.9918386291E+003   0.2719383826E+002   0.5734792132E+002   0.2808164952E+002
    188500   0.9918118996E+003   0.2720221043E+002   0.5734695262E+002   0.2807963489E+002
    188600   0.9918120738E+003   0.2721737599E+002   0.5734622811E+002   0.2807758583E+002
    188700   0.9918025257E+003   0.2722611096E+002   0.5734933715E+002   0.2807805750E+002
    188800   0.9917865437E+003   0.2723129703E+002   0.5735028517E+002   0.2807784320E+002
    188900   0.9917845246E+003   0.2723440978E+002   0.5734742584E+002   0.2807600635E+002
    189000   0.9917874132E+003   0.2723709553E+002   0.5734853451E+002   0.2807615527E+002
    189100   0.9917893805E+003   0.2724235422E+002   0.5735161509E+002   0.2807715384E+002
    189200   0.9917824977E+003   0.2724266274E+002   0.5735664871E+002   0.2807907946E+002
    189300   0.9917763677E+003   0.2723456101E+002   0.5735847940E+002   0.2808000561E+002
    189400   0.9917752528E+003   0.2722541755E+002   0.5735749901E+002   0.2807961484E+002
    189500   0.9917302739E+003   0.2722237029E+002   0.5735616660E+002   0.2807851905E+002
    189600   0.9917095884E+003   0.2722322277E+002   0.5735689768E+002   0.2807852348E+002
    189700   0.9916871092E+003   0.2723017611E+002   0.5735769153E+002   0.2807809040E+002
    189800   0.9916850358E+003   0.2723471282E+002   0.5735994697E+002   0.2807878357E+002
    189900   0.9917117638E+003   0.2723424432E+002   0.5736111874E+002   0.2807952947E+002
    190000   0.9917285049E+003   0.2723391361E+002   0.5736263364E+002   0.2808024504E+002
    190100   0.9917440275E+003   0.2724281568E+002   0.5735662516E+002   0.2807659196E+002
    190200   0.9917448498E+003   0.2725669950E+002   0.5735572274E+002   0.2807514147E+002
    190300   0.9917316035E+003   0.2726601470E+002   0.5735272269E+002   0.2807286764E+002
    190400   0.9917134603E+003   0.2727307805E+002   0.5735396586E+002   0.2807290522E+002
    190500   0.9917156803E+003   0.2727410442E+002   0.5735396323E+002   0.2807313562E+002
    190600   0.9917138081E+003   0.2727093089E+002   0.5735458580E+002   0.2807418655E+002
    190700   0.9917337528E+003   0.2726284042E+002   0.5735596137E+002   0.2807619304E+002
    190800   0.9917758496E+003   0.2724490522E+002   0.5735498428E+002   0.2807799381E+002
    190900   0.9918035468E+003   0.2722890935E+002   0.5735236743E+002   0.2807844503E+002
    191000   0.9918375582E+003   0.2721844228E+002   0.5735106490E+002   0.2807922561E+002
    191100   0.9918630838E+003   0.2721246936E+002   0.5735259633E+002   0.2808161539E+002
    191200   0.9918749659E+003   0.2720638498E+002   0.5734835225E+002   0.2808090970E+002
    191300   0.9918824678E+003   0.2720128110E+002   0.5734525873E+002   0.2808039802E+002
    191400   0.9919165907E+003   0.2719915760E+002   0.5734370982E+002   0.2808045509E+002
    191500   0.9919417376E+003   0.2719709111E+002   0.5734404859E+002   0.2808124910E+002
    191600   0.9919801341E+003   0.2718890491E+002   0.5734247815E+002   0.2808195793E+002
    191700   0.9920140317E+003   0.2717660250E+002   0.5733886211E+002   0.2808179178E+002
    191800   0.9920435608E+003   0.2716535090E+002   0.5733802361E+002   0.2808334288E+002
    191900   0.9920459484E+003   0.2716337000E+002   0.5733651281E+002   0.2808347096E+002
    192000   0.9920531504E+003   0.2716281894E+002   0.5733532068E+002   0.2808384203E+002
    192100   0.9920524906E+003   0.2716855608E+002   0.5733494685E+002   0.2808404591E+002
    192200   0.9920439465E+003   0.2716993002E+002   0.5733340667E+002   0.2808390340E+002
    192300   0.9920500819E+003   0.2716371107E+002   0.5733367540E+002   0.2808520407E+002
    192400   0.9920591681E+003   0.2715933998E+002   0.5733282065E+002   0.2808615293E+002
    192500   0.9920587027E+003   0.2715093728E+002   0.5733099343E+002   0.2808716351E+002
    192600   0.9920513905E+003   0.2714834541E+002   0.5732819113E+002   0.2808671819E+002
    192700   0.9920458513E+003   0.2714708091E+002   0.5732651954E+002   0.2808693161E+002
    192800   0.9920475115E+003   0.2714224433E+002   0.5732412937E+002   0.2808743333E+002
    192900   0.9920547338E+003   0.2713524259E+002   0.5732476219E+002   0.2808943430E+002
    193000   0.9920482174E+003   0.2713315603E+002   0.5732550667E+002   0.2809105500E+002
    193100   0.9920509007E+003   0.2713285021E+002   0.5732449089E+002   0.2809167359E+002
    193200   0.9920521299E+003   0.2712901225E+002   0.5732575386E+002   0.2809334088E+002
    193300   0.9920482560E+003   0.2713000316E+002   0.5732759125E+002   0.2809480556E+002
    193400   0.9920277341E+003   0.2713032129E+002   0.5732599262E+002   0.2809485759E+002
    193500   0.9920158801E+003   0.2713346478E+002   0.5732389220E+002   0.2809441596E+002
    193600   0.9919871324E+003   0.2714301083E+002   0.5732377515E+002   0.2809433336E+002
    193700   0.9919895802E+003   0.2713706024E+002   0.5732436086E+002   0.2809571900E+002
    193800   0.9920122728E+003   0.2713667579E+002   0.5732044895E+002   0.2809482434E+002
    193900   0.9920371425E+003   0.2713081289E+002   0.5731721480E+002   0.2809438016E+002
    194000   0.9920619980E+003   0.2712131840E+002   0.5731368361E+002   0.2809409795E+002
    194100   0.9920665231E+003   0.2710824674E+002   0.5731188289E+002   0.2809505368E+002
    194200   0.9920650740E+003   0.2709738706E+002   0.5731044415E+002   0.2809589115E+002
    194300   0.9920520280E+003   0.2709434431E+002   0.5730584407E+002   0.2809450943E+002
    194400   0.9920595256E+003   0.2709180025E+002   0.5730411425E+002   0.2809506424E+002
    194500   0.9920672948E+003   0.2708482822E+002   0.5730453418E+002   0.2809732716E+002
    194600   0.9920670343E+003   0.2708266883E+002   0.5730120392E+002   0.2809707326E+002
    194700   0.9920727131E+003   0.2707976252E+002   0.5729516085E+002   0.2809577160E+002
    194800   0.9920793431E+003   0.2707516033E+002   0.5729091874E+002   0.2809508568E+002
    194900   0.9920846970E+003   0.2706103807E+002   0.5729133517E+002   0.2809784194E+002
    195000   0.9920612518E+003   0.2705819630E+002   0.5729157386E+002   0.2809885646E+002
    195100   0.9920258623E+003   0.2705861656E+002   0.5729250870E+002   0.2809967187E+002
    195200   0.9920261032E+003   0.2705502324E+002   0.5729201146E+002   0.2810037491E+002
    195300   0.9920391258E+003   0.2705045678E+002   0.5729147911E+002   0.2810089591E+002
    195400   0.9920512528E+003   0.2704168756E+002   0.5728694389E+002   0.2809935958E+002
    195500   0.9920551726E+003   0.2704025329E+002   0.5728688379E+002   0.2809971020E+002
    195600   0.9920572424E+003   0.2703519691E+002   0.5728708180E+002   0.2810058020E+002
    195700   0.9920423276E+003   0.2704077540E+002   0.5728672011E+002   0.2810030007E+002
    195800   0.9920315800E+003   0.2705091434E+002   0.5728592052E+002   0.2809963179E+002
    195900   0.9920337015E+003   0.2706516892E+002   0.5728666245E+002   0.2809969129E+002
    196000   0.9920140489E+003   0.2707787601E+002   0.5728647818E+002   0.2809961512E+002
    196100   0.9920042325E+003   0.2708482506E+002   0.5728407606E+002   0.2809875292E+002
    196200   0.9920051386E+003   0.2708870077E+002   0.5728199166E+002   0.2809860408E+002
    196300   0.9920005874E+003   0.2708732114E+002   0.5728086272E+002   0.2809985539E+002
    196400   0.9920105094E+003   0.2708542691E+002   0.5727838136E+002   0.2810094320E+002
    196500   0.9920158618E+003   0.2708323611E+002   0.5727519050E+002   0.2810085242E+002
    196600   0.9920295391E+003   0.2708534606E+002   0.5727265197E+002   0.2810126390E+002
    196700   0.9920493835E+003   0.2708403750E+002   0.5726917097E+002   0.2810172673E+002
    196800   0.9920932854E+003   0.2707733862E+002   0.5726363098E+002   0.2810219644E+002
    196900   0.9921527832E+003   0.2706704053E+002   0.5725942050E+002   0.2810384255E+002
    197000   0.9922151657E+003   0.2705724265E+002   0.5725711811E+002   0.2810658186E+002
    197100   0.9922736462E+003   0.2703782111E+002   0.5725652772E+002   0.2811082546E+002
    197200   0.9923075628E+003   0.2702153264E+002   0.5725405379E+002   0.2811342741E+002
    197300   0.9923356631E+003   0.2700796217E+002   0.5725081549E+002   0.2811511477E+002
    197400   0.9923620084E+003   0.2699975193E+002   0.5724646245E+002   0.2811587916E+002
    197500   0.9924010139E+003   0.2699066911E+002   0.5724285182E+002   0.2811811854E+002
    197600   0.9924020602E+003   0.2698741757E+002   0.5724543669E+002   0.2812226731E+002
    197700   0.9923878738E+003   0.2698243743E+002   0.5724535018E+002   0.2812527170E+002
    197800   0.9923646116E+003   0.2697953531E+002   0.5724264589E+002   0.2812618696E+002
    197900   0.9923416863E+003   0.2698849318E+002   0.5724146445E+002   0.2812621117E+002
    198000   0.9923281976E+003   0.2699753719E+002   0.5724285479E+002   0.2812747967E+002
    198100   0.9923055987E+003   0.2699739694E+002   0.5724094929E+002   0.2812763162E+002
    198200   0.9922779420E+003   0.2699599643E+002   0.5723894885E+002   0.2812805193E+002
    198300   0.9922685960E+003   0.2700145603E+002   0.5724053761E+002   0.2812936881E+002
    198400   0.9922654329E+003   0.2700729458E+002   0.5724163977E+002   0.2813060158E+002
    198500   0.9922666460E+003   0.2701918777E+002   0.5723957666E+002   0.2812978240E+002
    198600   0.9922669167E+003   0.2703554664E+002   0.5723934887E+002   0.2812927094E+002
    198700   0.9922664959E+003   0.2704914921E+002   0.5723960022E+002   0.2812936248E+002
    198800   0.9922864620E+003   0.2705325975E+002   0.5723907651E+002   0.2812978643E+002
    198900   0.9923183254E+003   0.2705943180E+002   0.5723971928E+002   0.2813076032E+002
    199000   0.9923256388E+003   0.2706523007E+002   0.5723947983E+002   0.2813097138E+002
    199100   0.9923233644E+003   0.2707107389E+002   0.5723966806E+002   0.2813129075E+002
    199200   0.9923231897E+003   0.2707264002E+002   0.5723870451E+002   0.2813155262E+002
    199300   0.9923249230E+003   0.2707417218E+002   0.5723868627E+002   0.2813199006E+002
    199400   0.9923216470E+003   0.2707705287E+002   0.5724185622E+002   0.2813373166E+002
    199500   0.9923112983E+003   0.2708284068E+002   0.5724487505E+002   0.2813504816E+002
    199600   0.9922887625E+003   0.2708256138E+002   0.5724466047E+002   0.2813528098E+002
    199700   0.9922614221E+003   0.2708122369E+002   0.5724016993E+002   0.2813371454E+002
    199800   0.9922487398E+003   0.2707701369E+002   0.5723565308E+002   0.2813242314E+002
    199900   0.9922508724E+003   0.2707691556E+002   0.5723282802E+002   0.2813162072E+002
    200000   0.9922417319E+003   0.2708128447E+002   0.5723460823E+002   0.2813271138E+002
