# Lambda, (Probability, Probability_biased(/observed)) per Fractional
 0.0000000   0.9709332130E+000   0.1073130758E+001   0.7793944528E+000   0.9978306135E+000
 0.0101010   0.9681530083E+000   0.1081862232E+001   0.7853013419E+000   0.1010172322E+001
 0.0202020   0.9612845757E+000   0.1070165793E+001   0.7567319457E+000   0.9514446161E+000
 0.0303030   0.9354416878E+000   0.1051232037E+001   0.7679449093E+000   0.9867265623E+000
 0.0404040   0.9033542739E+000   0.1076445917E+001   0.7553389273E+000   0.9696085430E+000
 0.0505051   0.8910007471E+000   0.1089706550E+001   0.7445931952E+000   0.9718921077E+000
 0.0606061   0.8568973216E+000   0.1083052887E+001   0.7478416509E+000   0.9688241124E+000
 0.0707071   0.8111093497E+000   0.1047193146E+001   0.7467515012E+000   0.9549309745E+000
 0.0808081   0.7377284091E+000   0.1040586176E+001   0.7304765229E+000   0.9772959631E+000
 0.0909091   0.6899729192E+000   0.1033815782E+001   0.7213581086E+000   0.9550878606E+000
 0.1010101   0.6428097525E+000   0.1037504480E+001   0.7300251501E+000   0.9792483237E+000
 0.1111111   0.6155660751E+000   0.1099161755E+001   0.7585053569E+000   0.1036093396E+001
 0.1212121   0.5761729545E+000   0.1065006286E+001   0.7311947402E+000   0.9932286206E+000
 0.1313131   0.5404485032E+000   0.1037854672E+001   0.7468593586E+000   0.1002240857E+001
 0.1414141   0.4893642474E+000   0.1016773067E+001   0.7281211573E+000   0.9892890357E+000
 0.1515152   0.4613196536E+000   0.9904852621E+000   0.7197471749E+000   0.9631587801E+000
 0.1616162   0.4297082669E+000   0.9792557470E+000   0.7439599417E+000   0.9954947535E+000
 0.1717172   0.4317376156E+000   0.9955980767E+000   0.7171875628E+000   0.9576329022E+000
 0.1818182   0.4382083824E+000   0.1049084188E+001   0.7342518385E+000   0.9810960936E+000
 0.1919192   0.4114480579E+000   0.1003045510E+001   0.7543865902E+000   0.1021799327E+001
 0.2020202   0.4081621732E+000   0.1002788702E+001   0.7486130863E+000   0.1009074119E+001
 0.2121212   0.3921845798E+000   0.9258163286E+000   0.7516774624E+000   0.9951809812E+000
 0.2222222   0.4069952490E+000   0.1001201161E+001   0.7715338659E+000   0.1012386160E+001
 0.2323232   0.4197842292E+000   0.9940805747E+000   0.7533870274E+000   0.9658258442E+000
 0.2424242   0.4295852492E+000   0.9981194648E+000   0.7688969762E+000   0.9892018767E+000
 0.2525253   0.4397960677E+000   0.1021885882E+001   0.7638948591E+000   0.9992425887E+000
 0.2626263   0.4497883070E+000   0.1014718603E+001   0.7834869947E+000   0.9872146525E+000
 0.2727273   0.4491738357E+000   0.9707810817E+000   0.7985388553E+000   0.9636294385E+000
 0.2828283   0.4878866556E+000   0.1046305991E+001   0.8267598921E+000   0.1013100863E+001
 0.2929293   0.4904032777E+000   0.1029520084E+001   0.8184593553E+000   0.9975342731E+000
 0.3030303   0.4761523522E+000   0.9289213712E+000   0.8300149306E+000   0.9888009455E+000
 0.3131313   0.5283944063E+000   0.9815203269E+000   0.8398937658E+000   0.1002694083E+001
 0.3232323   0.5287061775E+000   0.9859327560E+000   0.8576878251E+000   0.9787950971E+000
 0.3333333   0.5726349055E+000   0.1020835303E+001   0.8613965693E+000   0.9714563129E+000
 0.3434343   0.5761977024E+000   0.9506333236E+000   0.8406816375E+000   0.9268657900E+000
 0.3535354   0.6122223756E+000   0.9875903351E+000   0.9129735408E+000   0.1016256017E+001
 0.3636364   0.6695461105E+000   0.1010189443E+001   0.9066044404E+000   0.9865173808E+000
 0.3737374   0.6742375842E+000   0.9781117839E+000   0.9069238579E+000   0.9507473445E+000
 0.3838384   0.6845507598E+000   0.9618161465E+000   0.9744166136E+000   0.1034001581E+001
 0.3939394   0.7511647980E+000   0.1005847052E+001   0.9556104561E+000   0.9913111235E+000
 0.4040404   0.7818491905E+000   0.1001668085E+001   0.9697996456E+000   0.9935423928E+000
 0.4141414   0.7963468311E+000   0.9749367027E+000   0.1014380996E+001   0.1046726789E+001
 0.4242424   0.8702409912E+000   0.1000080544E+001   0.1014488548E+001   0.1037034713E+001
 0.4343434   0.9100058032E+000   0.9775981678E+000   0.9814291915E+000   0.9460233290E+000
 0.4444444   0.9501000137E+000   0.9707110431E+000   0.1060525335E+001   0.1033774968E+001
 0.4545455   0.9846694303E+000   0.9470847035E+000   0.1052251975E+001   0.9577374929E+000
 0.4646465   0.1101783310E+001   0.1015512373E+001   0.1126513683E+001   0.1051346214E+001
 0.4747475   0.1152871918E+001   0.9955513844E+000   0.1098818569E+001   0.9969415922E+000
 0.4848485   0.1238749832E+001   0.1003185587E+001   0.1123145538E+001   0.9943268234E+000
 0.4949495   0.1276161217E+001   0.1007504631E+001   0.1155794904E+001   0.1030811563E+001
 0.5050505   0.1295599336E+001   0.9733725082E+000   0.1132941363E+001   0.9881559692E+000
 0.5151515   0.1296149050E+001   0.9820806354E+000   0.1121309446E+001   0.9573191299E+000
 0.5252525   0.1321553648E+001   0.9863529873E+000   0.1110811568E+001   0.9452388983E+000
 0.5353535   0.1268965071E+001   0.9688900406E+000   0.1146519854E+001   0.1026209570E+001
 0.5454545   0.1281576636E+001   0.9810534032E+000   0.1152505195E+001   0.1011619161E+001
 0.5555556   0.1332329599E+001   0.9924463417E+000   0.1165600376E+001   0.1031125335E+001
 0.5656566   0.1333358518E+001   0.9980027338E+000   0.1150661517E+001   0.1021014896E+001
 0.5757576   0.1298697249E+001   0.9821273278E+000   0.1135668003E+001   0.9914157142E+000
 0.5858586   0.1308446421E+001   0.9812635189E+000   0.1149485583E+001   0.1015035792E+001
 0.5959596   0.1303649941E+001   0.9675126157E+000   0.1135429572E+001   0.9712471314E+000
 0.6060606   0.1303412045E+001   0.9940105361E+000   0.1166283796E+001   0.1044774428E+001
 0.6161616   0.1336944419E+001   0.1005426821E+001   0.1112306138E+001   0.1000950904E+001
 0.6262626   0.1336301036E+001   0.1014648564E+001   0.1145560117E+001   0.9797887093E+000
 0.6363636   0.1329424073E+001   0.1000103891E+001   0.1169930381E+001   0.1023577370E+001
 0.6464646   0.1317955875E+001   0.9906720316E+000   0.1152594975E+001   0.1001247245E+001
 0.6565657   0.1284624074E+001   0.9559796001E+000   0.1099027670E+001   0.9757271018E+000
 0.6666667   0.1330342206E+001   0.1007714747E+001   0.1150280071E+001   0.1002920697E+001
 0.6767677   0.1298138962E+001   0.9553025607E+000   0.1145121645E+001   0.1001369267E+001
 0.6868687   0.1326259788E+001   0.9777615911E+000   0.1166561106E+001   0.1000881177E+001
 0.6969697   0.1293146709E+001   0.9614192613E+000   0.1168633779E+001   0.1001491290E+001
 0.7070707   0.1292466194E+001   0.9762674352E+000   0.1176122680E+001   0.1018870786E+001
 0.7171717   0.1303077530E+001   0.9633336485E+000   0.1171353869E+001   0.1011287957E+001
 0.7272727   0.1314395900E+001   0.9835047527E+000   0.1171441596E+001   0.1019829535E+001
 0.7373737   0.1310074583E+001   0.9874502580E+000   0.1163636622E+001   0.1003774854E+001
 0.7474747   0.1305151921E+001   0.9833646756E+000   0.1159791098E+001   0.1016988152E+001
 0.7575758   0.1322836863E+001   0.9776682063E+000   0.1160942015E+001   0.1006773123E+001
 0.7676768   0.1313424546E+001   0.9583375648E+000   0.1142339218E+001   0.9772262359E+000
 0.7777778   0.1261055050E+001   0.9393571161E+000   0.1140335837E+001   0.9941002101E+000
 0.7878788   0.1327475890E+001   0.1004703089E+001   0.1180658606E+001   0.1034280490E+001
 0.7979798   0.1307985194E+001   0.9866097954E+000   0.1168198585E+001   0.1023926006E+001
 0.8080808   0.1317637540E+001   0.9969054631E+000   0.1138741443E+001   0.9969241604E+000
 0.8181818   0.1325007248E+001   0.9908821473E+000   0.1182586225E+001   0.1023507643E+001
 0.8282828   0.1315987193E+001   0.9766643204E+000   0.1151165986E+001   0.1010974184E+001
 0.8383838   0.1336240524E+001   0.1018453992E+001   0.1179978594E+001   0.1037888871E+001
 0.8484848   0.1333967268E+001   0.9888276830E+000   0.1212413477E+001   0.1056889523E+001
 0.8585859   0.1344160184E+001   0.1023590153E+001   0.1177513708E+001   0.1041462388E+001
 0.8686869   0.1301164710E+001   0.9700573499E+000   0.1156920342E+001   0.9859421317E+000
 0.8787879   0.1299218161E+001   0.9647577658E+000   0.1157519142E+001   0.9917120547E+000
 0.8888889   0.1298299712E+001   0.9788588618E+000   0.1141901062E+001   0.1005117102E+001
 0.8989899   0.1309026546E+001   0.9843685616E+000   0.1136047171E+001   0.9816713427E+000
 0.9090909   0.1320001876E+001   0.9967653860E+000   0.1177752268E+001   0.1030706972E+001
 0.9191919   0.1321009430E+001   0.9977926182E+000   0.1170697826E+001   0.1023769119E+001
 0.9292929   0.1322752738E+001   0.9786253999E+000   0.1176586125E+001   0.1012176978E+001
 0.9393939   0.1316943230E+001   0.9870767191E+000   0.1147539077E+001   0.1005587761E+001
 0.9494949   0.1306204333E+001   0.9843919077E+000   0.1142540762E+001   0.1007958484E+001
 0.9595960   0.1332613607E+001   0.1024734116E+001   0.1158886664E+001   0.1018278105E+001
 0.9696970   0.1341858212E+001   0.1017286683E+001   0.1171505637E+001   0.1047650674E+001
 0.9797980   0.1333622556E+001   0.1014671910E+001   0.1171949552E+001   0.1026471047E+001
 0.9898990   0.1360660860E+001   0.1055877927E+001   0.1194566647E+001   0.1075384654E+001
 1.0000000   0.1335801403E+001   0.9812635189E+000   0.1172564188E+001   0.9905615564E+000


 0.0000000   0.9427264584E+000   0.1044849418E+001   0.7838266700E+000   0.1002781555E+001
 0.0101010   0.9275492414E+000   0.1039368758E+001   0.7825192998E+000   0.1005867949E+001
 0.0202020   0.9225714902E+000   0.1029920835E+001   0.7663876682E+000   0.9628901404E+000
 0.0303030   0.9248842969E+000   0.1042255022E+001   0.7848434705E+000   0.1007712371E+001
 0.0404040   0.8853559091E+000   0.1057929493E+001   0.7720554199E+000   0.9903525617E+000
 0.0505051   0.8615289812E+000   0.1056589056E+001   0.7634903679E+000   0.9958394849E+000
 0.0606061   0.8293280778E+000   0.1051119206E+001   0.7603001511E+000   0.9842539207E+000
 0.0707071   0.7806836800E+000   0.1010711501E+001   0.7482022401E+000   0.9560963656E+000
 0.0808081   0.7231309887E+000   0.1022829488E+001   0.7442360181E+000   0.9949867874E+000
 0.0909091   0.6829655645E+000   0.1026158962E+001   0.7438108689E+000   0.9841056255E+000
 0.1010101   0.6326967340E+000   0.1024018586E+001   0.7358834421E+000   0.9863949330E+000
 0.1111111   0.5850015389E+000   0.1047487053E+001   0.7450437314E+000   0.1016971554E+001
 0.1212121   0.5579050818E+000   0.1034104297E+001   0.7393404121E+000   0.1003569373E+001
 0.1313131   0.5308289326E+000   0.1022213320E+001   0.7433986252E+000   0.9968775514E+000
 0.1414141   0.4872732583E+000   0.1015240883E+001   0.7445301055E+000   0.1010854376E+001
 0.1515152   0.4613776288E+000   0.9933614832E+000   0.7274956945E+000   0.9728259202E+000
 0.1616162   0.4425855597E+000   0.1011403340E+001   0.7448030126E+000   0.9959043640E+000
 0.1717172   0.4281533242E+000   0.9900752494E+000   0.7366074092E+000   0.9828543846E+000
 0.1818182   0.4258690089E+000   0.1022375469E+001   0.7344949365E+000   0.9807133723E+000
 0.1919192   0.4090885331E+000   0.1000063671E+001   0.7506654986E+000   0.1016026172E+001
 0.2020202   0.3978475427E+000   0.9801624978E+000   0.7425547835E+000   0.1000186389E+001
 0.2121212   0.3972146118E+000   0.9402952919E+000   0.7525703863E+000   0.9956448474E+000
 0.2222222   0.4047055552E+000   0.9983340740E+000   0.7798851882E+000   0.1022606772E+001
 0.2323232   0.4126555705E+000   0.9799138682E+000   0.7599302666E+000   0.9735117856E+000
 0.2424242   0.4226738460E+000   0.9847891692E+000   0.7683857888E+000   0.9878315429E+000
 0.2525253   0.4393399951E+000   0.1023661857E+001   0.7749317667E+000   0.1012949046E+001
 0.2626263   0.4451463925E+000   0.1007036108E+001   0.8043876156E+000   0.1012819288E+001
 0.2727273   0.4501134823E+000   0.9755142064E+000   0.7959424132E+000   0.9598037461E+000
 0.2828283   0.4805245363E+000   0.1033380029E+001   0.8170443079E+000   0.1000473711E+001
 0.2929293   0.4795095096E+000   0.1009446733E+001   0.8190357194E+000   0.9975170746E+000
 0.3030303   0.4877036283E+000   0.9540996362E+000   0.8259455149E+000   0.9832436595E+000
 0.3131313   0.5107880216E+000   0.9514511912E+000   0.8363465928E+000   0.9977395174E+000
 0.3232323   0.5380297607E+000   0.1006106450E+001   0.8502601131E+000   0.9696190361E+000
 0.3333333   0.5684694276E+000   0.1016224591E+001   0.8765074081E+000   0.9877852007E+000
 0.3434343   0.5830085753E+000   0.9645420768E+000   0.8500101949E+000   0.9364750541E+000
 0.3535354   0.6063488909E+000   0.9808327165E+000   0.9171835379E+000   0.1020206243E+001
 0.3636364   0.6560401027E+000   0.9925615447E+000   0.8866376349E+000   0.9640950391E+000
 0.3737374   0.6623210171E+000   0.9634935088E+000   0.9094372391E+000   0.9526948439E+000
 0.3838384   0.7003330632E+000   0.9867241556E+000   0.9545404584E+000   0.1012179765E+001
 0.3939394   0.7308495324E+000   0.9813624055E+000   0.9495813459E+000   0.9843466052E+000
 0.4040404   0.7776014934E+000   0.9989934828E+000   0.9756764635E+000   0.9988424631E+000
 0.4141414   0.8095627159E+000   0.9938695523E+000   0.1002615389E+001   0.1033840135E+001
 0.4242424   0.8659864728E+000   0.9979557247E+000   0.1022881458E+001   0.1044860324E+001
 0.4343434   0.9192879554E+000   0.9903130689E+000   0.1015457334E+001   0.9781182059E+000
 0.4444444   0.9613674127E+000   0.9849513189E+000   0.1038863560E+001   0.1011929516E+001
 0.4545455   0.1016528377E+001   0.9804435573E+000   0.1050116370E+001   0.9551046413E+000
 0.4646465   0.1068882116E+001   0.9879240634E+000   0.1099531229E+001   0.1025424382E+001
 0.4747475   0.1116265113E+001   0.9666175930E+000   0.1093314904E+001   0.9912330646E+000
 0.4848485   0.1216551979E+001   0.9879456833E+000   0.1121349279E+001   0.9920208829E+000
 0.4949495   0.1273099324E+001   0.1007879286E+001   0.1148275302E+001   0.1023366785E+001
 0.5050505   0.1289414997E+001   0.9714172240E+000   0.1125091877E+001   0.9806021509E+000
 0.5151515   0.1314049985E+001   0.9984097439E+000   0.1133841451E+001   0.9673204601E+000
 0.5252525   0.1347723454E+001   0.1008679225E+001   0.1140131728E+001   0.9694892777E+000
 0.5353535   0.1268552915E+001   0.9712658843E+000   0.1157246180E+001   0.1035063571E+001
 0.5454545   0.1289455439E+001   0.9898266198E+000   0.1155972958E+001   0.1013931502E+001
 0.5555556   0.1319111412E+001   0.9853296682E+000   0.1151289859E+001   0.1017731567E+001
 0.5656566   0.1327384332E+001   0.9962909878E+000   0.1125085110E+001   0.9976004906E+000
 0.5757576   0.1316456744E+001   0.9983232640E+000   0.1137967290E+001   0.9927067483E+000
 0.5858586   0.1313520499E+001   0.9878051536E+000   0.1150891071E+001   0.1015544212E+001
 0.5959596   0.1298008080E+001   0.9660014241E+000   0.1140481210E+001   0.9748649795E+000
 0.6060606   0.1309059572E+001   0.1001090619E+001   0.1149961301E+001   0.1029409816E+001
 0.6161616   0.1304770697E+001   0.9839568007E+000   0.1141416922E+001   0.1026406837E+001
 0.6262626   0.1332496992E+001   0.1014570664E+001   0.1154842677E+001   0.9870159192E+000
 0.6363636   0.1327364655E+001   0.1001328438E+001   0.1125743015E+001   0.9842075785E+000
 0.6464646   0.1303675030E+001   0.9826596031E+000   0.1153773973E+001   0.1001548851E+001
 0.6565657   0.1314239668E+001   0.9807354267E+000   0.1121456586E+001   0.9949219082E+000
 0.6666667   0.1331484551E+001   0.1011381720E+001   0.1149046060E+001   0.1001122502E+001
 0.6767677   0.1299460833E+001   0.9589316973E+000   0.1149335308E+001   0.1004329386E+001
 0.6868687   0.1333203139E+001   0.9856107277E+000   0.1143241692E+001   0.9801665337E+000
 0.6969697   0.1297653578E+001   0.9674499614E+000   0.1160918107E+001   0.9941618952E+000
 0.7070707   0.1321786349E+001   0.1001187909E+001   0.1161875743E+001   0.1005803070E+001
 0.7171717   0.1330582487E+001   0.9863998562E+000   0.1167152010E+001   0.1006933821E+001
 0.7272727   0.1316759889E+001   0.9880105432E+000   0.1165443073E+001   0.1013875891E+001
 0.7373737   0.1338994740E+001   0.1012051938E+001   0.1150722117E+001   0.9919189300E+000
 0.7474747   0.1307656918E+001   0.9879889232E+000   0.1153543107E+001   0.1010780228E+001
 0.7575758   0.1328955809E+001   0.9849188889E+000   0.1176414589E+001   0.1019455499E+001
 0.7676768   0.1332449384E+001   0.9749196575E+000   0.1153140833E+001   0.9857554098E+000
 0.7777778   0.1293897456E+001   0.9664986832E+000   0.1157082273E+001   0.1007971888E+001
 0.7878788   0.1364175663E+001   0.1035347445E+001   0.1174813493E+001   0.1028418091E+001
 0.7979798   0.1326993608E+001   0.1003728254E+001   0.1159090742E+001   0.1015210548E+001
 0.8080808   0.1346262072E+001   0.1021391761E+001   0.1145792303E+001   0.1002373743E+001
 0.8181818   0.1331634287E+001   0.9986043235E+000   0.1166794222E+001   0.1009111907E+001
 0.8282828   0.1322285876E+001   0.9840649005E+000   0.1148839447E+001   0.1008203599E+001
 0.8383838   0.1314516540E+001   0.1004679532E+001   0.1146497408E+001   0.1007712371E+001
 0.8484848   0.1338305509E+001   0.9947992106E+000   0.1188445224E+001   0.1035248940E+001
 0.8585859   0.1336014769E+001   0.1020213473E+001   0.1168700842E+001   0.1032922559E+001
 0.8686869   0.1322384450E+001   0.9886159021E+000   0.1168408466E+001   0.9950145927E+000
 0.8787879   0.1306899731E+001   0.9731576308E+000   0.1151569890E+001   0.9859037051E+000
 0.8888889   0.1314485887E+001   0.9938155024E+000   0.1140828287E+001   0.1003448883E+001
 0.8989899   0.1304295237E+001   0.9835352115E+000   0.1132827057E+001   0.9781830851E+000
 0.9090909   0.1319230653E+001   0.9989502429E+000   0.1160786595E+001   0.1015127132E+001
 0.9191919   0.1352332069E+001   0.1024288836E+001   0.1170085039E+001   0.1022495551E+001
 0.9292929   0.1343380805E+001   0.9966477171E+000   0.1170872164E+001   0.1006535278E+001
 0.9393939   0.1351169954E+001   0.1015543562E+001   0.1159123209E+001   0.1015006642E+001
 0.9494949   0.1325440484E+001   0.1001663548E+001   0.1138270677E+001   0.1003467420E+001
 0.9595960   0.1340358806E+001   0.1033552989E+001   0.1174712463E+001   0.1031439606E+001
 0.9696970   0.1330530098E+001   0.1011500630E+001   0.1182732252E+001   0.1056927848E+001
 0.9797980   0.1349164038E+001   0.1029347906E+001   0.1175263225E+001   0.1028631266E+001
 0.9898990   0.1374572825E+001   0.1069636701E+001   0.1184008979E+001   0.1065111890E+001
 1.0000000   0.1337136727E+001   0.9849729388E+000   0.1147295289E+001   0.9685160904E+000


 0.0000000   0.9455289691E+000   0.1047531493E+001   0.7749096989E+000   0.9915755855E+000
 0.0101010   0.9365159032E+000   0.1048991769E+001   0.7837633330E+000   0.1007672212E+001
 0.0202020   0.9263076574E+000   0.1033673325E+001   0.7637393975E+000   0.9597582499E+000
 0.0303030   0.9142838926E+000   0.1029892510E+001   0.7699349301E+000   0.9887716173E+000
 0.0404040   0.8946332319E+000   0.1068582607E+001   0.7790668403E+000   0.9995499477E+000
 0.0505051   0.8533335144E+000   0.1046114591E+001   0.7629999985E+000   0.9954025398E+000
 0.0606061   0.8318133040E+000   0.1053842490E+001   0.7703356243E+000   0.9974485122E+000
 0.0707071   0.7849507710E+000   0.1015824698E+001   0.7532293358E+000   0.9627162822E+000
 0.0808081   0.7296974547E+000   0.1031699783E+001   0.7453401691E+000   0.9966658661E+000
 0.0909091   0.6854150410E+000   0.1029422619E+001   0.7490388206E+000   0.9912243191E+000
 0.1010101   0.6407346489E+000   0.1036608336E+001   0.7476601132E+000   0.1002384729E+001
 0.1111111   0.5783363782E+000   0.1035133601E+001   0.7318470266E+000   0.9991617060E+000
 0.1212121   0.5608011815E+000   0.1039051769E+001   0.7363246581E+000   0.9996793616E+000
 0.1313131   0.5332793349E+000   0.1026516524E+001   0.7478173510E+000   0.1003007148E+001
 0.1414141   0.4862547892E+000   0.1012708960E+001   0.7408054204E+000   0.1006002156E+001
 0.1515152   0.4566210818E+000   0.9827226884E+000   0.7247743148E+000   0.9693841802E+000
 0.1616162   0.4402950005E+000   0.1005761803E+001   0.7382675372E+000   0.9873665519E+000
 0.1717172   0.4272880709E+000   0.9876746160E+000   0.7334568504E+000   0.9788498837E+000
 0.1818182   0.4227663149E+000   0.1014516232E+001   0.7322671046E+000   0.9779378238E+000
 0.1919192   0.4087134059E+000   0.9987423550E+000   0.7460534128E+000   0.1009989337E+001
 0.2020202   0.4028232038E+000   0.9920192999E+000   0.7383038094E+000   0.9946630317E+000
 0.2121212   0.4004731738E+000   0.9476254495E+000   0.7488809403E+000   0.9909654913E+000
 0.2222222   0.4104205225E+000   0.1012022196E+001   0.7711160155E+000   0.1011314289E+001
 0.2323232   0.4107898662E+000   0.9750887678E+000   0.7625565054E+000   0.9770750643E+000
 0.2424242   0.4204397843E+000   0.9791876627E+000   0.7703694601E+000   0.9905834121E+000
 0.2525253   0.4386390834E+000   0.1021615200E+001   0.7656943960E+000   0.1001078264E+001
 0.2626263   0.4440182059E+000   0.1004077424E+001   0.8019963145E+000   0.1010013987E+001
 0.2727273   0.4528656191E+000   0.9810816846E+000   0.7865405609E+000   0.9486594660E+000
 0.2828283   0.4765879531E+000   0.1024499608E+001   0.8130996792E+000   0.9958462447E+000
 0.2929293   0.4837754242E+000   0.1018015113E+001   0.8227990971E+000   0.1002304615E+001
 0.3030303   0.4993958567E+000   0.9765779607E+000   0.8301043017E+000   0.9883957007E+000
 0.3131313   0.5092545777E+000   0.9482110059E+000   0.8412675381E+000   0.1003814444E+001
 0.3232323   0.5383184168E+000   0.1006238923E+001   0.8491355084E+000   0.9685337459E+000
 0.3333333   0.5740585969E+000   0.1025800844E+001   0.8852080791E+000   0.9977936160E+000
 0.3434343   0.5928961218E+000   0.9805033573E+000   0.8616045512E+000   0.9494421120E+000
 0.3535354   0.6107452172E+000   0.9875444923E+000   0.9005793929E+000   0.1001941024E+001
 0.3636364   0.6470418788E+000   0.9785515026E+000   0.8891954702E+000   0.9670732174E+000
 0.3737374   0.6593774455E+000   0.9588233121E+000   0.9179343138E+000   0.9617918971E+000
 0.3838384   0.6991509676E+000   0.9846600849E+000   0.9482890692E+000   0.1005755653E+001
 0.3939394   0.7298859725E+000   0.9796720118E+000   0.9494655653E+000   0.9844270073E+000
 0.4040404   0.7799273835E+000   0.1001576159E+001   0.9801589677E+000   0.1003635730E+001
 0.4141414   0.8168301987E+000   0.1002385817E+001   0.9995654461E+000   0.1030905091E+001
 0.4242424   0.8591062872E+000   0.9896264707E+000   0.1016596165E+001   0.1038651438E+001
 0.4343434   0.9115169422E+000   0.9815443465E+000   0.1022457740E+001   0.9850617517E+000
 0.4444444   0.9643945476E+000   0.9876529287E+000   0.1041505825E+001   0.1014709864E+001
 0.4545455   0.1010995827E+001   0.9747128551E+000   0.1045059959E+001   0.9506992758E+000
 0.4646465   0.1083966418E+001   0.1001460493E+001   0.1091804634E+001   0.1018425892E+001
 0.4747475   0.1122837191E+001   0.9719151967E+000   0.1094489407E+001   0.9924999706E+000
 0.4848485   0.1214484124E+001   0.9858673431E+000   0.1107350257E+001   0.9798358945E+000
 0.4949495   0.1288213351E+001   0.1019432015E+001   0.1143231504E+001   0.1019079124E+001
 0.5050505   0.1300332028E+001   0.9792454954E+000   0.1130664199E+001   0.9856595207E+000
 0.5151515   0.1314106068E+001   0.9980483622E+000   0.1145894301E+001   0.9778022473E+000
 0.5252525   0.1348736994E+001   0.1009029352E+001   0.1140493368E+001   0.9699942744E+000
 0.5353535   0.1284602724E+001   0.9831564339E+000   0.1159422990E+001   0.1037221722E+001
 0.5454545   0.1296499819E+001   0.9948314165E+000   0.1149164867E+001   0.1008165217E+001
 0.5555556   0.1308001718E+001   0.9766357934E+000   0.1152084693E+001   0.1018641582E+001
 0.5656566   0.1325205391E+001   0.9942530892E+000   0.1139679927E+001   0.1010747333E+001
 0.5757576   0.1322587366E+001   0.1002566544E+001   0.1155000448E+001   0.1007770813E+001
 0.5858586   0.1315638392E+001   0.9889975397E+000   0.1150032598E+001   0.1014993342E+001
 0.5959596   0.1288000117E+001   0.9581654648E+000   0.1143900828E+001   0.9779871243E+000
 0.6060606   0.1305562406E+001   0.9980122167E+000   0.1152739376E+001   0.1032106791E+001
 0.6161616   0.1306414020E+001   0.9847974376E+000   0.1132845558E+001   0.1018906572E+001
 0.6262626   0.1320313184E+001   0.1004887083E+001   0.1157144369E+001   0.9891845093E+000
 0.6363636   0.1319123013E+001   0.9947085219E+000   0.1128153808E+001   0.9865161176E+000
 0.6464646   0.1317469409E+001   0.9926554600E+000   0.1154863787E+001   0.1002699020E+001
 0.6565657   0.1318966995E+001   0.9838648848E+000   0.1132152557E+001   0.1004615578E+001
 0.6666667   0.1328525487E+001   0.1008725730E+001   0.1139667161E+001   0.9931532027E+000
 0.6767677   0.1306327633E+001   0.9636089706E+000   0.1155506624E+001   0.1009927711E+001
 0.6868687   0.1329453142E+001   0.9824407538E+000   0.1146820224E+001   0.9834348339E+000
 0.6969697   0.1315403616E+001   0.9802864846E+000   0.1161396336E+001   0.9947739580E+000
 0.7070707   0.1320237156E+001   0.9996098459E+000   0.1159157405E+001   0.1003654218E+001
 0.7171717   0.1339377506E+001   0.9925181072E+000   0.1172897811E+001   0.1012096935E+001
 0.7272727   0.1317278734E+001   0.9879999251E+000   0.1164861090E+001   0.1013575951E+001
 0.7373737   0.1331249487E+001   0.1005790719E+001   0.1149403426E+001   0.9909839790E+000
 0.7474747   0.1304601744E+001   0.9852817867E+000   0.1153608234E+001   0.1011043136E+001
 0.7575758   0.1326002262E+001   0.9823323174E+000   0.1176252761E+001   0.1019522829E+001
 0.7676768   0.1309557193E+001   0.9577823229E+000   0.1148887433E+001   0.9823194092E+000
 0.7777778   0.1300929981E+001   0.9713585566E+000   0.1159862325E+001   0.1010599431E+001
 0.7878788   0.1339794668E+001   0.1016431942E+001   0.1171242100E+001   0.1025500519E+001
 0.7979798   0.1332362032E+001   0.1007381119E+001   0.1164733889E+001   0.1020360938E+001
 0.8080808   0.1344432606E+001   0.1019591055E+001   0.1158051543E+001   0.1013304798E+001
 0.8181818   0.1326870091E+001   0.9946290019E+000   0.1169836456E+001   0.1011949033E+001
 0.8282828   0.1331910340E+001   0.9908264999E+000   0.1152830450E+001   0.1011912058E+001
 0.8383838   0.1323808010E+001   0.1011371578E+001   0.1159880539E+001   0.1019683055E+001
 0.8484848   0.1338598700E+001   0.9946145438E+000   0.1186259047E+001   0.1033554995E+001
 0.8585859   0.1330711237E+001   0.1015752407E+001   0.1168097789E+001   0.1032599797E+001
 0.8686869   0.1316242910E+001   0.9836263248E+000   0.1163720716E+001   0.9912243191E+000
 0.8787879   0.1311314933E+001   0.9760502370E+000   0.1157433691E+001   0.9911257180E+000
 0.8888889   0.1300846917E+001   0.9831058302E+000   0.1144135707E+001   0.1006562949E+001
 0.8989899   0.1300599532E+001   0.9803515464E+000   0.1133297126E+001   0.9787882581E+000
 0.9090909   0.1326462034E+001   0.1004019592E+001   0.1157297338E+001   0.1012281812E+001
 0.9191919   0.1342864925E+001   0.1016706647E+001   0.1160889786E+001   0.1014666726E+001
 0.9292929   0.1334720016E+001   0.9898216561E+000   0.1168107252E+001   0.1004362913E+001
 0.9393939   0.1350330236E+001   0.1014501774E+001   0.1161566874E+001   0.1017353605E+001
 0.9494949   0.1346455288E+001   0.1017133164E+001   0.1156310379E+001   0.1019578292E+001
 0.9595960   0.1323228361E+001   0.1019930822E+001   0.1168636882E+001   0.1026313978E+001
 0.9696970   0.1318370214E+001   0.1001850864E+001   0.1166525344E+001   0.1042657107E+001
 0.9797980   0.1332035018E+001   0.1015868073E+001   0.1165710360E+001   0.1020478027E+001
 0.9898990   0.1352602922E+001   0.1052114737E+001   0.1174927538E+001   0.1057157628E+001
 1.0000000   0.1344135322E+001   0.9897276780E+000   0.1149958281E+001   0.9709617974E+000


 0.0000000   0.9205214439E+000   0.1020917950E+001   0.7863568015E+000   0.1005571747E+001
 0.0101010   0.9052104964E+000   0.1015012021E+001   0.7880881569E+000   0.1012576464E+001
 0.0202020   0.9059450711E+000   0.1012032832E+001   0.7798095329E+000   0.9793183374E+000
 0.0303030   0.8913517845E+000   0.1005135588E+001   0.7732274893E+000   0.9923570075E+000
 0.0404040   0.8659117084E+000   0.1035383804E+001   0.7805939237E+000   0.1000860695E+001
 0.0505051   0.8374243188E+000   0.1027710293E+001   0.7790578788E+000   0.1015693372E+001
 0.0606061   0.8015684352E+000   0.1016611762E+001   0.7646236434E+000   0.9894114102E+000
 0.0707071   0.7628805355E+000   0.9883199505E+000   0.7590145053E+000   0.9694822311E+000
 0.0808081   0.7114422725E+000   0.1006966111E+001   0.7524448180E+000   0.1005514644E+001
 0.0909091   0.6732972981E+000   0.1012305574E+001   0.7517012326E+000   0.9941034280E+000
 0.1010101   0.6273107879E+000   0.1015977111E+001   0.7469324946E+000   0.1000760764E+001
 0.1111111   0.5715726070E+000   0.1024122677E+001   0.7401583783E+000   0.1009854522E+001
 0.1212121   0.5530630602E+000   0.1025811584E+001   0.7400959954E+000   0.1004148914E+001
 0.1313131   0.5234806786E+000   0.1008733694E+001   0.7484401342E+000   0.1003192428E+001
 0.1414141   0.4799916069E+000   0.1000734989E+001   0.7468205657E+000   0.1013513915E+001
 0.1515152   0.4554173975E+000   0.9811814344E+000   0.7291800802E+000   0.9746453541E+000
 0.1616162   0.4329857787E+000   0.9901242485E+000   0.7359642117E+000   0.9836486986E+000
 0.1717172   0.4258520050E+000   0.9854089465E+000   0.7318285701E+000   0.9760443939E+000
 0.1818182   0.4174988522E+000   0.1002948401E+001   0.7338258799E+000   0.9793849583E+000
 0.1919192   0.4064621998E+000   0.9943045551E+000   0.7478194984E+000   0.1011724667E+001
 0.2020202   0.4018875539E+000   0.9907746349E+000   0.7460045250E+000   0.1004386846E+001
 0.2121212   0.3971744888E+000   0.9408260024E+000   0.7564890696E+000   0.1000384831E+001
 0.2222222   0.4088448960E+000   0.1009216239E+001   0.7760932598E+000   0.1017182826E+001
 0.2323232   0.4122413459E+000   0.9795816934E+000   0.7670917292E+000   0.9822496588E+000
 0.2424242   0.4209420675E+000   0.9814069716E+000   0.7748780734E+000   0.9957356411E+000
 0.2525253   0.4375132689E+000   0.1020083987E+001   0.7756828538E+000   0.1013480605E+001
 0.2626263   0.4449491799E+000   0.1007259834E+001   0.7988010809E+000   0.1005338574E+001
 0.2727273   0.4537139737E+000   0.9839718022E+000   0.7892246806E+000   0.9512804379E+000
 0.2828283   0.4756106544E+000   0.1023493271E+001   0.8207015748E+000   0.1004505812E+001
 0.2929293   0.4878380308E+000   0.1027663087E+001   0.8192574421E+000   0.9973440610E+000
 0.3030303   0.4996272292E+000   0.9780763635E+000   0.8288963336E+000   0.9863182950E+000
 0.3131313   0.5156801332E+000   0.9612030304E+000   0.8476401520E+000   0.1010763422E+001
 0.3232323   0.5462208189E+000   0.1022103332E+001   0.8579070455E+000   0.9779050217E+000
 0.3333333   0.5760544075E+000   0.1030469190E+001   0.8813482317E+000   0.9927995609E+000
 0.3434343   0.5947943709E+000   0.9846956194E+000   0.8727554293E+000   0.9611070269E+000
 0.3535354   0.6171911411E+000   0.9990355922E+000   0.8943447817E+000   0.9943603945E+000
 0.3636364   0.6515688190E+000   0.9864527119E+000   0.9024171080E+000   0.9808173086E+000
 0.3737374   0.6763662564E+000   0.9845802282E+000   0.9211425909E+000   0.9645284881E+000
 0.3838384   0.7020185252E+000   0.9897570948E+000   0.9535069954E+000   0.1010634939E+001
 0.3939394   0.7362675881E+000   0.9892955302E+000   0.9534078639E+000   0.9878743698E+000
 0.4040404   0.7945629956E+000   0.1021463436E+001   0.9767289423E+000   0.9994759311E+000
 0.4141414   0.8269903097E+000   0.1015940396E+001   0.1000856480E+001   0.1031568191E+001
 0.4242424   0.8679298476E+000   0.1000860870E+001   0.1010536594E+001   0.1031791847E+001
 0.4343434   0.9211483349E+000   0.9929775569E+000   0.1027222789E+001   0.9890116845E+000
 0.4444444   0.9816386694E+000   0.1006389155E+001   0.1054500410E+001   0.1026704862E+001
 0.4545455   0.1023062157E+001   0.9874020664E+000   0.1047637848E+001   0.9524272698E+000
 0.4646465   0.1089236432E+001   0.1007406696E+001   0.1091821789E+001   0.1017782414E+001
 0.4747475   0.1127439258E+001   0.9769434322E+000   0.1094557738E+001   0.9919192128E+000
 0.4848485   0.1226750036E+001   0.9968903659E+000   0.1117244352E+001   0.9879505081E+000
 0.4949495   0.1280441989E+001   0.1014366880E+001   0.1146886261E+001   0.1021674981E+001
 0.5050505   0.1312293419E+001   0.9893112654E+000   0.1134250500E+001   0.9881456123E+000
 0.5151515   0.1324899106E+001   0.1007322775E+001   0.1153939158E+001   0.9840293897E+000
 0.5252525   0.1342102563E+001   0.1005140833E+001   0.1133950666E+001   0.9638051750E+000
 0.5353535   0.1306891564E+001   0.1001285720E+001   0.1153408758E+001   0.1031173224E+001
 0.5454545   0.1316462156E+001   0.1011230339E+001   0.1159044258E+001   0.1016173994E+001
 0.5555556   0.1320129581E+001   0.9867464348E+000   0.1154217700E+001   0.1019866698E+001
 0.5656566   0.1331762038E+001   0.1000241954E+001   0.1142573460E+001   0.1012657360E+001
 0.5757576   0.1313029441E+001   0.9963868409E+000   0.1149090174E+001   0.1001964699E+001
 0.5858586   0.1319346062E+001   0.9928464306E+000   0.1145334548E+001   0.1010192386E+001
 0.5959596   0.1299420865E+001   0.9676964050E+000   0.1141917110E+001   0.9756589442E+000
 0.6060606   0.1310808585E+001   0.1003095263E+001   0.1159962980E+001   0.1037901939E+001
 0.6161616   0.1311950730E+001   0.9900298375E+000   0.1131270077E+001   0.1016830687E+001
 0.6262626   0.1314257115E+001   0.1001348660E+001   0.1164131051E+001   0.9945126709E+000
 0.6363636   0.1311479652E+001   0.9900036123E+000   0.1132366735E+001   0.9895589280E+000
 0.6464646   0.1334887515E+001   0.1006855965E+001   0.1162871636E+001   0.1008997967E+001
 0.6565657   0.1322869332E+001   0.9878321606E+000   0.1138987187E+001   0.1010025833E+001
 0.6666667   0.1334588511E+001   0.1014414085E+001   0.1139775509E+001   0.9926044568E+000
 0.6767677   0.1322945721E+001   0.9769119619E+000   0.1150935911E+001   0.1005281470E+001
 0.6868687   0.1337418028E+001   0.9893846961E+000   0.1148618031E+001   0.9843387013E+000
 0.6969697   0.1313628721E+001   0.9800117877E+000   0.1157729739E+001   0.9909912782E+000
 0.7070707   0.1325458233E+001   0.1004637308E+001   0.1156619562E+001   0.1000808350E+001
 0.7171717   0.1348802609E+001   0.1000572393E+001   0.1170941546E+001   0.1009754591E+001
 0.7272727   0.1320264111E+001   0.9912991402E+000   0.1155311045E+001   0.1004615261E+001
 0.7373737   0.1338848756E+001   0.1012615033E+001   0.1146362406E+001   0.9877220934E+000
 0.7474747   0.1311984231E+001   0.9919180563E+000   0.1149119348E+001   0.1006456854E+001
 0.7575758   0.1328824734E+001   0.9854771322E+000   0.1160903236E+001   0.1005566989E+001
 0.7676768   0.1308938887E+001   0.9583549670E+000   0.1137732499E+001   0.9721518274E+000
 0.7777778   0.1316757330E+001   0.9842288097E+000   0.1157211685E+001   0.1007636997E+001
 0.7878788   0.1350035497E+001   0.1025297569E+001   0.1170261177E+001   0.1023978162E+001
 0.7979798   0.1327187394E+001   0.1004542897E+001   0.1152764909E+001   0.1009221623E+001
 0.8080808   0.1348355915E+001   0.1023661113E+001   0.1157832949E+001   0.1012457498E+001
 0.8181818   0.1325067710E+001   0.9943412705E+000   0.1158874215E+001   0.1001817181E+001
 0.8282828   0.1333036383E+001   0.9927257944E+000   0.1151513940E+001   0.1010101971E+001
 0.8383838   0.1310336413E+001   0.1002151153E+001   0.1150246607E+001   0.1010558801E+001
 0.8484848   0.1339493487E+001   0.9963448804E+000   0.1166524725E+001   0.1015702889E+001
 0.8585859   0.1333048596E+001   0.1018625862E+001   0.1162451204E+001   0.1026942794E+001
 0.8686869   0.1329151224E+001   0.9943360254E+000   0.1160036156E+001   0.9874460924E+000
 0.8787879   0.1319044455E+001   0.9828546061E+000   0.1152610412E+001   0.9863563641E+000
 0.8888889   0.1307318348E+001   0.9890542578E+000   0.1138201805E+001   0.1000694143E+001
 0.8989899   0.1321432555E+001   0.9971211482E+000   0.1139045297E+001   0.9831157311E+000
 0.9090909   0.1325194225E+001   0.1004133783E+001   0.1150338261E+001   0.1005543196E+001
 0.9191919   0.1340286406E+001   0.1015840740E+001   0.1157369418E+001   0.1010934733E+001
 0.9292929   0.1325222145E+001   0.9838301858E+000   0.1154476470E+001   0.9920001096E+000
 0.9393939   0.1337458032E+001   0.1005906611E+001   0.1154507572E+001   0.1010515973E+001
 0.9494949   0.1338229310E+001   0.1012001361E+001   0.1147785180E+001   0.1011405838E+001
 0.9595960   0.1322324492E+001   0.1020325259E+001   0.1157526015E+001   0.1015897993E+001
 0.9696970   0.1310425856E+001   0.9968798758E+000   0.1152384302E+001   0.1029350665E+001
 0.9797980   0.1317535283E+001   0.1005885630E+001   0.1151978025E+001   0.1007803549E+001
 0.9898990   0.1339012727E+001   0.1042658692E+001   0.1159963258E+001   0.1043017476E+001
 1.0000000   0.1334860834E+001   0.9839508220E+000   0.1143163773E+001   0.9645998677E+000


 0.0000000   0.9098379068E+000   0.1010051679E+001   0.7859396331E+000   0.1005756619E+001
 0.0101010   0.9004497868E+000   0.1010656893E+001   0.7852515448E+000   0.1009652955E+001
 0.0202020   0.8880846502E+000   0.9930468480E+000   0.7715699229E+000   0.9696632372E+000
 0.0303030   0.8807691080E+000   0.9941690156E+000   0.7748299742E+000   0.9951243714E+000
 0.0404040   0.8593620466E+000   0.1028552734E+001   0.7790734369E+000   0.9996251154E+000
 0.0505051   0.8197576707E+000   0.1007008798E+001   0.7697168529E+000   0.1004232296E+001
 0.0606061   0.7877387735E+000   0.1000044635E+001   0.7607981865E+000   0.9851649549E+000
 0.0707071   0.7490923230E+000   0.9714020429E+000   0.7584415204E+000   0.9694427615E+000
 0.0808081   0.7063988279E+000   0.1000801152E+001   0.7478557878E+000   0.1000096477E+001
 0.0909091   0.6688435973E+000   0.1006588511E+001   0.7518984546E+000   0.9950749545E+000
 0.1010101   0.6206189350E+000   0.1006117789E+001   0.7463401824E+000   0.1000681878E+001
 0.1111111   0.5678110246E+000   0.1018373371E+001   0.7378951606E+000   0.1007486212E+001
 0.1212121   0.5447178577E+000   0.1011316745E+001   0.7371538739E+000   0.1000871943E+001
 0.1313131   0.5137056955E+000   0.9908613531E+000   0.7377303716E+000   0.9895440572E+000
 0.1414141   0.4763583520E+000   0.9941269868E+000   0.7391056940E+000   0.1003760934E+001
 0.1515152   0.4531642371E+000   0.9772776618E+000   0.7236926631E+000   0.9680020673E+000
 0.1616162   0.4308944238E+000   0.9863012340E+000   0.7362539038E+000   0.9847392089E+000
 0.1717172   0.4222701531E+000   0.9780720052E+000   0.7241892901E+000   0.9665461679E+000
 0.1818182   0.4117340680E+000   0.9900628069E+000   0.7255759020E+000   0.9690664324E+000
 0.1919192   0.4058724556E+000   0.9938285827E+000   0.7412234784E+000   0.1003517651E+001
 0.2020202   0.4020887151E+000   0.9922356932E+000   0.7409584580E+000   0.9983060629E+000
 0.2121212   0.4004981401E+000   0.9496227458E+000   0.7473862994E+000   0.9890536889E+000
 0.2222222   0.4078736121E+000   0.1007798939E+001   0.7694037323E+000   0.1009135978E+001
 0.2323232   0.4120608781E+000   0.9801061966E+000   0.7574274917E+000   0.9705679475E+000
 0.2424242   0.4204722977E+000   0.9812661900E+000   0.7704527888E+000   0.9907566731E+000
 0.2525253   0.4339505939E+000   0.1012762534E+001   0.7689742732E+000   0.1005433508E+001
 0.2626263   0.4462047360E+000   0.1011085587E+001   0.7949678013E+000   0.1001229266E+001
 0.2727273   0.4528297684E+000   0.9830103830E+000   0.7800509030E+000   0.9408949684E+000
 0.2828283   0.4743886667E+000   0.1021857555E+001   0.8113077539E+000   0.9937178890E+000
 0.2929293   0.4877316109E+000   0.1028439257E+001   0.8148719953E+000   0.9927143447E+000
 0.3030303   0.5014082765E+000   0.9825186467E+000   0.8277060564E+000   0.9856059062E+000
 0.3131313   0.5181377569E+000   0.9667242432E+000   0.8417845551E+000   0.1004498387E+001
 0.3232323   0.5461259977E+000   0.1022920882E+001   0.8551510431E+000   0.9754602258E+000
 0.3333333   0.5749519114E+000   0.1029498381E+001   0.8782826437E+000   0.9900534319E+000
 0.3434343   0.5926789369E+000   0.9821487937E+000   0.8697791219E+000   0.9585140125E+000
 0.3535354   0.6195170066E+000   0.1003776787E+001   0.8894660466E+000   0.9896428911E+000
 0.3636364   0.6536251004E+000   0.9905293260E+000   0.9002862637E+000   0.9792007089E+000
 0.3737374   0.6780778445E+000   0.9880328184E+000   0.9259654030E+000   0.9702714458E+000
 0.3838384   0.7031932565E+000   0.9923785909E+000   0.9533444632E+000   0.1011184881E+001
 0.3939394   0.7390342971E+000   0.9939798862E+000   0.9507041358E+000   0.9857769649E+000
 0.4040404   0.7908629706E+000   0.1017696709E+001   0.9738643629E+000   0.9972569030E+000
 0.4141414   0.8331613896E+000   0.1024517974E+001   0.9935144235E+000   0.1024732728E+001
 0.4242424   0.8751098862E+000   0.1010123128E+001   0.1008672607E+001   0.1030624750E+001
 0.4343434   0.9165656210E+000   0.9889994796E+000   0.1028682935E+001   0.9911253996E+000
 0.4444444   0.9758733743E+000   0.1001452598E+001   0.1051071645E+001   0.1024097911E+001
 0.4545455   0.1027709872E+001   0.9928535158E+000   0.1057089819E+001   0.9617071079E+000
 0.4646465   0.1089517686E+001   0.1008647919E+001   0.1086402290E+001   0.1013454259E+001
 0.4747475   0.1135963668E+001   0.9852883412E+000   0.1106783386E+001   0.1003715319E+001
 0.4848485   0.1235888080E+001   0.1005294025E+001   0.1127848120E+001   0.9980399716E+000
 0.4949495   0.1280167901E+001   0.1015137158E+001   0.1155334753E+001   0.1029936714E+001
 0.5050505   0.1310993665E+001   0.9892936808E+000   0.1138628577E+001   0.9926687291E+000
 0.5151515   0.1331072957E+001   0.1013002097E+001   0.1158365620E+001   0.9885101025E+000
 0.5252525   0.1341825604E+001   0.1005911848E+001   0.1144747512E+001   0.9736774142E+000
 0.5353535   0.1316162876E+001   0.1009370814E+001   0.1157287256E+001   0.1035380181E+001
 0.5454545   0.1327986444E+001   0.1021075820E+001   0.1156671961E+001   0.1014818928E+001
 0.5555556   0.1314368852E+001   0.9833970475E+000   0.1160216240E+001   0.1025899729E+001
 0.5656566   0.1340546485E+001   0.1007819953E+001   0.1153083540E+001   0.1022702832E+001
 0.5757576   0.1320867029E+001   0.1003310268E+001   0.1157720731E+001   0.1010211747E+001
 0.5858586   0.1318429249E+001   0.9931224998E+000   0.1152350921E+001   0.1017107313E+001
 0.5959596   0.1303060361E+001   0.9713516084E+000   0.1150552263E+001   0.9837394659E+000
 0.6060606   0.1324914002E+001   0.1014876580E+001   0.1165042320E+001   0.1043191861E+001
 0.6161616   0.1322169128E+001   0.9987123232E+000   0.1137506043E+001   0.1023166591E+001
 0.6262626   0.1321849739E+001   0.1008114154E+001   0.1164486443E+001   0.9955273097E+000
 0.6363636   0.1315193778E+001   0.9937739454E+000   0.1143129485E+001   0.9996783337E+000
 0.6464646   0.1330351268E+001   0.1004411421E+001   0.1161937356E+001   0.1008907900E+001
 0.6565657   0.1316559931E+001   0.9840779132E+000   0.1141801508E+001   0.1013245188E+001
 0.6666667   0.1338814637E+001   0.1018617138E+001   0.1141307700E+001   0.9946492084E+000
 0.6767677   0.1332888918E+001   0.9852126894E+000   0.1158215988E+001   0.1012363285E+001
 0.6868687   0.1340688099E+001   0.9927694583E+000   0.1147896775E+001   0.9844237006E+000
 0.6969697   0.1326041222E+001   0.9902351248E+000   0.1164514803E+001   0.9975115904E+000
 0.7070707   0.1323898944E+001   0.1004432436E+001   0.1158874050E+001   0.1003475836E+001
 0.7171717   0.1341929203E+001   0.9964427708E+000   0.1166639690E+001   0.1006763964E+001
 0.7272727   0.1318811227E+001   0.9911723659E+000   0.1148082945E+001   0.9990435159E+000
 0.7373737   0.1343359432E+001   0.1017015843E+001   0.1152413706E+001   0.9936456642E+000
 0.7474747   0.1316459283E+001   0.9962704530E+000   0.1152699797E+001   0.1010314382E+001
 0.7575758   0.1332888604E+001   0.9894533901E+000   0.1163665216E+001   0.1008679822E+001
 0.7676768   0.1314199459E+001   0.9631433939E+000   0.1143367472E+001   0.9776649821E+000
 0.7777778   0.1316010732E+001   0.9846284898E+000   0.1161599766E+001   0.1012180823E+001
 0.7878788   0.1341648479E+001   0.1019920029E+001   0.1167552110E+001   0.1022337907E+001
 0.7979798   0.1326166711E+001   0.1004747651E+001   0.1150411993E+001   0.1007881548E+001
 0.8080808   0.1337060966E+001   0.1016074399E+001   0.1156542125E+001   0.1012051578E+001
 0.8181818   0.1324646195E+001   0.9949927790E+000   0.1159269568E+001   0.1002875230E+001
 0.8282828   0.1328184277E+001   0.9900754155E+000   0.1149504450E+001   0.1009059952E+001
 0.8383838   0.1310422241E+001   0.1003192588E+001   0.1151633174E+001   0.1012500132E+001
 0.8484848   0.1335668962E+001   0.9944674197E+000   0.1166299972E+001   0.1016233013E+001
 0.8585859   0.1335416599E+001   0.1021428861E+001   0.1164005651E+001   0.1029051010E+001
 0.8686869   0.1333399499E+001   0.9984853680E+000   0.1164196315E+001   0.9916955952E+000
 0.8787879   0.1326479146E+001   0.9893567240E+000   0.1157511445E+001   0.9912584453E+000
 0.8888889   0.1311590899E+001   0.9932527889E+000   0.1143320027E+001   0.1005912472E+001
 0.8989899   0.1324757859E+001   0.1000603617E+001   0.1143737879E+001   0.9878714834E+000
 0.9090909   0.1319788367E+001   0.1001011296E+001   0.1147805136E+001   0.1004046032E+001
 0.9191919   0.1347035385E+001   0.1021950018E+001   0.1166322444E+001   0.1019483128E+001
 0.9292929   0.1328694958E+001   0.9873687642E+000   0.1155521415E+001   0.9936076511E+000
 0.9393939   0.1341004284E+001   0.1009555740E+001   0.1163286971E+001   0.1018928137E+001
 0.9494949   0.1339132494E+001   0.1013670355E+001   0.1148477948E+001   0.1012739614E+001
 0.9595960   0.1329084077E+001   0.1026539557E+001   0.1159093327E+001   0.1018000619E+001
 0.9696970   0.1316238149E+001   0.1002276361E+001   0.1154147558E+001   0.1031662506E+001
 0.9797980   0.1317431974E+001   0.1006786046E+001   0.1151109747E+001   0.1007763707E+001
 0.9898990   0.1345667756E+001   0.1048861025E+001   0.1163210896E+001   0.1046685259E+001
 1.0000000   0.1334987848E+001   0.9850025457E+000   0.1142162764E+001   0.9644440467E+000


 0.0000000   0.9165422687E+000   0.1017906650E+001   0.7885404394E+000   0.1008903596E+001
 0.0101010   0.9110360439E+000   0.1022953017E+001   0.7930677228E+000   0.1019519616E+001
 0.0202020   0.8905798111E+000   0.9962402964E+000   0.7711250135E+000   0.9689300419E+000
 0.0303030   0.8812969861E+000   0.9951678102E+000   0.7733804901E+000   0.9930843812E+000
 0.0404040   0.8604323334E+000   0.1030250895E+001   0.7769488735E+000   0.9967200472E+000
 0.0505051   0.8308105486E+000   0.1020999814E+001   0.7742445125E+000   0.1009958002E+001
 0.0606061   0.7901565905E+000   0.1003520418E+001   0.7640067718E+000   0.9891420926E+000
 0.0707071   0.7500514399E+000   0.9730397908E+000   0.7596210380E+000   0.9707760342E+000
 0.0808081   0.7155456559E+000   0.1014170704E+001   0.7566527923E+000   0.1011678842E+001
 0.0909091   0.6724978748E+000   0.1012498052E+001   0.7550077081E+000   0.9990103291E+000
 0.1010101   0.6190551554E+000   0.1003989187E+001   0.7453953842E+000   0.9992356028E+000
 0.1111111   0.5675862126E+000   0.1018382521E+001   0.7386557476E+000   0.1008343541E+001
 0.1212121   0.5419517099E+000   0.1006588723E+001   0.7373669817E+000   0.1000981473E+001
 0.1313131   0.5128437077E+000   0.9895994047E+000   0.7383820594E+000   0.9902403016E+000
 0.1414141   0.4761435008E+000   0.9940811188E+000   0.7358872688E+000   0.9992105724E+000
 0.1515152   0.4511744616E+000   0.9733807136E+000   0.7234263263E+000   0.9674720209E+000
 0.1616162   0.4299037807E+000   0.9844322938E+000   0.7401746523E+000   0.9898053983E+000
 0.1717172   0.4196163400E+000   0.9723188811E+000   0.7245653728E+000   0.9668744201E+000
 0.1818182   0.4106971145E+000   0.9879693677E+000   0.7275722846E+000   0.9715582343E+000
 0.1919192   0.4029291442E+000   0.9870211762E+000   0.7395015028E+000   0.1001006504E+001
 0.2020202   0.3983981526E+000   0.9835267176E+000   0.7387621469E+000   0.9951681622E+000
 0.2121212   0.4001398143E+000   0.9491574395E+000   0.7508034052E+000   0.9933972612E+000
 0.2222222   0.4067964796E+000   0.1005544647E+001   0.7674535979E+000   0.1006397427E+001
 0.2323232   0.4101660534E+000   0.9759944549E+000   0.7557209770E+000   0.9682072890E+000
 0.2424242   0.4169533897E+000   0.9734481879E+000   0.7715304394E+000   0.9919642706E+000
 0.2525253   0.4315869008E+000   0.1007654107E+001   0.7735308092E+000   0.1011209522E+001
 0.2626263   0.4441359075E+000   0.1006805351E+001   0.7890922056E+000   0.9936506940E+000
 0.2727273   0.4508777111E+000   0.9791692983E+000   0.7811933195E+000   0.9421037072E+000
 0.2828283   0.4724224789E+000   0.1018034496E+001   0.8158288701E+000   0.9990760339E+000
 0.2929293   0.4859636566E+000   0.1025126400E+001   0.8175107502E+000   0.9957501191E+000
 0.3030303   0.4998662370E+000   0.9798937592E+000   0.8318945527E+000   0.9904155144E+000
 0.3131313   0.5137124936E+000   0.9588559825E+000   0.8445948216E+000   0.1007670849E+001
 0.3232323   0.5461304907E+000   0.1023343658E+001   0.8597074894E+000   0.9804815731E+000
 0.3333333   0.5768758773E+000   0.1033361816E+001   0.8739313083E+000   0.9849714017E+000
 0.3434343   0.5940091734E+000   0.9847519089E+000   0.8669227199E+000   0.9551946081E+000
 0.3535354   0.6154929905E+000   0.9976608080E+000   0.8924945039E+000   0.9928340771E+000
 0.3636364   0.6487297578E+000   0.9835089612E+000   0.8999801036E+000   0.9786918992E+000
 0.3737374   0.6767535970E+000   0.9865026894E+000   0.9239464650E+000   0.9679820154E+000
 0.3838384   0.7049269125E+000   0.9952281819E+000   0.9504882854E+000   0.1007974342E+001
 0.3939394   0.7442684553E+000   0.1001425164E+001   0.9511602237E+000   0.9860727394E+000
 0.4040404   0.7868492752E+000   0.1012941962E+001   0.9808095221E+000   0.1004188494E+001
 0.4141414   0.8312430032E+000   0.1022573030E+001   0.9983587179E+000   0.1029544292E+001
 0.4242424   0.8766768884E+000   0.1012341795E+001   0.1006372013E+001   0.1028089400E+001
 0.4343434   0.9142137816E+000   0.9868613686E+000   0.1035591342E+001   0.9976023690E+000
 0.4444444   0.9757697566E+000   0.1001751881E+001   0.1050186842E+001   0.1023052032E+001
 0.4545455   0.1025018070E+001   0.9906541346E+000   0.1061691283E+001   0.9657198927E+000
 0.4646465   0.1090235126E+001   0.1009720952E+001   0.1085270893E+001   0.1012216996E+001
 0.4747475   0.1136854080E+001   0.9864600741E+000   0.1102234840E+001   0.9994108156E+000
 0.4848485   0.1234368957E+001   0.1004465059E+001   0.1132358520E+001   0.1001851280E+001
 0.4949495   0.1286354903E+001   0.1020456468E+001   0.1151430170E+001   0.1026271567E+001
 0.5050505   0.1316804488E+001   0.9940811188E+000   0.1147117132E+001   0.9998895221E+000
 0.5151515   0.1334895565E+001   0.1016322779E+001   0.1161338656E+001   0.9908691905E+000
 0.5252525   0.1338264027E+001   0.1003648264E+001   0.1146993943E+001   0.9754129164E+000
 0.5353535   0.1322520349E+001   0.1014657229E+001   0.1161296525E+001   0.1038780511E+001
 0.5454545   0.1331380418E+001   0.1024100080E+001   0.1158382767E+001   0.1016137383E+001
 0.5555556   0.1314508075E+001   0.9838996019E+000   0.1163191667E+001   0.1028345962E+001
 0.5656566   0.1338012502E+001   0.1006322378E+001   0.1159192167E+001   0.1027936089E+001
 0.5757576   0.1320734934E+001   0.1003616303E+001   0.1160625248E+001   0.1012564293E+001
 0.5858586   0.1310802605E+001   0.9877775986E+000   0.1151714106E+001   0.1016362656E+001
 0.5959596   0.1310125278E+001   0.9770136720E+000   0.1154904790E+001   0.9872835852E+000
 0.6060606   0.1327177728E+001   0.1017022381E+001   0.1165063175E+001   0.1043023165E+001
 0.6161616   0.1323842110E+001   0.1000381088E+001   0.1141048155E+001   0.1026168317E+001
 0.6262626   0.1313720346E+001   0.1002320086E+001   0.1159915833E+001   0.9914417609E+000
 0.6363636   0.1316035388E+001   0.9948126823E+000   0.1143286523E+001   0.9996360892E+000
 0.6464646   0.1330983832E+001   0.1005296058E+001   0.1159686794E+001   0.1006772883E+001
 0.6565657   0.1317374618E+001   0.9850857291E+000   0.1141757581E+001   0.1013024226E+001
 0.6666667   0.1331394967E+001   0.1013382320E+001   0.1147393931E+001   0.9997737564E+000
 0.6767677   0.1330463012E+001   0.9838179225E+000   0.1155897294E+001   0.1010155116E+001
 0.6868687   0.1332716383E+001   0.9872662144E+000   0.1148453479E+001   0.9847242264E+000
 0.6969697   0.1326759206E+001   0.9911726213E+000   0.1160592189E+001   0.9939729605E+000
 0.7070707   0.1326788706E+001   0.1007032633E+001   0.1160104167E+001   0.1004360578E+001
 0.7171717   0.1343685264E+001   0.9981508845E+000   0.1162790883E+001   0.1003262369E+001
 0.7272727   0.1319222222E+001   0.9918828771E+000   0.1147463474E+001   0.9983251218E+000
 0.7373737   0.1339977950E+001   0.1014866755E+001   0.1150539666E+001   0.9918516338E+000
 0.7474747   0.1318273980E+001   0.9980478974E+000   0.1153371365E+001   0.1010721429E+001
 0.7575758   0.1326668473E+001   0.9852348828E+000   0.1156626868E+001   0.1002398820E+001
 0.7676768   0.1319318565E+001   0.9672867188E+000   0.1145718267E+001   0.9794991297E+000
 0.7777778   0.1316316486E+001   0.9852561905E+000   0.1157425450E+001   0.1008362314E+001
 0.7878788   0.1339186277E+001   0.1018460649E+001   0.1158199064E+001   0.1013965995E+001
 0.7979798   0.1325800403E+001   0.1004877007E+001   0.1146395443E+001   0.1004182236E+001
 0.8080808   0.1327307567E+001   0.1009071067E+001   0.1151796464E+001   0.1007717781E+001
 0.8181818   0.1324200984E+001   0.9950612718E+000   0.1152122736E+001   0.9965135464E+000
 0.8282828   0.1329427325E+001   0.9914034544E+000   0.1147689736E+001   0.1007286006E+001
 0.8383838   0.1315948999E+001   0.1007831671E+001   0.1147645342E+001   0.1008812861E+001
 0.8484848   0.1338190119E+001   0.9967481293E+000   0.1158512837E+001   0.1009266537E+001
 0.8585859   0.1339086182E+001   0.1024650528E+001   0.1156811904E+001   0.1022507620E+001
 0.8686869   0.1334783367E+001   0.9999265240E+000   0.1161484389E+001   0.9892077974E+000
 0.8787879   0.1326519536E+001   0.9897876225E+000   0.1155123388E+001   0.9890357134E+000
 0.8888889   0.1312621949E+001   0.9944362467E+000   0.1138997555E+001   0.1001929500E+001
 0.8989899   0.1322408904E+001   0.9992340246E+000   0.1144030662E+001   0.9879468909E+000
 0.9090909   0.1323492180E+001   0.1004227123E+001   0.1150184729E+001   0.1005946880E+001
 0.9191919   0.1342322947E+001   0.1018787367E+001   0.1161529362E+001   0.1015111136E+001
 0.9292929   0.1329165493E+001   0.9881185214E+000   0.1151397332E+001   0.9898836183E+000
 0.9393939   0.1341086178E+001   0.1010026361E+001   0.1161984838E+001   0.1017604790E+001
 0.9494949   0.1343541982E+001   0.1017420124E+001   0.1151750295E+001   0.1015442789E+001
 0.9595960   0.1328454324E+001   0.1026468783E+001   0.1159235590E+001   0.1017942700E+001
 0.9696970   0.1313123999E+001   0.1000310062E+001   0.1147304063E+001   0.1025361086E+001
 0.9797980   0.1317114238E+001   0.1006950954E+001   0.1151088914E+001   0.1007564469E+001
 0.9898990   0.1343640881E+001   0.1047705432E+001   0.1154038814E+001   0.1038245486E+001
 1.0000000   0.1337167638E+001   0.9870105223E+000   0.1146410368E+001   0.9678568634E+000


 0.0000000   0.9218231170E+000   0.1023287525E+001   0.7839531052E+000   0.1003033457E+001
 0.0101010   0.9207587327E+000   0.1033381319E+001   0.7907212126E+000   0.1016502232E+001
 0.0202020   0.8975429815E+000   0.1003554922E+001   0.7724907730E+000   0.9706453243E+000
 0.0303030   0.8867675043E+000   0.1000871762E+001   0.7730592442E+000   0.9926710417E+000
 0.0404040   0.8691288496E+000   0.1040171802E+001   0.7783145259E+000   0.9984711561E+000
 0.0505051   0.8387362129E+000   0.1030252523E+001   0.7738022181E+000   0.1009380207E+001
 0.0606061   0.7945884716E+000   0.1008671937E+001   0.7626652469E+000   0.9874044223E+000
 0.0707071   0.7552224547E+000   0.9792849431E+000   0.7588510590E+000   0.9697912069E+000
 0.0808081   0.7207510667E+000   0.1021065582E+001   0.7578472103E+000   0.1013274982E+001
 0.0909091   0.6766599204E+000   0.1018282699E+001   0.7564201883E+000   0.1000878453E+001
 0.1010101   0.6246147281E+000   0.1012526837E+001   0.7449669101E+000   0.9986603759E+000
 0.1111111   0.5721380002E+000   0.1026064175E+001   0.7377158499E+000   0.1007059635E+001
 0.1212121   0.5433352250E+000   0.1008681286E+001   0.7343219771E+000   0.9968470189E+000
 0.1313131   0.5124903720E+000   0.9884500701E+000   0.7341026808E+000   0.9845004230E+000
 0.1414141   0.4798961076E+000   0.1001442051E+001   0.7356181674E+000   0.9988443397E+000
 0.1515152   0.4517399133E+000   0.9741398820E+000   0.7215000737E+000   0.9648951430E+000
 0.1616162   0.4321525332E+000   0.9891138485E+000   0.7398262545E+000   0.9893386698E+000
 0.1717172   0.4204961105E+000   0.9738968082E+000   0.7230157698E+000   0.9648057892E+000
 0.1818182   0.4107361697E+000   0.9875961957E+000   0.7270171674E+000   0.9708161478E+000
 0.1919192   0.4045013441E+000   0.9904040091E+000   0.7379514022E+000   0.9989074130E+000
 0.2020202   0.3978804299E+000   0.9817842399E+000   0.7370046262E+000   0.9927998164E+000
 0.2121212   0.3984647832E+000   0.9447373068E+000   0.7522096506E+000   0.9952570465E+000
 0.2222222   0.4076706537E+000   0.1007229076E+001   0.7666124777E+000   0.1005293583E+001
 0.2323232   0.4104123188E+000   0.9761187516E+000   0.7618523031E+000   0.9760617429E+000
 0.2424242   0.4178009061E+000   0.9749657095E+000   0.7728779799E+000   0.9936959827E+000
 0.2525253   0.4310240089E+000   0.1005864123E+001   0.7730709436E+000   0.1010607508E+001
 0.2626263   0.4435839823E+000   0.1005078808E+001   0.7875698221E+000   0.9917328266E+000
 0.2727273   0.4504364703E+000   0.9777485923E+000   0.7873335352E+000   0.9495078891E+000
 0.2828283   0.4722359654E+000   0.1017151471E+001   0.8162240763E+000   0.9995591703E+000
 0.2929293   0.4881384502E+000   0.1029227250E+001   0.8178920021E+000   0.9962136580E+000
 0.3030303   0.4983684861E+000   0.9764958276E+000   0.8341297144E+000   0.9930757620E+000
 0.3131313   0.5141650312E+000   0.9592469401E+000   0.8484600873E+000   0.1012281578E+001
 0.3232323   0.5456683213E+000   0.1021994248E+001   0.8589643979E+000   0.9796332677E+000
 0.3333333   0.5768567760E+000   0.1032839077E+001   0.8750764534E+000   0.9862612190E+000
 0.3434343   0.5959558603E+000   0.9875120547E+000   0.8694521027E+000   0.9579807339E+000
 0.3535354   0.6125879787E+000   0.9924826014E+000   0.8931141298E+000   0.9935225311E+000
 0.3636364   0.6472691263E+000   0.9808306428E+000   0.9029297076E+000   0.9818986500E+000
 0.3737374   0.6773814660E+000   0.9869511153E+000   0.9289376880E+000   0.9732103047E+000
 0.3838384   0.7036967492E+000   0.9930217265E+000   0.9478546476E+000   0.1005180577E+001
 0.3939394   0.7444268140E+000   0.1001164697E+001   0.9535482854E+000   0.9885476256E+000
 0.4040404   0.7857920200E+000   0.1011102674E+001   0.9758139243E+000   0.9990729804E+000
 0.4141414   0.8325847499E+000   0.1023739393E+001   0.1000980303E+001   0.1032246901E+001
 0.4242424   0.8728319934E+000   0.1007425405E+001   0.1007509843E+001   0.1029250920E+001
 0.4343434   0.9161099763E+000   0.9884407211E+000   0.1037713559E+001   0.9996458961E+000
 0.4444444   0.9743410293E+000   0.9998122099E+000   0.1051247235E+001   0.1024084167E+001
 0.4545455   0.1022359966E+001   0.9876180100E+000   0.1066561027E+001   0.9701486222E+000
 0.4646465   0.1090109095E+001   0.1009126921E+001   0.1091407616E+001   0.1017939777E+001
 0.4747475   0.1136430888E+001   0.9856266750E+000   0.1097834336E+001   0.9954199858E+000
 0.4848485   0.1228056051E+001   0.9988554966E+000   0.1128746956E+001   0.9986551198E+000
 0.4949495   0.1290286162E+001   0.1023091196E+001   0.1151203132E+001   0.1026068347E+001
 0.5050505   0.1316931938E+001   0.9937073191E+000   0.1154300773E+001   0.1006150329E+001
 0.5151515   0.1330612507E+001   0.1012582931E+001   0.1163848819E+001   0.9930100607E+000
 0.5252525   0.1339612261E+001   0.1004184421E+001   0.1146509366E+001   0.9750000092E+000
 0.5353535   0.1330303767E+001   0.1020146264E+001   0.1166567997E+001   0.1043494971E+001
 0.5454545   0.1327151293E+001   0.1020364407E+001   0.1161433102E+001   0.1018812291E+001
 0.5555556   0.1310023827E+001   0.9800796073E+000   0.1163645515E+001   0.1028746334E+001
 0.5656566   0.1342695270E+001   0.1009366878E+001   0.1161150043E+001   0.1029671409E+001
 0.5757576   0.1316113194E+001   0.9996314628E+000   0.1167486599E+001   0.1018549486E+001
 0.5858586   0.1315708072E+001   0.9910054609E+000   0.1149666508E+001   0.1014554844E+001
 0.5959596   0.1313641543E+001   0.9791727552E+000   0.1156996185E+001   0.9890706083E+000
 0.6060606   0.1322798719E+001   0.1013187499E+001   0.1157897076E+001   0.1036606842E+001
 0.6161616   0.1322662994E+001   0.9990175457E+000   0.1144608319E+001   0.1029369183E+001
 0.6262626   0.1311751927E+001   0.1000345102E+001   0.1163276626E+001   0.9943135753E+000
 0.6363636   0.1314881420E+001   0.9934704780E+000   0.1147377454E+001   0.1003212165E+001
 0.6464646   0.1333009782E+001   0.1006350271E+001   0.1155038299E+001   0.1002736487E+001
 0.6565657   0.1313613843E+001   0.9818091705E+000   0.1142358098E+001   0.1013556184E+001
 0.6666667   0.1329487034E+001   0.1011451703E+001   0.1143891238E+001   0.9967208724E+000
 0.6767677   0.1327029477E+001   0.9808150612E+000   0.1155796438E+001   0.1010066129E+001
 0.6868687   0.1332988529E+001   0.9870009766E+000   0.1144181316E+001   0.9810603008E+000
 0.6969697   0.1330259562E+001   0.9933177779E+000   0.1166345574E+001   0.9988995288E+000
 0.7070707   0.1328796628E+001   0.1008079834E+001   0.1163128634E+001   0.1006978166E+001
 0.7171717   0.1337358243E+001   0.9929812142E+000   0.1160927428E+001   0.1001653729E+001
 0.7272727   0.1320258576E+001   0.9921927827E+000   0.1142599872E+001   0.9940928188E+000
 0.7373737   0.1334161641E+001   0.1009983912E+001   0.1147787184E+001   0.9894779566E+000
 0.7474747   0.1321187827E+001   0.9997810466E+000   0.1152573563E+001   0.1010021452E+001
 0.7575758   0.1325036133E+001   0.9835574318E+000   0.1158297135E+001   0.1003845526E+001
 0.7676768   0.1316353970E+001   0.9646568892E+000   0.1143380015E+001   0.9774992882E+000
 0.7777778   0.1321495592E+001   0.9886650969E+000   0.1157382133E+001   0.1008323729E+001
 0.7878788   0.1334612738E+001   0.1014502590E+001   0.1152772812E+001   0.1009214639E+001
 0.7979798   0.1323888444E+001   0.1002953471E+001   0.1145756989E+001   0.1003622141E+001
 0.8080808   0.1329230996E+001   0.1010055587E+001   0.1150831917E+001   0.1006873044E+001
 0.8181818   0.1320821494E+001   0.9920525478E+000   0.1153016668E+001   0.9972859039E+000
 0.8282828   0.1328079798E+001   0.9899303270E+000   0.1145064223E+001   0.1004980845E+001
 0.8383838   0.1314591435E+001   0.1006315991E+001   0.1146662328E+001   0.1007947917E+001
 0.8484848   0.1334274054E+001   0.9933614065E+000   0.1155274655E+001   0.1006444671E+001
 0.8585859   0.1337012517E+001   0.1022580118E+001   0.1156458735E+001   0.1022194596E+001
 0.8686869   0.1330076312E+001   0.9959292625E+000   0.1157025835E+001   0.9854097296E+000
 0.8787879   0.1326536038E+001   0.9893319916E+000   0.1155404525E+001   0.9892755965E+000
 0.8888889   0.1306732639E+001   0.9895065061E+000   0.1135864734E+001   0.9991728464E+000
 0.8989899   0.1322652860E+001   0.9989458702E+000   0.1147192305E+001   0.9906763490E+000
 0.9090909   0.1321723842E+001   0.1002411229E+001   0.1147999387E+001   0.1004034746E+001
 0.9191919   0.1336336114E+001   0.1013764020E+001   0.1158963232E+001   0.1012867634E+001
 0.9292929   0.1326948150E+001   0.9860037509E+000   0.1148869179E+001   0.9877092765E+000
 0.9393939   0.1332705716E+001   0.1003240173E+001   0.1159070307E+001   0.1015051546E+001
 0.9494949   0.1339997669E+001   0.1014256400E+001   0.1154944116E+001   0.1018257772E+001
 0.9595960   0.1333776108E+001   0.1030093590E+001   0.1159750995E+001   0.1018394431E+001
 0.9696970   0.1318501920E+001   0.1003931998E+001   0.1148037587E+001   0.1026015786E+001
 0.9797980   0.1312334667E+001   0.1002822585E+001   0.1149612410E+001   0.1006271219E+001
 0.9898990   0.1335961737E+001   0.1041225122E+001   0.1153886363E+001   0.1038107461E+001
 1.0000000   0.1330272860E+001   0.9814570252E+000   0.1140795793E+001   0.9631159507E+000


 0.0000000   0.9337598793E+000   0.1035723248E+001   0.7815665783E+000   0.1000506953E+001
 0.0101010   0.9287416016E+000   0.1041521140E+001   0.7856997157E+000   0.1010579163E+001
 0.0202020   0.9102207517E+000   0.1016929985E+001   0.7716338038E+000   0.9700794567E+000
 0.0303030   0.8989029364E+000   0.1013771075E+001   0.7708276371E+000   0.9903270666E+000
 0.0404040   0.8732488522E+000   0.1044280970E+001   0.7676814069E+000   0.9853492862E+000
 0.0505051   0.8508372306E+000   0.1044295022E+001   0.7721149751E+000   0.1007710041E+001
 0.0606061   0.8056812944E+000   0.1021949391E+001   0.7614441951E+000   0.9863430477E+000
 0.0707071   0.7607336120E+000   0.9856556560E+000   0.7543838071E+000   0.9645902144E+000
 0.0808081   0.7263639570E+000   0.1028208191E+001   0.7526676846E+000   0.1006880037E+001
 0.0909091   0.6815409333E+000   0.1024821638E+001   0.7481821899E+000   0.9904997972E+000
 0.1010101   0.6304063498E+000   0.1021111886E+001   0.7415860540E+000   0.9946520602E+000
 0.1111111   0.5750251662E+000   0.1030431231E+001   0.7307214022E+000   0.9980371304E+000
 0.1212121   0.5474019340E+000   0.1015432032E+001   0.7318402009E+000   0.9940015166E+000
 0.1313131   0.5127502432E+000   0.9881737903E+000   0.7306723292E+000   0.9804163708E+000
 0.1414141   0.4832212536E+000   0.1007588156E+001   0.7298001408E+000   0.9914666396E+000
 0.1515152   0.4553737582E+000   0.9812039543E+000   0.7198108321E+000   0.9631433156E+000
 0.1616162   0.4344741044E+000   0.9936456736E+000   0.7334956817E+000   0.9813899430E+000
 0.1717172   0.4194559274E+000   0.9707239066E+000   0.7203195047E+000   0.9617143628E+000
 0.1818182   0.4118226277E+000   0.9894300470E+000   0.7230908380E+000   0.9660819782E+000
 0.1919192   0.4066822193E+000   0.9949609491E+000   0.7340828164E+000   0.9941944364E+000
 0.2020202   0.3989099079E+000   0.9835506531E+000   0.7348233889E+000   0.9903831480E+000
 0.2121212   0.4004480320E+000   0.9486930419E+000   0.7519156689E+000   0.9953923340E+000
 0.2222222   0.4066808511E+000   0.1003993632E+001   0.7624972082E+000   0.1000423953E+001
 0.2323232   0.4115280473E+000   0.9780028885E+000   0.7607724074E+000   0.9751918324E+000
 0.2424242   0.4184631208E+000   0.9757433126E+000   0.7725392776E+000   0.9937839209E+000
 0.2525253   0.4316083390E+000   0.1006435885E+001   0.7709458856E+000   0.1008360585E+001
 0.2626263   0.4438993229E+000   0.1005002572E+001   0.7831494807E+000   0.9866862655E+000
 0.2727273   0.4523943353E+000   0.9812264376E+000   0.7869921348E+000   0.9495963051E+000
 0.2828283   0.4701619562E+000   0.1011888095E+001   0.8122615830E+000   0.9952308197E+000
 0.2929293   0.4861379236E+000   0.1024203346E+001   0.8122295993E+000   0.9898380373E+000
 0.3030303   0.4993193457E+000   0.9775897571E+000   0.8324393381E+000   0.9915855321E+000
 0.3131313   0.5159290101E+000   0.9617811573E+000   0.8455309347E+000   0.1009318454E+001
 0.3232323   0.5453903970E+000   0.1020670651E+001   0.8572304098E+000   0.9781708736E+000
 0.3333333   0.5773487316E+000   0.1032907209E+001   0.8782788442E+000   0.9903921210E+000
 0.3434343   0.5955123368E+000   0.9860013374E+000   0.8638080448E+000   0.9522635341E+000
 0.3535354   0.6152588305E+000   0.9960260974E+000   0.8938984232E+000   0.9949190074E+000
 0.3636364   0.6456528426E+000   0.9776122404E+000   0.8988218074E+000   0.9779465482E+000
 0.3737374   0.6797812392E+000   0.9896689325E+000   0.9277493261E+000   0.9724774952E+000
 0.3838384   0.7059765094E+000   0.9954555826E+000   0.9422572036E+000   0.9997711657E+000
 0.3939394   0.7450116711E+000   0.1001163541E+001   0.9534726377E+000   0.9889900873E+000
 0.4040404   0.7854211058E+000   0.1009830869E+001   0.9741530039E+000   0.9978980486E+000
 0.4141414   0.8323616400E+000   0.1022660426E+001   0.9974700100E+000   0.1029169008E+001
 0.4242424   0.8696877806E+000   0.1003007175E+001   0.1008046898E+001   0.1030342230E+001
 0.4343434   0.9122793384E+000   0.9835337906E+000   0.1037792730E+001   0.1000248979E+001
 0.4444444   0.9749591634E+000   0.9996599676E+000   0.1048181946E+001   0.1021636162E+001
 0.4545455   0.1022191190E+001   0.9866786480E+000   0.1066793391E+001   0.9708713254E+000
 0.4646465   0.1086562654E+001   0.1005053159E+001   0.1089599059E+001   0.1016788490E+001
 0.4747475   0.1134430075E+001   0.9831178488E+000   0.1097646010E+001   0.9957736872E+000
 0.4848485   0.1225008375E+001   0.9955932931E+000   0.1123090547E+001   0.9941742471E+000
 0.4949495   0.1291381969E+001   0.1023155060E+001   0.1154237291E+001   0.1029314820E+001
 0.5050505   0.1319265516E+001   0.9946855282E+000   0.1152191399E+001   0.1004840920E+001
 0.5151515   0.1322710519E+001   0.1005778247E+001   0.1165125154E+001   0.9946228979E+000
 0.5252525   0.1342058739E+001   0.1005227405E+001   0.1147399105E+001   0.9762708376E+000
 0.5353535   0.1328124977E+001   0.1017674745E+001   0.1159949887E+001   0.1038121835E+001
 0.5454545   0.1329614794E+001   0.1021454757E+001   0.1161600512E+001   0.1019496097E+001
 0.5555556   0.1309133693E+001   0.9786436637E+000   0.1166665366E+001   0.1031959616E+001
 0.5656566   0.1336037183E+001   0.1003572069E+001   0.1161840689E+001   0.1030826773E+001
 0.5757576   0.1320881971E+001   0.1002464764E+001   0.1165771729E+001   0.1017589332E+001
 0.5858586   0.1318985422E+001   0.9926929420E+000   0.1150932741E+001   0.1016207487E+001
 0.5959596   0.1315662761E+001   0.9799083517E+000   0.1161105388E+001   0.9931064583E+000
 0.6060606   0.1322218803E+001   0.1011947114E+001   0.1159932775E+001   0.1038976514E+001
 0.6161616   0.1326338591E+001   0.1001006158E+001   0.1149487161E+001   0.1034301573E+001
 0.6262626   0.1315219026E+001   0.1002200585E+001   0.1163426970E+001   0.9949661158E+000
 0.6363636   0.1314305354E+001   0.9922545168E+000   0.1148534973E+001   0.1004753433E+001
 0.6464646   0.1331772804E+001   0.1004625976E+001   0.1155946250E+001   0.1004053537E+001
 0.6565657   0.1315244435E+001   0.9822550505E+000   0.1146014168E+001   0.1017335844E+001
 0.6666667   0.1332589642E+001   0.1013015073E+001   0.1146342457E+001   0.9993830827E+000
 0.6767677   0.1320190127E+001   0.9749929311E+000   0.1158942902E+001   0.1013349582E+001
 0.6868687   0.1328002560E+001   0.9825360923E+000   0.1154362249E+001   0.9903113639E+000
 0.6969697   0.1326732207E+001   0.9899050076E+000   0.1169465885E+001   0.1002099663E+001
 0.7070707   0.1328563248E+001   0.1007110385E+001   0.1165580366E+001   0.1009632510E+001
 0.7171717   0.1329915436E+001   0.9866786480E+000   0.1163839119E+001   0.1004695108E+001
 0.7272727   0.1317056848E+001   0.9890084843E+000   0.1148876905E+001   0.1000080735E+001
 0.7373737   0.1331520272E+001   0.1007191887E+001   0.1150474003E+001   0.9923168329E+000
 0.7474747   0.1319755348E+001   0.9979118877E+000   0.1154094223E+001   0.1011886980E+001
 0.7575758   0.1322924552E+001   0.9812180064E+000   0.1159344664E+001   0.1005282841E+001
 0.7676768   0.1310841022E+001   0.9598616420E+000   0.1147043078E+001   0.9811476716E+000
 0.7777778   0.1318517145E+001   0.9856612768E+000   0.1159733203E+001   0.1010904435E+001
 0.7878788   0.1332342755E+001   0.1011980839E+001   0.1160530609E+001   0.1016541732E+001
 0.7979798   0.1320263698E+001   0.9994210821E+000   0.1147337663E+001   0.1005536328E+001
 0.8080808   0.1327371381E+001   0.1007849525E+001   0.1155353926E+001   0.1011362059E+001
 0.8181818   0.1319740689E+001   0.9904614703E+000   0.1154231391E+001   0.9988626478E+000
 0.8282828   0.1322679747E+001   0.9851301079E+000   0.1148072369E+001   0.1008151962E+001
 0.8383838   0.1309716316E+001   0.1001795885E+001   0.1147081096E+001   0.1008847371E+001
 0.8484848   0.1330311152E+001   0.9896323971E+000   0.1158817645E+001   0.1010063215E+001
 0.8585859   0.1335400423E+001   0.1020544182E+001   0.1161650926E+001   0.1027325054E+001
 0.8686869   0.1327056457E+001   0.9928868608E+000   0.1162345086E+001   0.9904616619E+000
 0.8787879   0.1322718159E+001   0.9857090539E+000   0.1161988520E+001   0.9954371991E+000
 0.8888889   0.1308840887E+001   0.9903237598E+000   0.1145213739E+001   0.1007927637E+001
 0.8989899   0.1321269499E+001   0.9971165395E+000   0.1148180395E+001   0.9920521289E+000
 0.9090909   0.1321681055E+001   0.1001590725E+001   0.1152048571E+001   0.1008107097E+001
 0.9191919   0.1339132005E+001   0.1015086351E+001   0.1167149412E+001   0.1020559400E+001
 0.9292929   0.1322844872E+001   0.9821819797E+000   0.1148130983E+001   0.9875947834E+000
 0.9393939   0.1322026400E+001   0.9944185385E+000   0.1160713564E+001   0.1017026275E+001
 0.9494949   0.1333662138E+001   0.1008667356E+001   0.1156149066E+001   0.1019857261E+001
 0.9595960   0.1329050105E+001   0.1025636659E+001   0.1166902403E+001   0.1025214152E+001
 0.9696970   0.1311183389E+001   0.9975746376E+000   0.1147790794E+001   0.1026335779E+001
 0.9797980   0.1303531154E+001   0.9953122513E+000   0.1148800472E+001   0.1006090412E+001
 0.9898990   0.1334242510E+001   0.1039067645E+001   0.1159963532E+001   0.1044124782E+001
 1.0000000   0.1324411537E+001   0.9763644150E+000   0.1147278233E+001   0.9690991548E+000


 0.0000000   0.9378743614E+000   0.1039867982E+001   0.7788694187E+000   0.9972706690E+000
 0.0101010   0.9352911522E+000   0.1048443528E+001   0.7826329218E+000   0.1006853116E+001
 0.0202020   0.9164611837E+000   0.1023489575E+001   0.7713736974E+000   0.9699629621E+000
 0.0303030   0.9036903458E+000   0.1018759724E+001   0.7715242328E+000   0.9914371890E+000
 0.0404040   0.8767036031E+000   0.1047990050E+001   0.7652060253E+000   0.9823852374E+000
 0.0505051   0.8536714647E+000   0.1047351634E+001   0.7717396494E+000   0.1007438831E+001
 0.0606061   0.8073006176E+000   0.1023590910E+001   0.7583673060E+000   0.9825706150E+000
 0.0707071   0.7649720130E+000   0.9907479607E+000   0.7538182041E+000   0.9640762354E+000
 0.0808081   0.7277531660E+000   0.1029759730E+001   0.7505033293E+000   0.1004202610E+001
 0.0909091   0.6839935397E+000   0.1028095289E+001   0.7458831269E+000   0.9876704728E+000
 0.1010101   0.6311650531E+000   0.1021929002E+001   0.7356020747E+000   0.9868402175E+000
 0.1111111   0.5799480806E+000   0.1038834356E+001   0.7288988749E+000   0.9957639825E+000
 0.1212121   0.5477557719E+000   0.1015679114E+001   0.7281998597E+000   0.9892718202E+000
 0.1313131   0.5153451675E+000   0.9927746777E+000   0.7287774234E+000   0.9780860534E+000
 0.1414141   0.4850212608E+000   0.1010934062E+001   0.7286680221E+000   0.9901434896E+000
 0.1515152   0.4567949648E+000   0.9838697897E+000   0.7180470670E+000   0.9609918667E+000
 0.1616162   0.4342759430E+000   0.9927924115E+000   0.7318226066E+000   0.9793639760E+000
 0.1717172   0.4212447029E+000   0.9744708894E+000   0.7193120268E+000   0.9605777251E+000
 0.1818182   0.4109054457E+000   0.9868287966E+000   0.7221044505E+000   0.9649735422E+000
 0.1919192   0.4069984010E+000   0.9953334080E+000   0.7328518334E+000   0.9927427210E+000
 0.2020202   0.4001787175E+000   0.9862815830E+000   0.7327101747E+000   0.9877493569E+000
 0.2121212   0.4026507881E+000   0.9535273021E+000   0.7519199723E+000   0.9956141026E+000
 0.2222222   0.4083975400E+000   0.1007825585E+001   0.7608275489E+000   0.9984499864E+000
 0.2323232   0.4114078871E+000   0.9773234937E+000   0.7605020631E+000   0.9750569035E+000
 0.2424242   0.4197401303E+000   0.9783267186E+000   0.7699469040E+000   0.9906641247E+000
 0.2525253   0.4318143841E+000   0.1006510753E+001   0.7698026532E+000   0.1007083852E+001
 0.2626263   0.4419091112E+000   0.1000093660E+001   0.7818497253E+000   0.9852625353E+000
 0.2727273   0.4515616868E+000   0.9790259360E+000   0.7834656130E+000   0.9455463580E+000
 0.2828283   0.4697819569E+000   0.1010662989E+001   0.8117752964E+000   0.9948508989E+000
 0.2929293   0.4880700019E+000   0.1027859683E+001   0.8143699664E+000   0.9926618648E+000
 0.3030303   0.5017728439E+000   0.9819976098E+000   0.8341701013E+000   0.9938628754E+000
 0.3131313   0.5181258933E+000   0.9654874661E+000   0.8439878928E+000   0.1007695204E+001
 0.3232323   0.5454784115E+000   0.1020424165E+001   0.8591472051E+000   0.9805709028E+000
 0.3333333   0.5750379838E+000   0.1028358762E+001   0.8745404423E+000   0.9863905781E+000
 0.3434343   0.5961910418E+000   0.9867274607E+000   0.8623970498E+000   0.9509144216E+000
 0.3535354   0.6168681219E+000   0.9982290800E+000   0.8938699954E+000   0.9951033280E+000
 0.3636364   0.6440768732E+000   0.9748331651E+000   0.9000633030E+000   0.9795099116E+000
 0.3737374   0.6777623559E+000   0.9863322509E+000   0.9304878717E+000   0.9755597897E+000
 0.3838384   0.7050491388E+000   0.9937475019E+000   0.9408319633E+000   0.9984756237E+000
 0.3939394   0.7439722588E+000   0.9993640415E+000   0.9559418635E+000   0.9917665302E+000
 0.4040404   0.7865979599E+000   0.1010936596E+001   0.9738354828E+000   0.9977893320E+000
 0.4141414   0.8302140290E+000   0.1019610945E+001   0.9957806055E+000   0.1027648940E+001
 0.4242424   0.8717060789E+000   0.1004929913E+001   0.1008280105E+001   0.1030804304E+001
 0.4343434   0.9091316311E+000   0.9797454205E+000   0.1034582405E+001   0.9973712462E+000
 0.4444444   0.9739831387E+000   0.9982569473E+000   0.1047422274E+001   0.1021117335E+001
 0.4545455   0.1023714450E+001   0.9877509529E+000   0.1068679372E+001   0.9727988459E+000
 0.4646465   0.1083412124E+001   0.1001735300E+001   0.1090421221E+001   0.1017776593E+001
 0.4747475   0.1134673177E+001   0.9829324331E+000   0.1102652348E+001   0.1000532527E+001
 0.4848485   0.1224630156E+001   0.9948849969E+000   0.1125698061E+001   0.9966987592E+000
 0.4949495   0.1292385515E+001   0.1023537709E+001   0.1151519969E+001   0.1027114500E+001
 0.5050505   0.1318471848E+001   0.9936867004E+000   0.1153031800E+001   0.1005792125E+001
 0.5151515   0.1320387581E+001   0.1003607480E+001   0.1166582864E+001   0.9960834631E+000
 0.5252525   0.1335495821E+001   0.9999087217E+000   0.1146995870E+001   0.9761395880E+000
 0.5353535   0.1321781336E+001   0.1012405966E+001   0.1162397951E+001   0.1040538603E+001
 0.5454545   0.1322659168E+001   0.1015701914E+001   0.1163296327E+001   0.1021206080E+001
 0.5555556   0.1313373246E+001   0.9814174621E+000   0.1165043923E+001   0.1030749085E+001
 0.5656566   0.1335853450E+001   0.1003029866E+001   0.1163652154E+001   0.1032658081E+001
 0.5757576   0.1317353697E+001   0.9993843087E+000   0.1163585102E+001   0.1015901124E+001
 0.5858586   0.1320056614E+001   0.9930989525E+000   0.1150738010E+001   0.1016256102E+001
 0.5959596   0.1319917940E+001   0.9826816268E+000   0.1162456811E+001   0.9944781715E+000
 0.6060606   0.1319208724E+001   0.1009236687E+001   0.1159683448E+001   0.1038978670E+001
 0.6161616   0.1327245187E+001   0.1001286889E+001   0.1152788901E+001   0.1037497621E+001
 0.6262626   0.1313618186E+001   0.1000577538E+001   0.1166334351E+001   0.9976690337E+000
 0.6363636   0.1312784932E+001   0.9907074263E+000   0.1148431520E+001   0.1004881013E+001
 0.6464646   0.1334345369E+001   0.1006161144E+001   0.1160282020E+001   0.1008038350E+001
 0.6565657   0.1314961269E+001   0.9816480012E+000   0.1149577893E+001   0.1020720943E+001
 0.6666667   0.1329857932E+001   0.1010531252E+001   0.1150173283E+001   0.1002940464E+001
 0.6767677   0.1319023198E+001   0.9737387379E+000   0.1163769134E+001   0.1017790398E+001
 0.6868687   0.1323726357E+001   0.9789778014E+000   0.1157791008E+001   0.9934684548E+000
 0.6969697   0.1328295171E+001   0.9906719588E+000   0.1166118071E+001   0.9994478704E+000
 0.7070707   0.1322249105E+001   0.1001920238E+001   0.1162936568E+001   0.1007561101E+001
 0.7171717   0.1329181489E+001   0.9857369028E+000   0.1166515223E+001   0.1007223872E+001
 0.7272727   0.1313610464E+001   0.9860231766E+000   0.1148340120E+001   0.9998304583E+000
 0.7373737   0.1331186158E+001   0.1006533553E+001   0.1152933043E+001   0.9946536886E+000
 0.7474747   0.1316282442E+001   0.9948849969E+000   0.1155045642E+001   0.1012940997E+001
 0.7575758   0.1320371160E+001   0.9789296669E+000   0.1160250998E+001   0.1006287123E+001
 0.7676768   0.1312098393E+001   0.9603953395E+000   0.1148786942E+001   0.9828526257E+000
 0.7777778   0.1321499141E+001   0.9874925464E+000   0.1165253303E+001   0.1015936622E+001
 0.7878788   0.1331310746E+001   0.1010789659E+001   0.1160380410E+001   0.1016630802E+001
 0.7979798   0.1320050735E+001   0.9988573623E+000   0.1147537950E+001   0.1005930172E+001
 0.8080808   0.1322577464E+001   0.1003805085E+001   0.1155766825E+001   0.1011943113E+001
 0.8181818   0.1320968452E+001   0.9909835665E+000   0.1155816685E+001   0.1000451671E+001
 0.8282828   0.1323068190E+001   0.9850224850E+000   0.1151317807E+001   0.1011221324E+001
 0.8383838   0.1311927592E+001   0.1003083067E+001   0.1149607024E+001   0.1011288375E+001
 0.8484848   0.1330500894E+001   0.9893748599E+000   0.1156847553E+001   0.1008564901E+001
 0.8585859   0.1335101594E+001   0.1019904819E+001   0.1161365900E+001   0.1027295933E+001
 0.8686869   0.1326384349E+001   0.9919842581E+000   0.1159819863E+001   0.9885243932E+000
 0.8787879   0.1320363767E+001   0.9835581820E+000   0.1161436454E+001   0.9951802400E+000
 0.8888889   0.1309865531E+001   0.9906998262E+000   0.1147393922E+001   0.1010065672E+001
 0.8989899   0.1316345145E+001   0.9930001500E+000   0.1146391291E+001   0.9907213157E+000
 0.9090909   0.1324698749E+001   0.1003473210E+001   0.1156001080E+001   0.1011785345E+001
 0.9191919   0.1335522311E+001   0.1011942354E+001   0.1165617402E+001   0.1019441048E+001
 0.9292929   0.1326754618E+001   0.9846880767E+000   0.1150417829E+001   0.9897766785E+000
 0.9393939   0.1318401749E+001   0.9912926409E+000   0.1159081066E+001   0.1015816323E+001
 0.9494949   0.1332436027E+001   0.1007334106E+001   0.1155033033E+001   0.1019093958E+001
 0.9595960   0.1329419782E+001   0.1025508691E+001   0.1167382136E+001   0.1025858270E+001
 0.9696970   0.1311409707E+001   0.9973449247E+000   0.1149739791E+001   0.1028301706E+001
 0.9797980   0.1305076613E+001   0.9960908935E+000   0.1147294332E+001   0.1004989479E+001
 0.9898990   0.1329810445E+001   0.1035198932E+001   0.1157102008E+001   0.1041775112E+001
 1.0000000   0.1325648535E+001   0.9768826827E+000   0.1150175763E+001   0.9717575756E+000


 0.0000000   0.9428915397E+000   0.1045551506E+001   0.7804996397E+000   0.9993836542E+000
 0.0101010   0.9426056369E+000   0.1056764949E+001   0.7822974756E+000   0.1006447385E+001
 0.0202020   0.9260559494E+000   0.1034324292E+001   0.7759814163E+000   0.9757819647E+000
 0.0303030   0.9084731711E+000   0.1024269831E+001   0.7720525633E+000   0.9921415645E+000
 0.0404040   0.8823066528E+000   0.1054809597E+001   0.7680443266E+000   0.9860543948E+000
 0.0505051   0.8566116042E+000   0.1051080197E+001   0.7704165805E+000   0.1005737480E+001
 0.0606061   0.8069917076E+000   0.1023317399E+001   0.7576524361E+000   0.9816695840E+000
 0.0707071   0.7692997181E+000   0.9964680177E+000   0.7546820540E+000   0.9652057942E+000
 0.0808081   0.7305216312E+000   0.1033796438E+001   0.7490563036E+000   0.1002292145E+001
 0.0909091   0.6851361413E+000   0.1029931633E+001   0.7439167657E+000   0.9850919615E+000
 0.1010101   0.6326114502E+000   0.1024389171E+001   0.7335797892E+000   0.9841524853E+000
 0.1111111   0.5816295959E+000   0.1041966692E+001   0.7304839702E+000   0.9979550147E+000
 0.1212121   0.5491753748E+000   0.1018429017E+001   0.7284594266E+000   0.9896498336E+000
 0.1313131   0.5160567073E+000   0.9942602131E+000   0.7296327389E+000   0.9792590860E+000
 0.1414141   0.4831858263E+000   0.1007224753E+001   0.7263640054E+000   0.9870380192E+000
 0.1515152   0.4554662643E+000   0.9811212517E+000   0.7170525547E+000   0.9596854888E+000
 0.1616162   0.4348697897E+000   0.9942648032E+000   0.7311567325E+000   0.9784979691E+000
 0.1717172   0.4206462521E+000   0.9731988595E+000   0.7187180205E+000   0.9598091041E+000
 0.1818182   0.4121040503E+000   0.9898216539E+000   0.7251510315E+000   0.9690696548E+000
 0.1919192   0.4066092684E+000   0.9944965997E+000   0.7320359916E+000   0.9916629968E+000
 0.2020202   0.3999709705E+000   0.9858834080E+000   0.7337579096E+000   0.9891871592E+000
 0.2121212   0.4011192083E+000   0.9500100269E+000   0.7495675807E+000   0.9925247719E+000
 0.2222222   0.4073276874E+000   0.1005301531E+001   0.7616513471E+000   0.9995567156E+000
 0.2323232   0.4097064115E+000   0.9733939358E+000   0.7577920820E+000   0.9716073000E+000
 0.2424242   0.4192029919E+000   0.9771875958E+000   0.7709518727E+000   0.9919826306E+000
 0.2525253   0.4292561342E+000   0.1000663305E+001   0.7676482762E+000   0.1004291181E+001
 0.2626263   0.4398769882E+000   0.9956096820E+000   0.7806937786E+000   0.9838310856E+000
 0.2727273   0.4490920975E+000   0.9737840884E+000   0.7838956036E+000   0.9460895735E+000
 0.2828283   0.4683430482E+000   0.1007683756E+001   0.8080178369E+000   0.9902714419E+000
 0.2929293   0.4877856967E+000   0.1027379576E+001   0.8149986335E+000   0.9934536524E+000
 0.3030303   0.4999363157E+000   0.9785164095E+000   0.8350532092E+000   0.9949405677E+000
 0.3131313   0.5176782291E+000   0.9647646790E+000   0.8438292765E+000   0.1007531667E+001
 0.3232323   0.5458149075E+000   0.1021171560E+001   0.8583734549E+000   0.9797129307E+000
 0.3333333   0.5716036786E+000   0.1022335133E+001   0.8739616212E+000   0.9857630159E+000
 0.3434343   0.5948080966E+000   0.9845522992E+000   0.8631673823E+000   0.9517882381E+000
 0.3535354   0.6153258692E+000   0.9958483636E+000   0.8935581046E+000   0.9947816338E+000
 0.3636364   0.6421344344E+000   0.9720054517E+000   0.8991233535E+000   0.9785120965E+000
 0.3737374   0.6765179018E+000   0.9846349198E+000   0.9305697958E+000   0.9756707109E+000
 0.3838384   0.7058019649E+000   0.9949234725E+000   0.9404121320E+000   0.9980556729E+000
 0.3939394   0.7438165244E+000   0.9992702311E+000   0.9564864750E+000   0.9923570083E+000
 0.4040404   0.7865600731E+000   0.1011004643E+001   0.9755181761E+000   0.9995390563E+000
 0.4141414   0.8294118797E+000   0.1018743434E+001   0.9945523644E+000   0.1026407721E+001
 0.4242424   0.8714559822E+000   0.1004757612E+001   0.1008348090E+001   0.1030900254E+001
 0.4343434   0.9079608821E+000   0.9785967350E+000   0.1032697666E+001   0.9955798353E+000
 0.4444444   0.9741808022E+000   0.9985748415E+000   0.1049579569E+001   0.1023246702E+001
 0.4545455   0.1023161632E+001   0.9873315625E+000   0.1070357664E+001   0.9743515593E+000
 0.4646465   0.1084224923E+001   0.1002602593E+001   0.1088523218E+001   0.1016031101E+001
 0.4747475   0.1134046315E+001   0.9825028508E+000   0.1103804238E+001   0.1001603432E+001
 0.4848485   0.1227100903E+001   0.9970073462E+000   0.1128087210E+001   0.9988397469E+000
 0.4949495   0.1296263826E+001   0.1026727792E+001   0.1151181129E+001   0.1026838609E+001
 0.5050505   0.1315259275E+001   0.9913799692E+000   0.1152208770E+001   0.1005099978E+001
 0.5151515   0.1315214840E+001   0.9997911995E+000   0.1164542298E+001   0.9943666396E+000
 0.5252525   0.1337069585E+001   0.1001202634E+001   0.1145952795E+001   0.9752769079E+000
 0.5353535   0.1324182511E+001   0.1014362250E+001   0.1161565369E+001   0.1039819979E+001
 0.5454545   0.1323612909E+001   0.1016551695E+001   0.1163921356E+001   0.1021780978E+001
 0.5555556   0.1314013686E+001   0.9820094225E+000   0.1163234840E+001   0.1029174938E+001
 0.5656566   0.1332425488E+001   0.1000571505E+001   0.1162700166E+001   0.1031839730E+001
 0.5757576   0.1317659225E+001   0.9997315291E+000   0.1165445578E+001   0.1017551569E+001
 0.5858586   0.1322429773E+001   0.9949992080E+000   0.1148888059E+001   0.1014648376E+001
 0.5959596   0.1315823634E+001   0.9797465376E+000   0.1163861261E+001   0.9957052165E+000
 0.6060606   0.1317035739E+001   0.1007690642E+001   0.1158442318E+001   0.1037893347E+001
 0.6161616   0.1326819045E+001   0.1001080998E+001   0.1153693473E+001   0.1038338362E+001
 0.6262626   0.1317655255E+001   0.1003768461E+001   0.1162072238E+001   0.9940487717E+000
 0.6363636   0.1311915862E+001   0.9901659062E+000   0.1149394976E+001   0.1005749841E+001
 0.6464646   0.1336213354E+001   0.1007686051E+001   0.1161642707E+001   0.1009246388E+001
 0.6565657   0.1314414375E+001   0.9813530482E+000   0.1148469012E+001   0.1019762517E+001
 0.6666667   0.1327802657E+001   0.1009086011E+001   0.1153243984E+001   0.1005643885E+001
 0.6767677   0.1315046741E+001   0.9709153195E+000   0.1161580304E+001   0.1015902188E+001
 0.6868687   0.1323756449E+001   0.9791131134E+000   0.1159553012E+001   0.9950059072E+000
 0.6969697   0.1331143216E+001   0.9929107442E+000   0.1158066384E+001   0.9925724521E+000
 0.7070707   0.1320686155E+001   0.1000851497E+001   0.1159858260E+001   0.1004919853E+001
 0.7171717   0.1328810904E+001   0.9855758760E+000   0.1165029751E+001   0.1005967051E+001
 0.7272727   0.1315189425E+001   0.9873223825E+000   0.1150006196E+001   0.1001306755E+001
 0.7373737   0.1331533738E+001   0.1006912631E+001   0.1153575772E+001   0.9952337125E+000
 0.7474747   0.1316797673E+001   0.9953893606E+000   0.1155637903E+001   0.1013486392E+001
 0.7575758   0.1321376071E+001   0.9797878479E+000   0.1161723350E+001   0.1007589943E+001
 0.7676768   0.1312789725E+001   0.9610123293E+000   0.1152788661E+001   0.9863016253E+000
 0.7777778   0.1319905842E+001   0.9864158515E+000   0.1163405592E+001   0.1014351699E+001
 0.7878788   0.1328502358E+001   0.1008773889E+001   0.1161165755E+001   0.1017344955E+001
 0.7979798   0.1317553761E+001   0.9970830817E+000   0.1146865659E+001   0.1005366634E+001
 0.8080808   0.1324381065E+001   0.1005290056E+001   0.1156884606E+001   0.1012947783E+001
 0.8181818   0.1323375352E+001   0.9929038592E+000   0.1159188347E+001   0.1003395853E+001
 0.8282828   0.1323895973E+001   0.9857525921E+000   0.1153555448E+001   0.1013212673E+001
 0.8383838   0.1310493485E+001   0.1002102280E+001   0.1147543374E+001   0.1009498916E+001
 0.8484848   0.1328858845E+001   0.9882679287E+000   0.1155979126E+001   0.1007833642E+001
 0.8585859   0.1333388251E+001   0.1018713599E+001   0.1163031066E+001   0.1028795262E+001
 0.8686869   0.1328617407E+001   0.9937690799E+000   0.1163553293E+001   0.9917318681E+000
 0.8787879   0.1321410146E+001   0.9844513186E+000   0.1161349532E+001   0.9951312884E+000
 0.8888889   0.1314269445E+001   0.9941454624E+000   0.1151135848E+001   0.1013385734E+001
 0.8989899   0.1313774909E+001   0.9911757128E+000   0.1147929646E+001   0.9920762250E+000
 0.9090909   0.1321366954E+001   0.1001064933E+001   0.1154696827E+001   0.1010669730E+001
 0.9191919   0.1332716368E+001   0.1009932871E+001   0.1165627961E+001   0.1019476436E+001
 0.9292929   0.1324986939E+001   0.9834897072E+000   0.1151482647E+001   0.9907182228E+000
 0.9393939   0.1316040039E+001   0.9896311677E+000   0.1160440879E+001   0.1017034151E+001
 0.9494949   0.1330289018E+001   0.1005827089E+001   0.1153515504E+001   0.1017781140E+001
 0.9595960   0.1327678310E+001   0.1024283601E+001   0.1166637086E+001   0.1025229844E+001
 0.9696970   0.1310401070E+001   0.9966929291E+000   0.1149760620E+001   0.1028346715E+001
 0.9797980   0.1303333403E+001   0.9948752772E+000   0.1146967697E+001   0.1004729132E+001
 0.9898990   0.1327425083E+001   0.1033461366E+001   0.1157328993E+001   0.1042006204E+001
 1.0000000   0.1327923959E+001   0.9786724705E+000   0.1151462824E+001   0.9728699418E+000


