# Identity Change Acceptance ratios and number of Accepted and Trial Moves (per box) as a function of Lambda
 0.00500 0.00000         0         0 0.00000         0         0
 0.01500 0.00000         0         0 0.00000         0         0
 0.02500 0.00000         0         0 0.00000         0         0
 0.03500 0.00000         0         0 0.00000         0         0
 0.04500 0.00000         0         0 0.00000         0         0
 0.05500 0.00000         0         0 0.00000         0         0
 0.06500 0.00000         0         0 0.00000         0         0
 0.07500 0.00000         0         0 0.00000         0         0
 0.08500 0.00000         0         0 0.00000         0         0
 0.09500 0.00000         0         0 0.00000         0         0
 0.10500 0.00000         0         0 0.00000         0         0
 0.11500 0.00000         0         0 0.00000         0         0
 0.12500 0.00000         0         0 0.00000         0         0
 0.13500 0.00000         0         0 0.00000         0         0
 0.14500 0.00000         0         0 0.00000         0         0
 0.15500 0.00000         0         0 0.00000         0         0
 0.16500 0.00000         0         0 0.00000         0         0
 0.17500 0.00000         0         0 0.00000         0         0
 0.18500 0.00000         0         0 0.00000         0         0
 0.19500 0.00000         0         0 0.00000         0         0
 0.20500 0.00000         0         0 0.00000         0         0
 0.21500 0.00000         0         0 0.00000         0         0
 0.22500 0.00000         0         0 0.00000         0         0
 0.23500 0.00000         0         0 0.00000         0         0
 0.24500 0.00000         0         0 0.00000         0         0
 0.25500 0.00000         0         0 0.00000         0         0
 0.26500 0.00000         0         0 0.00000         0         0
 0.27500 0.00000         0         0 0.00000         0         0
 0.28500 0.00000         0         0 0.00000         0         0
 0.29500 0.00000         0         0 0.00000         0         0
 0.30500 0.00000         0         0 0.00000         0         0
 0.31500 0.00000         0         0 0.00000         0         0
 0.32500 0.00000         0         0 0.00000         0         0
 0.33500 0.00000         0         0 0.00000         0         0
 0.34500 0.00000         0         0 0.00000         0         0
 0.35500 0.00000         0         0 0.00000         0         0
 0.36500 0.00000         0         0 0.00000         0         0
 0.37500 0.00000         0         0 0.00000         0         0
 0.38500 0.00000         0         0 0.00000         0         0
 0.39500 0.00000         0         0 0.00000         0         0
 0.40500 0.00000         0         0 0.00000         0         0
 0.41500 0.00000         0         0 0.00000         0         0
 0.42500 0.00000         0         0 0.00000         0         0
 0.43500 0.00000         0         0 0.00000         0         0
 0.44500 0.00000         0         0 0.00000         0         0
 0.45500 0.00000         0         0 0.00000         0         0
 0.46500 0.00000         0         0 0.00000         0         0
 0.47500 0.00000         0         0 0.00000         0         0
 0.48500 0.00000         0         0 0.00000         0         0
 0.49500 0.00000         0         0 0.00000         0         0
 0.50500 0.00000         0         0 0.00000         0         0
 0.51500 0.00000         0         0 0.00000         0         0
 0.52500 0.00000         0         0 0.00000         0         0
 0.53500 0.00000         0         0 0.00000         0         0
 0.54500 0.00000         0         0 0.00000         0         0
 0.55500 0.00000         0         0 0.00000         0         0
 0.56500 0.00000         0         0 0.00000         0         0
 0.57500 0.00000         0         0 0.00000         0         0
 0.58500 0.00000         0         0 0.00000         0         0
 0.59500 0.00000         0         0 0.00000         0         0
 0.60500 0.00000         0         0 0.00000         0         0
 0.61500 0.00000         0         0 0.00000         0         0
 0.62500 0.00000         0         0 0.00000         0         0
 0.63500 0.00000         0         0 0.00000         0         0
 0.64500 0.00000         0         0 0.00000         0         0
 0.65500 0.00000         0         0 0.00000         0         0
 0.66500 0.00000         0         0 0.00000         0         0
 0.67500 0.00000         0         0 0.00000         0         0
 0.68500 0.00000         0         0 0.00000         0         0
 0.69500 0.00000         0         0 0.00000         0         0
 0.70500 0.77046     29303     38033 0.42785     29224     68304
 0.71500 0.78551     30429     38738 0.43668     30552     69964
 0.72500 0.79850     30082     37673 0.44515     30408     68310
 0.73500 0.81814     31081     37990 0.44882     31102     69297
 0.74500 0.82815     31660     38230 0.45821     31640     69051
 0.75500 0.83810     32281     38517 0.46884     32377     69058
 0.76500 0.85411     33465     39181 0.47190     33567     71132
 0.77500 0.87092     34034     39078 0.47820     34157     71429
 0.78500 0.87976     33914     38549 0.48804     33682     69015
 0.79500 0.89175     34805     39030 0.48945     34719     70934
 0.80500 0.90034     34746     38592 0.50673     35109     69286
 0.81500 0.91435     36957     40419 0.50727     36936     72813
 0.82500 0.92524     36153     39074 0.51609     35878     69519
 0.83500 0.93367     37427     40086 0.52631     37517     71283
 0.84500 0.94616     37643     39785 0.52179     37359     71598
 0.85500 0.95421     38803     40665 0.53969     38684     71678
 0.86500 0.96245     38039     39523 0.53900     38052     70597
 0.87500 0.96829     38568     39831 0.55206     38528     69790
 0.88500 0.97973     39102     39911 0.54532     39310     72086
 0.89500 0.98090     38460     39209 0.55972     38510     68802
 0.90500 0.98944     39164     39582 0.55930     39271     70214
 0.91500 0.99343     39445     39706 0.55628     39337     70715
 0.92500 0.99618     39083     39233 0.55391     39066     70528
 0.93500 0.99786     40628     40715 0.57136     40521     70920
 0.94500 0.99965     39562     39576 0.55733     39467     70815
 0.95500 0.99985     40199     40205 0.56368     40228     71367
 0.96500 1.00000     41479     41479 0.57240     41382     72296
 0.97500 1.00000     39335     39335 0.56582     39369     69579
 0.98500 1.00000     40918     40918 0.57041     41003     71884
 0.99500 1.00000     39940     39940 0.57356     39776     69349


 0.00500 0.00000         0         0 0.00000         0         0
 0.01500 0.00000         0         0 0.00000         0         0
 0.02500 0.00000         0         0 0.00000         0         0
 0.03500 0.00000         0         0 0.00000         0         0
 0.04500 0.00000         0         0 0.00000         0         0
 0.05500 0.00000         0         0 0.00000         0         0
 0.06500 0.00000         0         0 0.00000         0         0
 0.07500 0.00000         0         0 0.00000         0         0
 0.08500 0.00000         0         0 0.00000         0         0
 0.09500 0.00000         0         0 0.00000         0         0
 0.10500 0.00000         0         0 0.00000         0         0
 0.11500 0.00000         0         0 0.00000         0         0
 0.12500 0.00000         0         0 0.00000         0         0
 0.13500 0.00000         0         0 0.00000         0         0
 0.14500 0.00000         0         0 0.00000         0         0
 0.15500 0.00000         0         0 0.00000         0         0
 0.16500 0.00000         0         0 0.00000         0         0
 0.17500 0.00000         0         0 0.00000         0         0
 0.18500 0.00000         0         0 0.00000         0         0
 0.19500 0.00000         0         0 0.00000         0         0
 0.20500 0.00000         0         0 0.00000         0         0
 0.21500 0.00000         0         0 0.00000         0         0
 0.22500 0.00000         0         0 0.00000         0         0
 0.23500 0.00000         0         0 0.00000         0         0
 0.24500 0.00000         0         0 0.00000         0         0
 0.25500 0.00000         0         0 0.00000         0         0
 0.26500 0.00000         0         0 0.00000         0         0
 0.27500 0.00000         0         0 0.00000         0         0
 0.28500 0.00000         0         0 0.00000         0         0
 0.29500 0.00000         0         0 0.00000         0         0
 0.30500 0.00000         0         0 0.00000         0         0
 0.31500 0.00000         0         0 0.00000         0         0
 0.32500 0.00000         0         0 0.00000         0         0
 0.33500 0.00000         0         0 0.00000         0         0
 0.34500 0.00000         0         0 0.00000         0         0
 0.35500 0.00000         0         0 0.00000         0         0
 0.36500 0.00000         0         0 0.00000         0         0
 0.37500 0.00000         0         0 0.00000         0         0
 0.38500 0.00000         0         0 0.00000         0         0
 0.39500 0.00000         0         0 0.00000         0         0
 0.40500 0.00000         0         0 0.00000         0         0
 0.41500 0.00000         0         0 0.00000         0         0
 0.42500 0.00000         0         0 0.00000         0         0
 0.43500 0.00000         0         0 0.00000         0         0
 0.44500 0.00000         0         0 0.00000         0         0
 0.45500 0.00000         0         0 0.00000         0         0
 0.46500 0.00000         0         0 0.00000         0         0
 0.47500 0.00000         0         0 0.00000         0         0
 0.48500 0.00000         0         0 0.00000         0         0
 0.49500 0.00000         0         0 0.00000         0         0
 0.50500 0.00000         0         0 0.00000         0         0
 0.51500 0.00000         0         0 0.00000         0         0
 0.52500 0.00000         0         0 0.00000         0         0
 0.53500 0.00000         0         0 0.00000         0         0
 0.54500 0.00000         0         0 0.00000         0         0
 0.55500 0.00000         0         0 0.00000         0         0
 0.56500 0.00000         0         0 0.00000         0         0
 0.57500 0.00000         0         0 0.00000         0         0
 0.58500 0.00000         0         0 0.00000         0         0
 0.59500 0.00000         0         0 0.00000         0         0
 0.60500 0.00000         0         0 0.00000         0         0
 0.61500 0.00000         0         0 0.00000         0         0
 0.62500 0.00000         0         0 0.00000         0         0
 0.63500 0.00000         0         0 0.00000         0         0
 0.64500 0.00000         0         0 0.00000         0         0
 0.65500 0.00000         0         0 0.00000         0         0
 0.66500 0.00000         0         0 0.00000         0         0
 0.67500 0.00000         0         0 0.00000         0         0
 0.68500 0.00000         0         0 0.00000         0         0
 0.69500 0.00000         0         0 0.00000         0         0
 0.70500 0.99997     38032     38033 0.57063     37967     66535
 0.71500 0.99995     38652     38654 0.58332     38435     65890
 0.72500 0.99992     38470     38473 0.57921     38651     66731
 0.73500 0.99997     38441     38442 0.57080     38802     67978
 0.74500 0.99992     39126     39129 0.57900     38916     67213
 0.75500 0.99995     38736     38738 0.57869     38817     67077
 0.76500 0.99997     38713     38714 0.57138     39021     68293
 0.77500 0.99995     39202     39204 0.57575     39242     68158
 0.78500 0.99992     38750     38753 0.57559     38800     67409
 0.79500 0.99982     38653     38660 0.57993     38583     66531
 0.80500 0.99995     38480     38482 0.57862     38287     66169
 0.81500 0.99997     39542     39543 0.58038     39401     67888
 0.82500 0.99995     37782     37784 0.58719     38016     64742
 0.83500 0.99995     38279     38281 0.57894     38244     66059
 0.84500 0.99997     38156     38157 0.57873     38156     65931
 0.85500 0.99992     37991     37994 0.57943     37839     65304
 0.86500 0.99997     39120     39121 0.57182     39205     68562
 0.87500 0.99997     39229     39230 0.57571     39144     67993
 0.88500 0.99995     38488     38490 0.57141     38395     67193
 0.89500 0.99997     39316     39317 0.56960     39375     69128
 0.90500 0.99997     39689     39690 0.57665     39794     69009
 0.91500 0.99997     38518     38519 0.57594     38442     66746
 0.92500 0.99997     39626     39627 0.56893     39573     69557
 0.93500 0.99995     38744     38746 0.57046     38783     67985
 0.94500 0.99993     40391     40394 0.57767     40334     69822
 0.95500 0.99997     39500     39501 0.57603     39635     68807
 0.96500 0.99995     38405     38407 0.58033     38321     66033
 0.97500 0.99995     39314     39316 0.57519     39333     68383
 0.98500 0.99990     39894     39898 0.57875     39795     68760
 0.99500 0.99992     38877     38880 0.57299     38801     67717


