# Lambda, (Probability, Probability_biased(/observed)) per Fractional
 0.0000000   0.1318511683E+000   0.9096862519E+000   0.7297764043E+000   0.1029591362E+001
 0.0101010   0.1325318947E+000   0.9258659694E+000   0.7110514710E+000   0.1041950394E+001
 0.0202020   0.1294614104E+000   0.9185193184E+000   0.7150586441E+000   0.1001321576E+001
 0.0303030   0.1257867779E+000   0.9508616682E+000   0.7079110191E+000   0.1036430827E+001
 0.0404040   0.1239106454E+000   0.9435491876E+000   0.7395612620E+000   0.1045838090E+001
 0.0505051   0.1193783755E+000   0.9586354501E+000   0.7279884381E+000   0.1027479528E+001
 0.0606061   0.1033506245E+000   0.9212529560E+000   0.7204661723E+000   0.1023159866E+001
 0.0707071   0.1001277161E+000   0.9891155093E+000   0.7411864285E+000   0.1096642111E+001
 0.0808081   0.9057764665E-001   0.9220559620E+000   0.7100547680E+000   0.1003577400E+001
 0.0909091   0.8125753267E-001   0.9437712957E+000   0.7207326610E+000   0.1028799424E+001
 0.1010101   0.7735076950E-001   0.9742000992E+000   0.7365611777E+000   0.1027431532E+001
 0.1111111   0.7212655903E-001   0.9869115140E+000   0.7409364400E+000   0.1039070620E+001
 0.1212121   0.6196912577E-001   0.9035697377E+000   0.7037894908E+000   0.9944581140E+000
 0.1313131   0.6202377606E-001   0.9616082810E+000   0.7415309343E+000   0.1048645870E+001
 0.1414141   0.6020279792E-001   0.1001792754E+001   0.7355685187E+000   0.1038518663E+001
 0.1515152   0.5698424856E-001   0.9409693171E+000   0.7495520425E+000   0.1019512152E+001
 0.1616162   0.5640039397E-001   0.9621550085E+000   0.7371432436E+000   0.1027407533E+001
 0.1717172   0.5484822328E-001   0.9602927179E+000   0.7505186425E+000   0.1042574346E+001
 0.1818182   0.5574574049E-001   0.9347844621E+000   0.7729176221E+000   0.1041494430E+001
 0.1919192   0.6150651739E-001   0.1011668020E+001   0.7707292242E+000   0.1052533566E+001
 0.2020202   0.6228818202E-001   0.1016041840E+001   0.7693030696E+000   0.1014472547E+001
 0.2121212   0.6357158456E-001   0.1026480918E+001   0.7877632805E+000   0.1039670573E+001
 0.2222222   0.6719000068E-001   0.9882441624E+000   0.7605175707E+000   0.9919143133E+000
 0.2323232   0.6964758835E-001   0.9807779147E+000   0.7973936770E+000   0.1026807580E+001
 0.2424242   0.7418615546E-001   0.9557651306E+000   0.8359918883E+000   0.1062012823E+001
 0.2525253   0.7719007278E-001   0.9263443560E+000   0.8017438409E+000   0.1012216723E+001
 0.2626263   0.8587522755E-001   0.1031914023E+001   0.8291172380E+000   0.1012984663E+001
 0.2727273   0.9554768868E-001   0.1043822432E+001   0.8295600444E+000   0.1037150770E+001
 0.2828283   0.9813275246E-001   0.9793427549E+000   0.8257067641E+000   0.1038518663E+001
 0.2929293   0.1105037307E+000   0.1040200362E+001   0.8794461321E+000   0.1062708769E+001
 0.3030303   0.1235384145E+000   0.1002749527E+001   0.8608799563E+000   0.1033215079E+001
 0.3131313   0.1334663881E+000   0.1039670720E+001   0.8568647446E+000   0.9878586309E+000
 0.3232323   0.1487214819E+000   0.1029043704E+001   0.8845919950E+000   0.1022727900E+001
 0.3333333   0.1586105526E+000   0.1018553369E+001   0.8773691871E+000   0.1005137278E+001
 0.3434343   0.1760200009E+000   0.1033707973E+001   0.9315446049E+000   0.1066596464E+001
 0.3535354   0.1992510910E+000   0.1033109989E+001   0.9430036933E+000   0.1022799894E+001
 0.3636364   0.2156705654E+000   0.1008063035E+001   0.8984423669E+000   0.9913143603E+000
 0.3737374   0.2457131327E+000   0.1048469616E+001   0.9055700395E+000   0.9708919597E+000
 0.3838384   0.2673568999E+000   0.1011685105E+001   0.9605732288E+000   0.1047925926E+001
 0.3939394   0.2997636840E+000   0.1002937464E+001   0.9804569363E+000   0.1067532391E+001
 0.4040404   0.3177541461E+000   0.9812733865E+000   0.9398398069E+000   0.9657563620E+000
 0.4141414   0.3620070522E+000   0.1007379626E+001   0.9844906947E+000   0.9686601345E+000
 0.4242424   0.4097343011E+000   0.1005004778E+001   0.9864514169E+000   0.9896584899E+000
 0.4343434   0.4612510088E+000   0.1031572318E+001   0.1025482791E+001   0.1010752838E+001
 0.4444444   0.5173636248E+000   0.1045343018E+001   0.1023764740E+001   0.1003121436E+001
 0.4545455   0.5750819857E+000   0.9898501744E+000   0.1026100101E+001   0.9982738152E+000
 0.4646465   0.6602575612E+000   0.1044693779E+001   0.1054832109E+001   0.9910503809E+000
 0.4747475   0.7333467310E+000   0.1002117373E+001   0.1049804756E+001   0.9581729559E+000
 0.4848485   0.8283519732E+000   0.1022277950E+001   0.1075373514E+001   0.9664523075E+000
 0.4949495   0.8992395624E+000   0.1034049677E+001   0.1064764355E+001   0.9859867775E+000
 0.5050505   0.9841710036E+000   0.1026856793E+001   0.1135460309E+001   0.1013032659E+001
 0.5151515   0.9822793251E+000   0.1007413796E+001   0.1179159386E+001   0.1041254449E+001
 0.5252525   0.9947731487E+000   0.1029607516E+001   0.1087153811E+001   0.9678441984E+000
 0.5353535   0.9873336423E+000   0.1031691915E+001   0.1081221243E+001   0.9697880462E+000
 0.5454545   0.1001557511E+001   0.1036287843E+001   0.1125933589E+001   0.1010656845E+001
 0.5555556   0.9964674407E+000   0.1028719084E+001   0.1079468629E+001   0.9636205292E+000
 0.5656566   0.9888141288E+000   0.9677247951E+000   0.1102027791E+001   0.9323509783E+000
 0.5757576   0.1029076821E+001   0.1031213528E+001   0.1080467233E+001   0.9464138769E+000
 0.5858586   0.1042794678E+001   0.1024601542E+001   0.1139137746E+001   0.1013128652E+001
 0.5959596   0.1029696956E+001   0.1011104207E+001   0.1104344421E+001   0.9606447623E+000
 0.6060606   0.1060043869E+001   0.1026873879E+001   0.1129409588E+001   0.9933302024E+000
 0.6161616   0.1054873780E+001   0.9899697711E+000   0.1097830453E+001   0.9238316455E+000
 0.6262626   0.1073774273E+001   0.9761819865E+000   0.1104696504E+001   0.9921782926E+000
 0.6363636   0.1080670040E+001   0.9854763543E+000   0.1115470782E+001   0.9701960142E+000
 0.6464646   0.1086222505E+001   0.9825718643E+000   0.1082187890E+001   0.9563970950E+000
 0.6565657   0.1138086408E+001   0.9943777617E+000   0.1123418767E+001   0.9753556101E+000
 0.6666667   0.1146942790E+001   0.9842803878E+000   0.1131493871E+001   0.1002041520E+001
 0.6767677   0.1179481627E+001   0.9843145583E+000   0.1113660213E+001   0.9922982832E+000
 0.6868687   0.1230301183E+001   0.1017015698E+001   0.1126499178E+001   0.9740357135E+000
 0.6969697   0.1235349858E+001   0.1013410714E+001   0.1172957311E+001   0.9911943697E+000
 0.7070707   0.1288752182E+001   0.1021201581E+001   0.1147403865E+001   0.9828670219E+000
 0.7171717   0.1304131543E+001   0.1025028673E+001   0.1148833263E+001   0.1011400787E+001
 0.7272727   0.1333954892E+001   0.1021355348E+001   0.1173626370E+001   0.1007945058E+001
 0.7373737   0.1392960733E+001   0.1013359458E+001   0.1137739608E+001   0.9717078958E+000
 0.7474747   0.1477947371E+001   0.1088107361E+001   0.1191009481E+001   0.1039838560E+001
 0.7575758   0.1447814585E+001   0.9878170315E+000   0.1115021920E+001   0.9519814408E+000
 0.7676768   0.1499690127E+001   0.9915074422E+000   0.1128542839E+001   0.9597088356E+000
 0.7777778   0.1541681625E+001   0.9956249839E+000   0.1157692085E+001   0.9635965311E+000
 0.7878788   0.1613397367E+001   0.1013479054E+001   0.1142669766E+001   0.9597568318E+000
 0.7979798   0.1627078621E+001   0.9990932866E+000   0.1165858263E+001   0.9966899392E+000
 0.8080808   0.1713093131E+001   0.1013615736E+001   0.1176493603E+001   0.9919143133E+000
 0.8181818   0.1758344733E+001   0.9929596872E+000   0.1109356639E+001   0.9377025591E+000
 0.8282828   0.1841548811E+001   0.9962742228E+000   0.1166361258E+001   0.9552931814E+000
 0.8383838   0.1935531029E+001   0.9889275718E+000   0.1150218076E+001   0.9484537171E+000
 0.8484848   0.1999317186E+001   0.1024891991E+001   0.1162075366E+001   0.9868987061E+000
 0.8585859   0.2140825396E+001   0.1034972280E+001   0.1224570628E+001   0.1014712528E+001
 0.8686869   0.2252565200E+001   0.1027095987E+001   0.1206566967E+001   0.9670042642E+000
 0.8787879   0.2274149950E+001   0.1013017753E+001   0.1219316808E+001   0.1018336244E+001
 0.8888889   0.2313386771E+001   0.9763015831E+000   0.1178449372E+001   0.9508535292E+000
 0.8989899   0.2401517332E+001   0.9465220185E+000   0.1190868763E+001   0.9547652228E+000
 0.9090909   0.2615552697E+001   0.9978460644E+000   0.1182475516E+001   0.9539972829E+000
 0.9191919   0.2740096016E+001   0.1046863604E+001   0.1203977433E+001   0.9943141253E+000
 0.9292929   0.2817690540E+001   0.1002629930E+001   0.1204889495E+001   0.9765315181E+000
 0.9393939   0.3047594368E+001   0.1013069009E+001   0.1217729095E+001   0.9729318000E+000
 0.9494949   0.3196423715E+001   0.1003877152E+001   0.1218389934E+001   0.9601168037E+000
 0.9595960   0.3535144899E+001   0.1105209681E+001   0.1280878583E+001   0.1034103009E+001
 0.9696970   0.3495705419E+001   0.1002954550E+001   0.1218145893E+001   0.9653003977E+000
 0.9797980   0.3718988100E+001   0.1036048650E+001   0.1261000456E+001   0.1014376554E+001
 0.9898990   0.4045130596E+001   0.1003655044E+001   0.1261900838E+001   0.9451419765E+000
 1.0000000   0.4013248992E+001   0.1065247316E+001   0.1236159956E+001   0.1003385415E+001


 0.0000000   0.1325719218E+000   0.9185812818E+000   0.7178462917E+000   0.1013286164E+001
 0.0101010   0.1352403084E+000   0.9488384123E+000   0.7248098093E+000   0.1062663209E+001
 0.0202020   0.1326086628E+000   0.9448834606E+000   0.7193894217E+000   0.1007909501E+001
 0.0303030   0.1257334794E+000   0.9545345927E+000   0.7045384096E+000   0.1032029003E+001
 0.0404040   0.1249187256E+000   0.9553045833E+000   0.7355893521E+000   0.1040761726E+001
 0.0505051   0.1175637717E+000   0.9481121712E+000   0.7239901580E+000   0.1022367267E+001
 0.0606061   0.1060640837E+000   0.9494946543E+000   0.7354141755E+000   0.1044930672E+001
 0.0707071   0.9805252802E-001   0.9727693701E+000   0.7298032996E+000   0.1080360908E+001
 0.0808081   0.9063412955E-001   0.9265874341E+000   0.7144411899E+000   0.1010301710E+001
 0.0909091   0.8030003343E-001   0.9366498112E+000   0.7198876766E+000   0.1028127148E+001
 0.1010101   0.7822311484E-001   0.9894116668E+000   0.7385742525E+000   0.1030774835E+001
 0.1111111   0.6989800851E-001   0.9605195197E+000   0.7453158061E+000   0.1045755171E+001
 0.1212121   0.6341382338E-001   0.9285999095E+000   0.7339177215E+000   0.1037568243E+001
 0.1313131   0.6038358175E-001   0.9401935179E+000   0.7390207550E+000   0.1045639044E+001
 0.1414141   0.5837132966E-001   0.9754818369E+000   0.7258243283E+000   0.1025293658E+001
 0.1515152   0.5568849756E-001   0.9235162216E+000   0.7453046012E+000   0.1014261628E+001
 0.1616162   0.5614990614E-001   0.9619895017E+000   0.7344951113E+000   0.1024248518E+001
 0.1717172   0.5492549804E-001   0.9657694555E+000   0.7491338853E+000   0.1041191394E+001
 0.1818182   0.5633548066E-001   0.9487246637E+000   0.7672783993E+000   0.1034432824E+001
 0.1919192   0.5842875205E-001   0.9651657129E+000   0.7535372998E+000   0.1029590344E+001
 0.2020202   0.6091152024E-001   0.9978465638E+000   0.7676347185E+000   0.1012798432E+001
 0.2121212   0.6275379054E-001   0.1017621322E+001   0.7819365299E+000   0.1032516735E+001
 0.2222222   0.6567954418E-001   0.9701706518E+000   0.7704934758E+000   0.1005447616E+001
 0.2323232   0.6846837998E-001   0.9683069246E+000   0.7831406772E+000   0.1008977866E+001
 0.2424242   0.7295667470E-001   0.9439559719E+000   0.8166362009E+000   0.1037963074E+001
 0.2525253   0.7759211752E-001   0.9351623293E+000   0.7933394429E+000   0.1002126395E+001
 0.2626263   0.8450328080E-001   0.1019782546E+001   0.8148924808E+000   0.9961226478E+000
 0.2727273   0.9282735474E-001   0.1018452562E+001   0.8313382810E+000   0.1039914001E+001
 0.2828283   0.9754152379E-001   0.9776168109E+000   0.8320898615E+000   0.1047090627E+001
 0.2929293   0.1083570907E+000   0.1024367490E+001   0.8524033147E+000   0.1030565807E+001
 0.3030303   0.1204848740E+000   0.9821580054E+000   0.8559927473E+000   0.1027883282E+001
 0.3131313   0.1325800103E+000   0.1037194833E+001   0.8541912243E+000   0.9852880330E+000
 0.3232323   0.1457425898E+000   0.1012756382E+001   0.8670256869E+000   0.1002939281E+001
 0.3333333   0.1540699817E+000   0.9936378652E+000   0.8856338044E+000   0.1015132578E+001
 0.3434343   0.1752023884E+000   0.1033318631E+001   0.9054882043E+000   0.1037301152E+001
 0.3535354   0.1930582189E+000   0.1005292723E+001   0.9149131131E+000   0.9928478768E+000
 0.3636364   0.2144204566E+000   0.1006517708E+001   0.8831337372E+000   0.9749295373E+000
 0.3737374   0.2397706051E+000   0.1027499952E+001   0.9035808102E+000   0.9692625576E+000
 0.3838384   0.2628685301E+000   0.9989665501E+000   0.9604581769E+000   0.1048344795E+001
 0.3939394   0.2938854080E+000   0.9874866903E+000   0.9655857104E+000   0.1051886657E+001
 0.4040404   0.3223730947E+000   0.9998065399E+000   0.9475738412E+000   0.9742095521E+000
 0.4141414   0.3578078457E+000   0.9999640379E+000   0.9787758358E+000   0.9635375145E+000
 0.4242424   0.4065138796E+000   0.1001381521E+001   0.9758931836E+000   0.9795746026E+000
 0.4343434   0.4607485202E+000   0.1034867362E+001   0.1024316179E+001   0.1010127520E+001
 0.4444444   0.5165592210E+000   0.1048193449E+001   0.1015181911E+001   0.9952284728E+000
 0.4545455   0.5766347652E+000   0.9967790768E+000   0.1027079498E+001   0.9997457988E+000
 0.4646465   0.6577024148E+000   0.1045113487E+001   0.1058519021E+001   0.9950310575E+000
 0.4747475   0.7249547015E+000   0.9948978498E+000   0.1051509914E+001   0.9602279055E+000
 0.4848485   0.8213331193E+000   0.1017962568E+001   0.1086141294E+001   0.9766365988E+000
 0.4949495   0.8984718120E+000   0.1037597328E+001   0.1096384006E+001   0.1015794500E+001
 0.5050505   0.9869954972E+000   0.1034219870E+001   0.1110306872E+001   0.9911059773E+000
 0.5151515   0.9781579937E+000   0.1007488946E+001   0.1144301749E+001   0.1010998470E+001
 0.5252525   0.1005434481E+001   0.1045104737E+001   0.1066761165E+001   0.9501829517E+000
 0.5353535   0.9915550241E+000   0.1040546042E+001   0.1105838339E+001   0.9923833702E+000
 0.5454545   0.1007567912E+001   0.1046977214E+001   0.1102881115E+001   0.9904788935E+000
 0.5555556   0.1003358194E+001   0.1040274796E+001   0.1120993633E+001   0.1001208994E+001
 0.5656566   0.1012567993E+001   0.9952215959E+000   0.1112095401E+001   0.9413573276E+000
 0.5757576   0.1018062607E+001   0.1024551238E+001   0.1123362507E+001   0.9844983718E+000
 0.5858586   0.1028696660E+001   0.1015083853E+001   0.1142964550E+001   0.1017060280E+001
 0.5959596   0.1041100969E+001   0.1026686212E+001   0.1129817543E+001   0.9833138802E+000
 0.6060606   0.1044127138E+001   0.1015792595E+001   0.1136971594E+001   0.1000500622E+001
 0.6161616   0.1071501305E+001   0.1009886417E+001   0.1119317451E+001   0.9424024673E+000
 0.6262626   0.1061579785E+001   0.9692344132E+000   0.1116304744E+001   0.1003125084E+001
 0.6363636   0.1084823979E+001   0.9935066168E+000   0.1126109229E+001   0.9799578205E+000
 0.6464646   0.1096866864E+001   0.9964553308E+000   0.1114982722E+001   0.9858918914E+000
 0.6565657   0.1131705540E+001   0.9930428725E+000   0.1145191788E+001   0.9947755789E+000
 0.6666667   0.1147826544E+001   0.9892629186E+000   0.1135405743E+001   0.1006028250E+001
 0.6767677   0.1172310655E+001   0.9825255009E+000   0.1122100283E+001   0.1000338045E+001
 0.6868687   0.1220328328E+001   0.1013097628E+001   0.1129162265E+001   0.9768456267E+000
 0.6969697   0.1247325128E+001   0.1027622450E+001   0.1150295093E+001   0.9725489413E+000
 0.7070707   0.1283698114E+001   0.1021558774E+001   0.1138481520E+001   0.9757308110E+000
 0.7171717   0.1318232299E+001   0.1040554792E+001   0.1157746888E+001   0.1019777643E+001
 0.7272727   0.1320603645E+001   0.1015468849E+001   0.1154298544E+001   0.9918608004E+000
 0.7373737   0.1402582843E+001   0.1024734985E+001   0.1142685631E+001   0.9764391835E+000
 0.7474747   0.1438529255E+001   0.1063628260E+001   0.1168715107E+001   0.1020904071E+001
 0.7575758   0.1434842137E+001   0.9831642431E+000   0.1129738378E+001   0.9650471608E+000
 0.7676768   0.1513534261E+001   0.1004951477E+001   0.1121647092E+001   0.9543402852E+000
 0.7777778   0.1525572702E+001   0.9894466664E+000   0.1158818898E+001   0.9650355481E+000
 0.7878788   0.1605681691E+001   0.1012957629E+001   0.1139444853E+001   0.9575453803E+000
 0.7979798   0.1655567908E+001   0.1020946282E+001   0.1184343619E+001   0.1013019073E+001
 0.8080808   0.1708749580E+001   0.1015381350E+001   0.1174249864E+001   0.9905369568E+000
 0.8181818   0.1766920734E+001   0.1002081512E+001   0.1134426875E+001   0.9593917937E+000
 0.8282828   0.1841813412E+001   0.1000690279E+001   0.1170927230E+001   0.9595311457E+000
 0.8383838   0.1927016162E+001   0.9887991743E+000   0.1174843189E+001   0.9692625576E+000
 0.8484848   0.1999483113E+001   0.1029372429E+001   0.1172682834E+001   0.9964245771E+000
 0.8585859   0.2139235434E+001   0.1038638566E+001   0.1220925622E+001   0.1012217799E+001
 0.8686869   0.2208001879E+001   0.1011093902E+001   0.1193116129E+001   0.9567208812E+000
 0.8787879   0.2268744913E+001   0.1014943855E+001   0.1203912483E+001   0.1005993412E+001
 0.8888889   0.2380107018E+001   0.1008766430E+001   0.1198483267E+001   0.9675206581E+000
 0.8989899   0.2449350191E+001   0.9695144098E+000   0.1181613599E+001   0.9478371937E+000
 0.9090909   0.2634234013E+001   0.1009282674E+001   0.1194198327E+001   0.9639555704E+000
 0.9191919   0.2703789528E+001   0.1037422330E+001   0.1197979898E+001   0.9898750350E+000
 0.9292929   0.2864675445E+001   0.1023719998E+001   0.1199166317E+001   0.9723979767E+000
 0.9393939   0.3085015872E+001   0.1029906172E+001   0.1235996770E+001   0.9880402342E+000
 0.9494949   0.3222328265E+001   0.1016352588E+001   0.1219768728E+001   0.9617027137E+000
 0.9595960   0.3449175326E+001   0.1082956774E+001   0.1267668615E+001   0.1023969815E+001
 0.9696970   0.3492901992E+001   0.1006447709E+001   0.1221924853E+001   0.9687980510E+000
 0.9797980   0.3698979760E+001   0.1034893611E+001   0.1236107195E+001   0.9948684802E+000
 0.9898990   0.4006057460E+001   0.9982228092E+000   0.1244820679E+001   0.9328336327E+000
 1.0000000   0.4080403099E+001   0.1087716716E+001   0.1246708380E+001   0.1012473278E+001


 0.0000000   0.1359581167E+000   0.9350138447E+000   0.7222695954E+000   0.1019765813E+001
 0.0101010   0.1368181584E+000   0.9527450652E+000   0.7242817895E+000   0.1062134736E+001
 0.0202020   0.1337093230E+000   0.9456161992E+000   0.7195206516E+000   0.1008326588E+001
 0.0303030   0.1262412256E+000   0.9512371487E+000   0.7068804794E+000   0.1035699294E+001
 0.0404040   0.1244996099E+000   0.9449942570E+000   0.7308594422E+000   0.1034308764E+001
 0.0505051   0.1195396007E+000   0.9568522308E+000   0.7328101552E+000   0.1035061647E+001
 0.0606061   0.1081749730E+000   0.9611647546E+000   0.7299918982E+000   0.1037466266E+001
 0.0707071   0.9926596271E-001   0.9774584672E+000   0.7302808187E+000   0.1081317909E+001
 0.0808081   0.9145791447E-001   0.9280316632E+000   0.7191637461E+000   0.1017215227E+001
 0.0909091   0.8224233489E-001   0.9521465925E+000   0.7207464101E+000   0.1029591716E+001
 0.1010101   0.7727866065E-001   0.9701711820E+000   0.7360479498E+000   0.1027486714E+001
 0.1111111   0.7084168178E-001   0.9662224356E+000   0.7409396718E+000   0.1039855520E+001
 0.1212121   0.6555874220E-001   0.9528448106E+000   0.7313234023E+000   0.1034139749E+001
 0.1313131   0.6122834385E-001   0.9462322741E+000   0.7377325397E+000   0.1044057841E+001
 0.1414141   0.5939772181E-001   0.9852268775E+000   0.7273662732E+000   0.1027709506E+001
 0.1515152   0.5726878043E-001   0.9426355705E+000   0.7448300263E+000   0.1013850297E+001
 0.1616162   0.5754112048E-001   0.9784676564E+000   0.7385415293E+000   0.1030129490E+001
 0.1717172   0.5682319719E-001   0.9916809948E+000   0.7444076152E+000   0.1034861903E+001
 0.1818182   0.5811514066E-001   0.9713915969E+000   0.7581157909E+000   0.1022316399E+001
 0.1919192   0.5977421963E-001   0.9800225120E+000   0.7476639474E+000   0.1021801673E+001
 0.2020202   0.6249326635E-001   0.1016118630E+001   0.7702451693E+000   0.1016477708E+001
 0.2121212   0.6421021663E-001   0.1033468471E+001   0.7793665301E+000   0.1029361241E+001
 0.2222222   0.6745005307E-001   0.9888881222E+000   0.7616026647E+000   0.9940755723E+000
 0.2323232   0.7086531045E-001   0.9947261647E+000   0.7805345291E+000   0.1005852827E+001
 0.2424242   0.7501704441E-001   0.9633708893E+000   0.8137783435E+000   0.1034569968E+001
 0.2525253   0.8119823713E-001   0.9713211883E+000   0.8038214453E+000   0.1015601905E+001
 0.2626263   0.8594177134E-001   0.1029402377E+001   0.8130548775E+000   0.9941063023E+000
 0.2727273   0.9442684112E-001   0.1028269973E+001   0.8291712323E+000   0.1037443219E+001
 0.2828283   0.9900806594E-001   0.9849100390E+000   0.8258196226E+000   0.1039440666E+001
 0.2929293   0.1112948172E+000   0.1044287918E+001   0.8534970995E+000   0.1032126937E+001
 0.3030303   0.1228890297E+000   0.9942802439E+000   0.8481664221E+000   0.1018720995E+001
 0.3131313   0.1344261118E+000   0.1043789191E+001   0.8652125965E+000   0.9982317985E+000
 0.3232323   0.1465262183E+000   0.1010603293E+001   0.8707110879E+000   0.1007435419E+001
 0.3333333   0.1589952116E+000   0.1017749761E+001   0.8846857644E+000   0.1014280517E+001
 0.3434343   0.1773611708E+000   0.1038244518E+001   0.8965391363E+000   0.1027286969E+001
 0.3535354   0.1963614897E+000   0.1014863011E+001   0.9021936286E+000   0.9792714174E+000
 0.3636364   0.2167609333E+000   0.1009910943E+001   0.8855883967E+000   0.9778655220E+000
 0.3737374   0.2438939727E+000   0.1037370278E+001   0.9100438214E+000   0.9764212142E+000
 0.3838384   0.2657772085E+000   0.1002482840E+001   0.9500184620E+000   0.1037189697E+001
 0.3939394   0.2924319002E+000   0.9752699347E+000   0.9632045700E+000   0.1049535455E+001
 0.4040404   0.3255081561E+000   0.1001995848E+001   0.9529120092E+000   0.9799244289E+000
 0.4141414   0.3643146462E+000   0.1010550487E+001   0.9767317064E+000   0.9617476616E+000
 0.4242424   0.4118086452E+000   0.1006854038E+001   0.9775462600E+000   0.9814609266E+000
 0.4343434   0.4581687305E+000   0.1021393404E+001   0.1013016172E+001   0.9992151570E+000
 0.4444444   0.5154392231E+000   0.1038115435E+001   0.1027536930E+001   0.1007573704E+001
 0.4545455   0.5740798564E+000   0.9849569780E+000   0.1031844078E+001   0.1004615946E+001
 0.4646465   0.6532291330E+000   0.1030259014E+001   0.1064064230E+001   0.1000475085E+001
 0.4747475   0.7252352796E+000   0.9878554634E+000   0.1049784881E+001   0.9588744110E+000
 0.4848485   0.8106036596E+000   0.9971669945E+000   0.1097036951E+001   0.9866619711E+000
 0.4949495   0.9108031836E+000   0.1043988682E+001   0.1087475003E+001   0.1007773449E+001
 0.5050505   0.9949859097E+000   0.1034812101E+001   0.1108850085E+001   0.9900345835E+000
 0.5151515   0.9776942622E+000   0.9994963442E+000   0.1140170332E+001   0.1007581387E+001
 0.5252525   0.9908472917E+000   0.1022255909E+001   0.1076313099E+001   0.9589128234E+000
 0.5353535   0.9960626810E+000   0.1037475891E+001   0.1105918642E+001   0.9926850419E+000
 0.5454545   0.9991669357E+000   0.1030499577E+001   0.1114164544E+001   0.1000843845E+001
 0.5555556   0.1005810407E+001   0.1035035061E+001   0.1111201396E+001   0.9926927244E+000
 0.5656566   0.1004300245E+001   0.9797291430E+000   0.1117093095E+001   0.9458064984E+000
 0.5757576   0.1018614248E+001   0.1017456392E+001   0.1101101566E+001   0.9652124638E+000
 0.5858586   0.1034096936E+001   0.1012797693E+001   0.1126249955E+001   0.1002418755E+001
 0.5959596   0.1046368659E+001   0.1024180409E+001   0.1120676514E+001   0.9755838230E+000
 0.6060606   0.1045886500E+001   0.1009910943E+001   0.1129452500E+001   0.9941139848E+000
 0.6161616   0.1072866386E+001   0.1003626979E+001   0.1126293588E+001   0.9484953693E+000
 0.6262626   0.1079128959E+001   0.9779043880E+000   0.1123568682E+001   0.1009886133E+001
 0.6363636   0.1094832088E+001   0.9951896877E+000   0.1121635597E+001   0.9762906119E+000
 0.6464646   0.1105441191E+001   0.9967504106E+000   0.1112537922E+001   0.9839577353E+000
 0.6565657   0.1150676281E+001   0.1002154267E+001   0.1141839983E+001   0.9920934904E+000
 0.6666667   0.1159077748E+001   0.9915049734E+000   0.1130792991E+001   0.1002172915E+001
 0.6767677   0.1176564306E+001   0.9787316885E+000   0.1125526830E+001   0.1003624905E+001
 0.6868687   0.1231062260E+001   0.1014381886E+001   0.1129351718E+001   0.9772355580E+000
 0.6969697   0.1236284977E+001   0.1010925999E+001   0.1144006384E+001   0.9674557504E+000
 0.7070707   0.1294551955E+001   0.1022508206E+001   0.1135322323E+001   0.9732483466E+000
 0.7171717   0.1315339436E+001   0.1030523046E+001   0.1146374011E+001   0.1009993688E+001
 0.7272727   0.1341424614E+001   0.1023781427E+001   0.1145828510E+001   0.9848104915E+000
 0.7373737   0.1395355990E+001   0.1011847178E+001   0.1146750696E+001   0.9801395386E+000
 0.7474747   0.1439213367E+001   0.1056192831E+001   0.1155948843E+001   0.1009986006E+001
 0.7575758   0.1443987225E+001   0.9820467579E+000   0.1134283164E+001   0.9691535803E+000
 0.7676768   0.1496942723E+001   0.9865177009E+000   0.1126255044E+001   0.9584826041E+000
 0.7777778   0.1527316046E+001   0.9831850295E+000   0.1170753197E+001   0.9751996986E+000
 0.7878788   0.1601400366E+001   0.1002717535E+001   0.1148531240E+001   0.9654045260E+000
 0.7979798   0.1666608520E+001   0.1020084978E+001   0.1174032154E+001   0.1004431567E+001
 0.8080808   0.1705905452E+001   0.1006126483E+001   0.1168192865E+001   0.9856555652E+000
 0.8181818   0.1755766959E+001   0.9883248538E+000   0.1137004011E+001   0.9617937565E+000
 0.8282828   0.1847550385E+001   0.9963162245E+000   0.1180558969E+001   0.9676478126E+000
 0.8383838   0.1943050517E+001   0.9895863404E+000   0.1178936016E+001   0.9728642222E+000
 0.8484848   0.1994664407E+001   0.1019228341E+001   0.1176879197E+001   0.1000221563E+001
 0.8585859   0.2125292773E+001   0.1024168674E+001   0.1218498479E+001   0.1010439272E+001
 0.8686869   0.2199499514E+001   0.9996841003E+000   0.1195458134E+001   0.9588206336E+000
 0.8787879   0.2272155698E+001   0.1008884151E+001   0.1203300361E+001   0.1005714542E+001
 0.8888889   0.2335991783E+001   0.9826804348E+000   0.1182845838E+001   0.9551176742E+000
 0.8989899   0.2428427528E+001   0.9540593582E+000   0.1187388614E+001   0.9526900079E+000
 0.9090909   0.2609281733E+001   0.9922618654E+000   0.1204432718E+001   0.9724416853E+000
 0.9191919   0.2738495246E+001   0.1042897349E+001   0.1222212760E+001   0.1010131973E+001
 0.9292929   0.2863741238E+001   0.1015748985E+001   0.1204550201E+001   0.9769897184E+000
 0.9393939   0.3062599254E+001   0.1014792602E+001   0.1232286474E+001   0.9853021707E+000
 0.9494949   0.3194267513E+001   0.9999833366E+000   0.1229129499E+001   0.9693072301E+000
 0.9595960   0.3409541068E+001   0.1062523734E+001   0.1257370198E+001   0.1015886157E+001
 0.9696970   0.3490713751E+001   0.9983111335E+000   0.1229578995E+001   0.9750921438E+000
 0.9797980   0.3708052127E+001   0.1029689878E+001   0.1237699284E+001   0.9963803188E+000
 0.9898990   0.3971934824E+001   0.9823342594E+000   0.1265776221E+001   0.9487565739E+000
 1.0000000   0.4102905505E+001   0.1085553198E+001   0.1268099208E+001   0.1030083395E+001


 0.0000000   0.1387178177E+000   0.9529008600E+000   0.7264290412E+000   0.1025342904E+001
 0.0101010   0.1377411200E+000   0.9580742047E+000   0.7218188001E+000   0.1058217775E+001
 0.0202020   0.1350517893E+000   0.9540170269E+000   0.7216053254E+000   0.1010956576E+001
 0.0303030   0.1279716568E+000   0.9631722524E+000   0.7087433810E+000   0.1038129480E+001
 0.0404040   0.1261974981E+000   0.9567852978E+000   0.7330801422E+000   0.1037152490E+001
 0.0505051   0.1191203406E+000   0.9524047859E+000   0.7297276444E+000   0.1030410685E+001
 0.0606061   0.1097208929E+000   0.9737846958E+000   0.7304198180E+000   0.1037775250E+001
 0.0707071   0.1002202884E+000   0.9857259093E+000   0.7263724322E+000   0.1075220837E+001
 0.0808081   0.9173306570E-001   0.9297581151E+000   0.7130136202E+000   0.1008225574E+001
 0.0909091   0.8280283067E-001   0.9575382675E+000   0.7225678449E+000   0.1031896167E+001
 0.1010101   0.7850592552E-001   0.9844502900E+000   0.7384003894E+000   0.1030473532E+001
 0.1111111   0.7229757157E-001   0.9849507934E+000   0.7472000701E+000   0.1048339316E+001
 0.1212121   0.6624304297E-001   0.9616884592E+000   0.7327479636E+000   0.1035855549E+001
 0.1313131   0.6140513344E-001   0.9478781093E+000   0.7377327052E+000   0.1043757174E+001
 0.1414141   0.6001428078E-001   0.9943141930E+000   0.7321457512E+000   0.1034164385E+001
 0.1515152   0.5798733986E-001   0.9533703588E+000   0.7437159830E+000   0.1012042121E+001
 0.1616162   0.5866180538E-001   0.9963826450E+000   0.7434099126E+000   0.1036621144E+001
 0.1717172   0.5739356824E-001   0.1000488544E+001   0.7533125304E+000   0.1046939535E+001
 0.1818182   0.5795181463E-001   0.9675527644E+000   0.7510690861E+000   0.1012522047E+001
 0.1919192   0.5967197333E-001   0.9772262103E+000   0.7560665916E+000   0.1032987425E+001
 0.2020202   0.6201294494E-001   0.1007154541E+001   0.7704527186E+000   0.1016458575E+001
 0.2121212   0.6476705224E-001   0.1041237492E+001   0.7811908457E+000   0.1031473376E+001
 0.2222222   0.6748049014E-001   0.9882018508E+000   0.7671843341E+000   0.1001072404E+001
 0.2323232   0.7044296839E-001   0.9876659135E+000   0.7813639945E+000   0.1006631537E+001
 0.2424242   0.7452815022E-001   0.9559968942E+000   0.8094457001E+000   0.1028765227E+001
 0.2525253   0.8107043367E-001   0.9686822189E+000   0.8081962522E+000   0.1020835035E+001
 0.2626263   0.8691878261E-001   0.1039913152E+001   0.8172682127E+000   0.9989698750E+000
 0.2727273   0.9471940435E-001   0.1030275140E+001   0.8287895850E+000   0.1036666851E+001
 0.2828283   0.9964405145E-001   0.9901019920E+000   0.8319808250E+000   0.1046893827E+001
 0.2929293   0.1107618300E+000   0.1038097166E+001   0.8546392324E+000   0.1033210248E+001
 0.3030303   0.1225539622E+000   0.9904341845E+000   0.8476306586E+000   0.1017784083E+001
 0.3131313   0.1337383373E+000   0.1037260041E+001   0.8681031424E+000   0.1001278086E+001
 0.3232323   0.1463523408E+000   0.1008248561E+001   0.8677430734E+000   0.1003711992E+001
 0.3333333   0.1591655713E+000   0.1017673970E+001   0.8815621884E+000   0.1010408091E+001
 0.3434343   0.1765847767E+000   0.1032516332E+001   0.8969159812E+000   0.1027422579E+001
 0.3535354   0.1955412014E+000   0.1009466601E+001   0.9015363495E+000   0.9782759604E+000
 0.3636364   0.2164208605E+000   0.1007172258E+001   0.8886481105E+000   0.9809612558E+000
 0.3737374   0.2413795884E+000   0.1025500426E+001   0.9143577011E+000   0.9807670003E+000
 0.3838384   0.2651468773E+000   0.9989604589E+000   0.9588693605E+000   0.1046551024E+001
 0.3939394   0.2933742366E+000   0.9772926488E+000   0.9639891363E+000   0.1050087615E+001
 0.4040404   0.3230774860E+000   0.9933751955E+000   0.9610365424E+000   0.9879944443E+000
 0.4141414   0.3631627803E+000   0.1006202256E+001   0.9777034110E+000   0.9624270042E+000
 0.4242424   0.4098246201E+000   0.1000856171E+001   0.9837909522E+000   0.9874459584E+000
 0.4343434   0.4570950675E+000   0.1017833423E+001   0.1011599388E+001   0.9975300996E+000
 0.4444444   0.5172229787E+000   0.1040515527E+001   0.1035113224E+001   0.1014710277E+001
 0.4545455   0.5721625571E+000   0.9805437061E+000   0.1028952898E+001   0.1001512336E+001
 0.4646465   0.6497172524E+000   0.1023547134E+001   0.1070476908E+001   0.1006214459E+001
 0.4747475   0.7191655272E+000   0.9784663956E+000   0.1049016347E+001   0.9578962825E+000
 0.4848485   0.8087242864E+000   0.9937162465E+000   0.1089983540E+001   0.9800356859E+000
 0.4949495   0.9069681228E+000   0.1038402783E+001   0.1095269938E+001   0.1014704563E+001
 0.5050505   0.9901088137E+000   0.1028561026E+001   0.1108369126E+001   0.9893199518E+000
 0.5151515   0.9842844747E+000   0.1005081660E+001   0.1128300479E+001   0.9968044985E+000
 0.5252525   0.9892171290E+000   0.1019405801E+001   0.1087933066E+001   0.9689859810E+000
 0.5353535   0.9841652147E+000   0.1023910331E+001   0.1105543577E+001   0.9920623811E+000
 0.5454545   0.9901451463E+000   0.1020025893E+001   0.1113913178E+001   0.1000329663E+001
 0.5555556   0.1010398918E+001   0.1038566665E+001   0.1110899108E+001   0.9921366553E+000
 0.5656566   0.1008341729E+001   0.9825457197E+000   0.1105825601E+001   0.9359968416E+000
 0.5757576   0.1015111956E+001   0.1012797384E+001   0.1100548421E+001   0.9644495459E+000
 0.5858586   0.1029509085E+001   0.1007150112E+001   0.1118865235E+001   0.9955589785E+000
 0.5959596   0.1040147182E+001   0.1016925430E+001   0.1118978866E+001   0.9738252261E+000
 0.6060606   0.1049444075E+001   0.1012186150E+001   0.1126388153E+001   0.9911310978E+000
 0.6161616   0.1072310884E+001   0.1001959050E+001   0.1121110599E+001   0.9438584724E+000
 0.6262626   0.1076621733E+001   0.9745155194E+000   0.1117212201E+001   0.1003883394E+001
 0.6363636   0.1089541780E+001   0.9892471499E+000   0.1125028428E+001   0.9789615677E+000
 0.6464646   0.1107720984E+001   0.9976626935E+000   0.1118315917E+001   0.9887828927E+000
 0.6565657   0.1147412274E+001   0.9981676261E+000   0.1140252132E+001   0.9904283503E+000
 0.6666667   0.1152776885E+001   0.9849862273E+000   0.1127935870E+001   0.9993526724E+000
 0.6767677   0.1175642395E+001   0.9768452962E+000   0.1120257628E+001   0.9986384981E+000
 0.6868687   0.1226684001E+001   0.1009617195E+001   0.1128944833E+001   0.9766019358E+000
 0.6969697   0.1245545950E+001   0.1017332919E+001   0.1137083742E+001   0.9613243191E+000
 0.7070707   0.1290986032E+001   0.1018524383E+001   0.1133316053E+001   0.9712484852E+000
 0.7171717   0.1323480386E+001   0.1035714238E+001   0.1141687201E+001   0.1005574559E+001
 0.7272727   0.1336623687E+001   0.1018949590E+001   0.1140648288E+001   0.9800756796E+000
 0.7373737   0.1387082641E+001   0.1004696316E+001   0.1147447864E+001   0.9804527637E+000
 0.7474747   0.1424043745E+001   0.1043864028E+001   0.1146168928E+001   0.1001152392E+001
 0.7575758   0.1447165524E+001   0.9830816569E+000   0.1132735061E+001   0.9675519190E+000
 0.7676768   0.1506350667E+001   0.9915813559E+000   0.1131571808E+001   0.9627298141E+000
 0.7777778   0.1535614953E+001   0.9873957303E+000   0.1168692288E+001   0.9732024661E+000
 0.7878788   0.1611066421E+001   0.1007615181E+001   0.1148602976E+001   0.9651865738E+000
 0.7979798   0.1674058276E+001   0.1023471837E+001   0.1176929434E+001   0.1006620110E+001
 0.8080808   0.1723762805E+001   0.1015494787E+001   0.1173239665E+001   0.9896284751E+000
 0.8181818   0.1763366139E+001   0.9914661959E+000   0.1144046300E+001   0.9674719315E+000
 0.8282828   0.1856229578E+001   0.9998507348E+000   0.1176759138E+001   0.9642552905E+000
 0.8383838   0.1948850743E+001   0.9914041866E+000   0.1179692822E+001   0.9732081795E+000
 0.8484848   0.1993141241E+001   0.1017284198E+001   0.1170668352E+001   0.9946562622E+000
 0.8585859   0.2119618623E+001   0.1020265072E+001   0.1209632234E+001   0.1002797849E+001
 0.8686869   0.2201938467E+001   0.9996469901E+000   0.1194329307E+001   0.9576391797E+000
 0.8787879   0.2273496353E+001   0.1008323858E+001   0.1195062347E+001   0.9985413704E+000
 0.8888889   0.2355024281E+001   0.9895527670E+000   0.1183288276E+001   0.9551995603E+000
 0.8989899   0.2433405245E+001   0.9549205905E+000   0.1188010429E+001   0.9529142025E+000
 0.9090909   0.2594482179E+001   0.9855044476E+000   0.1202884029E+001   0.9709113950E+000
 0.9191919   0.2740518746E+001   0.1042473249E+001   0.1220852473E+001   0.1008716926E+001
 0.9292929   0.2880970325E+001   0.1020690278E+001   0.1211493588E+001   0.9823381838E+000
 0.9393939   0.3047621555E+001   0.1008673768E+001   0.1230942174E+001   0.9839436476E+000
 0.9494949   0.3183934493E+001   0.9956075292E+000   0.1232286765E+001   0.9715170148E+000
 0.9595960   0.3377678174E+001   0.1051389296E+001   0.1247342970E+001   0.1007494259E+001
 0.9696970   0.3505080923E+001   0.1001272519E+001   0.1230792888E+001   0.9757734936E+000
 0.9797980   0.3707832650E+001   0.1028450295E+001   0.1242203754E+001   0.9997183297E+000
 0.9898990   0.3967517397E+001   0.9801184997E+000   0.1256173374E+001   0.9412874449E+000
 1.0000000   0.4114792846E+001   0.1087452114E+001   0.1268403467E+001   0.1030033600E+001


 0.0000000   0.1389311740E+000   0.9560659485E+000   0.7288588556E+000   0.1028821253E+001
 0.0101010   0.1377973764E+000   0.9601722718E+000   0.7245494855E+000   0.1062271368E+001
 0.0202020   0.1352067150E+000   0.9568122312E+000   0.7242861352E+000   0.1014760384E+001
 0.0303030   0.1278533841E+000   0.9639956443E+000   0.7078632612E+000   0.1036889415E+001
 0.0404040   0.1255529541E+000   0.9535936660E+000   0.7266874923E+000   0.1028156924E+001
 0.0505051   0.1184979847E+000   0.9491159698E+000   0.7276233867E+000   0.1027488013E+001
 0.0606061   0.1095040950E+000   0.9735912128E+000   0.7291975001E+000   0.1036087639E+001
 0.0707071   0.9971839315E-001   0.9825359945E+000   0.7250616175E+000   0.1073331302E+001
 0.0808081   0.9094060027E-001   0.9233674482E+000   0.7116622612E+000   0.1006362348E+001
 0.0909091   0.8301063154E-001   0.9616506896E+000   0.7216862481E+000   0.1030685956E+001
 0.1010101   0.7819597089E-001   0.9823096339E+000   0.7362721783E+000   0.1027552155E+001
 0.1111111   0.7173011700E-001   0.9789602040E+000   0.7412801565E+000   0.1040082776E+001
 0.1212121   0.6645635775E-001   0.9665032956E+000   0.7317334464E+000   0.1034470341E+001
 0.1313131   0.6150960127E-001   0.9511815105E+000   0.7391484833E+000   0.1045809751E+001
 0.1414141   0.6003586401E-001   0.9964430257E+000   0.7310692396E+000   0.1032692688E+001
 0.1515152   0.5739317482E-001   0.9452819866E+000   0.7501222727E+000   0.1020808070E+001
 0.1616162   0.5801460653E-001   0.9871445555E+000   0.7448648766E+000   0.1038699139E+001
 0.1717172   0.5686504823E-001   0.9930405425E+000   0.7535353353E+000   0.1047298765E+001
 0.1818182   0.5822378972E-001   0.9738246472E+000   0.7564829841E+000   0.1019868846E+001
 0.1919192   0.5919730399E-001   0.9711790573E+000   0.7543497348E+000   0.1030690538E+001
 0.2020202   0.6198194695E-001   0.1008443676E+001   0.7666601178E+000   0.1011502881E+001
 0.2121212   0.6452785594E-001   0.1039239332E+001   0.7814839498E+000   0.1031909238E+001
 0.2222222   0.6717612052E-001   0.9854963671E+000   0.7652682736E+000   0.9986194783E+000
 0.2323232   0.7054050249E-001   0.9907946206E+000   0.7885290391E+000   0.1015910361E+001
 0.2424242   0.7483454892E-001   0.9616365421E+000   0.8024764135E+000   0.1019955896E+001
 0.2525253   0.8099692871E-001   0.9695273321E+000   0.8032582341E+000   0.1014645845E+001
 0.2626263   0.8679894910E-001   0.1040328693E+001   0.8185283035E+000   0.1000557487E+001
 0.2727273   0.9479755601E-001   0.1032961362E+001   0.8265841556E+000   0.1033957204E+001
 0.2828283   0.9975680843E-001   0.9929874892E+000   0.8305520224E+000   0.1045145422E+001
 0.2929293   0.1110787417E+000   0.1042921229E+001   0.8508623979E+000   0.1028692969E+001
 0.3030303   0.1216973736E+000   0.9852629327E+000   0.8513297915E+000   0.1022274175E+001
 0.3131313   0.1333397422E+000   0.1036010156E+001   0.8671473614E+000   0.1000223031E+001
 0.3232323   0.1449396984E+000   0.1000294693E+001   0.8674464497E+000   0.1003416392E+001
 0.3333333   0.1584758322E+000   0.1015068261E+001   0.8836347680E+000   0.1012831539E+001
 0.3434343   0.1756723986E+000   0.1029010661E+001   0.9005221220E+000   0.1031602272E+001
 0.3535354   0.1959676445E+000   0.1013469589E+001   0.9046275829E+000   0.9816767959E+000
 0.3636364   0.2147111498E+000   0.1000994996E+001   0.8924540459E+000   0.9852091940E+000
 0.3737374   0.2395938468E+000   0.1019726338E+001   0.9205570307E+000   0.9874633313E+000
 0.3838384   0.2628409370E+000   0.9920360672E+000   0.9508327352E+000   0.1037828639E+001
 0.3939394   0.2922777487E+000   0.9753738027E+000   0.9662326395E+000   0.1052581326E+001
 0.4040404   0.3219501702E+000   0.9916717680E+000   0.9605992272E+000   0.9875916156E+000
 0.4141414   0.3611190038E+000   0.1002321328E+001   0.9767661573E+000   0.9615499155E+000
 0.4242424   0.4070493983E+000   0.9958488290E+000   0.9866235685E+000   0.9903359819E+000
 0.4343434   0.4546608464E+000   0.1014215872E+001   0.1004985677E+001   0.9910552900E+000
 0.4444444   0.5157124532E+000   0.1039324217E+001   0.1031301773E+001   0.1011021815E+001
 0.4545455   0.5729384344E+000   0.9836218182E+000   0.1032597162E+001   0.1005106995E+001
 0.4646465   0.6424950219E+000   0.1013971827E+001   0.1070291120E+001   0.1006087454E+001
 0.4747475   0.7140689781E+000   0.9732622825E+000   0.1058561822E+001   0.9666583771E+000
 0.4848485   0.8071400568E+000   0.9935357063E+000   0.1094213027E+001   0.9838851174E+000
 0.4949495   0.9047438761E+000   0.1037700787E+001   0.1097839906E+001   0.1017133643E+001
 0.5050505   0.9851953551E+000   0.1025279248E+001   0.1112857847E+001   0.9933735694E+000
 0.5151515   0.9754764743E+000   0.9978613165E+000   0.1127298840E+001   0.9959667436E+000
 0.5252525   0.9775082256E+000   0.1009133368E+001   0.1089223898E+001   0.9701816120E+000
 0.5353535   0.9861250840E+000   0.1027776288E+001   0.1106503067E+001   0.9929703903E+000
 0.5454545   0.9896233546E+000   0.1021303789E+001   0.1118266793E+001   0.1004286893E+001
 0.5555556   0.1006666258E+001   0.1036572521E+001   0.1109522911E+001   0.9909544952E+000
 0.5656566   0.1003271164E+001   0.9793457244E+000   0.1106554560E+001   0.9366581920E+000
 0.5757576   0.1017971688E+001   0.1017459195E+001   0.1111951154E+001   0.9744882971E+000
 0.5858586   0.1025180698E+001   0.1004701652E+001   0.1121499943E+001   0.9979505677E+000
 0.5959596   0.1036391218E+001   0.1015057651E+001   0.1116381820E+001   0.9716110649E+000
 0.6060606   0.1055320232E+001   0.1019666211E+001   0.1117605774E+001   0.9834498673E+000
 0.6161616   0.1067156894E+001   0.9989188450E+000   0.1119693985E+001   0.9427104590E+000
 0.6262626   0.1073388290E+001   0.9733188727E+000   0.1116527446E+001   0.1003315598E+001
 0.6363636   0.1081754821E+001   0.9839259903E+000   0.1125752484E+001   0.9796379929E+000
 0.6464646   0.1107332347E+001   0.9990886155E+000   0.1116283555E+001   0.9870326628E+000
 0.6565657   0.1148568310E+001   0.1000952554E+001   0.1141663584E+001   0.9917012927E+000
 0.6666667   0.1153757493E+001   0.9875795923E+000   0.1123176857E+001   0.9951832934E+000
 0.6767677   0.1183431609E+001   0.9850684041E+000   0.1126802682E+001   0.1004520553E+001
 0.6868687   0.1222822820E+001   0.1008231463E+001   0.1128635410E+001   0.9763804896E+000
 0.6969697   0.1237590214E+001   0.1012634884E+001   0.1130625982E+001   0.9559099906E+000
 0.7070707   0.1285186511E+001   0.1015754417E+001   0.1135813104E+001   0.9734345337E+000
 0.7171717   0.1317548648E+001   0.1032908308E+001   0.1130803381E+001   0.9960354673E+000
 0.7272727   0.1340516769E+001   0.1023737166E+001   0.1138922550E+001   0.9786392085E+000
 0.7373737   0.1386866560E+001   0.1006328619E+001   0.1144129157E+001   0.9776633319E+000
 0.7474747   0.1418065941E+001   0.1041333168E+001   0.1138331932E+001   0.9943540275E+000
 0.7575758   0.1456862449E+001   0.9914312599E+000   0.1131941116E+001   0.9669195271E+000
 0.7676768   0.1510391114E+001   0.9960115257E+000   0.1140034188E+001   0.9699754409E+000
 0.7777778   0.1544745440E+001   0.9950353455E+000   0.1167496210E+001   0.9722524861E+000
 0.7878788   0.1614865171E+001   0.1011789569E+001   0.1152273624E+001   0.9683169090E+000
 0.7979798   0.1675269418E+001   0.1026036141E+001   0.1178586396E+001   0.1008085022E+001
 0.8080808   0.1718819320E+001   0.1014385642E+001   0.1168097235E+001   0.9853374783E+000
 0.8181818   0.1775428370E+001   0.1000025890E+001   0.1147548353E+001   0.9704794147E+000
 0.8282828   0.1866167127E+001   0.1006993553E+001   0.1171249458E+001   0.9597860072E+000
 0.8383838   0.1953219695E+001   0.9953961078E+000   0.1182604733E+001   0.9756566000E+000
 0.8484848   0.1981259202E+001   0.1013020405E+001   0.1169647927E+001   0.9938363089E+000
 0.8585859   0.2117249487E+001   0.1020939490E+001   0.1206883695E+001   0.1000566650E+001
 0.8686869   0.2198911941E+001   0.1000050648E+001   0.1193818973E+001   0.9572753015E+000
 0.8787879   0.2276785738E+001   0.1011580893E+001   0.1192259047E+001   0.9962462200E+000
 0.8888889   0.2357124053E+001   0.9921987639E+000   0.1183573131E+001   0.9554747406E+000
 0.8989899   0.2439676610E+001   0.9590864481E+000   0.1186639805E+001   0.9518598740E+000
 0.9090909   0.2615288967E+001   0.9951768209E+000   0.1204414726E+001   0.9721929256E+000
 0.9191919   0.2744572896E+001   0.1045874528E+001   0.1224504600E+001   0.1011782357E+001
 0.9292929   0.2878693932E+001   0.1021699920E+001   0.1215909077E+001   0.9859651547E+000
 0.9393939   0.3055036503E+001   0.1012928446E+001   0.1230965429E+001   0.9840088201E+000
 0.9494949   0.3173422331E+001   0.9940874604E+000   0.1227350197E+001   0.9676709062E+000
 0.9595960   0.3370049725E+001   0.1050882757E+001   0.1248815043E+001   0.1008731025E+001
 0.9696970   0.3508966933E+001   0.1004167582E+001   0.1224698682E+001   0.9709879701E+000
 0.9797980   0.3715898038E+001   0.1032522788E+001   0.1242288166E+001   0.9998335970E+000
 0.9898990   0.3986869209E+001   0.9866529285E+000   0.1261864656E+001   0.9455968543E+000
 1.0000000   0.4133189640E+001   0.1094259112E+001   0.1272604993E+001   0.1033494464E+001


 0.0000000   0.1403311885E+000   0.9626367243E+000   0.7252434560E+000   0.1024032329E+001
 0.0101010   0.1387834842E+000   0.9639756746E+000   0.7216793768E+000   0.1058388409E+001
 0.0202020   0.1360708019E+000   0.9598723435E+000   0.7190317473E+000   0.1007708114E+001
 0.0303030   0.1286892954E+000   0.9672201691E+000   0.7040875064E+000   0.1031675372E+001
 0.0404040   0.1268086029E+000   0.9600751244E+000   0.7302074823E+000   0.1033454486E+001
 0.0505051   0.1193038799E+000   0.9525394282E+000   0.7266764098E+000   0.1026465916E+001
 0.0606061   0.1101976570E+000   0.9766494810E+000   0.7268907438E+000   0.1033127250E+001
 0.0707071   0.1000955634E+000   0.9831235595E+000   0.7175571666E+000   0.1062548451E+001
 0.0808081   0.9169242607E-001   0.9280476702E+000   0.7122834708E+000   0.1007550138E+001
 0.0909091   0.8407911959E-001   0.9709388130E+000   0.7210093176E+000   0.1030035428E+001
 0.1010101   0.7866056636E-001   0.9850112111E+000   0.7316065101E+000   0.1021354255E+001
 0.1111111   0.7239747366E-001   0.9849336772E+000   0.7380585099E+000   0.1035880550E+001
 0.1212121   0.6681007012E-001   0.9685650836E+000   0.7297690940E+000   0.1032010132E+001
 0.1313131   0.6190158406E-001   0.9542064065E+000   0.7405777513E+000   0.1048153803E+001
 0.1414141   0.6026576438E-001   0.9970856210E+000   0.7284238523E+000   0.1029271876E+001
 0.1515152   0.5773524372E-001   0.9478993241E+000   0.7494421670E+000   0.1020195763E+001
 0.1616162   0.5838465040E-001   0.9902894787E+000   0.7433517014E+000   0.1036907396E+001
 0.1717172   0.5764704462E-001   0.1003503040E+001   0.7518006196E+000   0.1045208673E+001
 0.1818182   0.5855436810E-001   0.9762469013E+000   0.7537291467E+000   0.1016468275E+001
 0.1919192   0.5974554804E-001   0.9770639890E+000   0.7555157030E+000   0.1032600662E+001
 0.2020202   0.6178005902E-001   0.1001970255E+001   0.7590150592E+000   0.1001723822E+001
 0.2121212   0.6474478221E-001   0.1039425080E+001   0.7785154623E+000   0.1028305212E+001
 0.2222222   0.6807003796E-001   0.9954424992E+000   0.7643254150E+000   0.9976954270E+000
 0.2323232   0.7123390713E-001   0.9973599716E+000   0.7862448995E+000   0.1013278658E+001
 0.2424242   0.7548136821E-001   0.9668712666E+000   0.8028121722E+000   0.1020696021E+001
 0.2525253   0.8183859787E-001   0.9764944132E+000   0.8001494723E+000   0.1011029377E+001
 0.2626263   0.8693739969E-001   0.1038682544E+001   0.8132970513E+000   0.9944681973E+000
 0.2727273   0.9546178558E-001   0.1036899265E+001   0.8263885341E+000   0.1034029971E+001
 0.2828283   0.1008572527E+000   0.1000756552E+001   0.8344529661E+000   0.1050376755E+001
 0.2929293   0.1117341743E+000   0.1045747073E+001   0.8459854092E+000   0.1023110801E+001
 0.3030303   0.1236479165E+000   0.9978788521E+000   0.8521375670E+000   0.1023558401E+001
 0.3131313   0.1335011717E+000   0.1033973853E+001   0.8642373604E+000   0.9971726007E+000
 0.3232323   0.1461542760E+000   0.1005477172E+001   0.8669136024E+000   0.1003107995E+001
 0.3333333   0.1595839547E+000   0.1018923335E+001   0.8816768617E+000   0.1010897730E+001
 0.3434343   0.1763797496E+000   0.1029876486E+001   0.8996168515E+000   0.1030881730E+001
 0.3535354   0.1972876734E+000   0.1017059540E+001   0.9053919846E+000   0.9828080434E+000
 0.3636364   0.2160509237E+000   0.1004045777E+001   0.8983882167E+000   0.9920647011E+000
 0.3737374   0.2407982663E+000   0.1021601236E+001   0.9210537701E+000   0.9882995998E+000
 0.3838384   0.2641730398E+000   0.9939007680E+000   0.9509854772E+000   0.1038314137E+001
 0.3939394   0.2950642445E+000   0.9815490254E+000   0.9691664050E+000   0.1056101514E+001
 0.4040404   0.3248836639E+000   0.9975329318E+000   0.9595297628E+000   0.9867950638E+000
 0.4141414   0.3627923522E+000   0.1003771427E+001   0.9771795735E+000   0.9622523205E+000
 0.4242424   0.4081207242E+000   0.9953023419E+000   0.9839366529E+000   0.9879422725E+000
 0.4343434   0.4569869753E+000   0.1016170882E+001   0.1002585161E+001   0.9889916863E+000
 0.4444444   0.5170684087E+000   0.1038751132E+001   0.1030647651E+001   0.1010690857E+001
 0.4545455   0.5758106277E+000   0.9854167729E+000   0.1034600041E+001   0.1007365832E+001
 0.4646465   0.6450485468E+000   0.1014772290E+001   0.1070190022E+001   0.1006301373E+001
 0.4747475   0.7140914018E+000   0.9702052232E+000   0.1069917006E+001   0.9773277711E+000
 0.4848485   0.8124146977E+000   0.9968560014E+000   0.1096861433E+001   0.9865693834E+000
 0.4949495   0.9110118799E+000   0.1041575154E+001   0.1104163339E+001   0.1023306391E+001
 0.5050505   0.9851617905E+000   0.1021991887E+001   0.1115962063E+001   0.9964504235E+000
 0.5151515   0.9772615938E+000   0.9965160452E+000   0.1128615107E+001   0.9974358945E+000
 0.5252525   0.9742205535E+000   0.1002548777E+001   0.1100489910E+001   0.9805173874E+000
 0.5353535   0.9873209463E+000   0.1025758244E+001   0.1110052658E+001   0.9964617075E+000
 0.5454545   0.9968216096E+000   0.1025468983E+001   0.1118625092E+001   0.1004917200E+001
 0.5555556   0.1006658361E+001   0.1033276048E+001   0.1108572487E+001   0.9904097115E+000
 0.5656566   0.1004765740E+001   0.9776932062E+000   0.1108300562E+001   0.9384242318E+000
 0.5757576   0.1013626829E+001   0.1009902567E+001   0.1116045863E+001   0.9783771849E+000
 0.5858586   0.1026917192E+001   0.1003210797E+001   0.1127334315E+001   0.1003450277E+001
 0.5959596   0.1036471039E+001   0.1011915465E+001   0.1112789478E+001   0.9687820067E+000
 0.6060606   0.1064180262E+001   0.1024965013E+001   0.1121609968E+001   0.9872765153E+000
 0.6161616   0.1069774058E+001   0.9981919697E+000   0.1113238121E+001   0.9375628849E+000
 0.6262626   0.1077381230E+001   0.9738403691E+000   0.1117330388E+001   0.1004345476E+001
 0.6363636   0.1083592130E+001   0.9824704857E+000   0.1122368306E+001   0.9769930118E+000
 0.6464646   0.1108821609E+001   0.9972585811E+000   0.1130892180E+001   0.1000256900E+001
 0.6565657   0.1147559401E+001   0.9969007325E+000   0.1145190009E+001   0.9950700117E+000
 0.6666667   0.1156987939E+001   0.9872030341E+000   0.1124011298E+001   0.9962285044E+000
 0.6767677   0.1185651761E+001   0.9837855795E+000   0.1123122272E+001   0.1001547039E+001
 0.6868687   0.1225376938E+001   0.1007132222E+001   0.1131078712E+001   0.9787946937E+000
 0.6969697   0.1240847826E+001   0.1012079479E+001   0.1131453827E+001   0.9569036950E+000
 0.7070707   0.1289994408E+001   0.1016319986E+001   0.1146477109E+001   0.9828757475E+000
 0.7171717   0.1313977417E+001   0.1026840736E+001   0.1132327378E+001   0.9976841430E+000
 0.7272727   0.1337570213E+001   0.1018246404E+001   0.1132364764E+001   0.9733031373E+000
 0.7373737   0.1379198209E+001   0.9975895911E+000   0.1137981587E+001   0.9727088456E+000
 0.7474747   0.1415649839E+001   0.1036261102E+001   0.1141031652E+001   0.9970183858E+000
 0.7575758   0.1453722891E+001   0.9861563268E+000   0.1131083687E+001   0.9664838279E+000
 0.7676768   0.1507355034E+001   0.9908560724E+000   0.1141101534E+001   0.9711817416E+000
 0.7777778   0.1544188400E+001   0.9915210745E+000   0.1165604054E+001   0.9709748679E+000
 0.7878788   0.1611979192E+001   0.1006777355E+001   0.1143072154E+001   0.9608794314E+000
 0.7979798   0.1678162577E+001   0.1024547523E+001   0.1172697670E+001   0.1003356244E+001
 0.8080808   0.1722330981E+001   0.1013233541E+001   0.1168378355E+001   0.9858772968E+000
 0.8181818   0.1770366041E+001   0.9940111046E+000   0.1146968043E+001   0.9702865426E+000
 0.8282828   0.1857583637E+001   0.9991820176E+000   0.1168282140E+001   0.9576484403E+000
 0.8383838   0.1951296999E+001   0.9912616342E+000   0.1182160989E+001   0.9755900320E+000
 0.8484848   0.1983775840E+001   0.1011089431E+001   0.1167943492E+001   0.9926928448E+000
 0.8585859   0.2110145871E+001   0.1014286213E+001   0.1197381534E+001   0.9929937520E+000
 0.8686869   0.2186444127E+001   0.9912258493E+000   0.1188576501E+001   0.9533642741E+000
 0.8787879   0.2269617070E+001   0.1005196857E+001   0.1195836314E+001   0.9995422449E+000
 0.8888889   0.2367132401E+001   0.9932506763E+000   0.1196572674E+001   0.9662656702E+000
 0.8989899   0.2445397817E+001   0.9582858811E+000   0.1186242502E+001   0.9518334087E+000
 0.9090909   0.2603321600E+001   0.9874803668E+000   0.1201921501E+001   0.9704783710E+000
 0.9191919   0.2738519177E+001   0.1040257078E+001   0.1217265269E+001   0.1006109545E+001
 0.9292929   0.2878481507E+001   0.1018383580E+001   0.1221358339E+001   0.9906880506E+000
 0.9393939   0.3046508889E+001   0.1006896638E+001   0.1234490582E+001   0.9871298230E+000
 0.9494949   0.3162114338E+001   0.9874028329E+000   0.1219912028E+001   0.9621018669E+000
 0.9595960   0.3364962729E+001   0.1045967747E+001   0.1249362875E+001   0.1009483466E+001
 0.9696970   0.3495067594E+001   0.9970170333E+000   0.1234763785E+001   0.9792686225E+000
 0.9797980   0.3710902527E+001   0.1027863587E+001   0.1244021034E+001   0.1001535755E+001
 0.9898990   0.3987438307E+001   0.9836633145E+000   0.1273455140E+001   0.9545754256E+000
 1.0000000   0.4140231365E+001   0.1092646121E+001   0.1276975789E+001   0.1037362518E+001


 0.0000000   0.1403823612E+000   0.9610638957E+000   0.7194909900E+000   0.1016344224E+001
 0.0101010   0.1392222736E+000   0.9650915376E+000   0.7172337658E+000   0.1052318296E+001
 0.0202020   0.1368554783E+000   0.9634789228E+000   0.7187508802E+000   0.1007745096E+001
 0.0303030   0.1298287720E+000   0.9738349741E+000   0.7065398240E+000   0.1035711230E+001
 0.0404040   0.1268671591E+000   0.9585995295E+000   0.7261886008E+000   0.1028205962E+001
 0.0505051   0.1201207372E+000   0.9571453197E+000   0.7246531232E+000   0.1024045502E+001
 0.0606061   0.1104473648E+000   0.9769069923E+000   0.7273946625E+000   0.1034285419E+001
 0.0707071   0.1008499004E+000   0.9885536549E+000   0.7175900580E+000   0.1063051399E+001
 0.0808081   0.9225958815E-001   0.9319225698E+000   0.7105999805E+000   0.1005598475E+001
 0.0909091   0.8465487474E-001   0.9756345587E+000   0.7180475146E+000   0.1026242705E+001
 0.1010101   0.7878897110E-001   0.9846480628E+000   0.7301445949E+000   0.1019749099E+001
 0.1111111   0.7310527955E-001   0.9925761031E+000   0.7369200659E+000   0.1034724860E+001
 0.1212121   0.6700813272E-001   0.9694957159E+000   0.7264666836E+000   0.1027779167E+001
 0.1313131   0.6282336295E-001   0.9664808273E+000   0.7351086655E+000   0.1040858061E+001
 0.1414141   0.6078357958E-001   0.1003643679E+001   0.7315406733E+000   0.1034117863E+001
 0.1515152   0.5832524586E-001   0.9556729322E+000   0.7458991315E+000   0.1015806778E+001
 0.1616162   0.5862602262E-001   0.9923969237E+000   0.7391344118E+000   0.1031465411E+001
 0.1717172   0.5786515497E-001   0.1005287455E+001   0.7510949027E+000   0.1044673925E+001
 0.1818182   0.5918943826E-001   0.9848635975E+000   0.7516560987E+000   0.1014105921E+001
 0.1919192   0.5993826337E-001   0.9782573300E+000   0.7519163773E+000   0.1028120603E+001
 0.2020202   0.6178475406E-001   0.1000044509E+001   0.7547557134E+000   0.9965282917E+000
 0.2121212   0.6558671007E-001   0.1050837981E+001   0.7788158619E+000   0.1029141749E+001
 0.2222222   0.6828230905E-001   0.9965518088E+000   0.7643857339E+000   0.9982006957E+000
 0.2323232   0.7092542650E-001   0.9910569732E+000   0.7871881012E+000   0.1014927897E+001
 0.2424242   0.7598096989E-001   0.9713264622E+000   0.8006558872E+000   0.1018389678E+001
 0.2525253   0.8241956427E-001   0.9814617852E+000   0.8014085464E+000   0.1013053160E+001
 0.2626263   0.8747664274E-001   0.1043037184E+001   0.8073869650E+000   0.9876636024E+000
 0.2727273   0.9543719878E-001   0.1034561218E+001   0.8198852700E+000   0.1026331226E+001
 0.2828283   0.1012473794E+000   0.1002620538E+001   0.8309912698E+000   0.1046466463E+001
 0.2929293   0.1122104065E+000   0.1048106144E+001   0.8411835258E+000   0.1017738420E+001
 0.3030303   0.1239134810E+000   0.9980241963E+000   0.8472880373E+000   0.1018168377E+001
 0.3131313   0.1342011897E+000   0.1037319023E+001   0.8638987394E+000   0.9972080022E+000
 0.3232323   0.1467369224E+000   0.1007468770E+001   0.8615638457E+000   0.9973439443E+000
 0.3333333   0.1601739971E+000   0.1020647546E+001   0.8777496162E+000   0.1006825115E+001
 0.3434343   0.1768375664E+000   0.1030486834E+001   0.8946094871E+000   0.1025581963E+001
 0.3535354   0.1966119163E+000   0.1011550944E+001   0.9034996473E+000   0.9811731575E+000
 0.3636364   0.2154465685E+000   0.9992369034E+000   0.9042425044E+000   0.9989562808E+000
 0.3737374   0.2401866100E+000   0.1016970473E+001   0.9211161792E+000   0.9887890765E+000
 0.3838384   0.2645067531E+000   0.9931681742E+000   0.9472120867E+000   0.1034636339E+001
 0.3939394   0.2955441505E+000   0.9811813305E+000   0.9656618631E+000   0.1052732446E+001
 0.4040404   0.3263087285E+000   0.9999068786E+000   0.9637065795E+000   0.9915142413E+000
 0.4141414   0.3643986594E+000   0.1006201530E+001   0.9765048818E+000   0.9619989988E+000
 0.4242424   0.4086946045E+000   0.9947106753E+000   0.9849886817E+000   0.9894213653E+000
 0.4343434   0.4558480437E+000   0.1011613268E+001   0.9989433351E+000   0.9858204804E+000
 0.4444444   0.5185302669E+000   0.1039606807E+001   0.1028052125E+001   0.1008576555E+001
 0.4545455   0.5767731997E+000   0.9850921161E+000   0.1037078816E+001   0.1010211022E+001
 0.4646465   0.6493144897E+000   0.1019442629E+001   0.1061938087E+001   0.9989689266E+000
 0.4747475   0.7145858617E+000   0.9689374032E+000   0.1065562176E+001   0.9737658939E+000
 0.4848485   0.8163712000E+000   0.9997095216E+000   0.1097145003E+001   0.9872462917E+000
 0.4949495   0.9134432195E+000   0.1042268530E+001   0.1100997076E+001   0.1020808183E+001
 0.5050505   0.9859056321E+000   0.1020720257E+001   0.1119472476E+001   0.1000012203E+001
 0.5151515   0.9813326783E+000   0.9986682035E+000   0.1133056280E+001   0.1001788935E+001
 0.5252525   0.9726198418E+000   0.9989019158E+000   0.1107714087E+001   0.9873759109E+000
 0.5353535   0.9886084482E+000   0.1025043934E+001   0.1111384474E+001   0.9980837222E+000
 0.5454545   0.9974115572E+000   0.1024025987E+001   0.1113227633E+001   0.1000495904E+001
 0.5555556   0.1006855675E+001   0.1031413892E+001   0.1110324964E+001   0.9923994457E+000
 0.5656566   0.1008703036E+001   0.9795635220E+000   0.1104564947E+001   0.9356610077E+000
 0.5757576   0.1014939736E+001   0.1009190450E+001   0.1119373422E+001   0.9817137645E+000
 0.5858586   0.1030514232E+001   0.1004713561E+001   0.1122132565E+001   0.9992471337E+000
 0.5959596   0.1040383804E+001   0.1013706291E+001   0.1115952742E+001   0.9719512250E+000
 0.6060606   0.1065844230E+001   0.1024516783E+001   0.1123135541E+001   0.9890419920E+000
 0.6161616   0.1071777199E+001   0.9980631483E+000   0.1116692557E+001   0.9408742291E+000
 0.6262626   0.1082848161E+001   0.9768264914E+000   0.1111236222E+001   0.9992945554E+000
 0.6363636   0.1088417455E+001   0.9848739847E+000   0.1117398845E+001   0.9730830220E+000
 0.6464646   0.1114095858E+001   0.1000000364E+001   0.1132837027E+001   0.1002405416E+001
 0.6565657   0.1142496200E+001   0.9905194349E+000   0.1142181323E+001   0.9928799852E+000
 0.6666667   0.1157846668E+001   0.9859620452E+000   0.1123790662E+001   0.9964587400E+000
 0.6767677   0.1186805747E+001   0.9827757677E+000   0.1121736998E+001   0.1000739335E+001
 0.6868687   0.1227217627E+001   0.1006630002E+001   0.1130841289E+001   0.9790075683E+000
 0.6969697   0.1236133074E+001   0.1006219707E+001   0.1132011731E+001   0.9577847938E+000
 0.7070707   0.1283664457E+001   0.1009312500E+001   0.1142741432E+001   0.9800919436E+000
 0.7171717   0.1314170709E+001   0.1024940062E+001   0.1136744185E+001   0.1002003913E+001
 0.7272727   0.1339826165E+001   0.1017926096E+001   0.1138239002E+001   0.9787704600E+000
 0.7373737   0.1377837833E+001   0.9946145936E+000   0.1138354352E+001   0.9734434266E+000
 0.7474747   0.1418346459E+001   0.1036160849E+001   0.1143401081E+001   0.9995158564E+000
 0.7575758   0.1453189216E+001   0.9838248762E+000   0.1132280868E+001   0.9679203837E+000
 0.7676768   0.1508802446E+001   0.9898260885E+000   0.1144376669E+001   0.9743855370E+000
 0.7777778   0.1538758623E+001   0.9860607238E+000   0.1165678177E+001   0.9714517168E+000
 0.7878788   0.1614844668E+001   0.1006552098E+001   0.1150080216E+001   0.9671837672E+000
 0.7979798   0.1673020007E+001   0.1019367322E+001   0.1169656386E+001   0.1001181938E+001
 0.8080808   0.1720157369E+001   0.1009933136E+001   0.1166751944E+001   0.9849257917E+000
 0.8181818   0.1776910163E+001   0.9956922670E+000   0.1156763914E+001   0.9789917611E+000
 0.8282828   0.1854196680E+001   0.9953676666E+000   0.1171380290E+001   0.9605984791E+000
 0.8383838   0.1946143189E+001   0.9866683757E+000   0.1183153090E+001   0.9768261719E+000
 0.8484848   0.1986816415E+001   0.1010616095E+001   0.1178781266E+001   0.1002332703E+001
 0.8585859   0.2107217300E+001   0.1010855001E+001   0.1199986963E+001   0.9955798585E+000
 0.8686869   0.2174698543E+001   0.9839313451E+000   0.1190074973E+001   0.9549742700E+000
 0.8787879   0.2271856733E+001   0.1004178620E+001   0.1197993183E+001   0.1001773128E+001
 0.8888889   0.2362111768E+001   0.9891639036E+000   0.1199647535E+001   0.9691628313E+000
 0.8989899   0.2444315660E+001   0.9559481934E+000   0.1191219706E+001   0.9562356862E+000
 0.9090909   0.2609769822E+001   0.9879485997E+000   0.1206569650E+001   0.9746479368E+000
 0.9191919   0.2737662192E+001   0.1037853964E+001   0.1223903683E+001   0.1012028852E+001
 0.9292929   0.2878204261E+001   0.1016251158E+001   0.1226810140E+001   0.9955355983E+000
 0.9393939   0.3043957804E+001   0.1004043586E+001   0.1238115970E+001   0.9904519961E+000
 0.9494949   0.3151596759E+001   0.9821525349E+000   0.1224064641E+001   0.9657895704E+000
 0.9595960   0.3354550808E+001   0.1040648125E+001   0.1249983293E+001   0.1010416516E+001
 0.9696970   0.3503394358E+001   0.9973957699E+000   0.1243745059E+001   0.9868131739E+000
 0.9797980   0.3697919529E+001   0.1022221209E+001   0.1244306231E+001   0.1002193600E+001
 0.9898990   0.3987311515E+001   0.9816669327E+000   0.1278581824E+001   0.9588280704E+000
 1.0000000   0.4130270940E+001   0.1087839830E+001   0.1282761843E+001   0.1042508335E+001


 0.0000000   0.1412576258E+000   0.9673376486E+000   0.7151420716E+000   0.1010705750E+001
 0.0101010   0.1396715477E+000   0.9684879021E+000   0.7097689632E+000   0.1041886339E+001
 0.0202020   0.1381746681E+000   0.9730494919E+000   0.7164722861E+000   0.1005052260E+001
 0.0303030   0.1313642787E+000   0.9856396653E+000   0.7089210233E+000   0.1039721058E+001
 0.0404040   0.1282499084E+000   0.9693297206E+000   0.7235295282E+000   0.1024952868E+001
 0.0505051   0.1210048967E+000   0.9644712912E+000   0.7231437308E+000   0.1022423107E+001
 0.0606061   0.1113854444E+000   0.9854912455E+000   0.7247204510E+000   0.1030997836E+001
 0.0707071   0.1016195969E+000   0.9963885056E+000   0.7143165583E+000   0.1058730715E+001
 0.0808081   0.9251349790E-001   0.9347595023E+000   0.7076644938E+000   0.1001944730E+001
 0.0909091   0.8488194191E-001   0.9785363864E+000   0.7122327765E+000   0.1018440825E+001
 0.1010101   0.7896593524E-001   0.9871470539E+000   0.7274197057E+000   0.1016451034E+001
 0.1111111   0.7321700158E-001   0.9943825192E+000   0.7337779443E+000   0.1030827746E+001
 0.1212121   0.6719091103E-001   0.9724233459E+000   0.7238706443E+000   0.1024618086E+001
 0.1313131   0.6301054601E-001   0.9696427937E+000   0.7310782916E+000   0.1035668580E+001
 0.1414141   0.6079908846E-001   0.1004192140E+001   0.7270565598E+000   0.1028292585E+001
 0.1515152   0.5831023534E-001   0.9557052467E+000   0.7439426720E+000   0.1013648588E+001
 0.1616162   0.5844600017E-001   0.9896377237E+000   0.7371115997E+000   0.1029156537E+001
 0.1717172   0.5743577752E-001   0.9981185239E+000   0.7498438263E+000   0.1043454953E+001
 0.1818182   0.5879776805E-001   0.9786314679E+000   0.7478897059E+000   0.1009528614E+001
 0.1919192   0.5977824209E-001   0.9759297637E+000   0.7524027145E+000   0.1029299630E+001
 0.2020202   0.6142250033E-001   0.9944706435E+000   0.7503631076E+000   0.9912236185E+000
 0.2121212   0.6487087062E-001   0.1039671430E+001   0.7755995443E+000   0.1025403743E+001
 0.2222222   0.6808555873E-001   0.9939697267E+000   0.7614431988E+000   0.9948549193E+000
 0.2323232   0.7086611828E-001   0.9905166472E+000   0.7816381817E+000   0.1008275883E+001
 0.2424242   0.7553864947E-001   0.9659531702E+000   0.8023626219E+000   0.1021070481E+001
 0.2525253   0.8238496416E-001   0.9813354911E+000   0.8012272141E+000   0.1013330006E+001
 0.2626263   0.8690862814E-001   0.1036566210E+001   0.8075166994E+000   0.9883158780E+000
 0.2727273   0.9493966401E-001   0.1029467569E+001   0.8191750253E+000   0.1025954513E+001
 0.2828283   0.1004745065E+000   0.9952568046E+000   0.8260710371E+000   0.1040790199E+001
 0.2929293   0.1120456576E+000   0.1046872110E+001   0.8376658088E+000   0.1013988770E+001
 0.3030303   0.1231346612E+000   0.9920402693E+000   0.8478550117E+000   0.1019358775E+001
 0.3131313   0.1334048895E+000   0.1031464279E+001   0.8617851415E+000   0.9952652968E+000
 0.3232323   0.1464977032E+000   0.1006119279E+001   0.8596791572E+000   0.9956594751E+000
 0.3333333   0.1601139990E+000   0.1020562381E+001   0.8793940960E+000   0.1009215431E+001
 0.3434343   0.1758493376E+000   0.1025026570E+001   0.8866066991E+000   0.1016915409E+001
 0.3535354   0.1957254520E+000   0.1007283447E+001   0.9011614072E+000   0.9791228824E+000
 0.3636364   0.2156796334E+000   0.1000609194E+001   0.9055835643E+000   0.1000937686E+001
 0.3737374   0.2382335689E+000   0.1008994912E+001   0.9171512297E+000   0.9850247586E+000
 0.3838384   0.2650049746E+000   0.9953286955E+000   0.9454008580E+000   0.1033173917E+001
 0.3939394   0.2947489315E+000   0.9788262688E+000   0.9616688747E+000   0.1048903254E+001
 0.4040404   0.3265881091E+000   0.1001054453E+001   0.9634045816E+000   0.9916987924E+000
 0.4141414   0.3649546195E+000   0.1008030184E+001   0.9766349690E+000   0.9626078884E+000
 0.4242424   0.4083636620E+000   0.9941946754E+000   0.9837110951E+000   0.9886317607E+000
 0.4343434   0.4553005108E+000   0.1010692464E+001   0.9965502414E+000   0.9839502175E+000
 0.4444444   0.5154882534E+000   0.1033808848E+001   0.1026000108E+001   0.1007066349E+001
 0.4545455   0.5772596876E+000   0.9862101540E+000   0.1036104466E+001   0.1009766201E+001
 0.4646465   0.6470726639E+000   0.1016218782E+001   0.1057966027E+001   0.9957296713E+000
 0.4747475   0.7156433418E+000   0.9706539036E+000   0.1065748104E+001   0.9744224403E+000
 0.4848485   0.8161201505E+000   0.9996931653E+000   0.1095200088E+001   0.9859886057E+000
 0.4949495   0.9099590568E+000   0.1038595387E+001   0.1101291713E+001   0.1021591552E+001
 0.5050505   0.9889952776E+000   0.1024217218E+001   0.1113176148E+001   0.9948846176E+000
 0.5151515   0.9794772511E+000   0.9970703091E+000   0.1127975471E+001   0.9977950580E+000
 0.5252525   0.9761520707E+000   0.1002821576E+001   0.1107554915E+001   0.9877273103E+000
 0.5353535   0.9907567269E+000   0.1027570578E+001   0.1111902409E+001   0.9990477892E+000
 0.5454545   0.9965599144E+000   0.1023449610E+001   0.1115943362E+001   0.1003437748E+001
 0.5555556   0.1003798552E+001   0.1028581688E+001   0.1112066485E+001   0.9944526413E+000
 0.5656566   0.1007562044E+001   0.9787404637E+000   0.1107536225E+001   0.9386467030E+000
 0.5757576   0.1017879732E+001   0.1012408568E+001   0.1121033952E+001   0.9836613334E+000
 0.5858586   0.1031622290E+001   0.1006086812E+001   0.1122763593E+001   0.1000308620E+001
 0.5959596   0.1040569634E+001   0.1014182648E+001   0.1115836361E+001   0.9723354548E+000
 0.6060606   0.1064467412E+001   0.1023491353E+001   0.1116145766E+001   0.9833778489E+000
 0.6161616   0.1070262352E+001   0.9969427608E+000   0.1117678428E+001   0.9421754094E+000
 0.6262626   0.1082415485E+001   0.9767205629E+000   0.1119028264E+001   0.1006804464E+001
 0.6363636   0.1087112001E+001   0.9839792188E+000   0.1120482128E+001   0.9762556397E+000
 0.6464646   0.1118760435E+001   0.1004479704E+001   0.1137307333E+001   0.1006863860E+001
 0.6565657   0.1140684232E+001   0.9892365265E+000   0.1140892257E+001   0.9922549619E+000
 0.6666667   0.1161612397E+001   0.9894568371E+000   0.1126546539E+001   0.9994014698E+000
 0.6767677   0.1189850453E+001   0.9855840079E+000   0.1125896855E+001   0.1004952365E+001
 0.6868687   0.1225771488E+001   0.1005736634E+001   0.1135393772E+001   0.9834399455E+000
 0.6969697   0.1232380181E+001   0.1003456999E+001   0.1135377077E+001   0.9611121705E+000
 0.7070707   0.1282161558E+001   0.1008424424E+001   0.1142787634E+001   0.9806213002E+000
 0.7171717   0.1315079088E+001   0.1025947237E+001   0.1140236109E+001   0.1005584131E+001
 0.7272727   0.1334952721E+001   0.1014518912E+001   0.1139520610E+001   0.9803621144E+000
 0.7373737   0.1376081107E+001   0.9936357821E+000   0.1142439234E+001   0.9774246756E+000
 0.7474747   0.1420392315E+001   0.1037957645E+001   0.1152472604E+001   0.1007949201E+001
 0.7575758   0.1460082606E+001   0.9887796718E+000   0.1142989033E+001   0.9775623680E+000
 0.7676768   0.1507090128E+001   0.9889907062E+000   0.1147483645E+001   0.9775191704E+000
 0.7777778   0.1544064575E+001   0.9897490386E+000   0.1166955717E+001   0.9730023182E+000
 0.7878788   0.1615558629E+001   0.1007290404E+001   0.1153722654E+001   0.9707317427E+000
 0.7979798   0.1666693415E+001   0.1015808309E+001   0.1170183638E+001   0.1002133720E+001
 0.8080808   0.1724262475E+001   0.1012638155E+001   0.1167769692E+001   0.9862774899E+000
 0.8181818   0.1773526516E+001   0.9940856796E+000   0.1161264140E+001   0.9832914537E+000
 0.8282828   0.1849999673E+001   0.9934038762E+000   0.1170973864E+001   0.9607449906E+000
 0.8383838   0.1937612480E+001   0.9826295263E+000   0.1181891128E+001   0.9762718388E+000
 0.8484848   0.1984419044E+001   0.1009690630E+001   0.1179285218E+001   0.1003262258E+001
 0.8585859   0.2107758393E+001   0.1011409053E+001   0.1207559665E+001   0.1002363207E+001
 0.8686869   0.2176287396E+001   0.9849369903E+000   0.1195673036E+001   0.9599458345E+000
 0.8787879   0.2277714046E+001   0.1007060817E+001   0.1201843600E+001   0.1005495036E+001
 0.8888889   0.2356243804E+001   0.9869939960E+000   0.1203631622E+001   0.9728673256E+000
 0.8989899   0.2453173180E+001   0.9596917098E+000   0.1197698357E+001   0.9619167264E+000
 0.9090909   0.2608583499E+001   0.9877871143E+000   0.1212085359E+001   0.9795926566E+000
 0.9191919   0.2735493439E+001   0.1037333818E+001   0.1227338924E+001   0.1015376493E+001
 0.9292929   0.2885692280E+001   0.1019191817E+001   0.1228548127E+001   0.9974440772E+000
 0.9393939   0.3048568324E+001   0.1005857225E+001   0.1242607477E+001   0.9945417365E+000
 0.9494949   0.3156419981E+001   0.9839421139E+000   0.1229556704E+001   0.9706075496E+000
 0.9595960   0.3346278896E+001   0.1038384352E+001   0.1247653596E+001   0.1009037241E+001
 0.9696970   0.3505889476E+001   0.9983968111E+000   0.1247744615E+001   0.9904811592E+000
 0.9797980   0.3703289774E+001   0.1024003865E+001   0.1243922093E+001   0.1002384806E+001
 0.9898990   0.3985397966E+001   0.9814815919E+000   0.1280447817E+001   0.9607071927E+000
 1.0000000   0.4125788051E+001   0.1086975604E+001   0.1280911330E+001   0.1041524559E+001


 0.0000000   0.1414089839E+000   0.9669490899E+000   0.7118595589E+000   0.1006467866E+001
 0.0101010   0.1401278380E+000   0.9702219486E+000   0.7079708175E+000   0.1039661304E+001
 0.0202020   0.1386637215E+000   0.9750564760E+000   0.7148707503E+000   0.1003205629E+001
 0.0303030   0.1313976147E+000   0.9844389480E+000   0.7053363020E+000   0.1034876214E+001
 0.0404040   0.1280073591E+000   0.9660727279E+000   0.7198988338E+000   0.1020216374E+001
 0.0505051   0.1216879086E+000   0.9684879150E+000   0.7234637156E+000   0.1023283495E+001
 0.0606061   0.1118183457E+000   0.9878654816E+000   0.7234232406E+000   0.1029562885E+001
 0.0707071   0.1021729743E+000   0.1000340141E+001   0.7152687423E+000   0.1060564842E+001
 0.0808081   0.9317666261E-001   0.9400746831E+000   0.7081213673E+000   0.1002991478E+001
 0.0909091   0.8486042293E-001   0.9768486569E+000   0.7090332436E+000   0.1014270109E+001
 0.1010101   0.7907015988E-001   0.9869953497E+000   0.7238111956E+000   0.1011812129E+001
 0.1111111   0.7338306845E-001   0.9951712666E+000   0.7290755783E+000   0.1024630269E+001
 0.1212121   0.6748780673E-001   0.9752828349E+000   0.7209659145E+000   0.1020913555E+001
 0.1313131   0.6326408555E-001   0.9721117338E+000   0.7300581305E+000   0.1034635889E+001
 0.1414141   0.6099057640E-001   0.1005872435E+001   0.7276998146E+000   0.1029612853E+001
 0.1515152   0.5859517714E-001   0.9589621516E+000   0.7384251857E+000   0.1006532112E+001
 0.1616162   0.5878842459E-001   0.9939709415E+000   0.7314954206E+000   0.1021722571E+001
 0.1717172   0.5798378931E-001   0.1006159018E+001   0.7446302471E+000   0.1036613219E+001
 0.1818182   0.5904055497E-001   0.9812263132E+000   0.7465865802E+000   0.1008171558E+001
 0.1919192   0.5993493872E-001   0.9770480189E+000   0.7514692352E+000   0.1028432642E+001
 0.2020202   0.6162893656E-001   0.9963445947E+000   0.7511849744E+000   0.9927050817E+000
 0.2121212   0.6505764473E-001   0.1041130427E+001   0.7714150129E+000   0.1020278240E+001
 0.2222222   0.6820721132E-001   0.9942803678E+000   0.7629373296E+000   0.9972046366E+000
 0.2323232   0.7130123550E-001   0.9951318095E+000   0.7790422765E+000   0.1005328106E+001
 0.2424242   0.7573317767E-001   0.9670155439E+000   0.7963179337E+000   0.1013782320E+001
 0.2525253   0.8242229894E-001   0.9803354144E+000   0.7987602322E+000   0.1010612882E+001
 0.2626263   0.8723599032E-001   0.1038939522E+001   0.8055984913E+000   0.9863614469E+000
 0.2727273   0.9541601555E-001   0.1033110262E+001   0.8188550126E+000   0.1025962765E+001
 0.2828283   0.1009418887E+000   0.9984150517E+000   0.8244911378E+000   0.1039213966E+001
 0.2929293   0.1123290229E+000   0.1047975188E+001   0.8333965899E+000   0.1009223279E+001
 0.3030303   0.1239799993E+000   0.9973808616E+000   0.8460300988E+000   0.1017570417E+001
 0.3131313   0.1336099982E+000   0.1031529903E+001   0.8587972077E+000   0.9922101545E+000
 0.3232323   0.1468811112E+000   0.1007267968E+001   0.8589367153E+000   0.9951963742E+000
 0.3333333   0.1604694767E+000   0.1021322986E+001   0.8840327277E+000   0.1014943495E+001
 0.3434343   0.1770549253E+000   0.1030535170E+001   0.8844724592E+000   0.1014872112E+001
 0.3535354   0.1968425662E+000   0.1011541790E+001   0.8981732172E+000   0.9762654070E+000
 0.3636364   0.2155919953E+000   0.9987307081E+000   0.9045169749E+000   0.1000157544E+001
 0.3737374   0.2388534783E+000   0.1010131720E+001   0.9142227288E+000   0.9822711588E+000
 0.3838384   0.2660794953E+000   0.9978938033E+000   0.9401126018E+000   0.1027804465E+001
 0.3939394   0.2944472823E+000   0.9763855557E+000   0.9607706966E+000   0.1048341567E+001
 0.4040404   0.3269106781E+000   0.1000568576E+001   0.9642703251E+000   0.9929858578E+000
 0.4141414   0.3654329700E+000   0.1007866054E+001   0.9749539689E+000   0.9613343086E+000
 0.4242424   0.4099216319E+000   0.9965190364E+000   0.9851669578E+000   0.9904898064E+000
 0.4343434   0.4561598190E+000   0.1011109839E+001   0.9970860437E+000   0.9848719063E+000
 0.4444444   0.5167359963E+000   0.1034786148E+001   0.1026447610E+001   0.1007907438E+001
 0.4545455   0.5777088373E+000   0.9855250553E+000   0.1033941089E+001   0.1008059724E+001
 0.4646465   0.6482101896E+000   0.1016507149E+001   0.1056485021E+001   0.9947323799E+000
 0.4747475   0.7156875543E+000   0.9692853628E+000   0.1065657566E+001   0.9747282772E+000
 0.4848485   0.8174376033E+000   0.9998334289E+000   0.1095795632E+001   0.9869182401E+000
 0.4949495   0.9128794207E+000   0.1040395280E+001   0.1100375879E+001   0.1021149122E+001
 0.5050505   0.9830109921E+000   0.1016521686E+001   0.1115989834E+001   0.9977971217E+000
 0.5151515   0.9790974427E+000   0.9952169537E+000   0.1129278516E+001   0.9993461488E+000
 0.5252525   0.9776496072E+000   0.1002882005E+001   0.1108710850E+001   0.9891525511E+000
 0.5353535   0.9912935832E+000   0.1026614385E+001   0.1114027909E+001   0.1001356791E+001
 0.5454545   0.9933282561E+000   0.1018629523E+001   0.1119972644E+001   0.1007462480E+001
 0.5555556   0.1004404516E+001   0.1027688032E+001   0.1111462364E+001   0.9943088364E+000
 0.5656566   0.1005764880E+001   0.9755569576E+000   0.1108665663E+001   0.9399786739E+000
 0.5757576   0.1020635736E+001   0.1013655858E+001   0.1120166199E+001   0.9832919462E+000
 0.5858586   0.1031512922E+001   0.1004499745E+001   0.1116692297E+001   0.9952963114E+000
 0.5959596   0.1040765976E+001   0.1012881254E+001   0.1115556941E+001   0.9724796895E+000
 0.6060606   0.1063970203E+001   0.1021507811E+001   0.1117803510E+001   0.9852312044E+000
 0.6161616   0.1068570916E+001   0.9939024108E+000   0.1119839356E+001   0.9443735326E+000
 0.6262626   0.1087656190E+001   0.9800052212E+000   0.1122054631E+001   0.1009929978E+001
 0.6363636   0.1090755407E+001   0.9858240983E+000   0.1121826499E+001   0.9778168136E+000
 0.6464646   0.1118703582E+001   0.1002950536E+001   0.1140850506E+001   0.1010403490E+001
 0.6565657   0.1145091538E+001   0.9915972882E+000   0.1140120617E+001   0.9919793471E+000
 0.6666667   0.1159966427E+001   0.9866007792E+000   0.1123546993E+001   0.9971380118E+000
 0.6767677   0.1188602664E+001   0.9831015616E+000   0.1129023836E+001   0.1008145384E+001
 0.6868687   0.1224719792E+001   0.1003394947E+001   0.1140849986E+001   0.9885600660E+000
 0.6969697   0.1231433083E+001   0.1001210272E+001   0.1133573913E+001   0.9599684998E+000
 0.7070707   0.1288628781E+001   0.1012019428E+001   0.1146399353E+001   0.9841128592E+000
 0.7171717   0.1317023232E+001   0.1025951922E+001   0.1144176006E+001   0.1009461224E+001
 0.7272727   0.1330542168E+001   0.1009679002E+001   0.1140034755E+001   0.9811956438E+000
 0.7373737   0.1376272679E+001   0.9923116685E+000   0.1142186145E+001   0.9775979035E+000
 0.7474747   0.1422385499E+001   0.1037884565E+001   0.1154755648E+001   0.1010348762E+001
 0.7575758   0.1459426825E+001   0.9868811320E+000   0.1142822374E+001   0.9778096752E+000
 0.7676768   0.1504614916E+001   0.9859133958E+000   0.1150421555E+001   0.9804128022E+000
 0.7777778   0.1544182566E+001   0.9883680399E+000   0.1170770427E+001   0.9765723571E+000
 0.7878788   0.1614728036E+001   0.1005290962E+001   0.1159240386E+001   0.9757633414E+000
 0.7979798   0.1671826797E+001   0.1017437505E+001   0.1177258991E+001   0.1008595102E+001
 0.8080808   0.1724753466E+001   0.1011435879E+001   0.1170746303E+001   0.9891858635E+000
 0.8181818   0.1774966867E+001   0.9934289261E+000   0.1165206265E+001   0.9870229362E+000
 0.8282828   0.1849368437E+001   0.9916035182E+000   0.1174970462E+001   0.9644085682E+000
 0.8383838   0.1935880325E+001   0.9803063408E+000   0.1183272267E+001   0.9778025368E+000
 0.8484848   0.1988873985E+001   0.1010468143E+001   0.1180968390E+001   0.1005094919E+001
 0.8585859   0.2096665698E+001   0.1004605656E+001   0.1205505218E+001   0.1001056979E+001
 0.8686869   0.2177662011E+001   0.9841087548E+000   0.1197799035E+001   0.9620362487E+000
 0.8787879   0.2272108863E+001   0.1003104211E+001   0.1198492591E+001   0.1003091416E+001
 0.8888889   0.2360101914E+001   0.9871552546E+000   0.1209690671E+001   0.9781546966E+000
 0.8989899   0.2458711452E+001   0.9604428294E+000   0.1201092236E+001   0.9650272273E+000
 0.9090909   0.2608362235E+001   0.9862498191E+000   0.1213122700E+001   0.9808220689E+000
 0.9191919   0.2736460291E+001   0.1036173375E+001   0.1227505177E+001   0.1015919073E+001
 0.9292929   0.2884016804E+001   0.1017101082E+001   0.1230376718E+001   0.9993271131E+000
 0.9393939   0.3052533788E+001   0.1005683456E+001   0.1245039614E+001   0.9968857893E+000
 0.9494949   0.3155509267E+001   0.9822106628E+000   0.1233480017E+001   0.9740929619E+000
 0.9595960   0.3342386056E+001   0.1035650050E+001   0.1248203698E+001   0.1009884768E+001
 0.9696970   0.3508162767E+001   0.9975739934E+000   0.1253562238E+001   0.9954961859E+000
 0.9797980   0.3687981545E+001   0.1018270256E+001   0.1242747162E+001   0.1001837441E+001
 0.9898990   0.3979212694E+001   0.9785162366E+000   0.1283993652E+001   0.9637518379E+000
 1.0000000   0.4116687459E+001   0.1082981901E+001   0.1280438497E+001   0.1041555353E+001


 0.0000000   0.1421320167E+000   0.9707851005E+000   0.7111648782E+000   0.1005311771E+001
 0.0101010   0.1411334326E+000   0.9760704270E+000   0.7105658303E+000   0.1043291617E+001
 0.0202020   0.1391281524E+000   0.9772068751E+000   0.7152692516E+000   0.1003591243E+001
 0.0303030   0.1327297507E+000   0.9932856508E+000   0.7088419701E+000   0.1039839875E+001
 0.0404040   0.1280024580E+000   0.9649343583E+000   0.7199802914E+000   0.1020155329E+001
 0.0505051   0.1222299909E+000   0.9716931357E+000   0.7269673099E+000   0.1028061207E+001
 0.0606061   0.1123597002E+000   0.9915163864E+000   0.7245598551E+000   0.1031002134E+001
 0.0707071   0.1025218286E+000   0.1002611266E+001   0.7148766554E+000   0.1059800133E+001
 0.0808081   0.9346211828E-001   0.9418796257E+000   0.7087096412E+000   0.1003651088E+001
 0.0909091   0.8499657910E-001   0.9773004870E+000   0.7084215412E+000   0.1013219786E+001
 0.1010101   0.7947586343E-001   0.9909285038E+000   0.7237232633E+000   0.1011514220E+001
 0.1111111   0.7385450055E-001   0.1000422620E+001   0.7289846001E+000   0.1024325204E+001
 0.1212121   0.6817284390E-001   0.9840592644E+000   0.7214472733E+000   0.1021418474E+001
 0.1313131   0.6349370393E-001   0.9745277033E+000   0.7291796052E+000   0.1033212103E+001
 0.1414141   0.6102327087E-001   0.1005264226E+001   0.7283152419E+000   0.1030305374E+001
 0.1515152   0.5897699957E-001   0.9641105738E+000   0.7373626599E+000   0.1004909958E+001
 0.1616162   0.5898622679E-001   0.9961782578E+000   0.7330693445E+000   0.1023743858E+001
 0.1717172   0.5806467076E-001   0.1006413780E+001   0.7445927458E+000   0.1036381721E+001
 0.1818182   0.5928186857E-001   0.9841135593E+000   0.7460080694E+000   0.1007216107E+001
 0.1919192   0.6005990127E-001   0.9779688758E+000   0.7522712224E+000   0.1029352137E+001
 0.2020202   0.6191761236E-001   0.9998703101E+000   0.7543663657E+000   0.9967369178E+000
 0.2121212   0.6520067008E-001   0.1042229684E+001   0.7711209534E+000   0.1019712908E+001
 0.2222222   0.6820749050E-001   0.9931508497E+000   0.7641457298E+000   0.9986113312E+000
 0.2323232   0.7132418955E-001   0.9943172537E+000   0.7792240225E+000   0.1005388714E+001
 0.2424242   0.7566671853E-001   0.9650654149E+000   0.7951254956E+000   0.1012089154E+001
 0.2525253   0.8235642062E-001   0.9784350629E+000   0.8006837986E+000   0.1012871406E+001
 0.2626263   0.8778243018E-001   0.1044255445E+001   0.8064178438E+000   0.9871938671E+000
 0.2727273   0.9593327584E-001   0.1037526623E+001   0.8190014809E+000   0.1025968789E+001
 0.2828283   0.1012212678E+000   0.1000036939E+001   0.8259326423E+000   0.1040850819E+001
 0.2929293   0.1121932849E+000   0.1045515460E+001   0.8341336846E+000   0.1009941166E+001
 0.3030303   0.1239010192E+000   0.9956090976E+000   0.8486227935E+000   0.1020512259E+001
 0.3131313   0.1339674006E+000   0.1033110015E+001   0.8575802651E+000   0.9906327851E+000
 0.3232323   0.1470814955E+000   0.1007492189E+001   0.8607398729E+000   0.9971130829E+000
 0.3333333   0.1608581076E+000   0.1022629229E+001   0.8847805761E+000   0.1015626388E+001
 0.3434343   0.1777639872E+000   0.1033482590E+001   0.8874253990E+000   0.1018084284E+001
 0.3535354   0.1966412285E+000   0.1009355065E+001   0.8964409914E+000   0.9742140357E+000
 0.3636364   0.2159289836E+000   0.9991513709E+000   0.9064879265E+000   0.1002163526E+001
 0.3737374   0.2384702323E+000   0.1007361132E+001   0.9200098782E+000   0.9883180876E+000
 0.3838384   0.2662061221E+000   0.9972304552E+000   0.9411925104E+000   0.1028807125E+001
 0.3939394   0.2954417064E+000   0.9785661196E+000   0.9609843778E+000   0.1048393355E+001
 0.4040404   0.3276433231E+000   0.1001667658E+001   0.9640884910E+000   0.9926268873E+000
 0.4141414   0.3664585416E+000   0.1009542289E+001   0.9771001632E+000   0.9632838764E+000
 0.4242424   0.4102191080E+000   0.9961052405E+000   0.9884902992E+000   0.9936592038E+000
 0.4343434   0.4568316279E+000   0.1011444482E+001   0.9966274577E+000   0.9842486658E+000
 0.4444444   0.5161349729E+000   0.1032404181E+001   0.1026624181E+001   0.1007906455E+001
 0.4545455   0.5788682676E+000   0.9863770944E+000   0.1033197525E+001   0.1007160537E+001
 0.4646465   0.6454179848E+000   0.1010974551E+001   0.1057759575E+001   0.9957601711E+000
 0.4747475   0.7168228140E+000   0.9697160529E+000   0.1067497507E+001   0.9762423348E+000
 0.4848485   0.8185157515E+000   0.1000010728E+001   0.1100819927E+001   0.9912718382E+000
 0.4949495   0.9134013376E+000   0.1039803264E+001   0.1101250444E+001   0.1021783953E+001
 0.5050505   0.9822735902E+000   0.1014601075E+001   0.1122159997E+001   0.1003140273E+001
 0.5151515   0.9799318451E+000   0.9949294753E+000   0.1125561065E+001   0.9958841346E+000
 0.5252525   0.9774835137E+000   0.1001568430E+001   0.1110197890E+001   0.9903079152E+000
 0.5353535   0.9909526137E+000   0.1025091221E+001   0.1115180129E+001   0.1002219096E+001
 0.5454545   0.9946307980E+000   0.1018802376E+001   0.1121822098E+001   0.1008951595E+001
 0.5555556   0.1003030226E+001   0.1025111816E+001   0.1114651247E+001   0.9969891194E+000
 0.5656566   0.1007645742E+001   0.9762670119E+000   0.1112019242E+001   0.9426589179E+000
 0.5757576   0.1022262814E+001   0.1014114293E+001   0.1117402707E+001   0.9806964709E+000
 0.5858586   0.1026960850E+001   0.9989267024E+000   0.1117394016E+001   0.9957494846E+000
 0.5959596   0.1040807170E+001   0.1011766507E+001   0.1113347936E+001   0.9703861289E+000
 0.6060606   0.1061602119E+001   0.1018072203E+001   0.1117927256E+001   0.9851698427E+000
 0.6161616   0.1070182696E+001   0.9942667033E+000   0.1119538196E+001   0.9439562599E+000
 0.6262626   0.1084357139E+001   0.9759187757E+000   0.1122180426E+001   0.1009868498E+001
 0.6363636   0.1089910687E+001   0.9839375690E+000   0.1122558487E+001   0.9782855949E+000
 0.6464646   0.1117113685E+001   0.1000383303E+001   0.1138317276E+001   0.1007985535E+001
 0.6565657   0.1143694612E+001   0.9892584679E+000   0.1139627392E+001   0.9913787032E+000
 0.6666667   0.1159550622E+001   0.9851226953E+000   0.1125967782E+001   0.9991135970E+000
 0.6767677   0.1187313639E+001   0.9809157776E+000   0.1129554814E+001   0.1008445055E+001
 0.6868687   0.1224016151E+001   0.1001675147E+001   0.1140723640E+001   0.9882796162E+000
 0.6969697   0.1236574046E+001   0.1004243857E+001   0.1134732259E+001   0.9607832338E+000
 0.7070707   0.1285108852E+001   0.1008104411E+001   0.1145376342E+001   0.9830646008E+000
 0.7171717   0.1314631612E+001   0.1022921298E+001   0.1142400587E+001   0.1007720510E+001
 0.7272727   0.1333733012E+001   0.1010946467E+001   0.1141812737E+001   0.9825559231E+000
 0.7373737   0.1378371872E+001   0.9926921515E+000   0.1144206358E+001   0.9791576139E+000
 0.7474747   0.1422038300E+001   0.1036448214E+001   0.1150548596E+001   0.1006493699E+001
 0.7575758   0.1456845508E+001   0.9840124585E+000   0.1140593297E+001   0.9757336570E+000
 0.7676768   0.1506174023E+001   0.9858098065E+000   0.1151164192E+001   0.9808760042E+000
 0.7777778   0.1546558893E+001   0.9887604528E+000   0.1166279497E+001   0.9726580803E+000
 0.7878788   0.1612629277E+001   0.1002839679E+001   0.1156398741E+001   0.9732030922E+000
 0.7979798   0.1673217618E+001   0.1017122979E+001   0.1174143600E+001   0.1005752055E+001
 0.8080808   0.1721235995E+001   0.1008222362E+001   0.1170784349E+001   0.9890469074E+000
 0.8181818   0.1775316582E+001   0.9924918221E+000   0.1165950348E+001   0.9874824028E+000
 0.8282828   0.1853543427E+001   0.9927090017E+000   0.1174912714E+001   0.9641943668E+000
 0.8383838   0.1931477337E+001   0.9769616120E+000   0.1179689827E+001   0.9746735555E+000
 0.8484848   0.1991116363E+001   0.1010454069E+001   0.1181286879E+001   0.1005192082E+001
 0.8585859   0.2094774337E+001   0.1002555099E+001   0.1202348526E+001   0.9982629510E+000
 0.8686869   0.2177354428E+001   0.9828479267E+000   0.1195682031E+001   0.9601698283E+000
 0.8787879   0.2275083125E+001   0.1003272166E+001   0.1197596202E+001   0.1002167801E+001
 0.8888889   0.2365880518E+001   0.9884440446E+000   0.1208681858E+001   0.9771699236E+000
 0.8989899   0.2455179291E+001   0.9579696348E+000   0.1195987681E+001   0.9607597234E+000
 0.9090909   0.2615647152E+001   0.9878767567E+000   0.1211548513E+001   0.9793798932E+000
 0.9191919   0.2725479892E+001   0.1030838991E+001   0.1221802875E+001   0.1011024778E+001
 0.9292929   0.2887370798E+001   0.1017122979E+001   0.1225883974E+001   0.9955058322E+000
 0.9393939   0.3053298962E+001   0.1004788678E+001   0.1242166968E+001   0.9944136712E+000
 0.9494949   0.3146160506E+001   0.9781841831E+000   0.1229856771E+001   0.9710636535E+000
 0.9595960   0.3342053213E+001   0.1034366286E+001   0.1247606880E+001   0.1009227307E+001
 0.9696970   0.3510720208E+001   0.9971630547E+000   0.1253990445E+001   0.9956639925E+000
 0.9797980   0.3690060863E+001   0.1017682778E+001   0.1244703185E+001   0.1003240726E+001
 0.9898990   0.3975367352E+001   0.9764561079E+000   0.1279058211E+001   0.9598812926E+000
 1.0000000   0.4114812876E+001   0.1081254602E+001   0.1274490534E+001   0.1036537744E+001


