# Evolution of the weightfunction during equilibration phase for fractional: Ar
# Weightfunction after cycle        219
 0.0000000    0.2800000000E+001    0.2000000000E+001
 0.0101010    0.2800000000E+001    0.1000000000E+001
 0.0202020    0.2700000000E+001    0.1100000000E+001
 0.0303030    0.1900000000E+001    0.8000000000E+000
 0.0404040    0.2200000000E+001    0.1600000000E+001
 0.0505051    0.2800000000E+001    0.1500000000E+001
 0.0606061    0.2200000000E+001    0.1700000000E+001
 0.0707071    0.2200000000E+001    0.7000000000E+000
 0.0808081    0.3000000000E+001    0.1100000000E+001
 0.0909091    0.2000000000E+001    0.1000000000E+001
 0.1010101    0.2700000000E+001    0.1200000000E+001
 0.1111111    0.2800000000E+001    0.1100000000E+001
 0.1212121    0.2400000000E+001    0.8000000000E+000
 0.1313131    0.2900000000E+001    0.1600000000E+001
 0.1414141    0.2300000000E+001    0.9000000000E+000
 0.1515152    0.2500000000E+001    0.9000000000E+000
 0.1616162    0.3400000000E+001    0.1500000000E+001
 0.1717172    0.4100000000E+001    0.1500000000E+001
 0.1818182    0.3900000000E+001    0.1300000000E+001
 0.1919192    0.3100000000E+001    0.1200000000E+001
 0.2020202    0.2600000000E+001    0.3000000000E+000
 0.2121212    0.3300000000E+001    0.1800000000E+001
 0.2222222    0.3800000000E+001    0.1400000000E+001
 0.2323232    0.2800000000E+001    0.1900000000E+001
 0.2424242    0.4100000000E+001    0.1300000000E+001
 0.2525253    0.4500000000E+001    0.1400000000E+001
 0.2626263    0.3400000000E+001    0.1300000000E+001
 0.2727273    0.2700000000E+001    0.9000000000E+000
 0.2828283    0.3500000000E+001    0.7000000000E+000
 0.2929293    0.3400000000E+001    0.1200000000E+001
 0.3030303    0.3400000000E+001    0.2300000000E+001
 0.3131313    0.3400000000E+001    0.1200000000E+001
 0.3232323    0.2300000000E+001    0.1400000000E+001
 0.3333333    0.4000000000E+001    0.2500000000E+001
 0.3434343    0.3700000000E+001    0.1700000000E+001
 0.3535354    0.3400000000E+001    0.1600000000E+001
 0.3636364    0.3600000000E+001    0.1700000000E+001
 0.3737374    0.2400000000E+001    0.1200000000E+001
 0.3838384    0.3800000000E+001    0.1600000000E+001
 0.3939394    0.3600000000E+001    0.1500000000E+001
 0.4040404    0.2200000000E+001    0.1500000000E+001
 0.4141414    0.3300000000E+001    0.1500000000E+001
 0.4242424    0.2500000000E+001    0.1700000000E+001
 0.4343434    0.3900000000E+001    0.1900000000E+001
 0.4444444    0.3100000000E+001    0.1900000000E+001
 0.4545455    0.2600000000E+001    0.2800000000E+001
 0.4646465    0.2200000000E+001    0.2800000000E+001
 0.4747475    0.3300000000E+001    0.2700000000E+001
 0.4848485    0.3200000000E+001    0.1300000000E+001
 0.4949495    0.3100000000E+001    0.2000000000E+001
 0.5050505    0.3200000000E+001    0.2700000000E+001
 0.5151515    0.3500000000E+001    0.1700000000E+001
 0.5252525    0.2500000000E+001    0.1500000000E+001
 0.5353535    0.2800000000E+001    0.1200000000E+001
 0.5454545    0.3700000000E+001    0.2600000000E+001
 0.5555556    0.3300000000E+001    0.1500000000E+001
 0.5656566    0.2800000000E+001    0.1800000000E+001
 0.5757576    0.1600000000E+001    0.1400000000E+001
 0.5858586    0.3300000000E+001    0.2200000000E+001
 0.5959596    0.2500000000E+001    0.3000000000E+001
 0.6060606    0.2200000000E+001    0.1900000000E+001
 0.6161616    0.2900000000E+001    0.1200000000E+001
 0.6262626    0.2200000000E+001    0.1100000000E+001
 0.6363636    0.2500000000E+001    0.1400000000E+001
 0.6464646    0.2800000000E+001    0.3000000000E+000
 0.6565657    0.2400000000E+001    0.1700000000E+001
 0.6666667    0.2100000000E+001    0.1000000000E+001
 0.6767677    0.2900000000E+001    0.1400000000E+001
 0.6868687    0.2500000000E+001    0.1400000000E+001
 0.6969697    0.2800000000E+001    0.2100000000E+001
 0.7070707    0.3100000000E+001    0.1900000000E+001
 0.7171717    0.2600000000E+001    0.1200000000E+001
 0.7272727    0.2900000000E+001    0.1400000000E+001
 0.7373737    0.3000000000E+001    0.1700000000E+001
 0.7474747    0.2200000000E+001    0.1000000000E+001
 0.7575758    0.2200000000E+001    0.7000000000E+000
 0.7676768    0.2900000000E+001    0.1300000000E+001
 0.7777778    0.3100000000E+001    0.1400000000E+001
 0.7878788    0.2000000000E+001    0.3000000000E+000
 0.7979798    0.2100000000E+001    0.8000000000E+000
 0.8080808    0.3000000000E+001    0.1800000000E+001
 0.8181818    0.2000000000E+001    0.8000000000E+000
 0.8282828    0.2700000000E+001    0.1300000000E+001
 0.8383838    0.2800000000E+001    0.1600000000E+001
 0.8484848    0.2600000000E+001    0.1100000000E+001
 0.8585859    0.2600000000E+001    0.8000000000E+000
 0.8686869    0.2700000000E+001    0.1100000000E+001
 0.8787879    0.2600000000E+001    0.1300000000E+001
 0.8888889    0.2000000000E+001    0.5000000000E+000
 0.8989899    0.2600000000E+001    0.1100000000E+001
 0.9090909    0.3100000000E+001    0.1600000000E+001
 0.9191919    0.2800000000E+001    0.1300000000E+001
 0.9292929    0.1600000000E+001    0.0000000000E+000
 0.9393939    0.3300000000E+001    0.1800000000E+001
 0.9494949    0.3400000000E+001    0.1800000000E+001
 0.9595960    0.2300000000E+001    0.9000000000E+000
 0.9696970    0.2200000000E+001    0.7000000000E+000
 0.9797980    0.3100000000E+001    0.7000000000E+000
 0.9898990    0.2000000000E+001    0.1000000000E+000
 1.0000000    0.3300000000E+001    0.1200000000E+001


# Weightfunction after cycle        827
 0.0000000    0.1700000000E+001    0.5000000000E+000
 0.0101010    0.2300000000E+001    0.1150000000E+001
 0.0202020    0.2525000000E+001    0.1125000000E+001
 0.0303030    0.2200000000E+001    0.9000000000E+000
 0.0404040    0.2525000000E+001    0.1100000000E+001
 0.0505051    0.2325000000E+001    0.5000000000E+000
 0.0606061    0.2500000000E+001    0.1125000000E+001
 0.0707071    0.1900000000E+001    0.6500000000E+000
 0.0808081    0.2475000000E+001    0.8000000000E+000
 0.0909091    0.2150000000E+001    0.5000000000E+000
 0.1010101    0.2775000000E+001    0.7750000000E+000
 0.1111111    0.2625000000E+001    0.5750000000E+000
 0.1212121    0.2400000000E+001    0.8250000000E+000
 0.1313131    0.2800000000E+001    0.1000000000E+001
 0.1414141    0.2825000000E+001    0.8500000000E+000
 0.1515152    0.2875000000E+001    0.1100000000E+001
 0.1616162    0.3025000000E+001    0.1100000000E+001
 0.1717172    0.3150000000E+001    0.1000000000E+001
 0.1818182    0.2875000000E+001    0.1050000000E+001
 0.1919192    0.2625000000E+001    0.6250000000E+000
 0.2020202    0.3100000000E+001    0.7250000000E+000
 0.2121212    0.2700000000E+001    0.7250000000E+000
 0.2222222    0.2775000000E+001    0.5750000000E+000
 0.2323232    0.2950000000E+001    0.8750000000E+000
 0.2424242    0.2450000000E+001    0.9750000000E+000
 0.2525253    0.2675000000E+001    0.1000000000E+001
 0.2626263    0.2825000000E+001    0.5500000000E+000
 0.2727273    0.2950000000E+001    0.7750000000E+000
 0.2828283    0.3075000000E+001    0.6750000000E+000
 0.2929293    0.2850000000E+001    0.6500000000E+000
 0.3030303    0.2425000000E+001    0.5000000000E+000
 0.3131313    0.2825000000E+001    0.9500000000E+000
 0.3232323    0.2100000000E+001    0.7500000000E+000
 0.3333333    0.2400000000E+001    0.5750000000E+000
 0.3434343    0.2200000000E+001    0.7750000000E+000
 0.3535354    0.2550000000E+001    0.5250000000E+000
 0.3636364    0.2275000000E+001    0.6750000000E+000
 0.3737374    0.2050000000E+001    0.9750000000E+000
 0.3838384    0.2175000000E+001    0.4000000000E+000
 0.3939394    0.2175000000E+001    0.8000000000E+000
 0.4040404    0.2175000000E+001    0.7250000000E+000
 0.4141414    0.1775000000E+001    0.9000000000E+000
 0.4242424    0.2175000000E+001    0.7000000000E+000
 0.4343434    0.1975000000E+001    0.3250000000E+000
 0.4444444    0.1700000000E+001    0.3750000000E+000
 0.4545455    0.1900000000E+001    0.7750000000E+000
 0.4646465    0.2050000000E+001    0.5750000000E+000
 0.4747475    0.1725000000E+001    0.3750000000E+000
 0.4848485    0.1550000000E+001    0.2500000000E+000
 0.4949495    0.1600000000E+001    0.5500000000E+000
 0.5050505    0.1625000000E+001    0.6500000000E+000
 0.5151515    0.1400000000E+001    0.3250000000E+000
 0.5252525    0.1275000000E+001    0.3750000000E+000
 0.5353535    0.1500000000E+001    0.6500000000E+000
 0.5454545    0.1350000000E+001    0.5000000000E+000
 0.5555556    0.1125000000E+001    0.3500000000E+000
 0.5656566    0.1625000000E+001    0.6750000000E+000
 0.5757576    0.8750000000E+000    0.6250000000E+000
 0.5858586    0.1575000000E+001    0.4250000000E+000
 0.5959596    0.1650000000E+001    0.3250000000E+000
 0.6060606    0.1725000000E+001    0.1000000000E+000
 0.6161616    0.1600000000E+001    0.8750000000E+000
 0.6262626    0.1525000000E+001    0.5500000000E+000
 0.6363636    0.1475000000E+001    0.2750000000E+000
 0.6464646    0.1400000000E+001    0.8750000000E+000
 0.6565657    0.1550000000E+001    0.5000000000E+000
 0.6666667    0.1300000000E+001    0.6000000000E+000
 0.6767677    0.1750000000E+001    0.6000000000E+000
 0.6868687    0.1700000000E+001    0.8250000000E+000
 0.6969697    0.1900000000E+001    0.4250000000E+000
 0.7070707    0.1625000000E+001    0.5750000000E+000
 0.7171717    0.1175000000E+001    0.7500000000E-001
 0.7272727    0.1825000000E+001    0.5000000000E+000
 0.7373737    0.1375000000E+001    0.2750000000E+000
 0.7474747    0.1650000000E+001    0.3500000000E+000
 0.7575758    0.1600000000E+001    0.2750000000E+000
 0.7676768    0.1750000000E+001    0.4000000000E+000
 0.7777778    0.1600000000E+001    0.4000000000E+000
 0.7878788    0.1575000000E+001    0.4500000000E+000
 0.7979798    0.2025000000E+001    0.6250000000E+000
 0.8080808    0.1500000000E+001    0.4250000000E+000
 0.8181818    0.1575000000E+001    0.2250000000E+000
 0.8282828    0.1650000000E+001    0.4750000000E+000
 0.8383838    0.1550000000E+001    0.2250000000E+000
 0.8484848    0.1950000000E+001    0.6250000000E+000
 0.8585859    0.1825000000E+001    0.3000000000E+000
 0.8686869    0.1475000000E+001    0.2250000000E+000
 0.8787879    0.1725000000E+001    0.6750000000E+000
 0.8888889    0.1775000000E+001    0.5000000000E+000
 0.8989899    0.1475000000E+001    0.2250000000E+000
 0.9090909    0.1725000000E+001    0.3750000000E+000
 0.9191919    0.1725000000E+001    0.4750000000E+000
 0.9292929    0.1300000000E+001    0.0000000000E+000
 0.9393939    0.1700000000E+001    0.7500000000E-001
 0.9494949    0.1275000000E+001    0.2500000000E+000
 0.9595960    0.1575000000E+001    0.2750000000E+000
 0.9696970    0.1475000000E+001    0.8881784197E-014
 0.9797980    0.1850000000E+001    0.6250000000E+000
 0.9898990    0.1575000000E+001    0.4250000000E+000
 1.0000000    0.1750000000E+001    0.5250000000E+000


# Weightfunction after cycle       1828
 0.0000000    0.2037500000E+001    0.6437500000E+000
 0.0101010    0.1981250000E+001    0.4312500000E+000
 0.0202020    0.2331250000E+001    0.7750000000E+000
 0.0303030    0.2262500000E+001    0.6750000000E+000
 0.0404040    0.2012500000E+001    0.4687500000E+000
 0.0505051    0.2162500000E+001    0.6812500000E+000
 0.0606061    0.2431250000E+001    0.8687500000E+000
 0.0707071    0.2100000000E+001    0.3437500000E+000
 0.0808081    0.2562500000E+001    0.9000000000E+000
 0.0909091    0.2575000000E+001    0.7687500000E+000
 0.1010101    0.2537500000E+001    0.7437500000E+000
 0.1111111    0.2562500000E+001    0.5562500000E+000
 0.1212121    0.2643750000E+001    0.5812500000E+000
 0.1313131    0.2612500000E+001    0.4062500000E+000
 0.1414141    0.2800000000E+001    0.6375000000E+000
 0.1515152    0.2868750000E+001    0.7000000000E+000
 0.1616162    0.2837500000E+001    0.7250000000E+000
 0.1717172    0.2918750000E+001    0.5437500000E+000
 0.1818182    0.2962500000E+001    0.7125000000E+000
 0.1919192    0.3218750000E+001    0.7437500000E+000
 0.2020202    0.2943750000E+001    0.4750000000E+000
 0.2121212    0.2962500000E+001    0.5687500000E+000
 0.2222222    0.2850000000E+001    0.5625000000E+000
 0.2323232    0.3043750000E+001    0.6125000000E+000
 0.2424242    0.2731250000E+001    0.7750000000E+000
 0.2525253    0.3075000000E+001    0.7312500000E+000
 0.2626263    0.2875000000E+001    0.5937500000E+000
 0.2727273    0.2950000000E+001    0.7812500000E+000
 0.2828283    0.2681250000E+001    0.7812500000E+000
 0.2929293    0.2812500000E+001    0.5750000000E+000
 0.3030303    0.2650000000E+001    0.2375000000E+000
 0.3131313    0.2687500000E+001    0.6437500000E+000
 0.3232323    0.2681250000E+001    0.6500000000E+000
 0.3333333    0.2587500000E+001    0.3937500000E+000
 0.3434343    0.2600000000E+001    0.9312500000E+000
 0.3535354    0.2443750000E+001    0.5000000000E+000
 0.3636364    0.2693750000E+001    0.5562500000E+000
 0.3737374    0.2231250000E+001    0.4000000000E+000
 0.3838384    0.2043750000E+001    0.3875000000E+000
 0.3939394    0.2456250000E+001    0.5375000000E+000
 0.4040404    0.2100000000E+001    0.5437500000E+000
 0.4141414    0.2206250000E+001    0.5312500000E+000
 0.4242424    0.1925000000E+001    0.5250000000E+000
 0.4343434    0.2075000000E+001    0.5375000000E+000
 0.4444444    0.1925000000E+001    0.3750000000E+000
 0.4545455    0.1950000000E+001    0.3000000000E+000
 0.4646465    0.1687500000E+001    0.3812500000E+000
 0.4747475    0.1750000000E+001    0.2625000000E+000
 0.4848485    0.1462500000E+001    0.2875000000E+000
 0.4949495    0.1443750000E+001    0.1812500000E+000
 0.5050505    0.1456250000E+001    0.4937500000E+000
 0.5151515    0.1600000000E+001    0.3000000000E+000
 0.5252525    0.1543750000E+001    0.1125000000E+000
 0.5353535    0.1431250000E+001    0.2250000000E+000
 0.5454545    0.1668750000E+001    0.1812500000E+000
 0.5555556    0.1687500000E+001    0.2250000000E+000
 0.5656566    0.1756250000E+001    0.3812500000E+000
 0.5757576    0.1481250000E+001    0.4875000000E+000
 0.5858586    0.1550000000E+001    0.1875000000E+000
 0.5959596    0.1506250000E+001    0.2812500000E+000
 0.6060606    0.1568750000E+001    0.3000000000E+000
 0.6161616    0.1450000000E+001    0.2250000000E+000
 0.6262626    0.1612500000E+001    0.3250000000E+000
 0.6363636    0.1462500000E+001    0.2750000000E+000
 0.6464646    0.1550000000E+001    0.3250000000E+000
 0.6565657    0.1500000000E+001    0.3125000000E+000
 0.6666667    0.1693750000E+001    0.2437500000E+000
 0.6767677    0.1481250000E+001    0.2687500000E+000
 0.6868687    0.1531250000E+001    0.2187500000E+000
 0.6969697    0.1531250000E+001    0.3750000000E+000
 0.7070707    0.1556250000E+001    0.2062500000E+000
 0.7171717    0.1500000000E+001    0.1687500000E+000
 0.7272727    0.1581250000E+001    0.2375000000E+000
 0.7373737    0.1650000000E+001    0.2875000000E+000
 0.7474747    0.1487500000E+001    0.1687500000E+000
 0.7575758    0.1556250000E+001    0.2062500000E+000
 0.7676768    0.1712500000E+001    0.3875000000E+000
 0.7777778    0.1712500000E+001    0.3437500000E+000
 0.7878788    0.1612500000E+001    0.2875000000E+000
 0.7979798    0.1681250000E+001    0.3500000000E+000
 0.8080808    0.1550000000E+001    0.2500000000E+000
 0.8181818    0.1543750000E+001    0.1812500000E+000
 0.8282828    0.1687500000E+001    0.3375000000E+000
 0.8383838    0.1593750000E+001    0.1937500000E+000
 0.8484848    0.1518750000E+001    0.2500000000E+000
 0.8585859    0.1618750000E+001    0.3062500000E+000
 0.8686869    0.1600000000E+001    0.2625000000E+000
 0.8787879    0.1637500000E+001    0.3562500000E+000
 0.8888889    0.1737500000E+001    0.3750000000E+000
 0.8989899    0.1643750000E+001    0.3125000000E+000
 0.9090909    0.1681250000E+001    0.2875000000E+000
 0.9191919    0.1743750000E+001    0.2812500000E+000
 0.9292929    0.1706250000E+001    0.4312500000E+000
 0.9393939    0.1625000000E+001    0.3312500000E+000
 0.9494949    0.1500000000E+001    0.1500000000E+000
 0.9595960    0.1381250000E+001    0.1875000000E-001
 0.9696970    0.1562500000E+001    0.1937500000E+000
 0.9797980    0.1812500000E+001    0.3875000000E+000
 0.9898990    0.1368750000E+001    0.0000000000E+000
 1.0000000    0.1831250000E+001    0.3250000000E+000


# Weightfunction after cycle       4298
 0.0000000    0.1917187500E+001    0.5015625000E+000
 0.0101010    0.1854687500E+001    0.4390625000E+000
 0.0202020    0.1812500000E+001    0.4531250000E+000
 0.0303030    0.1964062500E+001    0.5390625000E+000
 0.0404040    0.1856250000E+001    0.3859375000E+000
 0.0505051    0.1798437500E+001    0.3843750000E+000
 0.0606061    0.2000000000E+001    0.4593750000E+000
 0.0707071    0.2001562500E+001    0.4781250000E+000
 0.0808081    0.2010937500E+001    0.4796875000E+000
 0.0909091    0.2156250000E+001    0.5359375000E+000
 0.1010101    0.2259375000E+001    0.4828125000E+000
 0.1111111    0.2306250000E+001    0.4656250000E+000
 0.1212121    0.2307812500E+001    0.4765625000E+000
 0.1313131    0.2479687500E+001    0.4828125000E+000
 0.1414141    0.2518750000E+001    0.6203125000E+000
 0.1515152    0.2548437500E+001    0.5765625000E+000
 0.1616162    0.2446875000E+001    0.4515625000E+000
 0.1717172    0.2642187500E+001    0.4390625000E+000
 0.1818182    0.2595312500E+001    0.5234375000E+000
 0.1919192    0.2617187500E+001    0.5156250000E+000
 0.2020202    0.2667187500E+001    0.5312500000E+000
 0.2121212    0.2606250000E+001    0.4765625000E+000
 0.2222222    0.2484375000E+001    0.3984375000E+000
 0.2323232    0.2690625000E+001    0.3875000000E+000
 0.2424242    0.2620312500E+001    0.4234375000E+000
 0.2525253    0.2518750000E+001    0.3703125000E+000
 0.2626263    0.2532812500E+001    0.3781250000E+000
 0.2727273    0.2520312500E+001    0.4687500000E+000
 0.2828283    0.2431250000E+001    0.3625000000E+000
 0.2929293    0.2417187500E+001    0.4250000000E+000
 0.3030303    0.2307812500E+001    0.3828125000E+000
 0.3131313    0.2306250000E+001    0.3125000000E+000
 0.3232323    0.2335937500E+001    0.3484375000E+000
 0.3333333    0.2320312500E+001    0.3625000000E+000
 0.3434343    0.2251562500E+001    0.2875000000E+000
 0.3535354    0.2153125000E+001    0.3531250000E+000
 0.3636364    0.2137500000E+001    0.1625000000E+000
 0.3737374    0.2160937500E+001    0.3093750000E+000
 0.3838384    0.2048437500E+001    0.2781250000E+000
 0.3939394    0.2104687500E+001    0.3265625000E+000
 0.4040404    0.1921875000E+001    0.2390625000E+000
 0.4141414    0.1914062500E+001    0.2109375000E+000
 0.4242424    0.1842187500E+001    0.2359375000E+000
 0.4343434    0.1898437500E+001    0.2046875000E+000
 0.4444444    0.1773437500E+001    0.1078125000E+000
 0.4545455    0.1720312500E+001    0.1187500000E+000
 0.4646465    0.1632812500E+001    0.1406250000E+000
 0.4747475    0.1707812500E+001    0.1015625000E+000
 0.4848485    0.1493750000E+001    0.8906250000E-001
 0.4949495    0.1562500000E+001    0.5625000000E-001
 0.5050505    0.1487500000E+001    0.2656250000E-001
 0.5151515    0.1465625000E+001    0.6250000000E-002
 0.5252525    0.1440625000E+001    0.9062500000E-001
 0.5353535    0.1506250000E+001    0.7812500000E-001
 0.5454545    0.1564062500E+001    0.1265625000E+000
 0.5555556    0.1528125000E+001    0.1218750000E+000
 0.5656566    0.1525000000E+001    0.1156250000E+000
 0.5757576    0.1482812500E+001    0.2109375000E+000
 0.5858586    0.1406250000E+001    0.8750000000E-001
 0.5959596    0.1515625000E+001    0.1468750000E+000
 0.6060606    0.1514062500E+001    0.6875000000E-001
 0.6161616    0.1451562500E+001    0.6875000000E-001
 0.6262626    0.1492187500E+001    0.4375000000E-001
 0.6363636    0.1548437500E+001    0.4687500000E-002
 0.6464646    0.1501562500E+001    0.1531250000E+000
 0.6565657    0.1551562500E+001    0.0000000000E+000
 0.6666667    0.1517187500E+001    0.1546875000E+000
 0.6767677    0.1573437500E+001    0.1250000000E+000
 0.6868687    0.1471875000E+001    0.1468750000E+000
 0.6969697    0.1456250000E+001    0.3906250000E-001
 0.7070707    0.1503125000E+001    0.7500000000E-001
 0.7171717    0.1546875000E+001    0.1218750000E+000
 0.7272727    0.1509375000E+001    0.8906250000E-001
 0.7373737    0.1429687500E+001    0.5000000000E-001
 0.7474747    0.1507812500E+001    0.1062500000E+000
 0.7575758    0.1520312500E+001    0.1140625000E+000
 0.7676768    0.1537500000E+001    0.1109375000E+000
 0.7777778    0.1514062500E+001    0.9218750000E-001
 0.7878788    0.1512500000E+001    0.8125000000E-001
 0.7979798    0.1473437500E+001    0.5937500000E-001
 0.8080808    0.1526562500E+001    0.8125000000E-001
 0.8181818    0.1484375000E+001    0.6250000000E-001
 0.8282828    0.1435937500E+001    0.1562500000E-002
 0.8383838    0.1509375000E+001    0.6718750000E-001
 0.8484848    0.1545312500E+001    0.1062500000E+000
 0.8585859    0.1526562500E+001    0.8593750000E-001
 0.8686869    0.1512500000E+001    0.1093750000E+000
 0.8787879    0.1539062500E+001    0.1015625000E+000
 0.8888889    0.1526562500E+001    0.1031250000E+000
 0.8989899    0.1492187500E+001    0.7343750000E-001
 0.9090909    0.1589062500E+001    0.2203125000E+000
 0.9191919    0.1532812500E+001    0.1218750000E+000
 0.9292929    0.1515625000E+001    0.7968750000E-001
 0.9393939    0.1593750000E+001    0.1234375000E+000
 0.9494949    0.1501562500E+001    0.4375000000E-001
 0.9595960    0.1509375000E+001    0.1109375000E+000
 0.9696970    0.1515625000E+001    0.8281250000E-001
 0.9797980    0.1643750000E+001    0.2562500000E+000
 0.9898990    0.1545312500E+001    0.1234375000E+000
 1.0000000    0.1596875000E+001    0.2140625000E+000


# Weightfunction after cycle       9924
 0.0000000    0.1900781250E+001    0.4710937500E+000
 0.0101010    0.1953515625E+001    0.4832031250E+000
 0.0202020    0.1816015625E+001    0.3875000000E+000
 0.0303030    0.1955859375E+001    0.5101562500E+000
 0.0404040    0.1898437500E+001    0.4140625000E+000
 0.0505051    0.2021875000E+001    0.4972656250E+000
 0.0606061    0.2003906250E+001    0.4292968750E+000
 0.0707071    0.2090625000E+001    0.5011718750E+000
 0.0808081    0.2200000000E+001    0.5191406250E+000
 0.0909091    0.2192578125E+001    0.4734375000E+000
 0.1010101    0.2323046875E+001    0.5175781250E+000
 0.1111111    0.2389843750E+001    0.4859375000E+000
 0.1212121    0.2369140625E+001    0.4636718750E+000
 0.1313131    0.2501171875E+001    0.5109375000E+000
 0.1414141    0.2589843750E+001    0.5386718750E+000
 0.1515152    0.2626953125E+001    0.5632812500E+000
 0.1616162    0.2627734375E+001    0.5472656250E+000
 0.1717172    0.2723046875E+001    0.5371093750E+000
 0.1818182    0.2687500000E+001    0.5105468750E+000
 0.1919192    0.2727734375E+001    0.5183593750E+000
 0.2020202    0.2718359375E+001    0.4996093750E+000
 0.2121212    0.2795703125E+001    0.5476562500E+000
 0.2222222    0.2765625000E+001    0.4878906250E+000
 0.2323232    0.2723437500E+001    0.4742187500E+000
 0.2424242    0.2716406250E+001    0.4949218750E+000
 0.2525253    0.2655859375E+001    0.4429687500E+000
 0.2626263    0.2581250000E+001    0.3988281250E+000
 0.2727273    0.2619531250E+001    0.4230468750E+000
 0.2828283    0.2554296875E+001    0.4484375000E+000
 0.2929293    0.2577343750E+001    0.4089843750E+000
 0.3030303    0.2499218750E+001    0.3628906250E+000
 0.3131313    0.2459375000E+001    0.3906250000E+000
 0.3232323    0.2395312500E+001    0.3281250000E+000
 0.3333333    0.2363281250E+001    0.3343750000E+000
 0.3434343    0.2294921875E+001    0.3066406250E+000
 0.3535354    0.2282812500E+001    0.2972656250E+000
 0.3636364    0.2225390625E+001    0.3117187500E+000
 0.3737374    0.2269140625E+001    0.2765625000E+000
 0.3838384    0.2080468750E+001    0.2445312500E+000
 0.3939394    0.2124609375E+001    0.2570312500E+000
 0.4040404    0.2065625000E+001    0.2632812500E+000
 0.4141414    0.2014843750E+001    0.2207031250E+000
 0.4242424    0.1957031250E+001    0.2011718750E+000
 0.4343434    0.1886718750E+001    0.1378906250E+000
 0.4444444    0.1881640625E+001    0.1296875000E+000
 0.4545455    0.1739062500E+001    0.1835937500E+000
 0.4646465    0.1765234375E+001    0.1121093750E+000
 0.4747475    0.1645703125E+001    0.1054687500E+000
 0.4848485    0.1655468750E+001    0.1058593750E+000
 0.4949495    0.1549218750E+001    0.0000000000E+000
 0.5050505    0.1541406250E+001    0.9570312500E-001
 0.5151515    0.1524609375E+001    0.9101562500E-001
 0.5252525    0.1504687500E+001    0.4921875000E-001
 0.5353535    0.1544531250E+001    0.3906250000E-001
 0.5454545    0.1572656250E+001    0.6093750000E-001
 0.5555556    0.1541015625E+001    0.9218750000E-001
 0.5656566    0.1522265625E+001    0.4257812500E-001
 0.5757576    0.1564062500E+001    0.1097656250E+000
 0.5858586    0.1540234375E+001    0.6210937500E-001
 0.5959596    0.1462500000E+001    0.9062500000E-001
 0.6060606    0.1529296875E+001    0.5234375000E-001
 0.6161616    0.1576171875E+001    0.5468750000E-001
 0.6262626    0.1565625000E+001    0.5312500000E-001
 0.6363636    0.1594140625E+001    0.8828125000E-001
 0.6464646    0.1526953125E+001    0.1605468750E+000
 0.6565657    0.1554687500E+001    0.8281250000E-001
 0.6666667    0.1531250000E+001    0.1535156250E+000
 0.6767677    0.1559765625E+001    0.5781250000E-001
 0.6868687    0.1537890625E+001    0.6835937500E-001
 0.6969697    0.1532812500E+001    0.1015625000E+000
 0.7070707    0.1578125000E+001    0.1023437500E+000
 0.7171717    0.1535546875E+001    0.8164062500E-001
 0.7272727    0.1494531250E+001    0.6093750000E-001
 0.7373737    0.1512890625E+001    0.4414062500E-001
 0.7474747    0.1544140625E+001    0.9882812500E-001
 0.7575758    0.1568359375E+001    0.1257812500E+000
 0.7676768    0.1576953125E+001    0.9843750000E-001
 0.7777778    0.1558984375E+001    0.1058593750E+000
 0.7878788    0.1561328125E+001    0.1109375000E+000
 0.7979798    0.1539062500E+001    0.7578125000E-001
 0.8080808    0.1566015625E+001    0.1105468750E+000
 0.8181818    0.1572656250E+001    0.9101562500E-001
 0.8282828    0.1523828125E+001    0.7539062500E-001
 0.8383838    0.1590625000E+001    0.1156250000E+000
 0.8484848    0.1571875000E+001    0.1347656250E+000
 0.8585859    0.1524609375E+001    0.6796875000E-001
 0.8686869    0.1539453125E+001    0.7226562500E-001
 0.8787879    0.1536328125E+001    0.1019531250E+000
 0.8888889    0.1505468750E+001    0.5429687500E-001
 0.8989899    0.1570312500E+001    0.9257812500E-001
 0.9090909    0.1563671875E+001    0.1109375000E+000
 0.9191919    0.1543359375E+001    0.9023437500E-001
 0.9292929    0.1557812500E+001    0.9804687500E-001
 0.9393939    0.1584375000E+001    0.1179687500E+000
 0.9494949    0.1544531250E+001    0.7656250000E-001
 0.9595960    0.1562890625E+001    0.1066406250E+000
 0.9696970    0.1550781250E+001    0.6953125000E-001
 0.9797980    0.1559375000E+001    0.6718750000E-001
 0.9898990    0.1550781250E+001    0.1207031250E+000
 1.0000000    0.1503515625E+001    0.8242187500E-001


# Weightfunction after cycle      14747
 0.0000000    0.1871777344E+001    0.4128906250E+000
 0.0101010    0.1922363281E+001    0.4431640625E+000
 0.0202020    0.1832519531E+001    0.3925781250E+000
 0.0303030    0.1946289063E+001    0.4770507813E+000
 0.0404040    0.1886914063E+001    0.3759765625E+000
 0.0505051    0.1972949219E+001    0.4281250000E+000
 0.0606061    0.2003906250E+001    0.4192382813E+000
 0.0707071    0.2073730469E+001    0.4561523438E+000
 0.0808081    0.2185546875E+001    0.4906250000E+000
 0.0909091    0.2188867188E+001    0.4559570313E+000
 0.1010101    0.2316406250E+001    0.5103515625E+000
 0.1111111    0.2365332031E+001    0.4763671875E+000
 0.1212121    0.2358105469E+001    0.4416992188E+000
 0.1313131    0.2480957031E+001    0.4857421875E+000
 0.1414141    0.2559375000E+001    0.5125000000E+000
 0.1515152    0.2606835938E+001    0.5127929688E+000
 0.1616162    0.2617578125E+001    0.5019531250E+000
 0.1717172    0.2695117188E+001    0.5145507813E+000
 0.1818182    0.2694433594E+001    0.4905273438E+000
 0.1919192    0.2720800781E+001    0.4807617188E+000
 0.2020202    0.2709570313E+001    0.4755859375E+000
 0.2121212    0.2735156250E+001    0.4930664063E+000
 0.2222222    0.2737792969E+001    0.4675781250E+000
 0.2323232    0.2699218750E+001    0.4337890625E+000
 0.2424242    0.2689843750E+001    0.4461914063E+000
 0.2525253    0.2639648438E+001    0.4073242188E+000
 0.2626263    0.2593066406E+001    0.3760742188E+000
 0.2727273    0.2580078125E+001    0.3874023438E+000
 0.2828283    0.2565625000E+001    0.4053710938E+000
 0.2929293    0.2546191406E+001    0.3532226563E+000
 0.3030303    0.2485546875E+001    0.3382812500E+000
 0.3131313    0.2440625000E+001    0.3412109375E+000
 0.3232323    0.2395703125E+001    0.3049804688E+000
 0.3333333    0.2349316406E+001    0.3029296875E+000
 0.3434343    0.2278906250E+001    0.2645507813E+000
 0.3535354    0.2266308594E+001    0.2598632813E+000
 0.3636364    0.2241992188E+001    0.2656250000E+000
 0.3737374    0.2231835938E+001    0.2413085938E+000
 0.3838384    0.2092578125E+001    0.2073242188E+000
 0.3939394    0.2102832031E+001    0.2337890625E+000
 0.4040404    0.2045019531E+001    0.2313476563E+000
 0.4141414    0.1996777344E+001    0.1901367188E+000
 0.4242424    0.1951367188E+001    0.1624023438E+000
 0.4343434    0.1872167969E+001    0.1208007813E+000
 0.4444444    0.1860351563E+001    0.8349609375E-001
 0.4545455    0.1746386719E+001    0.1401367188E+000
 0.4646465    0.1761328125E+001    0.5957031250E-001
 0.4747475    0.1650878906E+001    0.6894531250E-001
 0.4848485    0.1622656250E+001    0.7128906250E-001
 0.4949495    0.1514062500E+001    0.0000000000E+000
 0.5050505    0.1545507813E+001    0.3564453125E-001
 0.5151515    0.1527148438E+001    0.5234375000E-001
 0.5252525    0.1507617188E+001    0.2314453125E-001
 0.5353535    0.1505078125E+001    0.1992187500E-001
 0.5454545    0.1539453125E+001    0.3798828125E-001
 0.5555556    0.1524902344E+001    0.5292968750E-001
 0.5656566    0.1511425781E+001    0.1591796875E-001
 0.5757576    0.1545898438E+001    0.6083984375E-001
 0.5858586    0.1515527344E+001    0.3183593750E-001
 0.5959596    0.1465527344E+001    0.4033203125E-001
 0.6060606    0.1529003906E+001    0.2285156250E-001
 0.6161616    0.1541210938E+001    0.1699218750E-001
 0.6262626    0.1537695313E+001    0.2734375000E-001
 0.6363636    0.1561621094E+001    0.3144531250E-001
 0.6464646    0.1508203125E+001    0.8281250000E-001
 0.6565657    0.1541992188E+001    0.4062500000E-001
 0.6666667    0.1533007813E+001    0.6923828125E-001
 0.6767677    0.1531640625E+001    0.2187500000E-001
 0.6868687    0.1523730469E+001    0.3974609375E-001
 0.6969697    0.1527343750E+001    0.5419921875E-001
 0.7070707    0.1545019531E+001    0.4560546875E-001
 0.7171717    0.1514453125E+001    0.3007812500E-001
 0.7272727    0.1493164063E+001    0.1494140625E-001
 0.7373737    0.1501074219E+001    0.3906250000E-003
 0.7474747    0.1531542969E+001    0.4638671875E-001
 0.7575758    0.1533886719E+001    0.5058593750E-001
 0.7676768    0.1552343750E+001    0.5273437500E-001
 0.7777778    0.1531250000E+001    0.5390625000E-001
 0.7878788    0.1535156250E+001    0.5419921875E-001
 0.7979798    0.1524707031E+001    0.2714843750E-001
 0.8080808    0.1538671875E+001    0.4677734375E-001
 0.8181818    0.1548828125E+001    0.3847656250E-001
 0.8282828    0.1508398438E+001    0.2236328125E-001
 0.8383838    0.1555761719E+001    0.5488281250E-001
 0.8484848    0.1546875000E+001    0.6982421875E-001
 0.8585859    0.1501855469E+001    0.3808593750E-002
 0.8686869    0.1530859375E+001    0.3164062500E-001
 0.8787879    0.1512207031E+001    0.4355468750E-001
 0.8888889    0.1491015625E+001    0.1083984375E-001
 0.8989899    0.1533203125E+001    0.3320312500E-001
 0.9090909    0.1535253906E+001    0.5322265625E-001
 0.9191919    0.1515136719E+001    0.2333984375E-001
 0.9292929    0.1530957031E+001    0.3320312500E-001
 0.9393939    0.1545996094E+001    0.5468750000E-001
 0.9494949    0.1532421875E+001    0.2841796875E-001
 0.9595960    0.1541992188E+001    0.5664062500E-001
 0.9696970    0.1531445313E+001    0.2197265625E-001
 0.9797980    0.1533300781E+001    0.1787109375E-001
 0.9898990    0.1540429688E+001    0.5722656250E-001
 1.0000000    0.1495214844E+001    0.2519531250E-001


# Weightfunction after cycle      19952
 0.0000000    0.1873608398E+001    0.4086669922E+000
 0.0101010    0.1918432617E+001    0.4366699219E+000
 0.0202020    0.1839868164E+001    0.3914794922E+000
 0.0303030    0.1944824219E+001    0.4726074219E+000
 0.0404040    0.1896459961E+001    0.3836425781E+000
 0.0505051    0.1974291992E+001    0.4279541016E+000
 0.0606061    0.2005932617E+001    0.4193603516E+000
 0.0707071    0.2075195312E+001    0.4526123047E+000
 0.0808081    0.2167895508E+001    0.4765625000E+000
 0.0909091    0.2188574219E+001    0.4557617188E+000
 0.1010101    0.2310937500E+001    0.5028076172E+000
 0.1111111    0.2363452148E+001    0.4758056641E+000
 0.1212121    0.2360156250E+001    0.4358642578E+000
 0.1313131    0.2480273437E+001    0.4855468750E+000
 0.1414141    0.2556274414E+001    0.5048828125E+000
 0.1515152    0.2600610352E+001    0.5027099609E+000
 0.1616162    0.2615136719E+001    0.4943115234E+000
 0.1717172    0.2687988281E+001    0.5076904297E+000
 0.1818182    0.2686083984E+001    0.4843505859E+000
 0.1919192    0.2714428711E+001    0.4820556641E+000
 0.2020202    0.2708154297E+001    0.4705810547E+000
 0.2121212    0.2727124023E+001    0.4802978516E+000
 0.2222222    0.2731835937E+001    0.4611572266E+000
 0.2323232    0.2695068359E+001    0.4310546875E+000
 0.2424242    0.2686425781E+001    0.4414306641E+000
 0.2525253    0.2636401367E+001    0.4029541016E+000
 0.2626263    0.2589770508E+001    0.3775146484E+000
 0.2727273    0.2578906250E+001    0.3856201172E+000
 0.2828283    0.2563037109E+001    0.3973388672E+000
 0.2929293    0.2536499023E+001    0.3512939453E+000
 0.3030303    0.2482812500E+001    0.3317626953E+000
 0.3131313    0.2436767578E+001    0.3356689453E+000
 0.3232323    0.2394604492E+001    0.3053955078E+000
 0.3333333    0.2342944336E+001    0.3005859375E+000
 0.3434343    0.2275463867E+001    0.2634521484E+000
 0.3535354    0.2266308594E+001    0.2557128906E+000
 0.3636364    0.2236474609E+001    0.2625000000E+000
 0.3737374    0.2218359375E+001    0.2388427734E+000
 0.3838384    0.2096728516E+001    0.2038330078E+000
 0.3939394    0.2094067383E+001    0.2309570313E+000
 0.4040404    0.2038867187E+001    0.2248535156E+000
 0.4141414    0.1991918945E+001    0.1844238281E+000
 0.4242424    0.1949926758E+001    0.1571777344E+000
 0.4343434    0.1865795898E+001    0.1212402344E+000
 0.4444444    0.1850122070E+001    0.8535156250E-001
 0.4545455    0.1746533203E+001    0.1347412109E+000
 0.4646465    0.1752416992E+001    0.5676269531E-001
 0.4747475    0.1652026367E+001    0.6933593750E-001
 0.4848485    0.1613671875E+001    0.6333007813E-001
 0.4949495    0.1515527344E+001    0.0000000000E+000
 0.5050505    0.1538696289E+001    0.2836914063E-001
 0.5151515    0.1524096680E+001    0.4228515625E-001
 0.5252525    0.1503320313E+001    0.2292480469E-001
 0.5353535    0.1498706055E+001    0.1755371094E-001
 0.5454545    0.1536108398E+001    0.3422851563E-001
 0.5555556    0.1523120117E+001    0.3701171875E-001
 0.5656566    0.1505029297E+001    0.1481933594E-001
 0.5757576    0.1536914063E+001    0.5456542969E-001
 0.5858586    0.1512548828E+001    0.2453613281E-001
 0.5959596    0.1467089844E+001    0.3327636719E-001
 0.6060606    0.1524096680E+001    0.1520996094E-001
 0.6161616    0.1533691406E+001    0.1657714844E-001
 0.6262626    0.1524194336E+001    0.2119140625E-001
 0.6363636    0.1550878906E+001    0.3059082031E-001
 0.6464646    0.1503564453E+001    0.7502441406E-001
 0.6565657    0.1534155273E+001    0.3544921875E-001
 0.6666667    0.1525537109E+001    0.6047363281E-001
 0.6767677    0.1523779297E+001    0.1755371094E-001
 0.6868687    0.1521093750E+001    0.3374023438E-001
 0.6969697    0.1524829102E+001    0.4580078125E-001
 0.7070707    0.1538110352E+001    0.3933105469E-001
 0.7171717    0.1509790039E+001    0.2536621094E-001
 0.7272727    0.1489965820E+001    0.1357421875E-001
 0.7373737    0.1501416016E+001    0.4223632812E-002
 0.7474747    0.1525048828E+001    0.4006347656E-001
 0.7575758    0.1526660156E+001    0.4677734375E-001
 0.7676768    0.1540454102E+001    0.4377441406E-001
 0.7777778    0.1524438477E+001    0.4729003906E-001
 0.7878788    0.1524682617E+001    0.4462890625E-001
 0.7979798    0.1519262695E+001    0.2385253906E-001
 0.8080808    0.1533959961E+001    0.3923339844E-001
 0.8181818    0.1540234375E+001    0.3347167969E-001
 0.8282828    0.1507080078E+001    0.2216796875E-001
 0.8383838    0.1544067383E+001    0.4731445313E-001
 0.8484848    0.1535131836E+001    0.6074218750E-001
 0.8585859    0.1493774414E+001    0.3173828125E-003
 0.8686869    0.1526806641E+001    0.2749023438E-001
 0.8787879    0.1507080078E+001    0.3903808594E-001
 0.8888889    0.1488500977E+001    0.7812500000E-002
 0.8989899    0.1526538086E+001    0.3144531250E-001
 0.9090909    0.1528173828E+001    0.4562988281E-001
 0.9191919    0.1511328125E+001    0.2282714844E-001
 0.9292929    0.1527978516E+001    0.3247070312E-001
 0.9393939    0.1537231445E+001    0.5187988281E-001
 0.9494949    0.1524609375E+001    0.2402343750E-001
 0.9595960    0.1534619141E+001    0.4736328125E-001
 0.9696970    0.1532348633E+001    0.2431640625E-001
 0.9797980    0.1517407227E+001    0.8593750000E-002
 0.9898990    0.1534448242E+001    0.5043945313E-001
 1.0000000    0.1495947266E+001    0.2482910156E-001


# Weightfunction after cycle      33251
 0.0000000    0.1870837402E+001    0.4057556152E+000
 0.0101010    0.1912579346E+001    0.4324340820E+000
 0.0202020    0.1839233398E+001    0.3890136719E+000
 0.0303030    0.1935321045E+001    0.4611328125E+000
 0.0404040    0.1897436523E+001    0.3831970215E+000
 0.0505051    0.1973529053E+001    0.4263549805E+000
 0.0606061    0.2003479004E+001    0.4158020020E+000
 0.0707071    0.2071362305E+001    0.4475585937E+000
 0.0808081    0.2162829590E+001    0.4730529785E+000
 0.0909091    0.2185638428E+001    0.4512512207E+000
 0.1010101    0.2302471924E+001    0.4948059082E+000
 0.1111111    0.2359252930E+001    0.4715820312E+000
 0.1212121    0.2363537598E+001    0.4366271973E+000
 0.1313131    0.2477874756E+001    0.4804809570E+000
 0.1414141    0.2554003906E+001    0.4987304687E+000
 0.1515152    0.2596203613E+001    0.4961364746E+000
 0.1616162    0.2614831543E+001    0.4910156250E+000
 0.1717172    0.2686846924E+001    0.5037719727E+000
 0.1818182    0.2685131836E+001    0.4795715332E+000
 0.1919192    0.2712908936E+001    0.4785461426E+000
 0.2020202    0.2704565430E+001    0.4647216797E+000
 0.2121212    0.2730957031E+001    0.4757568359E+000
 0.2222222    0.2731951904E+001    0.4565307617E+000
 0.2323232    0.2695556641E+001    0.4287231445E+000
 0.2424242    0.2685083008E+001    0.4378906250E+000
 0.2525253    0.2640057373E+001    0.4017578125E+000
 0.2626263    0.2593249512E+001    0.3756713867E+000
 0.2727273    0.2582135010E+001    0.3848266602E+000
 0.2828283    0.2564978027E+001    0.3939392090E+000
 0.2929293    0.2536987305E+001    0.3466918945E+000
 0.3030303    0.2486730957E+001    0.3291503906E+000
 0.3131313    0.2442626953E+001    0.3321105957E+000
 0.3232323    0.2398339844E+001    0.3039550781E+000
 0.3333333    0.2347137451E+001    0.2975097656E+000
 0.3434343    0.2281378174E+001    0.2609069824E+000
 0.3535354    0.2269061279E+001    0.2560485840E+000
 0.3636364    0.2238183594E+001    0.2584472656E+000
 0.3737374    0.2217565918E+001    0.2351989746E+000
 0.3838384    0.2099615479E+001    0.2011901855E+000
 0.3939394    0.2094348145E+001    0.2260803223E+000
 0.4040404    0.2040618896E+001    0.2195373535E+000
 0.4141414    0.1994757080E+001    0.1803588867E+000
 0.4242424    0.1948242188E+001    0.1544860840E+000
 0.4343434    0.1867785645E+001    0.1177856445E+000
 0.4444444    0.1848986816E+001    0.8644409180E-001
 0.4545455    0.1750897217E+001    0.1277099609E+000
 0.4646465    0.1749426270E+001    0.5627441406E-001
 0.4747475    0.1651794434E+001    0.6671142578E-001
 0.4848485    0.1609753418E+001    0.5982055664E-001
 0.4949495    0.1516143799E+001    0.8544921877E-004
 0.5050505    0.1537805176E+001    0.2520751953E-001
 0.5151515    0.1523107910E+001    0.3650512695E-001
 0.5252525    0.1505029297E+001    0.1957397461E-001
 0.5353535    0.1499536133E+001    0.1585083008E-001
 0.5454545    0.1533624268E+001    0.2893676758E-001
 0.5555556    0.1522155762E+001    0.3182373047E-001
 0.5656566    0.1506262207E+001    0.1315307617E-001
 0.5757576    0.1535473633E+001    0.4665527344E-001
 0.5858586    0.1512170410E+001    0.2086181641E-001
 0.5959596    0.1471899414E+001    0.2883911133E-001
 0.6060606    0.1523742676E+001    0.1334228516E-001
 0.6161616    0.1531353760E+001    0.1364135742E-001
 0.6262626    0.1525201416E+001    0.1770019531E-001
 0.6363636    0.1548059082E+001    0.2681274414E-001
 0.6464646    0.1505328369E+001    0.6862182617E-001
 0.6565657    0.1534155273E+001    0.3226928711E-001
 0.6666667    0.1525592041E+001    0.5363159180E-001
 0.6767677    0.1522222900E+001    0.1395263672E-001
 0.6868687    0.1522619629E+001    0.2789306641E-001
 0.6969697    0.1525488281E+001    0.3963623047E-001
 0.7070707    0.1536944580E+001    0.3586425781E-001
 0.7171717    0.1511767578E+001    0.2229003906E-001
 0.7272727    0.1493328857E+001    0.1058349609E-001
 0.7373737    0.1504364014E+001    0.3674316406E-002
 0.7474747    0.1526513672E+001    0.3634643555E-001
 0.7575758    0.1528448486E+001    0.4245605469E-001
 0.7676768    0.1539733887E+001    0.3767089844E-001
 0.7777778    0.1525994873E+001    0.4313354492E-001
 0.7878788    0.1526654053E+001    0.4162597656E-001
 0.7979798    0.1518731689E+001    0.1876220703E-001
 0.8080808    0.1534899902E+001    0.3580932617E-001
 0.8181818    0.1538842773E+001    0.2866821289E-001
 0.8282828    0.1511108398E+001    0.2047729492E-001
 0.8383838    0.1541900635E+001    0.4152832031E-001
 0.8484848    0.1536492920E+001    0.5494995117E-001
 0.8585859    0.1497540283E+001    0.0000000000E+000
 0.8686869    0.1528192139E+001    0.2474365234E-001
 0.8787879    0.1509814453E+001    0.3500366211E-001
 0.8888889    0.1491400146E+001    0.5487060547E-002
 0.8989899    0.1528314209E+001    0.2826538086E-001
 0.9090909    0.1529431152E+001    0.3973388672E-001
 0.9191919    0.1512408447E+001    0.1824951172E-001
 0.9292929    0.1528948975E+001    0.2940063477E-001
 0.9393939    0.1536950684E+001    0.4715576172E-001
 0.9494949    0.1525970459E+001    0.2063598633E-001
 0.9595960    0.1534179688E+001    0.4082031250E-001
 0.9696970    0.1531213379E+001    0.1914062500E-001
 0.9797980    0.1520080566E+001    0.8465576172E-002
 0.9898990    0.1535302734E+001    0.4564208984E-001
 1.0000000    0.1500012207E+001    0.2252807617E-001


# Weightfunction after cycle      43375
 0.0000000    0.1867967224E+001    0.4044570923E+000
 0.0101010    0.1909805298E+001    0.4314437866E+000
 0.0202020    0.1837225342E+001    0.3881774902E+000
 0.0303030    0.1932624817E+001    0.4597244263E+000
 0.0404040    0.1896273804E+001    0.3833724976E+000
 0.0505051    0.1971122742E+001    0.4253677368E+000
 0.0606061    0.2002091980E+001    0.4159179688E+000
 0.0707071    0.2069523621E+001    0.4470443726E+000
 0.0808081    0.2160412598E+001    0.4719894409E+000
 0.0909091    0.2183767700E+001    0.4503631592E+000
 0.1010101    0.2300027466E+001    0.4939254761E+000
 0.1111111    0.2357089233E+001    0.4710372925E+000
 0.1212121    0.2362286377E+001    0.4367767334E+000
 0.1313131    0.2475656128E+001    0.4798858643E+000
 0.1414141    0.2551853943E+001    0.4978652954E+000
 0.1515152    0.2594149780E+001    0.4958709717E+000
 0.1616162    0.2612928772E+001    0.4901916504E+000
 0.1717172    0.2684512329E+001    0.5029144287E+000
 0.1818182    0.2682849121E+001    0.4785964966E+000
 0.1919192    0.2711570740E+001    0.4780029297E+000
 0.2020202    0.2702717590E+001    0.4638809204E+000
 0.2121212    0.2728903198E+001    0.4750091553E+000
 0.2222222    0.2729522705E+001    0.4553756714E+000
 0.2323232    0.2693490601E+001    0.4282882690E+000
 0.2424242    0.2683485413E+001    0.4374404907E+000
 0.2525253    0.2638835144E+001    0.4011505127E+000
 0.2626263    0.2591915894E+001    0.3755401611E+000
 0.2727273    0.2580805969E+001    0.3841934204E+000
 0.2828283    0.2563745117E+001    0.3928894043E+000
 0.2929293    0.2535585022E+001    0.3465759277E+000
 0.3030303    0.2485731506E+001    0.3291519165E+000
 0.3131313    0.2441197205E+001    0.3319992065E+000
 0.3232323    0.2396810913E+001    0.3035507202E+000
 0.3333333    0.2345802307E+001    0.2970581055E+000
 0.3434343    0.2281559753E+001    0.2612792969E+000
 0.3535354    0.2268162537E+001    0.2564071655E+000
 0.3636364    0.2237068176E+001    0.2583053589E+000
 0.3737374    0.2216264343E+001    0.2349273682E+000
 0.3838384    0.2099201965E+001    0.2010009766E+000
 0.3939394    0.2093676758E+001    0.2251358032E+000
 0.4040404    0.2039720154E+001    0.2194412231E+000
 0.4141414    0.1993594360E+001    0.1798995972E+000
 0.4242424    0.1946769714E+001    0.1539932251E+000
 0.4343434    0.1867388916E+001    0.1180114746E+000
 0.4444444    0.1848011780E+001    0.8658294678E-001
 0.4545455    0.1750021362E+001    0.1269805908E+000
 0.4646465    0.1747828674E+001    0.5657196045E-001
 0.4747475    0.1651313782E+001    0.6672821045E-001
 0.4848485    0.1608941650E+001    0.5974884033E-001
 0.4949495    0.1515693665E+001    0.0000000000E+000
 0.5050505    0.1536419678E+001    0.2479095459E-001
 0.5151515    0.1521690369E+001    0.3598022461E-001
 0.5252525    0.1504624939E+001    0.1945343018E-001
 0.5353535    0.1499179077E+001    0.1519775391E-001
 0.5454545    0.1532337952E+001    0.2858581543E-001
 0.5555556    0.1521400452E+001    0.3124542236E-001
 0.5656566    0.1505818176E+001    0.1335449219E-001
 0.5757576    0.1534741211E+001    0.4619903564E-001
 0.5858586    0.1511279297E+001    0.2060089111E-001
 0.5959596    0.1471414185E+001    0.2827301025E-001
 0.6060606    0.1522610474E+001    0.1318969727E-001
 0.6161616    0.1530259705E+001    0.1379241943E-001
 0.6262626    0.1524305725E+001    0.1760253906E-001
 0.6363636    0.1546881104E+001    0.2655792236E-001
 0.6464646    0.1504534912E+001    0.6761779785E-001
 0.6565657    0.1533070374E+001    0.3199005127E-001
 0.6666667    0.1524276733E+001    0.5289154053E-001
 0.6767677    0.1520858765E+001    0.1428375244E-001
 0.6868687    0.1521806335E+001    0.2711639404E-001
 0.6969697    0.1524201965E+001    0.3868255615E-001
 0.7070707    0.1535484314E+001    0.3525238037E-001
 0.7171717    0.1510893250E+001    0.2200622559E-001
 0.7272727    0.1492585754E+001    0.1044616699E-001
 0.7373737    0.1503640747E+001    0.4106140137E-002
 0.7474747    0.1525376892E+001    0.3588562012E-001
 0.7575758    0.1526948547E+001    0.4196624756E-001
 0.7676768    0.1538449097E+001    0.3753356934E-001
 0.7777778    0.1524566650E+001    0.4267425537E-001
 0.7878788    0.1525389099E+001    0.4132995605E-001
 0.7979798    0.1517590332E+001    0.1875762939E-001
 0.8080808    0.1533821106E+001    0.3565979004E-001
 0.8181818    0.1537388611E+001    0.2835845947E-001
 0.8282828    0.1510116577E+001    0.2037353516E-001
 0.8383838    0.1540127563E+001    0.4102630615E-001
 0.8484848    0.1535105896E+001    0.5437469482E-001
 0.8585859    0.1496789551E+001    0.1159667969E-003
 0.8686869    0.1527000427E+001    0.2442016602E-001
 0.8787879    0.1509017944E+001    0.3479156494E-001
 0.8888889    0.1490798950E+001    0.5575561523E-002
 0.8989899    0.1526626587E+001    0.2814025879E-001
 0.9090909    0.1528025818E+001    0.3936767578E-001
 0.9191919    0.1511775208E+001    0.1811065674E-001
 0.9292929    0.1526786804E+001    0.2858428955E-001
 0.9393939    0.1534956360E+001    0.4622344971E-001
 0.9494949    0.1524482727E+001    0.2053985596E-001
 0.9595960    0.1532655334E+001    0.4022216797E-001
 0.9696970    0.1529780579E+001    0.1869201660E-001
 0.9797980    0.1518635559E+001    0.8171081543E-002
 0.9898990    0.1533892822E+001    0.4519500732E-001
 1.0000000    0.1499093628E+001    0.2189483643E-001


