# Evolution of the weightfunction during equilibration phase for fractional: Ar
# Weightfunction after cycle        225
 0.0000000    0.4100000000E+001    0.1800000000E+001
 0.0101010    0.2800000000E+001    0.1400000000E+001
 0.0202020    0.3300000000E+001    0.1500000000E+001
 0.0303030    0.2700000000E+001    0.9000000000E+000
 0.0404040    0.1800000000E+001    0.1000000000E+000
 0.0505051    0.3900000000E+001    0.2300000000E+001
 0.0606061    0.2900000000E+001    0.1000000000E+001
 0.0707071    0.3000000000E+001    0.1700000000E+001
 0.0808081    0.2200000000E+001    0.0000000000E+000
 0.0909091    0.2900000000E+001    0.5000000000E+000
 0.1010101    0.3200000000E+001    0.8000000000E+000
 0.1111111    0.3000000000E+001    0.1100000000E+001
 0.1212121    0.2500000000E+001    0.3000000000E+000
 0.1313131    0.3500000000E+001    0.1000000000E+001
 0.1414141    0.3700000000E+001    0.3000000000E+000
 0.1515152    0.3900000000E+001    0.1500000000E+001
 0.1616162    0.3800000000E+001    0.1400000000E+001
 0.1717172    0.3800000000E+001    0.6000000000E+000
 0.1818182    0.2900000000E+001    0.2000000000E+000
 0.1919192    0.3300000000E+001    0.7000000000E+000
 0.2020202    0.3800000000E+001    0.6000000000E+000
 0.2121212    0.3800000000E+001    0.1300000000E+001
 0.2222222    0.3400000000E+001    0.1000000000E+001
 0.2323232    0.3700000000E+001    0.7000000000E+000
 0.2424242    0.4000000000E+001    0.6000000000E+000
 0.2525253    0.4100000000E+001    0.1100000000E+001
 0.2626263    0.4500000000E+001    0.5000000000E+000
 0.2727273    0.3900000000E+001    0.8000000000E+000
 0.2828283    0.3500000000E+001    0.8000000000E+000
 0.2929293    0.4300000000E+001    0.8000000000E+000
 0.3030303    0.3700000000E+001    0.6000000000E+000
 0.3131313    0.3200000000E+001    0.1800000000E+001
 0.3232323    0.3900000000E+001    0.2000000000E+000
 0.3333333    0.4500000000E+001    0.2000000000E+000
 0.3434343    0.3800000000E+001    0.9000000000E+000
 0.3535354    0.4000000000E+001    0.9000000000E+000
 0.3636364    0.3300000000E+001    0.1500000000E+001
 0.3737374    0.3900000000E+001    0.1400000000E+001
 0.3838384    0.3200000000E+001    0.4000000000E+000
 0.3939394    0.3300000000E+001    0.1200000000E+001
 0.4040404    0.4300000000E+001    0.2400000000E+001
 0.4141414    0.4100000000E+001    0.1600000000E+001
 0.4242424    0.3300000000E+001    0.1000000000E+001
 0.4343434    0.3100000000E+001    0.0000000000E+000
 0.4444444    0.3700000000E+001    0.1800000000E+001
 0.4545455    0.2800000000E+001    0.3000000000E+000
 0.4646465    0.3400000000E+001    0.4000000000E+000
 0.4747475    0.4700000000E+001    0.9000000000E+000
 0.4848485    0.3000000000E+001    0.9000000000E+000
 0.4949495    0.2700000000E+001    0.4000000000E+000
 0.5050505    0.2700000000E+001    0.5000000000E+000
 0.5151515    0.3300000000E+001    0.1900000000E+001
 0.5252525    0.2800000000E+001    0.1000000000E+001
 0.5353535    0.2200000000E+001    0.1100000000E+001
 0.5454545    0.3200000000E+001    0.1200000000E+001
 0.5555556    0.3300000000E+001    0.1600000000E+001
 0.5656566    0.2000000000E+001    0.9000000000E+000
 0.5757576    0.2800000000E+001    0.1200000000E+001
 0.5858586    0.2900000000E+001    0.1400000000E+001
 0.5959596    0.3200000000E+001    0.1100000000E+001
 0.6060606    0.2500000000E+001    0.1800000000E+001
 0.6161616    0.2800000000E+001    0.6000000000E+000
 0.6262626    0.2800000000E+001    0.1200000000E+001
 0.6363636    0.3000000000E+001    0.1400000000E+001
 0.6464646    0.2800000000E+001    0.1700000000E+001
 0.6565657    0.2600000000E+001    0.7000000000E+000
 0.6666667    0.3100000000E+001    0.1000000000E+001
 0.6767677    0.3300000000E+001    0.7000000000E+000
 0.6868687    0.2700000000E+001    0.5000000000E+000
 0.6969697    0.2600000000E+001    0.5000000000E+000
 0.7070707    0.2400000000E+001    0.4000000000E+000
 0.7171717    0.3200000000E+001    0.1400000000E+001
 0.7272727    0.2800000000E+001    0.1100000000E+001
 0.7373737    0.2900000000E+001    0.8000000000E+000
 0.7474747    0.1500000000E+001    0.1000000000E+000
 0.7575758    0.2800000000E+001    0.1100000000E+001
 0.7676768    0.3000000000E+001    0.1100000000E+001
 0.7777778    0.2200000000E+001    0.3000000000E+000
 0.7878788    0.2700000000E+001    0.9000000000E+000
 0.7979798    0.2800000000E+001    0.1200000000E+001
 0.8080808    0.2800000000E+001    0.7000000000E+000
 0.8181818    0.2800000000E+001    0.4000000000E+000
 0.8282828    0.2700000000E+001    0.4000000000E+000
 0.8383838    0.2300000000E+001    0.7000000000E+000
 0.8484848    0.2900000000E+001    0.1100000000E+001
 0.8585859    0.2800000000E+001    0.4000000000E+000
 0.8686869    0.3700000000E+001    0.1500000000E+001
 0.8787879    0.2800000000E+001    0.1000000000E+001
 0.8888889    0.2700000000E+001    0.1100000000E+001
 0.8989899    0.2900000000E+001    0.9000000000E+000
 0.9090909    0.3400000000E+001    0.1400000000E+001
 0.9191919    0.3000000000E+001    0.1200000000E+001
 0.9292929    0.3000000000E+001    0.7000000000E+000
 0.9393939    0.3600000000E+001    0.1400000000E+001
 0.9494949    0.3000000000E+001    0.8000000000E+000
 0.9595960    0.2600000000E+001    0.9000000000E+000
 0.9696970    0.3200000000E+001    0.1300000000E+001
 0.9797980    0.3100000000E+001    0.1400000000E+001
 0.9898990    0.2400000000E+001    0.5000000000E+000
 1.0000000    0.2200000000E+001    0.2000000000E+000


# Weightfunction after cycle        832
 0.0000000    0.2300000000E+001    0.5750000000E+000
 0.0101010    0.2200000000E+001    0.5000000000E+000
 0.0202020    0.2475000000E+001    0.5500000000E+000
 0.0303030    0.2250000000E+001    0.6250000000E+000
 0.0404040    0.1975000000E+001    0.0000000000E+000
 0.0505051    0.2425000000E+001    0.5250000000E+000
 0.0606061    0.2275000000E+001    0.5250000000E+000
 0.0707071    0.2675000000E+001    0.9250000000E+000
 0.0808081    0.2475000000E+001    0.3750000000E+000
 0.0909091    0.2475000000E+001    0.3000000000E+000
 0.1010101    0.3000000000E+001    0.8750000000E+000
 0.1111111    0.3000000000E+001    0.9500000000E+000
 0.1212121    0.2925000000E+001    0.5750000000E+000
 0.1313131    0.3175000000E+001    0.4000000000E+000
 0.1414141    0.3325000000E+001    0.7500000000E+000
 0.1515152    0.3775000000E+001    0.1325000000E+001
 0.1616162    0.3150000000E+001    0.8250000000E+000
 0.1717172    0.3075000000E+001    0.6250000000E+000
 0.1818182    0.3700000000E+001    0.9250000000E+000
 0.1919192    0.3475000000E+001    0.8250000000E+000
 0.2020202    0.3825000000E+001    0.7000000000E+000
 0.2121212    0.4025000000E+001    0.7000000000E+000
 0.2222222    0.3975000000E+001    0.3750000000E+000
 0.2323232    0.3525000000E+001    0.5750000000E+000
 0.2424242    0.3825000000E+001    0.8750000000E+000
 0.2525253    0.3475000000E+001    0.7500000000E+000
 0.2626263    0.3550000000E+001    0.7500000000E+000
 0.2727273    0.3425000000E+001    0.7500000000E+000
 0.2828283    0.3950000000E+001    0.6500000000E+000
 0.2929293    0.3125000000E+001    0.2750000000E+000
 0.3030303    0.3200000000E+001    0.8250000000E+000
 0.3131313    0.3475000000E+001    0.7250000000E+000
 0.3232323    0.2900000000E+001    0.1100000000E+001
 0.3333333    0.3925000000E+001    0.8250000000E+000
 0.3434343    0.3775000000E+001    0.5500000000E+000
 0.3535354    0.3650000000E+001    0.4250000000E+000
 0.3636364    0.3125000000E+001    0.1750000000E+000
 0.3737374    0.3625000000E+001    0.7500000000E+000
 0.3838384    0.3500000000E+001    0.7500000000E+000
 0.3939394    0.3275000000E+001    0.6250000000E+000
 0.4040404    0.3525000000E+001    0.5000000000E+000
 0.4141414    0.3325000000E+001    0.5250000000E+000
 0.4242424    0.2925000000E+001    0.6250000000E+000
 0.4343434    0.3400000000E+001    0.5750000000E+000
 0.4444444    0.2950000000E+001    0.4750000000E+000
 0.4545455    0.3075000000E+001    0.3000000000E+000
 0.4646465    0.2975000000E+001    0.6500000000E+000
 0.4747475    0.3250000000E+001    0.7250000000E+000
 0.4848485    0.2700000000E+001    0.8250000000E+000
 0.4949495    0.2475000000E+001    0.5750000000E+000
 0.5050505    0.2450000000E+001    0.5750000000E+000
 0.5151515    0.2500000000E+001    0.1750000000E+000
 0.5252525    0.2925000000E+001    0.3750000000E+000
 0.5353535    0.2600000000E+001    0.5750000000E+000
 0.5454545    0.2350000000E+001    0.4000000000E+000
 0.5555556    0.2475000000E+001    0.4000000000E+000
 0.5656566    0.2475000000E+001    0.5500000000E+000
 0.5757576    0.2550000000E+001    0.5500000000E+000
 0.5858586    0.2675000000E+001    0.4500000000E+000
 0.5959596    0.2475000000E+001    0.4500000000E+000
 0.6060606    0.2475000000E+001    0.7000000000E+000
 0.6161616    0.3025000000E+001    0.5000000000E+000
 0.6262626    0.2875000000E+001    0.8250000000E+000
 0.6363636    0.2575000000E+001    0.4750000000E+000
 0.6464646    0.2450000000E+001    0.7750000000E+000
 0.6565657    0.2525000000E+001    0.6000000000E+000
 0.6666667    0.2850000000E+001    0.6500000000E+000
 0.6767677    0.2850000000E+001    0.3000000000E+000
 0.6868687    0.2925000000E+001    0.2250000000E+000
 0.6969697    0.2875000000E+001    0.5500000000E+000
 0.7070707    0.2575000000E+001    0.5500000000E+000
 0.7171717    0.2650000000E+001    0.6250000000E+000
 0.7272727    0.2725000000E+001    0.9250000000E+000
 0.7373737    0.2750000000E+001    0.6250000000E+000
 0.7474747    0.2850000000E+001    0.8500000000E+000
 0.7575758    0.2450000000E+001    0.7500000000E+000
 0.7676768    0.2450000000E+001    0.6000000000E+000
 0.7777778    0.2775000000E+001    0.6500000000E+000
 0.7878788    0.2500000000E+001    0.4250000000E+000
 0.7979798    0.2275000000E+001    0.3750000000E+000
 0.8080808    0.2725000000E+001    0.7000000000E+000
 0.8181818    0.2450000000E+001    0.4750000000E+000
 0.8282828    0.2775000000E+001    0.7000000000E+000
 0.8383838    0.2575000000E+001    0.5250000000E+000
 0.8484848    0.2750000000E+001    0.6750000000E+000
 0.8585859    0.2650000000E+001    0.5250000000E+000
 0.8686869    0.2700000000E+001    0.6000000000E+000
 0.8787879    0.2300000000E+001    0.3500000000E+000
 0.8888889    0.2575000000E+001    0.6250000000E+000
 0.8989899    0.2400000000E+001    0.4000000000E+000
 0.9090909    0.2850000000E+001    0.8750000000E+000
 0.9191919    0.2800000000E+001    0.4250000000E+000
 0.9292929    0.2600000000E+001    0.7250000000E+000
 0.9393939    0.2650000000E+001    0.2750000000E+000
 0.9494949    0.2675000000E+001    0.6250000000E+000
 0.9595960    0.2675000000E+001    0.4750000000E+000
 0.9696970    0.2450000000E+001    0.5750000000E+000
 0.9797980    0.2175000000E+001    0.3000000000E+000
 0.9898990    0.2550000000E+001    0.5000000000E+000
 1.0000000    0.2475000000E+001    0.4750000000E+000


# Weightfunction after cycle       2006
 0.0000000    0.1975000000E+001    0.4250000000E+000
 0.0101010    0.2243750000E+001    0.4250000000E+000
 0.0202020    0.2068750000E+001    0.2937500000E+000
 0.0303030    0.2050000000E+001    0.3187500000E+000
 0.0404040    0.2087500000E+001    0.3437500000E+000
 0.0505051    0.2200000000E+001    0.5000000000E+000
 0.0606061    0.2337500000E+001    0.5000000000E+000
 0.0707071    0.2237500000E+001    0.3250000000E+000
 0.0808081    0.2337500000E+001    0.4312500000E+000
 0.0909091    0.2525000000E+001    0.6500000000E+000
 0.1010101    0.2518750000E+001    0.4187500000E+000
 0.1111111    0.2743750000E+001    0.5875000000E+000
 0.1212121    0.2962500000E+001    0.7937500000E+000
 0.1313131    0.2606250000E+001    0.4125000000E+000
 0.1414141    0.2656250000E+001    0.4375000000E+000
 0.1515152    0.2768750000E+001    0.3375000000E+000
 0.1616162    0.3137500000E+001    0.6187500000E+000
 0.1717172    0.3237500000E+001    0.6875000000E+000
 0.1818182    0.3025000000E+001    0.4062500000E+000
 0.1919192    0.3187500000E+001    0.4125000000E+000
 0.2020202    0.3025000000E+001    0.4062500000E+000
 0.2121212    0.3012500000E+001    0.5562500000E+000
 0.2222222    0.3168750000E+001    0.5312500000E+000
 0.2323232    0.2893750000E+001    0.5562500000E+000
 0.2424242    0.3062500000E+001    0.3937500000E+000
 0.2525253    0.3031250000E+001    0.3375000000E+000
 0.2626263    0.3050000000E+001    0.3937500000E+000
 0.2727273    0.3068750000E+001    0.5125000000E+000
 0.2828283    0.3175000000E+001    0.4250000000E+000
 0.2929293    0.2925000000E+001    0.6312500000E+000
 0.3030303    0.2900000000E+001    0.2125000000E+000
 0.3131313    0.2806250000E+001    0.4062500000E+000
 0.3232323    0.2668750000E+001    0.1875000000E+000
 0.3333333    0.2750000000E+001    0.3812500000E+000
 0.3434343    0.2887500000E+001    0.4062500000E+000
 0.3535354    0.2812500000E+001    0.5812500000E+000
 0.3636364    0.2593750000E+001    0.4375000000E+000
 0.3737374    0.2693750000E+001    0.3250000000E+000
 0.3838384    0.2431250000E+001    0.3625000000E+000
 0.3939394    0.2668750000E+001    0.3187500000E+000
 0.4040404    0.2418750000E+001    0.2750000000E+000
 0.4141414    0.2481250000E+001    0.4500000000E+000
 0.4242424    0.2243750000E+001    0.2625000000E+000
 0.4343434    0.2193750000E+001    0.3000000000E+000
 0.4444444    0.2250000000E+001    0.2625000000E+000
 0.4545455    0.2168750000E+001    0.3750000000E+000
 0.4646465    0.2143750000E+001    0.2375000000E+000
 0.4747475    0.2056250000E+001    0.2250000000E+000
 0.4848485    0.1968750000E+001    0.2000000000E+000
 0.4949495    0.2018750000E+001    0.2187500000E+000
 0.5050505    0.1893750000E+001    0.2312500000E+000
 0.5151515    0.1881250000E+001    0.2250000000E+000
 0.5252525    0.1893750000E+001    0.2250000000E+000
 0.5353535    0.1843750000E+001    0.1687500000E+000
 0.5454545    0.1881250000E+001    0.2687500000E+000
 0.5555556    0.1806250000E+001    0.3125000000E+000
 0.5656566    0.1712500000E+001    0.2562500000E+000
 0.5757576    0.1906250000E+001    0.1625000000E+000
 0.5858586    0.1962500000E+001    0.1812500000E+000
 0.5959596    0.1712500000E+001    0.2500000000E+000
 0.6060606    0.1818750000E+001    0.6875000000E-001
 0.6161616    0.1825000000E+001    0.1812500000E+000
 0.6262626    0.1781250000E+001    0.2562500000E+000
 0.6363636    0.1750000000E+001    0.3312500000E+000
 0.6464646    0.1681250000E+001    0.2250000000E+000
 0.6565657    0.1887500000E+001    0.2062500000E+000
 0.6666667    0.1818750000E+001    0.2375000000E+000
 0.6767677    0.1756250000E+001    0.3187500000E+000
 0.6868687    0.1756250000E+001    0.3250000000E+000
 0.6969697    0.1856250000E+001    0.3562500000E+000
 0.7070707    0.1775000000E+001    0.3312500000E+000
 0.7171717    0.1856250000E+001    0.2375000000E+000
 0.7272727    0.1743750000E+001    0.2875000000E+000
 0.7373737    0.1625000000E+001    0.8750000000E-001
 0.7474747    0.1800000000E+001    0.3250000000E+000
 0.7575758    0.1743750000E+001    0.2875000000E+000
 0.7676768    0.1812500000E+001    0.3062500000E+000
 0.7777778    0.1681250000E+001    0.2250000000E+000
 0.7878788    0.1737500000E+001    0.2250000000E+000
 0.7979798    0.1737500000E+001    0.2250000000E+000
 0.8080808    0.1793750000E+001    0.2250000000E+000
 0.8181818    0.1650000000E+001    0.2250000000E+000
 0.8282828    0.1668750000E+001    0.1437500000E+000
 0.8383838    0.1775000000E+001    0.3687500000E+000
 0.8484848    0.1831250000E+001    0.1812500000E+000
 0.8585859    0.1750000000E+001    0.2625000000E+000
 0.8686869    0.1843750000E+001    0.2437500000E+000
 0.8787879    0.1706250000E+001    0.2375000000E+000
 0.8888889    0.1656250000E+001    0.9375000000E-001
 0.8989899    0.1668750000E+001    0.1812500000E+000
 0.9090909    0.1681250000E+001    0.1750000000E+000
 0.9191919    0.1737500000E+001    0.2625000000E+000
 0.9292929    0.1625000000E+001    0.2062500000E+000
 0.9393939    0.1706250000E+001    0.2250000000E+000
 0.9494949    0.1793750000E+001    0.1687500000E+000
 0.9595960    0.1887500000E+001    0.4000000000E+000
 0.9696970    0.1675000000E+001    0.0000000000E+000
 0.9797980    0.1893750000E+001    0.4437500000E+000
 0.9898990    0.1837500000E+001    0.3125000000E+000
 1.0000000    0.1750000000E+001    0.1562500000E+000


# Weightfunction after cycle       3663
 0.0000000    0.2023437500E+001    0.3390625000E+000
 0.0101010    0.2085937500E+001    0.3531250000E+000
 0.0202020    0.2178125000E+001    0.4312500000E+000
 0.0303030    0.1981250000E+001    0.2046875000E+000
 0.0404040    0.2164062500E+001    0.3937500000E+000
 0.0505051    0.2220312500E+001    0.4171875000E+000
 0.0606061    0.2176562500E+001    0.3218750000E+000
 0.0707071    0.2309375000E+001    0.3890625000E+000
 0.0808081    0.2515625000E+001    0.4656250000E+000
 0.0909091    0.2396875000E+001    0.4046875000E+000
 0.1010101    0.2517187500E+001    0.3921875000E+000
 0.1111111    0.2659375000E+001    0.3812500000E+000
 0.1212121    0.2721875000E+001    0.4859375000E+000
 0.1313131    0.2759375000E+001    0.3656250000E+000
 0.1414141    0.2739062500E+001    0.3125000000E+000
 0.1515152    0.2921875000E+001    0.3859375000E+000
 0.1616162    0.3117187500E+001    0.4546875000E+000
 0.1717172    0.3007812500E+001    0.3968750000E+000
 0.1818182    0.3065625000E+001    0.3984375000E+000
 0.1919192    0.3089062500E+001    0.4593750000E+000
 0.2020202    0.3103125000E+001    0.4718750000E+000
 0.2121212    0.2853125000E+001    0.3296875000E+000
 0.2222222    0.3031250000E+001    0.4250000000E+000
 0.2323232    0.2978125000E+001    0.3609375000E+000
 0.2424242    0.3020312500E+001    0.3109375000E+000
 0.2525253    0.2909375000E+001    0.2546875000E+000
 0.2626263    0.3000000000E+001    0.3578125000E+000
 0.2727273    0.2912500000E+001    0.2968750000E+000
 0.2828283    0.2928125000E+001    0.3031250000E+000
 0.2929293    0.2885937500E+001    0.2562500000E+000
 0.3030303    0.2850000000E+001    0.3343750000E+000
 0.3131313    0.2737500000E+001    0.2875000000E+000
 0.3232323    0.2751562500E+001    0.2953125000E+000
 0.3333333    0.2698437500E+001    0.2984375000E+000
 0.3434343    0.2701562500E+001    0.2296875000E+000
 0.3535354    0.2640625000E+001    0.3015625000E+000
 0.3636364    0.2515625000E+001    0.2765625000E+000
 0.3737374    0.2503125000E+001    0.2078125000E+000
 0.3838384    0.2582812500E+001    0.2296875000E+000
 0.3939394    0.2492187500E+001    0.1968750000E+000
 0.4040404    0.2323437500E+001    0.1687500000E+000
 0.4141414    0.2337500000E+001    0.2750000000E+000
 0.4242424    0.2276562500E+001    0.1421875000E+000
 0.4343434    0.2179687500E+001    0.7812500000E-001
 0.4444444    0.2139062500E+001    0.1546875000E+000
 0.4545455    0.2075000000E+001    0.1375000000E+000
 0.4646465    0.1964062500E+001    0.1421875000E+000
 0.4747475    0.1975000000E+001    0.6093750000E-001
 0.4848485    0.1907812500E+001    0.1875000000E-001
 0.4949495    0.1876562500E+001    0.1281250000E+000
 0.5050505    0.1681250000E+001    0.5468750000E-001
 0.5151515    0.1831250000E+001    0.5937500000E-001
 0.5252525    0.1679687500E+001    0.8906250000E-001
 0.5353535    0.1839062500E+001    0.6093750000E-001
 0.5454545    0.1854687500E+001    0.8437500000E-001
 0.5555556    0.1779687500E+001    0.1375000000E+000
 0.5656566    0.1807812500E+001    0.1171875000E+000
 0.5757576    0.1879687500E+001    0.3281250000E-001
 0.5858586    0.1782812500E+001    0.1171875000E+000
 0.5959596    0.1710937500E+001    0.4687500000E-001
 0.6060606    0.1837500000E+001    0.6718750000E-001
 0.6161616    0.1795312500E+001    0.0000000000E+000
 0.6262626    0.1704687500E+001    0.8437500000E-001
 0.6363636    0.1798437500E+001    0.1875000000E-001
 0.6464646    0.1775000000E+001    0.3437500000E-001
 0.6565657    0.1745312500E+001    0.6250000000E-001
 0.6666667    0.1773437500E+001    0.2656250000E-001
 0.6767677    0.1773437500E+001    0.1671875000E+000
 0.6868687    0.1795312500E+001    0.1843750000E+000
 0.6969697    0.1760937500E+001    0.6718750000E-001
 0.7070707    0.1815625000E+001    0.1359375000E+000
 0.7171717    0.1806250000E+001    0.1468750000E+000
 0.7272727    0.1709375000E+001    0.7343750000E-001
 0.7373737    0.1803125000E+001    0.1093750000E+000
 0.7474747    0.1789062500E+001    0.1203125000E+000
 0.7575758    0.1803125000E+001    0.1656250000E+000
 0.7676768    0.1782812500E+001    0.1328125000E+000
 0.7777778    0.1735937500E+001    0.7031250000E-001
 0.7878788    0.1775000000E+001    0.9843750000E-001
 0.7979798    0.1814062500E+001    0.1125000000E+000
 0.8080808    0.1770312500E+001    0.1312500000E+000
 0.8181818    0.1704687500E+001    0.7812500000E-001
 0.8282828    0.1764062500E+001    0.1062500000E+000
 0.8383838    0.1868750000E+001    0.1718750000E+000
 0.8484848    0.1848437500E+001    0.1578125000E+000
 0.8585859    0.1704687500E+001    0.7656250000E-001
 0.8686869    0.1839062500E+001    0.1609375000E+000
 0.8787879    0.1845312500E+001    0.1562500000E+000
 0.8888889    0.1775000000E+001    0.9062500000E-001
 0.8989899    0.1789062500E+001    0.9687500000E-001
 0.9090909    0.1742187500E+001    0.9531250000E-001
 0.9191919    0.1821875000E+001    0.1500000000E+000
 0.9292929    0.1779687500E+001    0.1359375000E+000
 0.9393939    0.1775000000E+001    0.6875000000E-001
 0.9494949    0.1743750000E+001    0.9531250000E-001
 0.9595960    0.1687500000E+001    0.6406250000E-001
 0.9696970    0.1825000000E+001    0.1140625000E+000
 0.9797980    0.1867187500E+001    0.1328125000E+000
 0.9898990    0.1712500000E+001    0.4375000000E-001
 1.0000000    0.1729687500E+001    0.4218750000E-001


# Weightfunction after cycle       7972
 0.0000000    0.2112109375E+001    0.3828125000E+000
 0.0101010    0.2095703125E+001    0.3914062500E+000
 0.0202020    0.2075390625E+001    0.3738281250E+000
 0.0303030    0.2045703125E+001    0.3250000000E+000
 0.0404040    0.2115625000E+001    0.3601562500E+000
 0.0505051    0.2167578125E+001    0.3570312500E+000
 0.0606061    0.2230859375E+001    0.3640625000E+000
 0.0707071    0.2262500000E+001    0.3546875000E+000
 0.0808081    0.2400000000E+001    0.4304687500E+000
 0.0909091    0.2382421875E+001    0.3882812500E+000
 0.1010101    0.2514843750E+001    0.4179687500E+000
 0.1111111    0.2600000000E+001    0.3835937500E+000
 0.1212121    0.2739453125E+001    0.4351562500E+000
 0.1313131    0.2751953125E+001    0.3765625000E+000
 0.1414141    0.2870312500E+001    0.3894531250E+000
 0.1515152    0.2927734375E+001    0.4191406250E+000
 0.1616162    0.2960937500E+001    0.3925781250E+000
 0.1717172    0.2965234375E+001    0.3781250000E+000
 0.1818182    0.3066796875E+001    0.3531250000E+000
 0.1919192    0.3046484375E+001    0.3648437500E+000
 0.2020202    0.3121875000E+001    0.3839843750E+000
 0.2121212    0.3057031250E+001    0.3550781250E+000
 0.2222222    0.3030468750E+001    0.3457031250E+000
 0.2323232    0.3058593750E+001    0.3222656250E+000
 0.2424242    0.3001953125E+001    0.3449218750E+000
 0.2525253    0.2980468750E+001    0.3347656250E+000
 0.2626263    0.3015234375E+001    0.3312500000E+000
 0.2727273    0.3009765625E+001    0.3335937500E+000
 0.2828283    0.2911718750E+001    0.3472656250E+000
 0.2929293    0.2882031250E+001    0.2941406250E+000
 0.3030303    0.2796093750E+001    0.3171875000E+000
 0.3131313    0.2788281250E+001    0.2832031250E+000
 0.3232323    0.2778125000E+001    0.2550781250E+000
 0.3333333    0.2705468750E+001    0.2496093750E+000
 0.3434343    0.2698046875E+001    0.2343750000E+000
 0.3535354    0.2557421875E+001    0.2812500000E+000
 0.3636364    0.2538671875E+001    0.2601562500E+000
 0.3737374    0.2482812500E+001    0.1878906250E+000
 0.3838384    0.2454296875E+001    0.2847656250E+000
 0.3939394    0.2404687500E+001    0.2453125000E+000
 0.4040404    0.2357421875E+001    0.1718750000E+000
 0.4141414    0.2303515625E+001    0.1839843750E+000
 0.4242424    0.2255078125E+001    0.1746093750E+000
 0.4343434    0.2172656250E+001    0.1171875000E+000
 0.4444444    0.2084375000E+001    0.1437500000E+000
 0.4545455    0.2051953125E+001    0.1718750000E+000
 0.4646465    0.1954687500E+001    0.8789062500E-001
 0.4747475    0.1926953125E+001    0.8867187500E-001
 0.4848485    0.1865234375E+001    0.7695312500E-001
 0.4949495    0.1786328125E+001    0.9179687500E-001
 0.5050505    0.1744921875E+001    0.4140625000E-001
 0.5151515    0.1795703125E+001    0.3828125000E-001
 0.5252525    0.1713281250E+001    0.7304687500E-001
 0.5353535    0.1770312500E+001    0.6132812500E-001
 0.5454545    0.1712109375E+001    0.4570312500E-001
 0.5555556    0.1781250000E+001    0.1718750000E-001
 0.5656566    0.1743359375E+001    0.4609375000E-001
 0.5757576    0.1755468750E+001    0.9609375000E-001
 0.5858586    0.1790625000E+001    0.1433593750E+000
 0.5959596    0.1747656250E+001    0.9882812500E-001
 0.6060606    0.1749609375E+001    0.9648437500E-001
 0.6161616    0.1758984375E+001    0.9609375000E-001
 0.6262626    0.1788671875E+001    0.8554687500E-001
 0.6363636    0.1778515625E+001    0.5507812500E-001
 0.6464646    0.1784375000E+001    0.1914062500E-001
 0.6565657    0.1769921875E+001    0.9062500000E-001
 0.6666667    0.1780859375E+001    0.6132812500E-001
 0.6767677    0.1716796875E+001    0.6835937500E-001
 0.6868687    0.1780468750E+001    0.4335937500E-001
 0.6969697    0.1742968750E+001    0.4414062500E-001
 0.7070707    0.1765625000E+001    0.8632812500E-001
 0.7171717    0.1753906250E+001    0.8750000000E-001
 0.7272727    0.1734765625E+001    0.4609375000E-001
 0.7373737    0.1781640625E+001    0.9140625000E-001
 0.7474747    0.1755859375E+001    0.5546875000E-001
 0.7575758    0.1752734375E+001    0.6406250000E-001
 0.7676768    0.1752734375E+001    0.5078125000E-001
 0.7777778    0.1773046875E+001    0.8437500000E-001
 0.7878788    0.1757031250E+001    0.5195312500E-001
 0.7979798    0.1744921875E+001    0.5546875000E-001
 0.8080808    0.1766406250E+001    0.9648437500E-001
 0.8181818    0.1744921875E+001    0.4453125000E-001
 0.8282828    0.1717578125E+001    0.2695312500E-001
 0.8383838    0.1748046875E+001    0.6757812500E-001
 0.8484848    0.1771875000E+001    0.4687500000E-001
 0.8585859    0.1753125000E+001    0.7343750000E-001
 0.8686869    0.1727734375E+001    0.2343750000E-001
 0.8787879    0.1757812500E+001    0.4804687500E-001
 0.8888889    0.1745703125E+001    0.4804687500E-001
 0.8989899    0.1739062500E+001    0.1992187500E-001
 0.9090909    0.1769921875E+001    0.7343750000E-001
 0.9191919    0.1732421875E+001    0.5585937500E-001
 0.9292929    0.1749218750E+001    0.5625000000E-001
 0.9393939    0.1776562500E+001    0.6015625000E-001
 0.9494949    0.1724609375E+001    0.4062500000E-001
 0.9595960    0.1755468750E+001    0.6796875000E-001
 0.9696970    0.1788671875E+001    0.7500000000E-001
 0.9797980    0.1746093750E+001    0.4179687500E-001
 0.9898990    0.1736328125E+001    0.1992187500E-001
 1.0000000    0.1698828125E+001    0.0000000000E+000


# Weightfunction after cycle      15081
 0.0000000    0.1992187500E+001    0.3402343750E+000
 0.0101010    0.1967480469E+001    0.3314453125E+000
 0.0202020    0.1985449219E+001    0.3392578125E+000
 0.0303030    0.1958300781E+001    0.2793945313E+000
 0.0404040    0.2025976563E+001    0.3197265625E+000
 0.0505051    0.2070605469E+001    0.3184570313E+000
 0.0606061    0.2114648438E+001    0.3095703125E+000
 0.0707071    0.2178222656E+001    0.3258789063E+000
 0.0808081    0.2289648438E+001    0.3597656250E+000
 0.0909091    0.2305175781E+001    0.3370117188E+000
 0.1010101    0.2419042969E+001    0.3568359375E+000
 0.1111111    0.2501562500E+001    0.3243164063E+000
 0.1212121    0.2603710938E+001    0.3712890625E+000
 0.1313131    0.2662597656E+001    0.3105468750E+000
 0.1414141    0.2788183594E+001    0.3376953125E+000
 0.1515152    0.2841601563E+001    0.3695312500E+000
 0.1616162    0.2898339844E+001    0.3633789063E+000
 0.1717172    0.2912011719E+001    0.3569335938E+000
 0.1818182    0.2962792969E+001    0.3250000000E+000
 0.1919192    0.2976757813E+001    0.3370117188E+000
 0.2020202    0.3041503906E+001    0.3305664063E+000
 0.2121212    0.3011621094E+001    0.3251953125E+000
 0.2222222    0.2963671875E+001    0.3008789063E+000
 0.2323232    0.2991601563E+001    0.2986328125E+000
 0.2424242    0.2952832031E+001    0.2966796875E+000
 0.2525253    0.2957714844E+001    0.2908203125E+000
 0.2626263    0.2950683594E+001    0.2814453125E+000
 0.2727273    0.2936816406E+001    0.2815429688E+000
 0.2828283    0.2864746094E+001    0.2904296875E+000
 0.2929293    0.2806250000E+001    0.2343750000E+000
 0.3030303    0.2806152344E+001    0.2608398438E+000
 0.3131313    0.2744042969E+001    0.2505859375E+000
 0.3232323    0.2695996094E+001    0.2253906250E+000
 0.3333333    0.2675683594E+001    0.2360351563E+000
 0.3434343    0.2623632813E+001    0.1892578125E+000
 0.3535354    0.2548828125E+001    0.2398437500E+000
 0.3636364    0.2506738281E+001    0.1991210938E+000
 0.3737374    0.2444140625E+001    0.1601562500E+000
 0.3838384    0.2413964844E+001    0.1916992188E+000
 0.3939394    0.2347558594E+001    0.2033203125E+000
 0.4040404    0.2280957031E+001    0.1540039063E+000
 0.4141414    0.2265039063E+001    0.1415039063E+000
 0.4242424    0.2170507813E+001    0.1381835938E+000
 0.4343434    0.2098632813E+001    0.1015625000E+000
 0.4444444    0.2056250000E+001    0.1094726563E+000
 0.4545455    0.2020019531E+001    0.1268554688E+000
 0.4646465    0.1915234375E+001    0.7128906250E-001
 0.4747475    0.1870214844E+001    0.6464843750E-001
 0.4848485    0.1823437500E+001    0.4589843750E-001
 0.4949495    0.1748925781E+001    0.5751953125E-001
 0.5050505    0.1709179688E+001    0.3212890625E-001
 0.5151515    0.1738378906E+001    0.7128906250E-002
 0.5252525    0.1702929688E+001    0.4130859375E-001
 0.5353535    0.1734765625E+001    0.3037109375E-001
 0.5454545    0.1692285156E+001    0.1435546875E-001
 0.5555556    0.1734667969E+001    0.1728515625E-001
 0.5656566    0.1714746094E+001    0.1591796875E-001
 0.5757576    0.1734082031E+001    0.4287109375E-001
 0.5858586    0.1742773438E+001    0.6669921875E-001
 0.5959596    0.1728808594E+001    0.5654296875E-001
 0.6060606    0.1716992188E+001    0.3164062500E-001
 0.6161616    0.1724121094E+001    0.6328125000E-001
 0.6262626    0.1738476563E+001    0.4218750000E-001
 0.6363636    0.1736328125E+001    0.3867187500E-001
 0.6464646    0.1745312500E+001    0.1494140625E-001
 0.6565657    0.1738867188E+001    0.5039062500E-001
 0.6666667    0.1724023438E+001    0.4121093750E-001
 0.6767677    0.1696875000E+001    0.2998046875E-001
 0.6868687    0.1752734375E+001    0.6835937500E-003
 0.6969697    0.1714550781E+001    0.2236328125E-001
 0.7070707    0.1731152344E+001    0.3691406250E-001
 0.7171717    0.1732226563E+001    0.4287109375E-001
 0.7272727    0.1711816406E+001    0.1416015625E-001
 0.7373737    0.1741210938E+001    0.4755859375E-001
 0.7474747    0.1718066406E+001    0.1689453125E-001
 0.7575758    0.1738085938E+001    0.3994140625E-001
 0.7676768    0.1726757813E+001    0.1816406250E-001
 0.7777778    0.1728515625E+001    0.3710937500E-001
 0.7878788    0.1722070313E+001    0.2031250000E-001
 0.7979798    0.1707714844E+001    0.6054687500E-002
 0.8080808    0.1731542969E+001    0.3681640625E-001
 0.8181818    0.1724804688E+001    0.2451171875E-001
 0.8282828    0.1711816406E+001    0.6054687500E-002
 0.8383838    0.1714648438E+001    0.1884765625E-001
 0.8484848    0.1746875000E+001    0.3798828125E-001
 0.8585859    0.1728027344E+001    0.3398437500E-001
 0.8686869    0.1700195313E+001    0.0000000000E+000
 0.8787879    0.1716894531E+001    0.1289062500E-001
 0.8888889    0.1707519531E+001    0.1308593750E-001
 0.8989899    0.1714746094E+001    0.8789062500E-002
 0.9090909    0.1723046875E+001    0.3173828125E-001
 0.9191919    0.1704980469E+001    0.2265625000E-001
 0.9292929    0.1719335938E+001    0.2421875000E-001
 0.9393939    0.1741992188E+001    0.3300781250E-001
 0.9494949    0.1694238281E+001    0.6250000000E-002
 0.9595960    0.1716503906E+001    0.2451171875E-001
 0.9696970    0.1736132813E+001    0.3857421875E-001
 0.9797980    0.1723339844E+001    0.9375000000E-002
 0.9898990    0.1722363281E+001    0.1406250000E-001
 1.0000000    0.1711230469E+001    0.6445312500E-002


# Weightfunction after cycle      57561
 0.0000000    0.1856787109E+001    0.3088867188E+000
 0.0101010    0.1839624023E+001    0.2938476563E+000
 0.0202020    0.1855615234E+001    0.3059082031E+000
 0.0303030    0.1846435547E+001    0.2687744141E+000
 0.0404040    0.1904956055E+001    0.2943359375E+000
 0.0505051    0.1944335937E+001    0.3001220703E+000
 0.0606061    0.2001171875E+001    0.3069335937E+000
 0.0707071    0.2059448242E+001    0.3088623047E+000
 0.0808081    0.2128833008E+001    0.3122314453E+000
 0.0909091    0.2198193359E+001    0.3148437500E+000
 0.1010101    0.2282202148E+001    0.3308105469E+000
 0.1111111    0.2363549805E+001    0.3172363281E+000
 0.1212121    0.2459863281E+001    0.3390136719E+000
 0.1313131    0.2523120117E+001    0.3011718750E+000
 0.1414141    0.2594482422E+001    0.3151367187E+000
 0.1515152    0.2665893555E+001    0.3248535156E+000
 0.1616162    0.2722851562E+001    0.3203857422E+000
 0.1717172    0.2754907227E+001    0.3120849609E+000
 0.1818182    0.2795385742E+001    0.2955566406E+000
 0.1919192    0.2815136719E+001    0.2983154297E+000
 0.2020202    0.2829858398E+001    0.2950683594E+000
 0.2121212    0.2833496094E+001    0.2881591797E+000
 0.2222222    0.2815087891E+001    0.2892333984E+000
 0.2323232    0.2804541016E+001    0.2770507812E+000
 0.2424242    0.2788940430E+001    0.2693115234E+000
 0.2525253    0.2776391602E+001    0.2690185547E+000
 0.2626263    0.2752832031E+001    0.2479980469E+000
 0.2727273    0.2731665039E+001    0.2431152344E+000
 0.2828283    0.2679077148E+001    0.2469970703E+000
 0.2929293    0.2632568359E+001    0.2316406250E+000
 0.3030303    0.2609985352E+001    0.2318603516E+000
 0.3131313    0.2568408203E+001    0.2194335937E+000
 0.3232323    0.2523925781E+001    0.1990966797E+000
 0.3333333    0.2491821289E+001    0.1992431641E+000
 0.3434343    0.2433813477E+001    0.1855224609E+000
 0.3535354    0.2391235352E+001    0.1965087891E+000
 0.3636364    0.2333544922E+001    0.1732666016E+000
 0.3737374    0.2288598633E+001    0.1511962891E+000
 0.3838384    0.2241015625E+001    0.1561279297E+000
 0.3939394    0.2191064453E+001    0.1547851563E+000
 0.4040404    0.2111791992E+001    0.1317382813E+000
 0.4141414    0.2093481445E+001    0.1110595703E+000
 0.4242424    0.2007812500E+001    0.1151611328E+000
 0.4343434    0.1960888672E+001    0.9558105469E-001
 0.4444444    0.1899731445E+001    0.8681640625E-001
 0.4545455    0.1851928711E+001    0.8303222656E-001
 0.4646465    0.1774145508E+001    0.6423339844E-001
 0.4747475    0.1714868164E+001    0.4582519531E-001
 0.4848485    0.1678979492E+001    0.3742675781E-001
 0.4949495    0.1589526367E+001    0.3793945313E-001
 0.5050505    0.1568359375E+001    0.1813964844E-001
 0.5151515    0.1572778320E+001    0.1752929688E-001
 0.5252525    0.1574658203E+001    0.2258300781E-001
 0.5353535    0.1575756836E+001    0.2800292969E-001
 0.5454545    0.1575366211E+001    0.1330566406E-001
 0.5555556    0.1580493164E+001    0.1909179688E-001
 0.5656566    0.1570166016E+001    0.1816406250E-001
 0.5757576    0.1583227539E+001    0.2355957031E-001
 0.5858586    0.1573852539E+001    0.3464355469E-001
 0.5959596    0.1574829102E+001    0.3562011719E-001
 0.6060606    0.1563085937E+001    0.1948242188E-001
 0.6161616    0.1584423828E+001    0.2856445313E-001
 0.6262626    0.1578271484E+001    0.2524414063E-001
 0.6363636    0.1586865234E+001    0.2424316406E-001
 0.6464646    0.1578637695E+001    0.5273437500E-002
 0.6565657    0.1571972656E+001    0.3239746094E-001
 0.6666667    0.1576025391E+001    0.2451171875E-001
 0.6767677    0.1554370117E+001    0.1496582031E-001
 0.6868687    0.1587182617E+001    0.9594726563E-002
 0.6969697    0.1578686523E+001    0.2165527344E-001
 0.7070707    0.1577490234E+001    0.2319335938E-001
 0.7171717    0.1578735352E+001    0.2089843750E-001
 0.7272727    0.1574438477E+001    0.1516113281E-001
 0.7373737    0.1581884766E+001    0.2390136719E-001
 0.7474747    0.1570605469E+001    0.1494140625E-001
 0.7575758    0.1584375000E+001    0.2900390625E-001
 0.7676768    0.1582763672E+001    0.1464843750E-001
 0.7777778    0.1578125000E+001    0.1862792969E-001
 0.7878788    0.1583935547E+001    0.2202148438E-001
 0.7979798    0.1574389648E+001    0.1079101563E-001
 0.8080808    0.1581884766E+001    0.2097167969E-001
 0.8181818    0.1585327148E+001    0.2031250000E-001
 0.8282828    0.1572924805E+001    0.9765625000E-002
 0.8383838    0.1586083984E+001    0.2246093750E-001
 0.8484848    0.1584887695E+001    0.2060546875E-001
 0.8585859    0.1577539062E+001    0.2268066406E-001
 0.8686869    0.1565722656E+001    0.5004882813E-002
 0.8787879    0.1573730469E+001    0.1086425781E-001
 0.8888889    0.1576489258E+001    0.1892089844E-001
 0.8989899    0.1576147461E+001    0.9765625000E-002
 0.9090909    0.1574487305E+001    0.1750488281E-001
 0.9191919    0.1571264648E+001    0.1132812500E-001
 0.9292929    0.1582348633E+001    0.2358398438E-001
 0.9393939    0.1595336914E+001    0.2900390625E-001
 0.9494949    0.1565917969E+001    0.3222656250E-002
 0.9595960    0.1574951172E+001    0.1535644531E-001
 0.9696970    0.1584082031E+001    0.2050781250E-001
 0.9797980    0.1570678711E+001    0.0000000000E+000
 0.9898990    0.1580297852E+001    0.1608886719E-001
 1.0000000    0.1572021484E+001    0.1442871094E-001


# Weightfunction after cycle      75086
 0.0000000    0.1838964844E+001    0.3058044434E+000
 0.0101010    0.1825292969E+001    0.2941528320E+000
 0.0202020    0.1837799072E+001    0.3032470703E+000
 0.0303030    0.1834552002E+001    0.2690185547E+000
 0.0404040    0.1891430664E+001    0.2961364746E+000
 0.0505051    0.1927966309E+001    0.2984313965E+000
 0.0606061    0.1984149170E+001    0.3059204102E+000
 0.0707071    0.2043353271E+001    0.3064208984E+000
 0.0808081    0.2113342285E+001    0.3091430664E+000
 0.0909091    0.2182507324E+001    0.3129638672E+000
 0.1010101    0.2265270996E+001    0.3264648437E+000
 0.1111111    0.2349298096E+001    0.3167785645E+000
 0.1212121    0.2442663574E+001    0.3348937988E+000
 0.1313131    0.2508258057E+001    0.3014831543E+000
 0.1414141    0.2580212402E+001    0.3150146484E+000
 0.1515152    0.2647283936E+001    0.3231506348E+000
 0.1616162    0.2704931641E+001    0.3154357910E+000
 0.1717172    0.2740563965E+001    0.3115783691E+000
 0.1818182    0.2775384521E+001    0.2951354980E+000
 0.1919192    0.2797576904E+001    0.2985473633E+000
 0.2020202    0.2810742187E+001    0.2920471191E+000
 0.2121212    0.2813079834E+001    0.2868591309E+000
 0.2222222    0.2798962402E+001    0.2883666992E+000
 0.2323232    0.2787829590E+001    0.2759399414E+000
 0.2424242    0.2769763184E+001    0.2671875000E+000
 0.2525253    0.2757214355E+001    0.2663085937E+000
 0.2626263    0.2731817627E+001    0.2455444336E+000
 0.2727273    0.2710974121E+001    0.2410461426E+000
 0.2828283    0.2660552979E+001    0.2440734863E+000
 0.2929293    0.2614166260E+001    0.2295166016E+000
 0.3030303    0.2590576172E+001    0.2294616699E+000
 0.3131313    0.2550909424E+001    0.2188659668E+000
 0.3232323    0.2505297852E+001    0.1979614258E+000
 0.3333333    0.2470733643E+001    0.1999267578E+000
 0.3434343    0.2414361572E+001    0.1815002441E+000
 0.3535354    0.2371002197E+001    0.1921081543E+000
 0.3636364    0.2316510010E+001    0.1702087402E+000
 0.3737374    0.2267510986E+001    0.1500244141E+000
 0.3838384    0.2225256348E+001    0.1531372070E+000
 0.3939394    0.2171582031E+001    0.1534057617E+000
 0.4040404    0.2094567871E+001    0.1331909180E+000
 0.4141414    0.2076623535E+001    0.1122741699E+000
 0.4242424    0.1988580322E+001    0.1143676758E+000
 0.4343434    0.1943475342E+001    0.9431152344E-001
 0.4444444    0.1882391357E+001    0.8593139648E-001
 0.4545455    0.1832489014E+001    0.8108520508E-001
 0.4646465    0.1757867432E+001    0.5958251953E-001
 0.4747475    0.1699072266E+001    0.4639282227E-001
 0.4848485    0.1661657715E+001    0.3654785156E-001
 0.4949495    0.1574444580E+001    0.3569946289E-001
 0.5050505    0.1552148437E+001    0.1748046875E-001
 0.5151515    0.1555737305E+001    0.1808471680E-001
 0.5252525    0.1559295654E+001    0.2218627930E-001
 0.5353535    0.1555670166E+001    0.2691650391E-001
 0.5454545    0.1558544922E+001    0.1231079102E-001
 0.5555556    0.1561248779E+001    0.1875610352E-001
 0.5656566    0.1550048828E+001    0.1676025391E-001
 0.5757576    0.1564416504E+001    0.2222290039E-001
 0.5858586    0.1555029297E+001    0.3078613281E-001
 0.5959596    0.1557647705E+001    0.3411865234E-001
 0.6060606    0.1546343994E+001    0.2001342773E-001
 0.6161616    0.1566040039E+001    0.2651977539E-001
 0.6262626    0.1559918213E+001    0.2368774414E-001
 0.6363636    0.1566583252E+001    0.2267456055E-001
 0.6464646    0.1561499023E+001    0.6060791016E-002
 0.6565657    0.1554028320E+001    0.3090209961E-001
 0.6666667    0.1559106445E+001    0.2177734375E-001
 0.6767677    0.1540710449E+001    0.1610107422E-001
 0.6868687    0.1568316650E+001    0.9509277344E-002
 0.6969697    0.1560717773E+001    0.1909179688E-001
 0.7070707    0.1560382080E+001    0.2205810547E-001
 0.7171717    0.1562500000E+001    0.1979980469E-001
 0.7272727    0.1557250977E+001    0.1476440430E-001
 0.7373737    0.1565454102E+001    0.2406616211E-001
 0.7474747    0.1554974365E+001    0.1579589844E-001
 0.7575758    0.1566491699E+001    0.2761230469E-001
 0.7676768    0.1566125488E+001    0.1517333984E-001
 0.7777778    0.1560351562E+001    0.1749267578E-001
 0.7878788    0.1565704346E+001    0.2034301758E-001
 0.7979798    0.1556414795E+001    0.9100341797E-002
 0.8080808    0.1564965820E+001    0.2078857422E-001
 0.8181818    0.1568316650E+001    0.2024536133E-001
 0.8282828    0.1556079102E+001    0.9143066406E-002
 0.8383838    0.1566125488E+001    0.1932373047E-001
 0.8484848    0.1568048096E+001    0.1994018555E-001
 0.8585859    0.1561456299E+001    0.2296752930E-001
 0.8686869    0.1548242187E+001    0.5065917969E-002
 0.8787879    0.1557769775E+001    0.1105346680E-001
 0.8888889    0.1556915283E+001    0.1626586914E-001
 0.8989899    0.1559240723E+001    0.9051513672E-002
 0.9090909    0.1556652832E+001    0.1630859375E-001
 0.9191919    0.1555523682E+001    0.1232910156E-001
 0.9292929    0.1562884521E+001    0.2055664063E-001
 0.9393939    0.1575207520E+001    0.2615356445E-001
 0.9494949    0.1549627686E+001    0.1715087891E-002
 0.9595960    0.1555883789E+001    0.1180419922E-001
 0.9696970    0.1566491699E+001    0.1879272461E-001
 0.9797980    0.1553118896E+001    0.0000000000E+000
 0.9898990    0.1561621094E+001    0.1337280273E-001
 1.0000000    0.1556616211E+001    0.1508178711E-001


# Weightfunction after cycle      81710
 0.0000000    0.1837147522E+001    0.3053070068E+000
 0.0101010    0.1823684692E+001    0.2937377930E+000
 0.0202020    0.1836843872E+001    0.3030395508E+000
 0.0303030    0.1833253479E+001    0.2691543579E+000
 0.0404040    0.1889802551E+001    0.2956588745E+000
 0.0505051    0.1926184082E+001    0.2973251343E+000
 0.0606061    0.1982434082E+001    0.3054458618E+000
 0.0707071    0.2041824341E+001    0.3057464600E+000
 0.0808081    0.2111463928E+001    0.3084197998E+000
 0.0909091    0.2181668091E+001    0.3126190186E+000
 0.1010101    0.2263969421E+001    0.3262329102E+000
 0.1111111    0.2348336792E+001    0.3164932251E+000
 0.1212121    0.2440875244E+001    0.3340789795E+000
 0.1313131    0.2506710815E+001    0.3013259888E+000
 0.1414141    0.2578927612E+001    0.3144271851E+000
 0.1515152    0.2645956421E+001    0.3229049683E+000
 0.1616162    0.2703309631E+001    0.3147338867E+000
 0.1717172    0.2739099121E+001    0.3113723755E+000
 0.1818182    0.2774172974E+001    0.2949874878E+000
 0.1919192    0.2796755981E+001    0.2979934692E+000
 0.2020202    0.2809291077E+001    0.2918304443E+000
 0.2121212    0.2811820984E+001    0.2864791870E+000
 0.2222222    0.2797656250E+001    0.2880203247E+000
 0.2323232    0.2786625671E+001    0.2758316040E+000
 0.2424242    0.2768875122E+001    0.2668167114E+000
 0.2525253    0.2755827332E+001    0.2659072876E+000
 0.2626263    0.2731137085E+001    0.2454788208E+000
 0.2727273    0.2709576416E+001    0.2407287598E+000
 0.2828283    0.2659655762E+001    0.2434997559E+000
 0.2929293    0.2613259888E+001    0.2294113159E+000
 0.3030303    0.2589514160E+001    0.2294982910E+000
 0.3131313    0.2549987793E+001    0.2187103271E+000
 0.3232323    0.2504486084E+001    0.1981231689E+000
 0.3333333    0.2469372559E+001    0.1998794556E+000
 0.3434343    0.2412779236E+001    0.1812469482E+000
 0.3535354    0.2370365906E+001    0.1916336060E+000
 0.3636364    0.2315602112E+001    0.1695373535E+000
 0.3737374    0.2266055298E+001    0.1499435425E+000
 0.3838384    0.2224549866E+001    0.1528839111E+000
 0.3939394    0.2170402527E+001    0.1530838013E+000
 0.4040404    0.2093559265E+001    0.1327224731E+000
 0.4141414    0.2075674438E+001    0.1121551514E+000
 0.4242424    0.1987709045E+001    0.1140090942E+000
 0.4343434    0.1942050171E+001    0.9402160645E-001
 0.4444444    0.1881207275E+001    0.8544006348E-001
 0.4545455    0.1831365967E+001    0.8131561279E-001
 0.4646465    0.1756983948E+001    0.5946655273E-001
 0.4747475    0.1697866821E+001    0.4597930908E-001
 0.4848485    0.1660508728E+001    0.3672943115E-001
 0.4949495    0.1573251343E+001    0.3528289795E-001
 0.5050505    0.1550500488E+001    0.1703796387E-001
 0.5151515    0.1554374695E+001    0.1796417236E-001
 0.5252525    0.1557867432E+001    0.2172851563E-001
 0.5353535    0.1554388428E+001    0.2662658691E-001
 0.5454545    0.1557025146E+001    0.1226348877E-001
 0.5555556    0.1559739685E+001    0.1845550537E-001
 0.5656566    0.1548744202E+001    0.1649322510E-001
 0.5757576    0.1562733459E+001    0.2163391113E-001
 0.5858586    0.1553741455E+001    0.3034057617E-001
 0.5959596    0.1556443787E+001    0.3374176025E-001
 0.6060606    0.1545004272E+001    0.1978912354E-001
 0.6161616    0.1564360046E+001    0.2608947754E-001
 0.6262626    0.1558317566E+001    0.2339782715E-001
 0.6363636    0.1564953613E+001    0.2254791260E-001
 0.6464646    0.1559629822E+001    0.5928039551E-002
 0.6565657    0.1552842712E+001    0.3034667969E-001
 0.6666667    0.1557614136E+001    0.2159423828E-001
 0.6767677    0.1539459229E+001    0.1616821289E-001
 0.6868687    0.1566593933E+001    0.9403991699E-002
 0.6969697    0.1559124756E+001    0.1893463135E-001
 0.7070707    0.1559111023E+001    0.2192687988E-001
 0.7171717    0.1560626221E+001    0.1910095215E-001
 0.7272727    0.1556138611E+001    0.1457672119E-001
 0.7373737    0.1564164734E+001    0.2382202148E-001
 0.7474747    0.1553819275E+001    0.1566772461E-001
 0.7575758    0.1564663696E+001    0.2705841064E-001
 0.7676768    0.1564836121E+001    0.1506347656E-001
 0.7777778    0.1559027100E+001    0.1717681885E-001
 0.7878788    0.1564053345E+001    0.1998596191E-001
 0.7979798    0.1555204773E+001    0.9117126465E-002
 0.8080808    0.1563301086E+001    0.2045898438E-001
 0.8181818    0.1566767883E+001    0.2009429932E-001
 0.8282828    0.1554673767E+001    0.8917236328E-002
 0.8383838    0.1564494324E+001    0.1899871826E-001
 0.8484848    0.1566555786E+001    0.1986389160E-001
 0.8585859    0.1560171509E+001    0.2273101807E-001
 0.8686869    0.1546690369E+001    0.4785156250E-002
 0.8787879    0.1556074524E+001    0.1055908203E-001
 0.8888889    0.1555450439E+001    0.1604309082E-001
 0.8989899    0.1558024597E+001    0.8912658691E-002
 0.9090909    0.1554827881E+001    0.1582031250E-001
 0.9191919    0.1554437256E+001    0.1234588623E-001
 0.9292929    0.1561512756E+001    0.2027740479E-001
 0.9393939    0.1573614502E+001    0.2581481934E-001
 0.9494949    0.1548095703E+001    0.1333618164E-002
 0.9595960    0.1553958130E+001    0.1097106934E-001
 0.9696970    0.1564994812E+001    0.1865692139E-001
 0.9797980    0.1551623535E+001    0.0000000000E+000
 0.9898990    0.1560467529E+001    0.1346588135E-001
 1.0000000    0.1555177307E+001    0.1500396729E-001


