# Lambda, (Probability, Probability_biased(/observed)) per Fractional
 0.0000000   0.1008127753E+001   0.1055755733E+001   0.8530774898E+000   0.1055719854E+001
 0.0101010   0.9869255146E+000   0.1009991741E+001   0.8374192861E+000   0.1026841055E+001
 0.0202020   0.9384250102E+000   0.9579749990E+000   0.8173430325E+000   0.9947581234E+000
 0.0303030   0.9845883187E+000   0.1041121229E+001   0.8391933631E+000   0.1029795514E+001
 0.0404040   0.9250448359E+000   0.1014978597E+001   0.7939026167E+000   0.9777803855E+000
 0.0505051   0.8695754841E+000   0.9817392849E+000   0.7996077981E+000   0.9855826547E+000
 0.0606061   0.8460883371E+000   0.1005215868E+001   0.8232969608E+000   0.1028443121E+001
 0.0707071   0.7975021716E+000   0.1006865366E+001   0.8161870111E+000   0.1022846293E+001
 0.0808081   0.7293102444E+000   0.9826599352E+000   0.7996242630E+000   0.9980246735E+000
 0.0909091   0.6850197225E+000   0.9939954420E+000   0.8162673706E+000   0.1041176424E+001
 0.1010101   0.6538836698E+000   0.1015343021E+001   0.8446831144E+000   0.1068182679E+001
 0.1111111   0.5629928472E+000   0.9319090873E+000   0.8099364287E+000   0.1025343019E+001
 0.1212121   0.5546766374E+000   0.1032605214E+001   0.8045779746E+000   0.1033873500E+001
 0.1313131   0.4825913278E+000   0.9438775412E+000   0.7812542059E+000   0.9850625035E+000
 0.1414141   0.4715669308E+000   0.9807994544E+000   0.8137302010E+000   0.1039220655E+001
 0.1515152   0.4369273415E+000   0.9581668011E+000   0.8172013521E+000   0.1038658892E+001
 0.1616162   0.4077400459E+000   0.9575913947E+000   0.8044993149E+000   0.1058216580E+001
 0.1717172   0.3962947684E+000   0.9702119759E+000   0.8144987543E+000   0.1042216727E+001
 0.1818182   0.3800594365E+000   0.9770784927E+000   0.8191766338E+000   0.1035579596E+001
 0.1919192   0.3801263383E+000   0.9480396478E+000   0.7921136623E+000   0.9846879945E+000
 0.2020202   0.3662522544E+000   0.9421513219E+000   0.8080816381E+000   0.9792576151E+000
 0.2121212   0.3767707879E+000   0.9516647084E+000   0.8051340693E+000   0.9905969131E+000
 0.2222222   0.3782138044E+000   0.9907731660E+000   0.8212534201E+000   0.9935929845E+000
 0.2323232   0.3648313569E+000   0.9354766072E+000   0.8304659091E+000   0.1020224730E+001
 0.2424242   0.3760045146E+000   0.9228943864E+000   0.8259342507E+000   0.1006263870E+001
 0.2525253   0.3966504605E+000   0.9386413426E+000   0.8500203664E+000   0.1014419842E+001
 0.2626263   0.3903290551E+000   0.9039443344E+000   0.8297277934E+000   0.9864565089E+000
 0.2727273   0.4095231068E+000   0.9451242552E+000   0.8786836415E+000   0.1046357131E+001
 0.2828283   0.4367233460E+000   0.9770976729E+000   0.8550683298E+000   0.9676478384E+000
 0.2929293   0.4585685995E+000   0.9855369674E+000   0.8940786293E+000   0.1040489824E+001
 0.3030303   0.4381534789E+000   0.9609671125E+000   0.8705458794E+000   0.9946124811E+000
 0.3131313   0.4874214420E+000   0.9921541414E+000   0.8827029992E+000   0.9905969131E+000
 0.3232323   0.5052145887E+000   0.9874741690E+000   0.9140660757E+000   0.1011444577E+001
 0.3333333   0.5485740881E+000   0.9999221283E+000   0.9083782210E+000   0.1003122156E+001
 0.3434343   0.5527693053E+000   0.9637674238E+000   0.9462395090E+000   0.1016250775E+001
 0.3535354   0.6015555581E+000   0.1013770243E+001   0.9241445834E+000   0.9923030093E+000
 0.3636364   0.6103739367E+000   0.9738945771E+000   0.9643465158E+000   0.1016167550E+001
 0.3737374   0.6368271954E+000   0.9838491085E+000   0.9710416939E+000   0.1007678681E+001
 0.3838384   0.6814834658E+000   0.9676034667E+000   0.9621268231E+000   0.1002310720E+001
 0.3939394   0.7280535646E+000   0.9999604888E+000   0.9974744842E+000   0.1012921806E+001
 0.4040404   0.7482478890E+000   0.9585504054E+000   0.9829081941E+000   0.9990441700E+000
 0.4141414   0.7801175629E+000   0.9516647084E+000   0.9692162646E+000   0.9821496563E+000
 0.4242424   0.8743316907E+000   0.1017107601E+001   0.1004495258E+001   0.9746178657E+000
 0.4343434   0.8853074668E+000   0.9742398210E+000   0.1004358130E+001   0.9822536865E+000
 0.4444444   0.9377426511E+000   0.1006961267E+001   0.1015654097E+001   0.9949453779E+000
 0.4545455   0.1052306433E+001   0.1038512720E+001   0.1026653334E+001   0.9809429053E+000
 0.4646465   0.1028707077E+001   0.9473491601E+000   0.1042628865E+001   0.9967971164E+000
 0.4747475   0.1168072292E+001   0.1047853485E+001   0.1097877897E+001   0.1028047806E+001
 0.4848485   0.1177154628E+001   0.1004487019E+001   0.1101871240E+001   0.1031730477E+001
 0.4949495   0.1273816311E+001   0.1003278666E+001   0.1089905834E+001   0.9724748424E+000
 0.5050505   0.1288178052E+001   0.9523168357E+000   0.1170347389E+001   0.1072260665E+001
 0.5151515   0.1346611448E+001   0.1052629358E+001   0.1093121247E+001   0.9663370572E+000
 0.5252525   0.1342409034E+001   0.1004928164E+001   0.1109687630E+001   0.9960897107E+000
 0.5353535   0.1293234669E+001   0.9932665939E+000   0.1099185930E+001   0.9804019479E+000
 0.5454545   0.1388379310E+001   0.1055985896E+001   0.1127812358E+001   0.1016625283E+001
 0.5555556   0.1304792341E+001   0.9853068048E+000   0.1116197481E+001   0.1029129720E+001
 0.5656566   0.1301776735E+001   0.1006194059E+001   0.1107093340E+001   0.9909506160E+000
 0.5757576   0.1296484393E+001   0.9874166284E+000   0.1091975211E+001   0.9931560575E+000
 0.5858586   0.1330816822E+001   0.1005695373E+001   0.1098428925E+001   0.9978374190E+000
 0.5959596   0.1364088611E+001   0.1045762841E+001   0.1093947598E+001   0.9955695594E+000
 0.6060606   0.1313934185E+001   0.9798788041E+000   0.1094234922E+001   0.9678767050E+000
 0.6161616   0.1327146200E+001   0.1031396861E+001   0.1073555072E+001   0.9688753955E+000
 0.6262626   0.1330493173E+001   0.1027618358E+001   0.1144154559E+001   0.1032250628E+001
 0.6363636   0.1317494046E+001   0.1016225311E+001   0.1075175613E+001   0.9539366506E+000
 0.6464646   0.1326039767E+001   0.1010931572E+001   0.1102782661E+001   0.1009218329E+001
 0.6565657   0.1283819624E+001   0.9718806546E+000   0.1093282798E+001   0.9759286469E+000
 0.6666667   0.1325513588E+001   0.9919047986E+000   0.1139226759E+001   0.1022742263E+001
 0.6767677   0.1316707776E+001   0.1006117338E+001   0.1063413302E+001   0.9541447111E+000
 0.6868687   0.1340689856E+001   0.1016532194E+001   0.1110051009E+001   0.1008302863E+001
 0.6969697   0.1304768984E+001   0.9912910318E+000   0.1148892328E+001   0.1013150673E+001
 0.7070707   0.1347315501E+001   0.1045417597E+001   0.1108137427E+001   0.9980246735E+000
 0.7171717   0.1344270801E+001   0.1031627023E+001   0.1117928005E+001   0.9888700109E+000
 0.7272727   0.1326579893E+001   0.1025546895E+001   0.1123515723E+001   0.1008927044E+001
 0.7373737   0.1335211377E+001   0.1013367459E+001   0.1089685338E+001   0.9628000285E+000
 0.7474747   0.1328031514E+001   0.1039932056E+001   0.1099760640E+001   0.9960272925E+000
 0.7575758   0.1308183243E+001   0.9838299283E+000   0.1098003107E+001   0.9656712636E+000
 0.7676768   0.1362099846E+001   0.1038359278E+001   0.1133773844E+001   0.9964434136E+000
 0.7777778   0.1350025476E+001   0.1008553225E+001   0.1111233001E+001   0.9726412908E+000
 0.7878788   0.1348201740E+001   0.1034062910E+001   0.1116957432E+001   0.9941755540E+000
 0.7979798   0.1351090341E+001   0.1031243419E+001   0.1118763270E+001   0.9868102118E+000
 0.8080808   0.1310584750E+001   0.1022612322E+001   0.1099377095E+001   0.9839597827E+000
 0.8181818   0.1337672856E+001   0.1012945494E+001   0.1109656929E+001   0.9754501077E+000
 0.8282828   0.1366776761E+001   0.1025489354E+001   0.1126743723E+001   0.9646309610E+000
 0.8383838   0.1361327991E+001   0.1039222388E+001   0.1137711150E+001   0.1011715055E+001
 0.8484848   0.1333857019E+001   0.1002281295E+001   0.1108311076E+001   0.9734111147E+000
 0.8585859   0.1313507783E+001   0.1007114709E+001   0.1108872291E+001   0.9860820000E+000
 0.8686869   0.1351122532E+001   0.1023130188E+001   0.1123336158E+001   0.9944668387E+000
 0.8787879   0.1359967039E+001   0.1021825933E+001   0.1117239552E+001   0.9681471837E+000
 0.8888889   0.1374458707E+001   0.1041850077E+001   0.1158625048E+001   0.1008573342E+001
 0.8989899   0.1338377204E+001   0.9943982265E+000   0.1094176918E+001   0.9534373053E+000
 0.9090909   0.1307693708E+001   0.1020157255E+001   0.1105817604E+001   0.9865397331E+000
 0.9191919   0.1376551113E+001   0.1046050544E+001   0.1134784905E+001   0.9896190287E+000
 0.9292929   0.1384103949E+001   0.1068222873E+001   0.1137934989E+001   0.1005057119E+001
 0.9393939   0.1375974494E+001   0.1057750475E+001   0.1124415687E+001   0.9926983243E+000
 0.9494949   0.1357369079E+001   0.1019102343E+001   0.1121817220E+001   0.9739312660E+000
 0.9595960   0.1358536272E+001   0.1043058431E+001   0.1106181781E+001   0.9881001870E+000
 0.9696970   0.1336668715E+001   0.1023091828E+001   0.1103450028E+001   0.9695203831E+000
 0.9797980   0.1337363733E+001   0.1021077905E+001   0.1115833697E+001   0.9918244702E+000
 0.9898990   0.1357510631E+001   0.1040948607E+001   0.1124323390E+001   0.9818791776E+000
 1.0000000   0.1348622667E+001   0.1031857186E+001   0.1098392060E+001   0.9780508641E+000


 0.0000000   0.1042532373E+001   0.1083860360E+001   0.8480359212E+000   0.1049809516E+001
 0.0101010   0.1015311032E+001   0.1031498158E+001   0.8190491260E+000   0.1004630286E+001
 0.0202020   0.9934619403E+000   0.1006796602E+001   0.8123331920E+000   0.9889705938E+000
 0.0303030   0.9953710194E+000   0.1044882658E+001   0.8297867711E+000   0.1018571480E+001
 0.0404040   0.9492596963E+000   0.1033986930E+001   0.8004176164E+000   0.9861132084E+000
 0.0505051   0.8895921937E+000   0.9970472774E+000   0.8042824172E+000   0.9916551126E+000
 0.0606061   0.8622302435E+000   0.1016957456E+001   0.8126244905E+000   0.1015429373E+001
 0.0707071   0.8121518322E+000   0.1017917691E+001   0.8161228643E+000   0.1023086353E+001
 0.0808081   0.7425789445E+000   0.9932749256E+000   0.8009913853E+000   0.1000044234E+001
 0.0909091   0.7030712509E+000   0.1012783373E+001   0.8043123216E+000   0.1026248797E+001
 0.1010101   0.6534640748E+000   0.1007325711E+001   0.8180776259E+000   0.1034861628E+001
 0.1111111   0.5893201005E+000   0.9684067987E+000   0.8042953113E+000   0.1018520637E+001
 0.1212121   0.5570095509E+000   0.1029420915E+001   0.8045488500E+000   0.1034159992E+001
 0.1313131   0.5087047518E+000   0.9877290785E+000   0.7821650468E+000   0.9865199537E+000
 0.1414141   0.4897698425E+000   0.1011264634E+001   0.8089169881E+000   0.1033397345E+001
 0.1515152   0.4604344164E+000   0.1002387360E+001   0.8075842718E+000   0.1026757228E+001
 0.1616162   0.4216600755E+000   0.9830944749E+000   0.8043264331E+000   0.1058320661E+001
 0.1717172   0.4123947948E+000   0.1002299175E+001   0.8075837834E+000   0.1033692235E+001
 0.1818182   0.4036237146E+000   0.1030126393E+001   0.8147980876E+000   0.1030367093E+001
 0.1919192   0.3977212114E+000   0.9847209954E+000   0.7958819537E+000   0.9896823980E+000
 0.2020202   0.3887461409E+000   0.9927556148E+000   0.8037197605E+000   0.9742769213E+000
 0.2121212   0.3929236429E+000   0.9852599028E+000   0.7977108025E+000   0.9817712027E+000
 0.2222222   0.3901889150E+000   0.1014723440E+001   0.8196386095E+000   0.9919500029E+000
 0.2323232   0.3951858807E+000   0.1005953947E+001   0.8191128634E+000   0.1006592832E+001
 0.2424242   0.3924297506E+000   0.9562176931E+000   0.8244185772E+000   0.1004731973E+001
 0.2525253   0.4152282681E+000   0.9754713848E+000   0.8543136356E+000   0.1019862896E+001
 0.2626263   0.4081720864E+000   0.9384043540E+000   0.8333090634E+000   0.9910246574E+000
 0.2727273   0.4206782564E+000   0.9638211866E+000   0.8751433302E+000   0.1042467764E+001
 0.2828283   0.4545894304E+000   0.1009687105E+001   0.8721544419E+000   0.9872927696E+000
 0.2929293   0.4650112107E+000   0.9921285226E+000   0.8935148209E+000   0.1040159485E+001
 0.3030303   0.4724236005E+000   0.1028607654E+001   0.8894664401E+000   0.1016547922E+001
 0.3131313   0.4897655173E+000   0.9896887418E+000   0.8926901029E+000   0.1002118634E+001
 0.3232323   0.5174479428E+000   0.1004043275E+001   0.9126578096E+000   0.1010202696E+001
 0.3333333   0.5558537481E+000   0.1005836367E+001   0.9198149580E+000   0.1016069997E+001
 0.3434343   0.5653563541E+000   0.9785578544E+000   0.9378904049E+000   0.1007599527E+001
 0.3535354   0.5954021589E+000   0.9961164373E+000   0.9391379002E+000   0.1008718076E+001
 0.3636364   0.6172367687E+000   0.9776956026E+000   0.9573726321E+000   0.1009134990E+001
 0.3737374   0.6601129815E+000   0.1012420836E+001   0.9587691281E+000   0.9952548081E+000
 0.3838384   0.6904288259E+000   0.9731883770E+000   0.9605677720E+000   0.1001000085E+001
 0.3939394   0.7289698486E+000   0.9939510094E+000   0.9604398126E+000   0.9756191807E+000
 0.4040404   0.7532178725E+000   0.9579128018E+000   0.9881145039E+000   0.1004650624E+001
 0.4141414   0.7865474420E+000   0.9525433245E+000   0.9933073154E+000   0.1006877554E+001
 0.4242424   0.8794241101E+000   0.1015605289E+001   0.9886375900E+000   0.9595324056E+000
 0.4343434   0.8828540938E+000   0.9644874721E+000   0.1020971052E+001   0.9988138291E+000
 0.4444444   0.9639495119E+000   0.1027588629E+001   0.1037806706E+001   0.1016964836E+001
 0.4545455   0.1038339869E+001   0.1017290599E+001   0.1024283267E+001   0.9789849977E+000
 0.4646465   0.1051910182E+001   0.9616851536E+000   0.1068579528E+001   0.1021927129E+001
 0.4747475   0.1154804675E+001   0.1028431285E+001   0.1097382935E+001   0.1027906284E+001
 0.4848485   0.1189830324E+001   0.1007933207E+001   0.1103294888E+001   0.1033387176E+001
 0.4949495   0.1283507090E+001   0.1003572956E+001   0.1094067181E+001   0.9764936830E+000
 0.5050505   0.1301163690E+001   0.9549341137E+000   0.1149699820E+001   0.1053673596E+001
 0.5151515   0.1328204928E+001   0.1030704494E+001   0.1120144788E+001   0.9905365631E+000
 0.5252525   0.1344468389E+001   0.9991637137E+000   0.1122803991E+001   0.1008179139E+001
 0.5353535   0.1304513937E+001   0.9946564882E+000   0.1100649846E+001   0.9820152499E+000
 0.5454545   0.1341885641E+001   0.1013214499E+001   0.1113930855E+001   0.1004426914E+001
 0.5555556   0.1313852431E+001   0.9849463567E+000   0.1097464928E+001   0.1012175411E+001
 0.5656566   0.1289121465E+001   0.9891792293E+000   0.1098890820E+001   0.9839167840E+000
 0.5757576   0.1286187166E+001   0.9724633016E+000   0.1107955884E+001   0.1008006272E+001
 0.5858586   0.1336700196E+001   0.1002808687E+001   0.1108492027E+001   0.1007294468E+001
 0.5959596   0.1328773365E+001   0.1011294029E+001   0.1109221073E+001   0.1009785783E+001
 0.6060606   0.1313975650E+001   0.9727964444E+000   0.1088081637E+001   0.9627355246E+000
 0.6161616   0.1310616365E+001   0.1011156853E+001   0.1077275960E+001   0.9725380853E+000
 0.6262626   0.1332234705E+001   0.1021494077E+001   0.1126306502E+001   0.1016466573E+001
 0.6363636   0.1293969830E+001   0.9908351448E+000   0.1108698875E+001   0.9839879644E+000
 0.6464646   0.1316678771E+001   0.9965083700E+000   0.1095948074E+001   0.1003277858E+001
 0.6565657   0.1290996782E+001   0.9702194872E+000   0.1090179573E+001   0.9734634308E+000
 0.6666667   0.1316039399E+001   0.9776662076E+000   0.1127748688E+001   0.1012755023E+001
 0.6767677   0.1322361613E+001   0.1003102637E+001   0.1082837161E+001   0.9718771243E+000
 0.6868687   0.1346619304E+001   0.1013616230E+001   0.1108671856E+001   0.1007365648E+001
 0.6969697   0.1309561095E+001   0.9877094819E+000   0.1124556512E+001   0.9920008460E+000
 0.7070707   0.1341119559E+001   0.1033056090E+001   0.1124242358E+001   0.1012846541E+001
 0.7171717   0.1320196450E+001   0.1005797174E+001   0.1103717077E+001   0.9766055379E+000
 0.7272727   0.1313827522E+001   0.1008315341E+001   0.1121901070E+001   0.1007792731E+001
 0.7373737   0.1324744539E+001   0.9981250922E+000   0.1120887141E+001   0.9906789239E+000
 0.7474747   0.1322191786E+001   0.1027843386E+001   0.1117330282E+001   0.1012256760E+001
 0.7575758   0.1315477723E+001   0.9821342399E+000   0.1103210668E+001   0.9705552022E+000
 0.7676768   0.1339831100E+001   0.1013968970E+001   0.1130285496E+001   0.9936888389E+000
 0.7777778   0.1327419102E+001   0.9844662392E+000   0.1100082261E+001   0.9631829444E+000
 0.7878788   0.1334720001E+001   0.1016291171E+001   0.1120537917E+001   0.9976749424E+000
 0.7979798   0.1327516753E+001   0.1005895157E+001   0.1114280723E+001   0.9831643053E+000
 0.8080808   0.1298687743E+001   0.1005973544E+001   0.1090420911E+001   0.9762496358E+000
 0.8181818   0.1305607774E+001   0.9814875510E+000   0.1115006129E+001   0.9804594493E+000
 0.8282828   0.1343887348E+001   0.1000995999E+001   0.1137713676E+001   0.9743277645E+000
 0.8383838   0.1318152269E+001   0.9989579491E+000   0.1121948353E+001   0.9980105072E+000
 0.8484848   0.1299802406E+001   0.9696021933E+000   0.1110974908E+001   0.9760564318E+000
 0.8585859   0.1325050200E+001   0.1008589694E+001   0.1109463128E+001   0.9869165303E+000
 0.8686869   0.1329264575E+001   0.9992714952E+000   0.1115020910E+001   0.9874147932E+000
 0.8787879   0.1346727867E+001   0.1004533191E+001   0.1124876110E+001   0.9750700746E+000
 0.8888889   0.1344645448E+001   0.1011852533E+001   0.1156711722E+001   0.1007223287E+001
 0.8989899   0.1319474676E+001   0.9732373686E+000   0.1108899697E+001   0.9665690986E+000
 0.9090909   0.1323827631E+001   0.1025246832E+001   0.1120603768E+001   0.1000044234E+001
 0.9191919   0.1334413901E+001   0.1006669224E+001   0.1108111566E+001   0.9666606163E+000
 0.9292929   0.1345844774E+001   0.1031155217E+001   0.1134563384E+001   0.1002393187E+001
 0.9393939   0.1352650167E+001   0.1032272225E+001   0.1139128861E+001   0.1006003052E+001
 0.9494949   0.1327804928E+001   0.9896691452E+000   0.1117742292E+001   0.9706975630E+000
 0.9595960   0.1316164718E+001   0.1003190822E+001   0.1092720669E+001   0.9763818280E+000
 0.9696970   0.1341515953E+001   0.1019348245E+001   0.1111304618E+001   0.9767275615E+000
 0.9797980   0.1296461174E+001   0.9826633490E+000   0.1112960690E+001   0.9895807117E+000
 0.9898990   0.1325752670E+001   0.1009216786E+001   0.1114535489E+001   0.9736362975E+000
 1.0000000   0.1309094962E+001   0.9943429421E+000   0.1106836966E+001   0.9858793299E+000


 0.0000000   0.1048275974E+001   0.1088972541E+001   0.8230832078E+000   0.1019705564E+001
 0.0101010   0.1038122786E+001   0.1053842207E+001   0.8134995710E+000   0.9985928095E+000
 0.0202020   0.1037241614E+001   0.1050335278E+001   0.8242288930E+000   0.1004226794E+001
 0.0303030   0.1035790888E+001   0.1086455964E+001   0.8281786391E+000   0.1017381464E+001
 0.0404040   0.9770948976E+000   0.1063467606E+001   0.8125012079E+000   0.1001772127E+001
 0.0505051   0.9280945169E+000   0.1039380366E+001   0.8031319810E+000   0.9910003130E+000
 0.0606061   0.8757724251E+000   0.1032115529E+001   0.8027998958E+000   0.1003926489E+001
 0.0707071   0.8323133632E+000   0.1042364986E+001   0.8115815018E+000   0.1018177925E+001
 0.0808081   0.7616180390E+000   0.1017938584E+001   0.7891911452E+000   0.9860713923E+000
 0.0909091   0.7141161592E+000   0.1027882795E+001   0.7863696133E+000   0.1004128869E+001
 0.1010101   0.6651722736E+000   0.1024565797E+001   0.8021336818E+000   0.1015475179E+001
 0.1111111   0.5995308387E+000   0.9844090910E+000   0.7945861062E+000   0.1007001352E+001
 0.1212121   0.5665448168E+000   0.1046217859E+001   0.8016801797E+000   0.1031267310E+001
 0.1313131   0.5167788819E+000   0.1002615273E+001   0.7786364429E+000   0.9828267915E+000
 0.1414141   0.4959851471E+000   0.1023290550E+001   0.7963945611E+000   0.1018184453E+001
 0.1515152   0.4686793504E+000   0.1019532642E+001   0.8015994047E+000   0.1019934057E+001
 0.1616162   0.4217359299E+000   0.9824962209E+000   0.7888583188E+000   0.1038768410E+001
 0.1717172   0.4138474562E+000   0.1005036885E+001   0.7952730827E+000   0.1018719780E+001
 0.1818182   0.4071346650E+000   0.1038267916E+001   0.8212317257E+000   0.1039303736E+001
 0.1919192   0.3962720179E+000   0.9803595043E+000   0.7936155317E+000   0.9876251448E+000
 0.2020202   0.3880361257E+000   0.9901612678E+000   0.8045353548E+000   0.9760176997E+000
 0.2121212   0.3914618925E+000   0.9808207637E+000   0.8022358148E+000   0.9881017159E+000
 0.2222222   0.3924779899E+000   0.1019871804E+001   0.8172634407E+000   0.9898382629E+000
 0.2323232   0.3947477370E+000   0.1004046534E+001   0.8131976014E+000   0.1000094335E+001
 0.2424242   0.3924859425E+000   0.9556007243E+000   0.8187230058E+000   0.9985601676E+000
 0.2525253   0.4144017600E+000   0.9727622896E+000   0.8570809706E+000   0.1023955534E+001
 0.2626263   0.4084354312E+000   0.9382695783E+000   0.8388227964E+000   0.9983512597E+000
 0.2727273   0.4187556427E+000   0.9586599599E+000   0.8569357394E+000   0.1021566150E+001
 0.2828283   0.4506521383E+000   0.1000152962E+001   0.8670561988E+000   0.9822784083E+000
 0.2929293   0.4610380201E+000   0.9828760816E+000   0.8793322153E+000   0.1024438633E+001
 0.3030303   0.4795999727E+000   0.1043409603E+001   0.8715072765E+000   0.9967909788E+000
 0.3131313   0.4871675690E+000   0.9836629360E+000   0.8842789253E+000   0.9934419241E+000
 0.3232323   0.5131102598E+000   0.9948416947E+000   0.9088995159E+000   0.1006818558E+001
 0.3333333   0.5454845411E+000   0.9862948282E+000   0.9025881815E+000   0.9978094048E+000
 0.3434343   0.5614237955E+000   0.9709850840E+000   0.9211397729E+000   0.9903670610E+000
 0.3535354   0.5818569123E+000   0.9726876741E+000   0.9278892855E+000   0.9974046458E+000
 0.3636364   0.6149453453E+000   0.9732981646E+000   0.9490300189E+000   0.1001112761E+001
 0.3737374   0.6428731567E+000   0.9852027286E+000   0.9517291907E+000   0.9887088545E+000
 0.3838384   0.6838657568E+000   0.9631775893E+000   0.9574880105E+000   0.9985601676E+000
 0.3939394   0.7247319875E+000   0.9873937111E+000   0.9721904847E+000   0.9883171522E+000
 0.4040404   0.7508022909E+000   0.9540880646E+000   0.9794555225E+000   0.9966147128E+000
 0.4141414   0.7878615348E+000   0.9533826090E+000   0.9831201895E+000   0.9973197770E+000
 0.4242424   0.8665506525E+000   0.9999494650E+000   0.9954517530E+000   0.9668910359E+000
 0.4343434   0.8821144985E+000   0.9629198267E+000   0.1032914581E+001   0.1011277436E+001
 0.4444444   0.9550008808E+000   0.1017246695E+001   0.1033757141E+001   0.1013777802E+001
 0.4545455   0.1024805708E+001   0.1003239330E+001   0.1034765593E+001   0.9897664508E+000
 0.4646465   0.1048002732E+001   0.9573575802E+000   0.1076457865E+001   0.1030255413E+001
 0.4747475   0.1143123994E+001   0.1017226345E+001   0.1091577598E+001   0.1023256998E+001
 0.4848485   0.1209841703E+001   0.1024077405E+001   0.1091811678E+001   0.1023420207E+001
 0.4949495   0.1291698226E+001   0.1009181437E+001   0.1108872854E+001   0.9904715149E+000
 0.5050505   0.1283276668E+001   0.9410642680E+000   0.1133879643E+001   0.1039976158E+001
 0.5151515   0.1323461742E+001   0.1026214121E+001   0.1127507126E+001   0.9978159332E+000
 0.5252525   0.1323997162E+001   0.9831745436E+000   0.1127275574E+001   0.1012974813E+001
 0.5353535   0.1308804426E+001   0.9971412088E+000   0.1103437735E+001   0.9852618742E+000
 0.5454545   0.1317450604E+001   0.9939802249E+000   0.1115643235E+001   0.1006746746E+001
 0.5555556   0.1296422911E+001   0.9711139653E+000   0.1103221550E+001   0.1018269322E+001
 0.5656566   0.1297099095E+001   0.9945160998E+000   0.1116870334E+001   0.1000786342E+001
 0.5757576   0.1303651396E+001   0.9848907002E+000   0.1120962535E+001   0.1020626064E+001
 0.5858586   0.1338727372E+001   0.1003537792E+001   0.1111084343E+001   0.1010428748E+001
 0.5959596   0.1314877131E+001   0.9999291153E+000   0.1117907371E+001   0.1018478230E+001
 0.6060606   0.1315442909E+001   0.9731150174E+000   0.1104860390E+001   0.9783352717E+000
 0.6161616   0.1323571107E+001   0.1020346630E+001   0.1096577104E+001   0.9907261214E+000
 0.6262626   0.1332186459E+001   0.1020651875E+001   0.1133687042E+001   0.1023916364E+001
 0.6363636   0.1281059960E+001   0.9801763571E+000   0.1112637786E+001   0.9882453401E+000
 0.6464646   0.1321281133E+001   0.9992033099E+000   0.1111467118E+001   0.1018269322E+001
 0.6565657   0.1298843042E+001   0.9753466992E+000   0.1098115245E+001   0.9813056809E+000
 0.6666667   0.1317132952E+001   0.9777072624E+000   0.1125932915E+001   0.1011904160E+001
 0.6767677   0.1320336631E+001   0.1000777019E+001   0.1116150119E+001   0.1002549003E+001
 0.6868687   0.1322935920E+001   0.9950044922E+000   0.1108874315E+001   0.1008326612E+001
 0.6969697   0.1313973519E+001   0.9902562330E+000   0.1122364318E+001   0.9908305754E+000
 0.7070707   0.1339616014E+001   0.1031084479E+001   0.1132388278E+001   0.1020972068E+001
 0.7171717   0.1324329208E+001   0.1008150387E+001   0.1113644688E+001   0.9861497328E+000
 0.7272727   0.1301761071E+001   0.9982672246E+000   0.1117004556E+001   0.1004168039E+001
 0.7373737   0.1314499670E+001   0.9896253929E+000   0.1126616082E+001   0.9965102588E+000
 0.7474747   0.1321879663E+001   0.1026790696E+001   0.1119406999E+001   0.1014920267E+001
 0.7575758   0.1313463699E+001   0.9798575454E+000   0.1112969356E+001   0.9798955526E+000
 0.7676768   0.1343383729E+001   0.1015856133E+001   0.1131589914E+001   0.9956028152E+000
 0.7777778   0.1332370970E+001   0.9873597949E+000   0.1117532997E+001   0.9792166019E+000
 0.7878788   0.1332909877E+001   0.1014112844E+001   0.1132288043E+001   0.1008914165E+001
 0.7979798   0.1321607028E+001   0.1000627788E+001   0.1109609349E+001   0.9797976270E+000
 0.8080808   0.1308361521E+001   0.1012668016E+001   0.1095464084E+001   0.9815211172E+000
 0.8181818   0.1308856563E+001   0.9831541940E+000   0.1118276248E+001   0.9840932957E+000
 0.8282828   0.1333187917E+001   0.9922437186E+000   0.1131610472E+001   0.9698483884E+000
 0.8383838   0.1314464045E+001   0.9953775697E+000   0.1117198504E+001   0.9945517473E+000
 0.8484848   0.1296476638E+001   0.9663589229E+000   0.1115784616E+001   0.9810380176E+000
 0.8585859   0.1308082090E+001   0.9948891773E+000   0.1105495503E+001   0.9841455226E+000
 0.8686869   0.1333464392E+001   0.1001638489E+001   0.1127916329E+001   0.9996047071E+000
 0.8787879   0.1334095480E+001   0.9943261695E+000   0.1128006534E+001   0.9785376512E+000
 0.8888889   0.1331499692E+001   0.1001170446E+001   0.1148074185E+001   0.1000472981E+001
 0.8989899   0.1312406853E+001   0.9672610922E+000   0.1104567514E+001   0.9635354528E+000
 0.9090909   0.1315261414E+001   0.1017809703E+001   0.1110739553E+001   0.9920056823E+000
 0.9191919   0.1325076285E+001   0.9988370157E+000   0.1107431867E+001   0.9668126955E+000
 0.9292929   0.1345334459E+001   0.1029951680E+001   0.1139639205E+001   0.1007654190E+001
 0.9393939   0.1333781598E+001   0.1017070331E+001   0.1131137171E+001   0.9997156894E+000
 0.9494949   0.1314940437E+001   0.9793081040E+000   0.1124339354E+001   0.9771797499E+000
 0.9595960   0.1324819440E+001   0.1008991507E+001   0.1111657637E+001   0.9940686478E+000
 0.9696970   0.1322072122E+001   0.1003781988E+001   0.1113960906E+001   0.9798172121E+000
 0.9797980   0.1293152313E+001   0.9793827195E+000   0.1110895816E+001   0.9885064750E+000
 0.9898990   0.1335955258E+001   0.1016181728E+001   0.1126757799E+001   0.9850725514E+000
 1.0000000   0.1300882177E+001   0.9873258788E+000   0.1110857379E+001   0.9902234368E+000


 0.0000000   0.1070854035E+001   0.1111676112E+001   0.8244927302E+000   0.1021322634E+001
 0.0101010   0.1069481618E+001   0.1084942916E+001   0.8226087711E+000   0.1009646910E+001
 0.0202020   0.1057560682E+001   0.1070187850E+001   0.8256692289E+000   0.1005854466E+001
 0.0303030   0.1061598765E+001   0.1112774452E+001   0.8340231799E+000   0.1024431669E+001
 0.0404040   0.1000033529E+001   0.1087699129E+001   0.8140766660E+000   0.1003587662E+001
 0.0505051   0.9566008705E+000   0.1070581595E+001   0.8141537115E+000   0.1004473208E+001
 0.0606061   0.8941258871E+000   0.1053034049E+001   0.8026419917E+000   0.1003602100E+001
 0.0707071   0.8481977764E+000   0.1061541008E+001   0.8125336328E+000   0.1019243528E+001
 0.0808081   0.7799836128E+000   0.1041781239E+001   0.7961001425E+000   0.9945782000E+000
 0.0909091   0.7308486885E+000   0.1051257017E+001   0.7979153683E+000   0.1018743002E+001
 0.1010101   0.6764894852E+000   0.1041294239E+001   0.8076911384E+000   0.1022381439E+001
 0.1111111   0.6082142170E+000   0.9979926789E+000   0.7884908570E+000   0.9991503095E+000
 0.1212121   0.5776705580E+000   0.1066043168E+001   0.7963136341E+000   0.1024234346E+001
 0.1313131   0.5283585010E+000   0.1024389119E+001   0.7801104874E+000   0.9845628738E+000
 0.1414141   0.4963328985E+000   0.1023316683E+001   0.7927117994E+000   0.1013347913E+001
 0.1515152   0.4669068002E+000   0.1014991054E+001   0.7989563141E+000   0.1016442509E+001
 0.1616162   0.4280184722E+000   0.9964591468E+000   0.7905375217E+000   0.1040847948E+001
 0.1717172   0.4185125987E+000   0.1015680107E+001   0.7956397923E+000   0.1019060643E+001
 0.1818182   0.4073937293E+000   0.1038227175E+001   0.8125035714E+000   0.1028127858E+001
 0.1919192   0.3976410122E+000   0.9830821872E+000   0.7968748104E+000   0.9915557950E+000
 0.2020202   0.3840532432E+000   0.9793364313E+000   0.8055239949E+000   0.9770934907E+000
 0.2121212   0.3921598374E+000   0.9819061338E+000   0.8045636049E+000   0.9908435085E+000
 0.2222222   0.3869232897E+000   0.1004758871E+001   0.8213086593E+000   0.9946118893E+000
 0.2323232   0.3939269946E+000   0.1001282520E+001   0.8121022197E+000   0.9986209074E+000
 0.2424242   0.3933759040E+000   0.9571209384E+000   0.8198748175E+000   0.9998385323E+000
 0.2525253   0.4074242369E+000   0.9557376510E+000   0.8518104824E+000   0.1017530190E+001
 0.2626263   0.4067855566E+000   0.9338485518E+000   0.8391756917E+000   0.9986449711E+000
 0.2727273   0.4220480567E+000   0.9655450036E+000   0.8547442725E+000   0.1018824819E+001
 0.2828283   0.4451937810E+000   0.9873719326E+000   0.8688512033E+000   0.9841874796E+000
 0.2929293   0.4569984211E+000   0.9736064091E+000   0.8808008625E+000   0.1026019875E+001
 0.3030303   0.4818629934E+000   0.1047625240E+001   0.8794249872E+000   0.1005719709E+001
 0.3131313   0.4842047871E+000   0.9770205905E+000   0.8793955111E+000   0.9878307290E+000
 0.3232323   0.5097647282E+000   0.9876879645E+000   0.9092433681E+000   0.1007072091E+001
 0.3333333   0.5431259908E+000   0.9813673252E+000   0.9060576021E+000   0.1001518181E+001
 0.3434343   0.5602742007E+000   0.9683426636E+000   0.9192864199E+000   0.9882494379E+000
 0.3535354   0.5844188102E+000   0.9763108138E+000   0.9233707580E+000   0.9924220894E+000
 0.3636364   0.6143863005E+000   0.9717568450E+000   0.9502736153E+000   0.1002297846E+001
 0.3737374   0.6413172722E+000   0.9821548147E+000   0.9497531682E+000   0.9865312873E+000
 0.3838384   0.6794797938E+000   0.9563541724E+000   0.9605058081E+000   0.1001580747E+001
 0.3939394   0.7144938663E+000   0.9727878345E+000   0.9663993232E+000   0.9823056956E+000
 0.4040404   0.7438085240E+000   0.9445625535E+000   0.9752171810E+000   0.9921766394E+000
 0.4141414   0.7863740469E+000   0.9509401821E+000   0.9849922843E+000   0.9990925566E+000
 0.4242424   0.8565435827E+000   0.9877345922E+000   0.1001602993E+001   0.9727427676E+000
 0.4343434   0.8796599982E+000   0.9595922048E+000   0.1033321545E+001   0.1011547945E+001
 0.4444444   0.9428826213E+000   0.1003660531E+001   0.1040001931E+001   0.1019772930E+001
 0.4545455   0.1013981268E+001   0.9919725291E+000   0.1044089230E+001   0.9985583417E+000
 0.4646465   0.1026460038E+001   0.9370451374E+000   0.1070307153E+001   0.1024239159E+001
 0.4747475   0.1135702276E+001   0.1009939723E+001   0.1080424756E+001   0.1012674128E+001
 0.4848485   0.1200082577E+001   0.1015130937E+001   0.1093198404E+001   0.1024590489E+001
 0.4949495   0.1287258088E+001   0.1005033457E+001   0.1098350345E+001   0.9809485010E+000
 0.5050505   0.1295067821E+001   0.9490698946E+000   0.1116458826E+001   0.1023868577E+001
 0.5151515   0.1325811664E+001   0.1027342205E+001   0.1118013270E+001   0.9892889913E+000
 0.5252525   0.1313792196E+001   0.9749378881E+000   0.1119862952E+001   0.1006186545E+001
 0.5353535   0.1307656381E+001   0.9955939445E+000   0.1107430337E+001   0.9887018361E+000
 0.5454545   0.1307961101E+001   0.9861544324E+000   0.1118475870E+001   0.1009175261E+001
 0.5555556   0.1295133068E+001   0.9694928127E+000   0.1096839403E+001   0.1012250606E+001
 0.5656566   0.1291295125E+001   0.9893976457E+000   0.1121749733E+001   0.1005031486E+001
 0.5757576   0.1295363595E+001   0.9779686864E+000   0.1119961004E+001   0.1019585233E+001
 0.5858586   0.1315064135E+001   0.9851338046E+000   0.1106802946E+001   0.1006407932E+001
 0.5959596   0.1304450348E+001   0.9913301034E+000   0.1118381675E+001   0.1018781504E+001
 0.6060606   0.1311074426E+001   0.9692285893E+000   0.1113072257E+001   0.9854821085E+000
 0.6161616   0.1311030529E+001   0.1009996713E+001   0.1097074820E+001   0.9910504566E+000
 0.6262626   0.1322789837E+001   0.1012768469E+001   0.1127003861E+001   0.1017751576E+001
 0.6363636   0.1273305795E+001   0.9735856857E+000   0.1121838635E+001   0.9962915379E+000
 0.6464646   0.1317589701E+001   0.9957390084E+000   0.1110989940E+001   0.1017703449E+001
 0.6565657   0.1309483207E+001   0.9826728999E+000   0.1101377024E+001   0.9840960374E+000
 0.6666667   0.1323536504E+001   0.9817973360E+000   0.1121340740E+001   0.1007649620E+001
 0.6767677   0.1306629607E+001   0.9897188585E+000   0.1106397997E+001   0.9936637781E+000
 0.6868687   0.1312764852E+001   0.9866880601E+000   0.1118909555E+001   0.1017323242E+001
 0.6969697   0.1311973880E+001   0.9880817093E+000   0.1121048784E+001   0.9895440668E+000
 0.7070707   0.1337703312E+001   0.1028917184E+001   0.1126423255E+001   0.1015465521E+001
 0.7171717   0.1315072318E+001   0.1000427679E+001   0.1114640449E+001   0.9869066816E+000
 0.7272727   0.1297874409E+001   0.9946147635E+000   0.1111729535E+001   0.9992995047E+000
 0.7373737   0.1315635902E+001   0.9898121138E+000   0.1122288423E+001   0.9925568464E+000
 0.7474747   0.1311549569E+001   0.1018078842E+001   0.1107525484E+001   0.1004020809E+001
 0.7575758   0.1314492921E+001   0.9799633144E+000   0.1115929914E+001   0.9823778868E+000
 0.7676768   0.1333459183E+001   0.1007670510E+001   0.1130212711E+001   0.9942653715E+000
 0.7777778   0.1335638106E+001   0.9891126988E+000   0.1121782496E+001   0.9828158467E+000
 0.7878788   0.1329037152E+001   0.1010483713E+001   0.1129791044E+001   0.1006561940E+001
 0.7979798   0.1322420278E+001   0.1000567562E+001   0.1110437226E+001   0.9804046606E+000
 0.8080808   0.1309515954E+001   0.1012877266E+001   0.1098734690E+001   0.9843270492E+000
 0.8181818   0.1310721558E+001   0.9838904001E+000   0.1112218191E+001   0.9786383825E+000
 0.8282828   0.1336301296E+001   0.9938894442E+000   0.1136102749E+001   0.9735753728E+000
 0.8383838   0.1317363264E+001   0.9968995192E+000   0.1119056477E+001   0.9960797771E+000
 0.8484848   0.1295731200E+001   0.9651512589E+000   0.1117269165E+001   0.9822190661E+000
 0.8585859   0.1314255549E+001   0.9989096897E+000   0.1112716783E+001   0.9904488632E+000
 0.8686869   0.1318955453E+001   0.9900711564E+000   0.1121669617E+001   0.9939429175E+000
 0.8787879   0.1330000379E+001   0.9906047842E+000   0.1126567459E+001   0.9771656819E+000
 0.8888889   0.1327846060E+001   0.9977491789E+000   0.1147667991E+001   0.9999925402E+000
 0.8989899   0.1315402102E+001   0.9688141211E+000   0.1107814384E+001   0.9662455593E+000
 0.9090909   0.1315781162E+001   0.1017524491E+001   0.1116261530E+001   0.9968113146E+000
 0.9191919   0.1322924862E+001   0.9965420404E+000   0.1106492169E+001   0.9658701651E+000
 0.9292929   0.1337679125E+001   0.1023399577E+001   0.1131568885E+001   0.1000391998E+001
 0.9393939   0.1328969429E+001   0.1012716660E+001   0.1128941252E+001   0.9976487325E+000
 0.9494949   0.1322417289E+001   0.9842116129E+000   0.1125174253E+001   0.9777817135E+000
 0.9595960   0.1324952219E+001   0.1008411372E+001   0.1111711434E+001   0.9939910449E+000
 0.9696970   0.1315178036E+001   0.9978735193E+000   0.1117254187E+001   0.9825896476E+000
 0.9797980   0.1300419885E+001   0.9842219746E+000   0.1116248679E+001   0.9931440015E+000
 0.9898990   0.1333573811E+001   0.1013685479E+001   0.1128827826E+001   0.9867574864E+000
 1.0000000   0.1307559621E+001   0.9917238482E+000   0.1115894568E+001   0.9945878255E+000


 0.0000000   0.1059694530E+001   0.1098915499E+001   0.8254275710E+000   0.1022138614E+001
 0.0101010   0.1063335939E+001   0.1077555547E+001   0.8271714809E+000   0.1014907437E+001
 0.0202020   0.1047438829E+001   0.1058812352E+001   0.8216155838E+000   0.1000581376E+001
 0.0303030   0.1048740081E+001   0.1098121053E+001   0.8328502309E+000   0.1022648729E+001
 0.0404040   0.1004804592E+001   0.1091720439E+001   0.8274303406E+000   0.1019708751E+001
 0.0505051   0.9567122418E+000   0.1069561945E+001   0.8157255486E+000   0.1006075823E+001
 0.0606061   0.8953158203E+000   0.1053308561E+001   0.8055033446E+000   0.1006842943E+001
 0.0707071   0.8442694250E+000   0.1055495335E+001   0.8085247627E+000   0.1013875525E+001
 0.0808081   0.7799154734E+000   0.1040576948E+001   0.8000976308E+000   0.9992379423E+000
 0.0909091   0.7344235413E+000   0.1055270106E+001   0.8009862188E+000   0.1022321632E+001
 0.1010101   0.6708129866E+000   0.1031453103E+001   0.8038305269E+000   0.1017154281E+001
 0.1111111   0.6042576332E+000   0.9904408480E+000   0.7921161731E+000   0.1003408427E+001
 0.1212121   0.5824676955E+000   0.1073747120E+001   0.7994898999E+000   0.1027975734E+001
 0.1313131   0.5365208614E+000   0.1039102718E+001   0.7905185287E+000   0.9973649236E+000
 0.1414141   0.4953048058E+000   0.1020105629E+001   0.7945387245E+000   0.1015343567E+001
 0.1515152   0.4648434457E+000   0.1009425652E+001   0.7917031321E+000   0.1006877989E+001
 0.1616162   0.4294666446E+000   0.9987620564E+000   0.7898800418E+000   0.1039634399E+001
 0.1717172   0.4210324682E+000   0.1020703511E+001   0.7975466231E+000   0.1021161217E+001
 0.1818182   0.4075525915E+000   0.1037522016E+001   0.8155765673E+000   0.1031671149E+001
 0.1919192   0.3969984937E+000   0.9804447506E+000   0.8009068809E+000   0.9962395548E+000
 0.2020202   0.3876032664E+000   0.9873326800E+000   0.8065604073E+000   0.9780233773E+000
 0.2121212   0.3915170334E+000   0.9792489864E+000   0.8062743022E+000   0.9926181258E+000
 0.2222222   0.3869593238E+000   0.1003778533E+001   0.8224101282E+000   0.9956126192E+000
 0.2323232   0.3958830678E+000   0.1005179051E+001   0.8202441375E+000   0.1008295409E+001
 0.2424242   0.3979762104E+000   0.9672790590E+000   0.8250451058E+000   0.1005807137E+001
 0.2525253   0.4117403638E+000   0.9648301994E+000   0.8508057187E+000   0.1015989972E+001
 0.2626263   0.4118879031E+000   0.9445513489E+000   0.8449532605E+000   0.1005184095E+001
 0.2727273   0.4274675737E+000   0.9768984088E+000   0.8580335574E+000   0.1022403406E+001
 0.2828283   0.4457041178E+000   0.9874473424E+000   0.8629796736E+000   0.9772095293E+000
 0.2929293   0.4635292410E+000   0.9864645225E+000   0.8814676995E+000   0.1026453176E+001
 0.3030303   0.4843675081E+000   0.1051944898E+001   0.8886789880E+000   0.1015962714E+001
 0.3131313   0.4893614505E+000   0.9863703355E+000   0.8904065127E+000   0.9998648779E+000
 0.3232323   0.5146564981E+000   0.9961002525E+000   0.9152807380E+000   0.1013419926E+001
 0.3333333   0.5442373092E+000   0.9823243936E+000   0.9081947815E+000   0.1003544717E+001
 0.3434343   0.5637846041E+000   0.9733684473E+000   0.9223330290E+000   0.9911929182E+000
 0.3535354   0.5841201253E+000   0.9747689657E+000   0.9272182852E+000   0.9962239788E+000
 0.3636364   0.6176005985E+000   0.9757968315E+000   0.9541303647E+000   0.1006029095E+001
 0.3737374   0.6528617008E+000   0.9987661515E+000   0.9510614885E+000   0.9875598071E+000
 0.3838384   0.6854896885E+000   0.9637818582E+000   0.9748331870E+000   0.1016180779E+001
 0.3939394   0.7170973345E+000   0.9752890412E+000   0.9661106232E+000   0.9816837464E+000
 0.4040404   0.7576792757E+000   0.9611487199E+000   0.9793277379E+000   0.9960253843E+000
 0.4141414   0.7971206036E+000   0.9629055105E+000   0.9810527224E+000   0.9947637251E+000
 0.4242424   0.8615441203E+000   0.9924392484E+000   0.1003402471E+001   0.9741644137E+000
 0.4343434   0.8880498005E+000   0.9677090427E+000   0.1032719221E+001   0.1010620133E+001
 0.4444444   0.9475454758E+000   0.1007546009E+001   0.1039319132E+001   0.1018762507E+001
 0.4545455   0.1013448470E+001   0.9903917070E+000   0.1045695208E+001   0.9997597396E+000
 0.4646465   0.1045529691E+001   0.9534335837E+000   0.1068021791E+001   0.1021710272E+001
 0.4747475   0.1136440043E+001   0.1009515744E+001   0.1086536111E+001   0.1018061585E+001
 0.4848485   0.1198569168E+001   0.1012767240E+001   0.1095793353E+001   0.1026679029E+001
 0.4949495   0.1285561318E+001   0.1002636005E+001   0.1097234159E+001   0.9796238153E+000
 0.5050505   0.1297469199E+001   0.9498135304E+000   0.1119728151E+001   0.1026523268E+001
 0.5151515   0.1322462670E+001   0.1023651970E+001   0.1122252211E+001   0.9927076880E+000
 0.5252525   0.1317389545E+001   0.9765626120E+000   0.1121480064E+001   0.1007302436E+001
 0.5353535   0.1314260182E+001   0.9995524074E+000   0.1115797227E+001   0.9958384718E+000
 0.5454545   0.1304242515E+001   0.9822998231E+000   0.1117201185E+001   0.1007687943E+001
 0.5555556   0.1307534030E+001   0.9777297106E+000   0.1099824556E+001   0.1014666009E+001
 0.5656566   0.1304071511E+001   0.9981191284E+000   0.1118086924E+001   0.1001414694E+001
 0.5757576   0.1294673296E+001   0.9764029037E+000   0.1116701876E+001   0.1016278129E+001
 0.5858586   0.1322769582E+001   0.9898470609E+000   0.1105342860E+001   0.1004744072E+001
 0.5959596   0.1307819439E+001   0.9928282813E+000   0.1123939109E+001   0.1023501517E+001
 0.6060606   0.1315044230E+001   0.9711243419E+000   0.1108726385E+001   0.9813060275E+000
 0.6161616   0.1308748405E+001   0.1007161071E+001   0.1100057549E+001   0.9934125037E+000
 0.6262626   0.1313146684E+001   0.1004310894E+001   0.1128807068E+001   0.1019038982E+001
 0.6363636   0.1279139288E+001   0.9770007858E+000   0.1112760285E+001   0.9878985860E+000
 0.6464646   0.1320703812E+001   0.9970257413E+000   0.1111727289E+001   0.1018038221E+001
 0.6565657   0.1305393468E+001   0.9785569174E+000   0.1099219274E+001   0.9818395068E+000
 0.6666667   0.1322607697E+001   0.9800598128E+000   0.1123106759E+001   0.1008898980E+001
 0.6767677   0.1304641198E+001   0.9871565915E+000   0.1106744249E+001   0.9936422503E+000
 0.6868687   0.1325985473E+001   0.9955597016E+000   0.1118613953E+001   0.1016714258E+001
 0.6969697   0.1314744273E+001   0.9891099460E+000   0.1123151301E+001   0.9910683099E+000
 0.7070707   0.1330885417E+001   0.1022579059E+001   0.1122547000E+001   0.1011632575E+001
 0.7171717   0.1306646153E+001   0.9929552289E+000   0.1114202727E+001   0.9861891157E+000
 0.7272727   0.1300240564E+001   0.9953631376E+000   0.1110832639E+001   0.9981593016E+000
 0.7373737   0.1318125255E+001   0.9906251267E+000   0.1124900271E+001   0.9945339785E+000
 0.7474747   0.1313322077E+001   0.1018365218E+001   0.1109205512E+001   0.1005207459E+001
 0.7575758   0.1311167810E+001   0.9764397595E+000   0.1112456977E+001   0.9789929857E+000
 0.7676768   0.1320247363E+001   0.9966203281E+000   0.1120132062E+001   0.9850676409E+000
 0.7777778   0.1326595392E+001   0.9813661442E+000   0.1118713356E+001   0.9797990457E+000
 0.7878788   0.1328780181E+001   0.1009208613E+001   0.1129164209E+001   0.1005666952E+001
 0.7979798   0.1312408802E+001   0.9919314581E+000   0.1106103349E+001   0.9762516029E+000
 0.8080808   0.1305018694E+001   0.1008319980E+001   0.1098798807E+001   0.9840551984E+000
 0.8181818   0.1306491079E+001   0.9796666848E+000   0.1107504021E+001   0.9741644137E+000
 0.8282828   0.1325383810E+001   0.9847159221E+000   0.1122370079E+001   0.9614855180E+000
 0.8383838   0.1315521342E+001   0.9944417440E+000   0.1121185950E+001   0.9976413983E+000
 0.8484848   0.1306906154E+001   0.9724347684E+000   0.1119143014E+001   0.9835372951E+000
 0.8585859   0.1309776909E+001   0.9944417440E+000   0.1112708736E+001   0.9901103835E+000
 0.8686869   0.1315829790E+001   0.9866692766E+000   0.1116782154E+001   0.9892809594E+000
 0.8787879   0.1322798358E+001   0.9841876564E+000   0.1127125242E+001   0.9773224555E+000
 0.8888889   0.1317604169E+001   0.9889952837E+000   0.1133492384E+001   0.9873105905E+000
 0.8989899   0.1314372299E+001   0.9670210688E+000   0.1109826797E+001   0.9676769935E+000
 0.9090909   0.1313389587E+001   0.1014589552E+001   0.1112469997E+001   0.9930931949E+000
 0.9191919   0.1319432082E+001   0.9928487567E+000   0.1104787407E+001   0.9640594584E+000
 0.9292929   0.1315708240E+001   0.1005514848E+001   0.1111329837E+001   0.9821704977E+000
 0.9393939   0.1321150901E+001   0.1005682747E+001   0.1122637097E+001   0.9917458676E+000
 0.9494949   0.1313213181E+001   0.9763169070E+000   0.1112654887E+001   0.9665788827E+000
 0.9595960   0.1314986807E+001   0.9997571616E+000   0.1103955811E+001   0.9867264890E+000
 0.9696970   0.1316109513E+001   0.9975130561E+000   0.1114166037E+001   0.9795459351E+000
 0.9797980   0.1292741906E+001   0.9773652482E+000   0.1109586304E+001   0.9868861434E+000
 0.9898990   0.1323204545E+001   0.1004728592E+001   0.1124308432E+001   0.9824781244E+000
 1.0000000   0.1309854137E+001   0.9924023927E+000   0.1106076926E+001   0.9855076640E+000


 0.0000000   0.1058759431E+001   0.1097982108E+001   0.8304402497E+000   0.1028006770E+001
 0.0101010   0.1056917691E+001   0.1071086897E+001   0.8292649784E+000   0.1017140548E+001
 0.0202020   0.1043500245E+001   0.1054865892E+001   0.8229791686E+000   0.1001911473E+001
 0.0303030   0.1035823909E+001   0.1084632586E+001   0.8287949155E+000   0.1017333653E+001
 0.0404040   0.1002322695E+001   0.1089059879E+001   0.8346168351E+000   0.1028226059E+001
 0.0505051   0.9552250843E+000   0.1067934692E+001   0.8188898610E+000   0.1009645474E+001
 0.0606061   0.8924127185E+000   0.1049927888E+001   0.8112153391E+000   0.1013648302E+001
 0.0707071   0.8456425405E+000   0.1057246957E+001   0.8169285831E+000   0.1024075947E+001
 0.0808081   0.7845583069E+000   0.1046806123E+001   0.8061652887E+000   0.1006483796E+001
 0.0909091   0.7368601051E+000   0.1058806149E+001   0.8092872232E+000   0.1032575820E+001
 0.1010101   0.6727206196E+000   0.1034420526E+001   0.8099892517E+000   0.1024609440E+001
 0.1111111   0.6096442964E+000   0.9993032003E+000   0.7983831473E+000   0.1011013570E+001
 0.1212121   0.5822309546E+000   0.1073346203E+001   0.8028842942E+000   0.1031999780E+001
 0.1313131   0.5328003772E+000   0.1031931231E+001   0.7933928175E+000   0.1000661203E+001
 0.1414141   0.4925336070E+000   0.1014431756E+001   0.7954081265E+000   0.1016119385E+001
 0.1515152   0.4610358680E+000   0.1001190465E+001   0.7913015535E+000   0.1006035401E+001
 0.1616162   0.4326795103E+000   0.1006267139E+001   0.7923752907E+000   0.1042574708E+001
 0.1717172   0.4229948946E+000   0.1025494915E+001   0.8047561662E+000   0.1030052369E+001
 0.1818182   0.4034472395E+000   0.1027104839E+001   0.8137838213E+000   0.1029063936E+001
 0.1919192   0.3989269893E+000   0.9852400354E+000   0.8021132758E+000   0.9974111554E+000
 0.2020202   0.3907693862E+000   0.9954305875E+000   0.8099386138E+000   0.9817958710E+000
 0.2121212   0.3902415990E+000   0.9760911991E+000   0.8056398868E+000   0.9915100114E+000
 0.2222222   0.3860635850E+000   0.1001488098E+001   0.8240945429E+000   0.9973227855E+000
 0.2323232   0.3975705655E+000   0.1009497135E+001   0.8250038793E+000   0.1013811950E+001
 0.2424242   0.3959724080E+000   0.9624406619E+000   0.8313565651E+000   0.1013167177E+001
 0.2525253   0.4085911672E+000   0.9574823647E+000   0.8489410847E+000   0.1013429014E+001
 0.2626263   0.4144585425E+000   0.9504778398E+000   0.8482266028E+000   0.1008745410E+001
 0.2727273   0.4310146167E+000   0.9850371037E+000   0.8552062807E+000   0.1018698477E+001
 0.2828283   0.4474714549E+000   0.9913956294E+000   0.8655001607E+000   0.9797404531E+000
 0.2929293   0.4625555563E+000   0.9844249265E+000   0.8879542923E+000   0.1033665715E+001
 0.3030303   0.4807738561E+000   0.1044174775E+001   0.8837137286E+000   0.1009953132E+001
 0.3131313   0.4918366700E+000   0.9913922472E+000   0.8931123400E+000   0.1002572611E+001
 0.3232323   0.5132939626E+000   0.9934959722E+000   0.9106231482E+000   0.1007930444E+001
 0.3333333   0.5446035371E+000   0.9830179335E+000   0.9069032281E+000   0.1001787101E+001
 0.3434343   0.5650941639E+000   0.9756616604E+000   0.9242820825E+000   0.9929599320E+000
 0.3535354   0.5857281044E+000   0.9774846633E+000   0.9260210104E+000   0.9946095030E+000
 0.3636364   0.6200033869E+000   0.9796255924E+000   0.9558639286E+000   0.1007524597E+001
 0.3737374   0.6480069144E+000   0.9913719541E+000   0.9533708448E+000   0.9896313333E+000
 0.3838384   0.6850303047E+000   0.9631678338E+000   0.9744048654E+000   0.1015399335E+001
 0.3939394   0.7200755259E+000   0.9793719278E+000   0.9688853900E+000   0.9841785847E+000
 0.4040404   0.7543855119E+000   0.9570020931E+000   0.9837275275E+000   0.1000170259E+001
 0.4141414   0.7965750460E+000   0.9622783166E+000   0.9851505571E+000   0.9985894204E+000
 0.4242424   0.8581170058E+000   0.9885241463E+000   0.1005614099E+001   0.9759896428E+000
 0.4343434   0.8875558647E+000   0.9672027919E+000   0.1030129815E+001   0.1007753704E+001
 0.4444444   0.9494507890E+000   0.1009605365E+001   0.1036266553E+001   0.1015435337E+001
 0.4545455   0.1011431297E+001   0.9884531202E+000   0.1042990420E+001   0.9968449336E+000
 0.4646465   0.1049793898E+001   0.9573538413E+000   0.1068404202E+001   0.1021739055E+001
 0.4747475   0.1139225562E+001   0.1012023634E+001   0.1086344509E+001   0.1017546395E+001
 0.4848485   0.1198706201E+001   0.1012916533E+001   0.1091397742E+001   0.1022223453E+001
 0.4949495   0.1281458163E+001   0.9994689278E+000   0.1095797895E+001   0.9780188770E+000
 0.5050505   0.1295293750E+001   0.9482523558E+000   0.1117116407E+001   0.1023791200E+001
 0.5151515   0.1327613613E+001   0.1027673048E+001   0.1120912675E+001   0.9911958074E+000
 0.5252525   0.1314748198E+001   0.9746368555E+000   0.1116166778E+001   0.1002199493E+001
 0.5353535   0.1316388225E+001   0.1001203994E+001   0.1121009492E+001   0.1000160440E+001
 0.5454545   0.1306378728E+001   0.9839412727E+000   0.1112629826E+001   0.1003233748E+001
 0.5555556   0.1314910840E+001   0.9832783625E+000   0.1096798436E+001   0.1011540517E+001
 0.5656566   0.1308133829E+001   0.1001261491E+001   0.1117157262E+001   0.1000252083E+001
 0.5757576   0.1301935026E+001   0.9819119559E+000   0.1117111615E+001   0.1016315763E+001
 0.5858586   0.1328935128E+001   0.9944937196E+000   0.1105046707E+001   0.1004143631E+001
 0.5959596   0.1313730043E+001   0.9973482918E+000   0.1118440532E+001   0.1018158439E+001
 0.6060606   0.1309782154E+001   0.9672704357E+000   0.1106531061E+001   0.9790400400E+000
 0.6161616   0.1307262272E+001   0.1006050678E+001   0.1105353753E+001   0.9978660966E+000
 0.6262626   0.1318256752E+001   0.1008252487E+001   0.1121030090E+001   0.1011684527E+001
 0.6363636   0.1288644030E+001   0.9842930209E+000   0.1103603170E+001   0.9794458868E+000
 0.6464646   0.1329402359E+001   0.1003625645E+001   0.1111406590E+001   0.1017408931E+001
 0.6565657   0.1314892390E+001   0.9857101604E+000   0.1097557331E+001   0.9800317464E+000
 0.6666667   0.1320855193E+001   0.9787935726E+000   0.1116640149E+001   0.1002759169E+001
 0.6767677   0.1312372566E+001   0.9930393760E+000   0.1106549671E+001   0.9931399447E+000
 0.6868687   0.1328873319E+001   0.9977609196E+000   0.1119034274E+001   0.1016760885E+001
 0.6969697   0.1322764864E+001   0.9951769229E+000   0.1118341943E+001   0.9864991121E+000
 0.7070707   0.1328737873E+001   0.1020962774E+001   0.1121013146E+001   0.1009917129E+001
 0.7171717   0.1311742769E+001   0.9968612558E+000   0.1115275733E+001   0.9868133161E+000
 0.7272727   0.1299848281E+001   0.9950957503E+000   0.1107892188E+001   0.9951888166E+000
 0.7373737   0.1313085589E+001   0.9868702531E+000   0.1122220183E+001   0.9918373073E+000
 0.7474747   0.1315991629E+001   0.1020468974E+001   0.1111095870E+001   0.1006588531E+001
 0.7575758   0.1311219552E+001   0.9765105912E+000   0.1110049946E+001   0.9765525916E+000
 0.7676768   0.1319855277E+001   0.9963573088E+000   0.1124151406E+001   0.9882763285E+000
 0.7777778   0.1325209119E+001   0.9803730574E+000   0.1123923760E+001   0.9840378474E+000
 0.7878788   0.1324199946E+001   0.1005763192E+001   0.1123532062E+001   0.1000320815E+001
 0.7979798   0.1317133600E+001   0.9955354356E+000   0.1108315426E+001   0.9778814127E+000
 0.8080808   0.1304756861E+001   0.1008151021E+001   0.1096718097E+001   0.9818678760E+000
 0.8181818   0.1304895622E+001   0.9785027038E+000   0.1104715447E+001   0.9713911363E+000
 0.8282828   0.1321993983E+001   0.9822298822E+000   0.1118385300E+001   0.9577559917E+000
 0.8383838   0.1314866526E+001   0.9939796261E+000   0.1118577822E+001   0.9949924391E+000
 0.8484848   0.1311299570E+001   0.9757360687E+000   0.1119429992E+001   0.9834650797E+000
 0.8585859   0.1306826413E+001   0.9922344137E+000   0.1111146418E+001   0.9883941550E+000
 0.8686869   0.1318277895E+001   0.9885376750E+000   0.1115014451E+001   0.9873893568E+000
 0.8787879   0.1321150670E+001   0.9829942582E+000   0.1125936785E+001   0.9759700050E+000
 0.8888889   0.1319023634E+001   0.9900934845E+000   0.1128942522E+001   0.9830232303E+000
 0.8989899   0.1311008606E+001   0.9645782089E+000   0.1109294696E+001   0.9668940915E+000
 0.9090909   0.1305913613E+001   0.1008847753E+001   0.1107310939E+001   0.9881617750E+000
 0.9191919   0.1316284308E+001   0.9905128767E+000   0.1106484084E+001   0.9652216097E+000
 0.9292929   0.1308448736E+001   0.9999999324E+000   0.1109627569E+001   0.9803426774E+000
 0.9393939   0.1315405887E+001   0.1001342664E+001   0.1121450615E+001   0.9903710219E+000
 0.9494949   0.1313152758E+001   0.9763042774E+000   0.1109959020E+001   0.9639189723E+000
 0.9595960   0.1310943151E+001   0.9967158215E+000   0.1105732176E+001   0.9879883082E+000
 0.9696970   0.1313653153E+001   0.9956842521E+000   0.1112174169E+001   0.9774722929E+000
 0.9797980   0.1291694002E+001   0.9766052927E+000   0.1108994318E+001   0.9860343521E+000
 0.9898990   0.1313824468E+001   0.9976391606E+000   0.1117045639E+001   0.9758096301E+000
 1.0000000   0.1301491501E+001   0.9860991128E+000   0.1099316471E+001   0.9791611395E+000


 0.0000000   0.1050850818E+001   0.1090528342E+001   0.8305474521E+000   0.1028000697E+001
 0.0101010   0.1048179471E+001   0.1062960455E+001   0.8254731822E+000   0.1012353028E+001
 0.0202020   0.1037929682E+001   0.1049954661E+001   0.8197417768E+000   0.9978354995E+000
 0.0303030   0.1032861200E+001   0.1082272440E+001   0.8341462052E+000   0.1023764075E+001
 0.0404040   0.9967177228E+000   0.1083713028E+001   0.8327002144E+000   0.1025726359E+001
 0.0505051   0.9588944386E+000   0.1072772656E+001   0.8232126374E+000   0.1014838213E+001
 0.0606061   0.8924500429E+000   0.1050692311E+001   0.8127902957E+000   0.1015479188E+001
 0.0707071   0.8423252687E+000   0.1053822264E+001   0.8157403529E+000   0.1022448389E+001
 0.0808081   0.7792071106E+000   0.1040379665E+001   0.8059041781E+000   0.1006021991E+001
 0.0909091   0.7347496237E+000   0.1056498056E+001   0.8094352445E+000   0.1032625278E+001
 0.1010101   0.6740039628E+000   0.1037105074E+001   0.8124798004E+000   0.1027621172E+001
 0.1111111   0.6078996932E+000   0.9971272989E+000   0.8014516535E+000   0.1014762308E+001
 0.1212121   0.5787719424E+000   0.1067701669E+001   0.8030528265E+000   0.1032077075E+001
 0.1313131   0.5292522498E+000   0.1025762610E+001   0.7949219323E+000   0.1002454458E+001
 0.1414141   0.4914224814E+000   0.1012837813E+001   0.8024777234E+000   0.1025012290E+001
 0.1515152   0.4599920949E+000   0.9996092765E+000   0.7957059005E+000   0.1011498394E+001
 0.1616162   0.4339532246E+000   0.1009921923E+001   0.7963563069E+000   0.1047671330E+001
 0.1717172   0.4205520342E+000   0.1020272175E+001   0.8032726509E+000   0.1028014754E+001
 0.1818182   0.4012788462E+000   0.1022285527E+001   0.8102867592E+000   0.1024503446E+001
 0.1919192   0.3971181453E+000   0.9814457127E+000   0.8050365445E+000   0.1000911056E+001
 0.2020202   0.3877330986E+000   0.9883738438E+000   0.8131037293E+000   0.9854995361E+000
 0.2121212   0.3899832521E+000   0.9761143783E+000   0.8067173756E+000   0.9927020744E+000
 0.2222222   0.3857648615E+000   0.1001399887E+001   0.8241253542E+000   0.9972254484E+000
 0.2323232   0.3949593381E+000   0.1003554985E+001   0.8246669128E+000   0.1013261076E+001
 0.2424242   0.3953784366E+000   0.9616564245E+000   0.8294786728E+000   0.1010742156E+001
 0.2525253   0.4102464044E+000   0.9620209107E+000   0.8482955445E+000   0.1012521706E+001
 0.2626263   0.4119688466E+000   0.9454165379E+000   0.8514105342E+000   0.1012395197E+001
 0.2727273   0.4317290426E+000   0.9873469183E+000   0.8605875442E+000   0.1024970121E+001
 0.2828283   0.4447434778E+000   0.9860278253E+000   0.8682710991E+000   0.9827444668E+000
 0.2929293   0.4607049935E+000   0.9811593306E+000   0.8891970699E+000   0.1034972709E+001
 0.3030303   0.4805281001E+000   0.1044357193E+001   0.8817803676E+000   0.1007607562E+001
 0.3131313   0.4913969422E+000   0.9911855947E+000   0.8994920794E+000   0.1009597959E+001
 0.3232323   0.5078540090E+000   0.9836413083E+000   0.9094382399E+000   0.1006483044E+001
 0.3333333   0.5461959318E+000   0.9865687691E+000   0.9083807732E+000   0.1003283790E+001
 0.3434343   0.5614995243E+000   0.9701206047E+000   0.9214684657E+000   0.9898036291E+000
 0.3535354   0.5860683505E+000   0.9787236369E+000   0.9231814187E+000   0.9914257464E+000
 0.3636364   0.6168196123E+000   0.9752639105E+000   0.9531881168E+000   0.1004568552E+001
 0.3737374   0.6448804908E+000   0.9872659214E+000   0.9558053912E+000   0.9920245523E+000
 0.3838384   0.6847816014E+000   0.9634788556E+000   0.9720120238E+000   0.1012769100E+001
 0.3939394   0.7217132914E+000   0.9822730385E+000   0.9722958985E+000   0.9875096122E+000
 0.4040404   0.7567324796E+000   0.9606381772E+000   0.9860160200E+000   0.1002361685E+001
 0.4141414   0.7954018759E+000   0.9615204653E+000   0.9853052555E+000   0.9986114170E+000
 0.4242424   0.8481610245E+000   0.9777256389E+000   0.1007756750E+001   0.9779371520E+000
 0.4343434   0.8924295001E+000   0.9731811320E+000   0.1024905848E+001   0.1002507872E+001
 0.4444444   0.9475367631E+000   0.1008261485E+001   0.1038654870E+001   0.1017638263E+001
 0.4545455   0.1008692557E+001   0.9864530592E+000   0.1045762257E+001   0.9993592215E+000
 0.4646465   0.1052378198E+001   0.9603691517E+000   0.1069340249E+001   0.1022496181E+001
 0.4747475   0.1135491092E+001   0.1009398335E+001   0.1085322508E+001   0.1016451896E+001
 0.4848485   0.1196532170E+001   0.1011773281E+001   0.1093622459E+001   0.1024168902E+001
 0.4949495   0.1287252774E+001   0.1004677371E+001   0.1094490179E+001   0.9767198612E+000
 0.5050505   0.1298905789E+001   0.9515491634E+000   0.1119777901E+001   0.1026091828E+001
 0.5151515   0.1324774635E+001   0.1026179166E+001   0.1122392421E+001   0.9923703416E+000
 0.5252525   0.1316801552E+001   0.9768288870E+000   0.1118160898E+001   0.1003854483E+001
 0.5353535   0.1318240020E+001   0.1003300423E+001   0.1116392747E+001   0.9959069510E+000
 0.5454545   0.1304106184E+001   0.9829036576E+000   0.1110275437E+001   0.1000975716E+001
 0.5555556   0.1312391204E+001   0.9820676534E+000   0.1099269631E+001   0.1013682771E+001
 0.5656566   0.1314143845E+001   0.1006551871E+001   0.1116169415E+001   0.9992327132E+000
 0.5757576   0.1304828471E+001   0.9847694800E+000   0.1116673443E+001   0.1015779997E+001
 0.5858586   0.1335125412E+001   0.9998117689E+000   0.1112381102E+001   0.1010671873E+001
 0.5959596   0.1306209725E+001   0.9923195519E+000   0.1113927630E+001   0.1013913297E+001
 0.6060606   0.1308748069E+001   0.9671700019E+000   0.1104760071E+001   0.9773411574E+000
 0.6161616   0.1305367625E+001   0.1005281955E+001   0.1109711083E+001   0.1001664484E+001
 0.6262626   0.1319855259E+001   0.1010167806E+001   0.1120028017E+001   0.1010643760E+001
 0.6363636   0.1297213197E+001   0.9915182607E+000   0.1105505159E+001   0.9810014638E+000
 0.6464646   0.1332494334E+001   0.1006650225E+001   0.1108701954E+001   0.1014796043E+001
 0.6565657   0.1322049337E+001   0.9917554661E+000   0.1098590127E+001   0.9808215409E+000
 0.6666667   0.1316824024E+001   0.9764759718E+000   0.1115568593E+001   0.1001661672E+001
 0.6767677   0.1320516002E+001   0.9998869803E+000   0.1101070276E+001   0.9880887390E+000
 0.6868687   0.1332928504E+001   0.1001492455E+001   0.1117208241E+001   0.1014964721E+001
 0.6969697   0.1315899203E+001   0.9906909349E+000   0.1118771638E+001   0.9867449399E+000
 0.7070707   0.1326093316E+001   0.1019629985E+001   0.1117951342E+001   0.1007022812E+001
 0.7171717   0.1315913695E+001   0.1000717199E+001   0.1116067166E+001   0.9873802926E+000
 0.7272727   0.1307850661E+001   0.1001909011E+001   0.1110080839E+001   0.9970202239E+000
 0.7373737   0.1310276518E+001   0.9854348120E+000   0.1117865723E+001   0.9878554015E+000
 0.7474747   0.1315003329E+001   0.1020402348E+001   0.1111160449E+001   0.1006511156E+001
 0.7575758   0.1317408318E+001   0.9817928424E+000   0.1114356248E+001   0.9802086785E+000
 0.7676768   0.1322500673E+001   0.9990394052E+000   0.1119532260E+001   0.9840826433E+000
 0.7777778   0.1325221794E+001   0.9810551917E+000   0.1122360408E+001   0.9825364309E+000
 0.7878788   0.1332257480E+001   0.1012577465E+001   0.1120494018E+001   0.9974812763E+000
 0.7979798   0.1315302126E+001   0.9948333498E+000   0.1103215989E+001   0.9732507229E+000
 0.8080808   0.1307701346E+001   0.1011119520E+001   0.1098508071E+001   0.9833376501E+000
 0.8181818   0.1309622853E+001   0.9827214145E+000   0.1106893351E+001   0.9731748179E+000
 0.8282828   0.1317756663E+001   0.9797534551E+000   0.1112293539E+001   0.9524105915E+000
 0.8383838   0.1315322855E+001   0.9950069147E+000   0.1119444139E+001   0.9956286327E+000
 0.8484848   0.1310772441E+001   0.9760131321E+000   0.1111799915E+001   0.9766298997E+000
 0.8585859   0.1312602279E+001   0.9973037565E+000   0.1109657074E+001   0.9869361079E+000
 0.8686869   0.1319996707E+001   0.9905057990E+000   0.1114767378E+001   0.9870373146E+000
 0.8787879   0.1323584727E+001   0.9854810959E+000   0.1122568480E+001   0.9729189900E+000
 0.8888889   0.1318213599E+001   0.9901644547E+000   0.1126075267E+001   0.9803942240E+000
 0.8989899   0.1311457078E+001   0.9655703123E+000   0.1110480259E+001   0.9677968102E+000
 0.9090909   0.1309322604E+001   0.1012175373E+001   0.1105409387E+001   0.9863316795E+000
 0.9191919   0.1322632728E+001   0.9959730925E+000   0.1110327274E+001   0.9684434081E+000
 0.9292929   0.1311946462E+001   0.1003361171E+001   0.1106121778E+001   0.9771134425E+000
 0.9393939   0.1317529572E+001   0.1003647553E+001   0.1116626268E+001   0.9859774563E+000
 0.9494949   0.1313793345E+001   0.9774508278E+000   0.1107743356E+001   0.9618649773E+000
 0.9595960   0.1307341800E+001   0.9946597849E+000   0.1103835189E+001   0.9861601905E+000
 0.9696970   0.1316111809E+001   0.9982323286E+000   0.1115316642E+001   0.9801018493E+000
 0.9797980   0.1295267472E+001   0.9799790895E+000   0.1106951808E+001   0.9840854546E+000
 0.9898990   0.1315870293E+001   0.9998783021E+000   0.1117375964E+001   0.9759664340E+000
 1.0000000   0.1303934974E+001   0.9886284056E+000   0.1100577988E+001   0.9801524526E+000


 0.0000000   0.1046708241E+001   0.1086340904E+001   0.8311190378E+000   0.1028540139E+001
 0.0101010   0.1038878644E+001   0.1053636666E+001   0.8244470300E+000   0.1010929409E+001
 0.0202020   0.1040387512E+001   0.1052549048E+001   0.8228743615E+000   0.1001485045E+001
 0.0303030   0.1024154292E+001   0.1073259208E+001   0.8326455714E+000   0.1021755395E+001
 0.0404040   0.9964120176E+000   0.1083491900E+001   0.8361365273E+000   0.1029790999E+001
 0.0505051   0.9508566486E+000   0.1063889545E+001   0.8206382583E+000   0.1011499328E+001
 0.0606061   0.8889031021E+000   0.1046623928E+001   0.8122157712E+000   0.1014595639E+001
 0.0707071   0.8369213322E+000   0.1047168999E+001   0.8146689934E+000   0.1020938758E+001
 0.0808081   0.7813012531E+000   0.1043282847E+001   0.8075778468E+000   0.1007946589E+001
 0.0909091   0.7350568795E+000   0.1057048404E+001   0.8130785337E+000   0.1037103720E+001
 0.1010101   0.6716949672E+000   0.1033658313E+001   0.8130855999E+000   0.1028219406E+001
 0.1111111   0.6063566299E+000   0.9946983806E+000   0.8009812505E+000   0.1014001048E+001
 0.1212121   0.5757873173E+000   0.1062304803E+001   0.8005735836E+000   0.1028722710E+001
 0.1313131   0.5293526971E+000   0.1026062653E+001   0.7948895391E+000   0.1002249871E+001
 0.1414141   0.4927758959E+000   0.1015731546E+001   0.8050988201E+000   0.1028192267E+001
 0.1515152   0.4590878605E+000   0.9977467386E+000   0.7991482311E+000   0.1015708337E+001
 0.1616162   0.4345756975E+000   0.1011474443E+001   0.7991530800E+000   0.1051178981E+001
 0.1717172   0.4206676087E+000   0.1020657369E+001   0.8079098143E+000   0.1033780429E+001
 0.1818182   0.4014513730E+000   0.1022830081E+001   0.8077593720E+000   0.1021141067E+001
 0.1919192   0.3975559438E+000   0.9826285991E+000   0.8106232697E+000   0.1007692469E+001
 0.2020202   0.3864948624E+000   0.9853186236E+000   0.8124166253E+000   0.9845059132E+000
 0.2121212   0.3900888233E+000   0.9764788902E+000   0.8075047394E+000   0.9935086524E+000
 0.2222222   0.3841314814E+000   0.9972622314E+000   0.8244282381E+000   0.9974290012E+000
 0.2323232   0.3949439195E+000   0.1003618865E+001   0.8281714201E+000   0.1017400822E+001
 0.2424242   0.3950544501E+000   0.9609670885E+000   0.8337106612E+000   0.1015733009E+001
 0.2525253   0.4114302709E+000   0.9648961393E+000   0.8495476240E+000   0.1013850550E+001
 0.2626263   0.4127295696E+000   0.9472595716E+000   0.8523213659E+000   0.1013312705E+001
 0.2727273   0.4327077278E+000   0.9896867590E+000   0.8594042412E+000   0.1023393602E+001
 0.2828283   0.4472129301E+000   0.9916046001E+000   0.8717397515E+000   0.9865092632E+000
 0.2929293   0.4596864501E+000   0.9790906869E+000   0.8916356605E+000   0.1037641566E+001
 0.3030303   0.4806682971E+000   0.1044769174E+001   0.8838321031E+000   0.1009787105E+001
 0.3131313   0.4929402171E+000   0.9944006106E+000   0.9016630835E+000   0.1011869405E+001
 0.3232323   0.5077610638E+000   0.9835622849E+000   0.9145103605E+000   0.1011931084E+001
 0.3333333   0.5448862287E+000   0.9843041866E+000   0.9068913747E+000   0.1001475176E+001
 0.3434343   0.5627382154E+000   0.9723605788E+000   0.9228244135E+000   0.9910982177E+000
 0.3535354   0.5847094610E+000   0.9765545944E+000   0.9254421170E+000   0.9936912238E+000
 0.3636364   0.6187645967E+000   0.9784396303E+000   0.9560274973E+000   0.1007396408E+001
 0.3737374   0.6453900173E+000   0.9881474392E+000   0.9557631080E+000   0.9918186343E+000
 0.3838384   0.6851840812E+000   0.9641441437E+000   0.9730976106E+000   0.1013734593E+001
 0.3939394   0.7220728113E+000   0.9828632823E+000   0.9733452690E+000   0.9884139261E+000
 0.4040404   0.7582873002E+000   0.9627108099E+000   0.9875817582E+000   0.1003789391E+001
 0.4141414   0.7959687374E+000   0.9623045304E+000   0.9919906003E+000   0.1005222822E+001
 0.4242424   0.8471741814E+000   0.9766883386E+000   0.1008036977E+001   0.9780493035E+000
 0.4343434   0.8893549224E+000   0.9699279487E+000   0.1024872545E+001   0.1002311550E+001
 0.4444444   0.9487702748E+000   0.1009677729E+001   0.1038284981E+001   0.1017109695E+001
 0.4545455   0.1008141194E+001   0.9860151027E+000   0.1049004945E+001   0.1002294280E+001
 0.4646465   0.1055742778E+001   0.9635385097E+000   0.1067251071E+001   0.1020331832E+001
 0.4747475   0.1131397076E+001   0.1005862235E+001   0.1085422405E+001   0.1016379410E+001
 0.4848485   0.1198446097E+001   0.1013495747E+001   0.1090440952E+001   0.1021022642E+001
 0.4949495   0.1284904559E+001   0.1002947621E+001   0.1097671491E+001   0.9793988509E+000
 0.5050505   0.1301886487E+001   0.9538307009E+000   0.1119361274E+001   0.1025542516E+001
 0.5151515   0.1327530626E+001   0.1028419579E+001   0.1123682042E+001   0.9933482858E+000
 0.5252525   0.1315061912E+001   0.9756385730E+000   0.1119279778E+001   0.1004694846E+001
 0.5353535   0.1323781021E+001   0.1007621097E+001   0.1114754805E+001   0.9942833469E+000
 0.5454545   0.1304979951E+001   0.9836632239E+000   0.1110143272E+001   0.1000693080E+001
 0.5555556   0.1316293600E+001   0.9850889873E+000   0.1097399472E+001   0.1011792922E+001
 0.5656566   0.1313750996E+001   0.1006354312E+001   0.1118148679E+001   0.1000841111E+001
 0.5757576   0.1313108239E+001   0.9911200929E+000   0.1111720650E+001   0.1011109513E+001
 0.5858586   0.1330576605E+001   0.9965077123E+000   0.1108446558E+001   0.1006932578E+001
 0.5959596   0.1311986550E+001   0.9968105293E+000   0.1113002355E+001   0.1012905620E+001
 0.6060606   0.1309118715E+001   0.9675432647E+000   0.1109222188E+001   0.9811283440E+000
 0.6161616   0.1302779389E+001   0.1003391752E+001   0.1112189466E+001   0.1003737580E+001
 0.6262626   0.1319844321E+001   0.1010263175E+001   0.1117300720E+001   0.1008018137E+001
 0.6363636   0.1303158114E+001   0.9961645197E+000   0.1103626412E+001   0.9791743375E+000
 0.6464646   0.1331722031E+001   0.1006170099E+001   0.1107717826E+001   0.1013729658E+001
 0.6565657   0.1319724635E+001   0.9901132263E+000   0.1099696477E+001   0.9816489189E+000
 0.6666667   0.1315069663E+001   0.9752751925E+000   0.1116092742E+001   0.1001968612E+001
 0.6767677   0.1326744699E+001   0.1004706483E+001   0.1102165283E+001   0.9889098292E+000
 0.6868687   0.1330788940E+001   0.9999875845E+000   0.1118195835E+001   0.1015696001E+001
 0.6969697   0.1310033240E+001   0.9863759596E+000   0.1118614415E+001   0.9864451165E+000
 0.7070707   0.1325179834E+001   0.1019032251E+001   0.1116223048E+001   0.1005301772E+001
 0.7171717   0.1319261988E+001   0.1003366518E+001   0.1114414082E+001   0.9857567734E+000
 0.7272727   0.1313044187E+001   0.1005990932E+001   0.1107931532E+001   0.9949272809E+000
 0.7373737   0.1314392582E+001   0.9886319464E+000   0.1117052549E+001   0.9869755602E+000
 0.7474747   0.1312429718E+001   0.1018509892E+001   0.1105642555E+001   0.1001349350E+001
 0.7575758   0.1315296412E+001   0.9803196193E+000   0.1109611542E+001   0.9758757181E+000
 0.7676768   0.1323209075E+001   0.9996771971E+000   0.1120129392E+001   0.9844467009E+000
 0.7777778   0.1324133094E+001   0.9803499010E+000   0.1120323366E+001   0.9805929660E+000
 0.7878788   0.1331243898E+001   0.1011911005E+001   0.1116080751E+001   0.9933902278E+000
 0.7979798   0.1317467303E+001   0.9965733226E+000   0.1104000298E+001   0.9737835496E+000
 0.8080808   0.1308218581E+001   0.1011623328E+001   0.1096905456E+001   0.9817426718E+000
 0.8181818   0.1313729300E+001   0.9859040698E+000   0.1105063876E+001   0.9714076554E+000
 0.8282828   0.1316275269E+001   0.9787525413E+000   0.1111823704E+001   0.9518527879E+000
 0.8383838   0.1311687967E+001   0.9923591192E+000   0.1116735289E+001   0.9930571585E+000
 0.8484848   0.1310876980E+001   0.9761912140E+000   0.1110204266E+001   0.9750689503E+000
 0.8585859   0.1310626183E+001   0.9959046017E+000   0.1107610477E+001   0.9849549399E+000
 0.8686869   0.1322875468E+001   0.9927679221E+000   0.1113868093E+001   0.9860799739E+000
 0.8787879   0.1319011449E+001   0.9821768970E+000   0.1116754169E+001   0.9677216887E+000
 0.8888889   0.1314969988E+001   0.9878294813E+000   0.1120552621E+001   0.9754266914E+000
 0.8989899   0.1313206755E+001   0.9669578185E+000   0.1108163129E+001   0.9656196515E+000
 0.9090909   0.1312508377E+001   0.1014742344E+001   0.1106212152E+001   0.9868867417E+000
 0.9191919   0.1321313612E+001   0.9950819488E+000   0.1108026051E+001   0.9662783885E+000
 0.9292929   0.1317249275E+001   0.1007520158E+001   0.1106560380E+001   0.9773412229E+000
 0.9393939   0.1323249259E+001   0.1008108127E+001   0.1117274130E+001   0.9863883714E+000
 0.9494949   0.1310615761E+001   0.9751868709E+000   0.1102461916E+001   0.9571226841E+000
 0.9595960   0.1301451233E+001   0.9902797757E+000   0.1099042448E+001   0.9817180000E+000
 0.9696970   0.1321860194E+001   0.1002695273E+001   0.1115852828E+001   0.9804128618E+000
 0.9797980   0.1297091933E+001   0.9814602301E+000   0.1105987467E+001   0.9830675473E+000
 0.9898990   0.1314407937E+001   0.9988696850E+000   0.1117615663E+001   0.9760163473E+000
 1.0000000   0.1308508146E+001   0.9921976168E+000   0.1101657037E+001   0.9809531742E+000


 0.0000000   0.1053670236E+001   0.1093280258E+001   0.8370739276E+000   0.1035630747E+001
 0.0101010   0.1041178479E+001   0.1055692762E+001   0.8274991751E+000   0.1014398852E+001
 0.0202020   0.1042949404E+001   0.1054864696E+001   0.8280679791E+000   0.1007534751E+001
 0.0303030   0.1029784015E+001   0.1078876380E+001   0.8365889937E+000   0.1026318165E+001
 0.0404040   0.9976377589E+000   0.1084540801E+001   0.8383268791E+000   0.1032210785E+001
 0.0505051   0.9487676762E+000   0.1061274377E+001   0.8232924767E+000   0.1014497758E+001
 0.0606061   0.8956879030E+000   0.1054336524E+001   0.8186409146E+000   0.1022346526E+001
 0.0707071   0.8398521263E+000   0.1050560989E+001   0.8177890744E+000   0.1024573017E+001
 0.0808081   0.7817456355E+000   0.1043602994E+001   0.8087281588E+000   0.1009110659E+001
 0.0909091   0.7317362943E+000   0.1051997796E+001   0.8091053033E+000   0.1031758014E+001
 0.1010101   0.6733102905E+000   0.1035872884E+001   0.8156670903E+000   0.1031206336E+001
 0.1111111   0.6098010854E+000   0.1000086992E+001   0.8032634685E+000   0.1016616552E+001
 0.1212121   0.5770356567E+000   0.1064329270E+001   0.8033777084E+000   0.1032048139E+001
 0.1313131   0.5305092891E+000   0.1028035348E+001   0.7995123257E+000   0.1007807293E+001
 0.1414141   0.4962169578E+000   0.1022556682E+001   0.8099245311E+000   0.1034076818E+001
 0.1515152   0.4583239628E+000   0.9958258073E+000   0.7998480644E+000   0.1016324228E+001
 0.1616162   0.4356357175E+000   0.1013676231E+001   0.8051778934E+000   0.1058818790E+001
 0.1717172   0.4191950943E+000   0.1016818407E+001   0.8104946628E+000   0.1036808831E+001
 0.1818182   0.4034919662E+000   0.1027760072E+001   0.8071828379E+000   0.1020137617E+001
 0.1919192   0.3971916331E+000   0.9814711663E+000   0.8118376116E+000   0.1008930430E+001
 0.2020202   0.3870586959E+000   0.9864977525E+000   0.8172499007E+000   0.9900964638E+000
 0.2121212   0.3906226048E+000   0.9775591126E+000   0.8115470547E+000   0.9982133778E+000
 0.2222222   0.3848435604E+000   0.9988493683E+000   0.8246880984E+000   0.9974748771E+000
 0.2323232   0.3957255348E+000   0.1005341856E+001   0.8304330315E+000   0.1019904638E+001
 0.2424242   0.3958883369E+000   0.9627434400E+000   0.8360644210E+000   0.1018326532E+001
 0.2525253   0.4102647586E+000   0.9619108977E+000   0.8491784492E+000   0.1013137246E+001
 0.2626263   0.4141325140E+000   0.9502306870E+000   0.8516394559E+000   0.1012229506E+001
 0.2727273   0.4338693422E+000   0.9920838429E+000   0.8628011261E+000   0.1027162166E+001
 0.2828283   0.4484649607E+000   0.9941204384E+000   0.8759610912E+000   0.9910195897E+000
 0.2929293   0.4596813736E+000   0.9788235922E+000   0.8929999714E+000   0.1038949604E+001
 0.3030303   0.4784201107E+000   0.1039610372E+001   0.8833123079E+000   0.1008921638E+001
 0.3131313   0.4950676636E+000   0.9984308591E+000   0.8999797283E+000   0.1009708493E+001
 0.3232323   0.5077838018E+000   0.9833488626E+000   0.9132063463E+000   0.1010216212E+001
 0.3333333   0.5458135013E+000   0.9857211606E+000   0.9063569944E+000   0.1000615703E+001
 0.3434343   0.5596788348E+000   0.9668211070E+000   0.9230814837E+000   0.9911075064E+000
 0.3535354   0.5844910641E+000   0.9759343122E+000   0.9268940941E+000   0.9949824372E+000
 0.3636364   0.6169709184E+000   0.9753479518E+000   0.9541691210E+000   0.1005167593E+001
 0.3737374   0.6492667124E+000   0.9938227821E+000   0.9553709492E+000   0.9911448710E+000
 0.3838384   0.6838237010E+000   0.9619780382E+000   0.9700361821E+000   0.1010273358E+001
 0.3939394   0.7213293201E+000   0.9815942572E+000   0.9735715959E+000   0.9883776913E+000
 0.4040404   0.7594795751E+000   0.9639721114E+000   0.9876552065E+000   0.1003593883E+001
 0.4141414   0.7945145690E+000   0.9602950494E+000   0.9898014067E+000   0.1002734497E+001
 0.4242424   0.8453786748E+000   0.9743632243E+000   0.1008141035E+001   0.9778870251E+000
 0.4343434   0.8881874443E+000   0.9684011470E+000   0.1030014067E+001   0.1007068792E+001
 0.4444444   0.9480292298E+000   0.1008625027E+001   0.1038096845E+001   0.1016651718E+001
 0.4545455   0.1010713810E+001   0.9882725000E+000   0.1050084129E+001   0.1003055393E+001
 0.4646465   0.1057424038E+001   0.9648203198E+000   0.1069462306E+001   0.1022170692E+001
 0.4747475   0.1127695955E+001   0.1002309343E+001   0.1086073567E+001   0.1016715458E+001
 0.4848485   0.1204471426E+001   0.1018324592E+001   0.1092200422E+001   0.1022394880E+001
 0.4949495   0.1277359321E+001   0.9967971067E+000   0.1094448765E+001   0.9762605652E+000
 0.5050505   0.1301342573E+001   0.9531826314E+000   0.1116929180E+001   0.1023038870E+001
 0.5151515   0.1325183042E+001   0.1026332217E+001   0.1120292624E+001   0.9900854742E+000
 0.5252525   0.1318852545E+001   0.9781947094E+000   0.1118802437E+001   0.1003996102E+001
 0.5353535   0.1319214906E+001   0.1003882669E+001   0.1118057298E+001   0.9969605641E+000
 0.5454545   0.1308744488E+001   0.9862426185E+000   0.1113892761E+001   0.1003802685E+001
 0.5555556   0.1314967533E+001   0.9838389883E+000   0.1098130383E+001   0.1012194339E+001
 0.5656566   0.1314868266E+001   0.1006946514E+001   0.1115532810E+001   0.9982309611E+000
 0.5757576   0.1308939859E+001   0.9877152337E+000   0.1114762485E+001   0.1013603205E+001
 0.5858586   0.1323602683E+001   0.9910252609E+000   0.1108614195E+001   0.1006813834E+001
 0.5959596   0.1310859810E+001   0.9956937643E+000   0.1109826603E+001   0.1009743660E+001
 0.6060606   0.1313366714E+001   0.9704287904E+000   0.1112397248E+001   0.9836719473E+000
 0.6161616   0.1304319015E+001   0.1004314606E+001   0.1108497680E+001   0.1000136557E+001
 0.6262626   0.1316148210E+001   0.1007170316E+001   0.1119497539E+001   0.1009728274E+001
 0.6363636   0.1303351881E+001   0.9960518471E+000   0.1104556130E+001   0.9797354748E+000
 0.6464646   0.1325196514E+001   0.1000977722E+001   0.1104060475E+001   0.1010110712E+001
 0.6565657   0.1319600276E+001   0.9897607813E+000   0.1101835808E+001   0.9832939052E+000
 0.6666667   0.1314395255E+001   0.9745198855E+000   0.1112221352E+001   0.9982243674E+000
 0.6767677   0.1322302831E+001   0.1001080671E+001   0.1104081356E+001   0.9903624120E+000
 0.6868687   0.1328120747E+001   0.9977214077E+000   0.1117811466E+001   0.1015073613E+001
 0.6969697   0.1306072368E+001   0.9831362509E+000   0.1119462209E+001   0.9869270649E+000
 0.7070707   0.1321896023E+001   0.1016240998E+001   0.1115144197E+001   0.1004059842E+001
 0.7171717   0.1317410540E+001   0.1001696126E+001   0.1114096328E+001   0.9852104904E+000
 0.7272727   0.1315392320E+001   0.1007526160E+001   0.1104246761E+001   0.9913514754E+000
 0.7373737   0.1316267673E+001   0.9897831614E+000   0.1115267932E+001   0.9851335632E+000
 0.7474747   0.1312335473E+001   0.1018170169E+001   0.1102129532E+001   0.9978990754E+000
 0.7575758   0.1315275979E+001   0.9800477875E+000   0.1108200621E+001   0.9743725530E+000
 0.7676768   0.1322560241E+001   0.9989254609E+000   0.1114796258E+001   0.9794959016E+000
 0.7777778   0.1322287687E+001   0.9787273575E+000   0.1113458471E+001   0.9743220009E+000
 0.7878788   0.1324223194E+001   0.1006310917E+001   0.1110627026E+001   0.9882699933E+000
 0.7979798   0.1317315044E+001   0.9961973182E+000   0.1105745587E+001   0.9750605016E+000
 0.8080808   0.1309829918E+001   0.1012604221E+001   0.1097792175E+001   0.9822718730E+000
 0.8181818   0.1312982315E+001   0.9850855638E+000   0.1104896058E+001   0.9709987477E+000
 0.8282828   0.1315670810E+001   0.9780470003E+000   0.1107978122E+001   0.9483052365E+000
 0.8383838   0.1310318165E+001   0.9910633072E+000   0.1114437390E+001   0.9907470478E+000
 0.8484848   0.1311629664E+001   0.9764960545E+000   0.1107990301E+001   0.9728625828E+000
 0.8585859   0.1310733047E+001   0.9957250966E+000   0.1103535826E+001   0.9810674135E+000
 0.8686869   0.1318697678E+001   0.9893736043E+000   0.1110066338E+001   0.9824499044E+000
 0.8787879   0.1319241547E+001   0.9820910970E+000   0.1114373046E+001   0.9653984507E+000
 0.8888889   0.1316762400E+001   0.9889170489E+000   0.1117299201E+001   0.9723328844E+000
 0.8989899   0.1311431305E+001   0.9653977282E+000   0.1104074759E+001   0.9617982598E+000
 0.9090909   0.1309830965E+001   0.1012407275E+001   0.1102028167E+001   0.9828894882E+000
 0.9191919   0.1316961132E+001   0.9915444808E+000   0.1104009977E+001   0.9625169792E+000
 0.9292929   0.1319144433E+001   0.1008705595E+001   0.1103725188E+001   0.9745747615E+000
 0.9393939   0.1322675892E+001   0.1007407545E+001   0.1113184840E+001   0.9825136441E+000
 0.9494949   0.1315965152E+001   0.9789108748E+000   0.1104453531E+001   0.9585936942E+000
 0.9595960   0.1309479808E+001   0.9961279396E+000   0.1097674494E+001   0.9802322044E+000
 0.9696970   0.1325064665E+001   0.1004862920E+001   0.1112351841E+001   0.9770737951E+000
 0.9797980   0.1294585110E+001   0.9793070039E+000   0.1104244601E+001   0.9812542366E+000
 0.9898990   0.1310412739E+001   0.9955729114E+000   0.1112896973E+001   0.9716339462E+000
 1.0000000   0.1313997028E+001   0.9960988454E+000   0.1104094188E+001   0.9828587173E+000


 0.0000000   0.1038533463E+001   0.1078865048E+001   0.8374464078E+000   0.1036011024E+001
 0.0101010   0.1023407215E+001   0.1038916566E+001   0.8255460930E+000   0.1011925961E+001
 0.0202020   0.1022632488E+001   0.1035554447E+001   0.8275160756E+000   0.1006784950E+001
 0.0303030   0.1009932093E+001   0.1059345308E+001   0.8345422180E+000   0.1023727601E+001
 0.0404040   0.9800351269E+000   0.1066680840E+001   0.8371302182E+000   0.1030657226E+001
 0.0505051   0.9320906181E+000   0.1043868447E+001   0.8228593517E+000   0.1013885206E+001
 0.0606061   0.8837301261E+000   0.1041506628E+001   0.8197510677E+000   0.1023653327E+001
 0.0707071   0.8274498682E+000   0.1036286809E+001   0.8176425163E+000   0.1024309754E+001
 0.0808081   0.7743832631E+000   0.1035012618E+001   0.8129395746E+000   0.1014286690E+001
 0.0909091   0.7236220004E+000   0.1041578078E+001   0.8104696353E+000   0.1033417433E+001
 0.1010101   0.6646366151E+000   0.1023753290E+001   0.8180242616E+000   0.1034105979E+001
 0.1111111   0.6036579876E+000   0.9911978974E+000   0.8052474829E+000   0.1019048298E+001
 0.1212121   0.5693636425E+000   0.1051436191E+001   0.8006461400E+000   0.1028459098E+001
 0.1313131   0.5240247787E+000   0.1016685696E+001   0.8010790993E+000   0.1009703743E+001
 0.1414141   0.4916137580E+000   0.1014284182E+001   0.8085008409E+000   0.1032178853E+001
 0.1515152   0.4545479553E+000   0.9888043228E+000   0.8002357282E+000   0.1016737754E+001
 0.1616162   0.4337764754E+000   0.1010558859E+001   0.8052409395E+000   0.1058819366E+001
 0.1717172   0.4178920241E+000   0.1014871660E+001   0.8103357309E+000   0.1036524924E+001
 0.1818182   0.4025868419E+000   0.1026682740E+001   0.8109966014E+000   0.1024877855E+001
 0.1919192   0.3936180981E+000   0.9738057794E+000   0.8110142483E+000   0.1007828810E+001
 0.2020202   0.3856733492E+000   0.9841441958E+000   0.8168931842E+000   0.9895873555E+000
 0.2121212   0.3897599629E+000   0.9765685123E+000   0.8114843799E+000   0.9980586813E+000
 0.2222222   0.3863879532E+000   0.1004058895E+001   0.8261992904E+000   0.9992249941E+000
 0.2323232   0.3946431905E+000   0.1003792942E+001   0.8325382889E+000   0.1022410732E+001
 0.2424242   0.3948300820E+000   0.9613198940E+000   0.8392340056E+000   0.1022107611E+001
 0.2525253   0.4074642864E+000   0.9564890810E+000   0.8522625408E+000   0.1016737754E+001
 0.2626263   0.4142058360E+000   0.9515371999E+000   0.8524755387E+000   0.1013144466E+001
 0.2727273   0.4346443404E+000   0.9950462731E+000   0.8645243125E+000   0.1029133592E+001
 0.2828283   0.4475211274E+000   0.9932163595E+000   0.8781435713E+000   0.9934114966E+000
 0.2929293   0.4590726254E+000   0.9786981189E+000   0.8935234769E+000   0.1039477844E+001
 0.3030303   0.4772169065E+000   0.1038237791E+001   0.8842309967E+000   0.1009892441E+001
 0.3131313   0.4948594540E+000   0.9992062502E+000   0.8999971598E+000   0.1009649543E+001
 0.3232323   0.5068423780E+000   0.9827013029E+000   0.9154328084E+000   0.1012600455E+001
 0.3333333   0.5443125690E+000   0.9841878596E+000   0.9093646833E+000   0.1003858127E+001
 0.3434343   0.5591059664E+000   0.9669882598E+000   0.9218869190E+000   0.9897479494E+000
 0.3535354   0.5824782394E+000   0.9737382989E+000   0.9267201125E+000   0.9947183291E+000
 0.3636364   0.6157864294E+000   0.9746413474E+000   0.9536290773E+000   0.1004520576E+001
 0.3737374   0.6483831258E+000   0.9936589525E+000   0.9543850267E+000   0.9900450480E+000
 0.3838384   0.6814815283E+000   0.9598313526E+000   0.9680822972E+000   0.1008160035E+001
 0.3939394   0.7203597742E+000   0.9814489434E+000   0.9727744179E+000   0.9874916057E+000
 0.4040404   0.7604947183E+000   0.9664166599E+000   0.9918565316E+000   0.1007784647E+001
 0.4141414   0.7986212399E+000   0.9664146751E+000   0.9917961222E+000   0.1004677155E+001
 0.4242424   0.8464556112E+000   0.9767729387E+000   0.1011240204E+001   0.9808169237E+000
 0.4343434   0.8887705901E+000   0.9701975550E+000   0.1029179616E+001   0.1006174693E+001
 0.4444444   0.9526178710E+000   0.1014720821E+001   0.1036123247E+001   0.1014639997E+001
 0.4545455   0.1014143265E+001   0.9928134610E+000   0.1049043223E+001   0.1001983194E+001
 0.4646465   0.1058267215E+001   0.9667461237E+000   0.1068544753E+001   0.1021214308E+001
 0.4747475   0.1136621011E+001   0.1011451984E+001   0.1085523464E+001   0.1016121475E+001
 0.4848485   0.1204287918E+001   0.1019388887E+001   0.1092763383E+001   0.1022842328E+001
 0.4949495   0.1282516973E+001   0.1002020586E+001   0.1096083991E+001   0.9776431876E+000
 0.5050505   0.1303477269E+001   0.9558896950E+000   0.1112799156E+001   0.1019176773E+001
 0.5151515   0.1331623622E+001   0.1032555532E+001   0.1120624752E+001   0.9903019981E+000
 0.5252525   0.1314154869E+001   0.9758778291E+000   0.1117299420E+001   0.1002569361E+001
 0.5353535   0.1323234460E+001   0.1008147422E+001   0.1114226807E+001   0.9934677045E+000
 0.5454545   0.1311102967E+001   0.9892032519E+000   0.1112866873E+001   0.1002800215E+001
 0.5555556   0.1320367513E+001   0.9890623366E+000   0.1097767766E+001   0.1011781426E+001
 0.5656566   0.1315596771E+001   0.1008711083E+001   0.1112887381E+001   0.9957862782E+000
 0.5757576   0.1317174859E+001   0.9951197078E+000   0.1117435719E+001   0.1015954859E+001
 0.5858586   0.1328167012E+001   0.9956337508E+000   0.1111756754E+001   0.1009589320E+001
 0.5959596   0.1314863037E+001   0.9999306737E+000   0.1109482875E+001   0.1009352444E+001
 0.6060606   0.1321648478E+001   0.9777176663E+000   0.1108952906E+001   0.9805499364E+000
 0.6161616   0.1309226297E+001   0.1009300546E+001   0.1104620769E+001   0.9965611436E+000
 0.6262626   0.1317693532E+001   0.1009560544E+001   0.1121251242E+001   0.1011231392E+001
 0.6363636   0.1306421222E+001   0.9995932709E+000   0.1104664027E+001   0.9797549968E+000
 0.6464646   0.1330556672E+001   0.1006230181E+001   0.1100381487E+001   0.1006666512E+001
 0.6565657   0.1322047184E+001   0.9927836901E+000   0.1101827200E+001   0.9832097721E+000
 0.6666667   0.1321387351E+001   0.9808773435E+000   0.1116621506E+001   0.1002095609E+001
 0.6767677   0.1326569498E+001   0.1005513696E+001   0.1103370229E+001   0.9896475782E+000
 0.6868687   0.1330664720E+001   0.1000829753E+001   0.1116386202E+001   0.1013700523E+001
 0.6969697   0.1310097879E+001   0.9873475369E+000   0.1116516569E+001   0.9842536321E+000
 0.7070707   0.1318857966E+001   0.1015119750E+001   0.1113040273E+001   0.1002087580E+001
 0.7171717   0.1318635910E+001   0.1003828667E+001   0.1114882954E+001   0.9858294593E+000
 0.7272727   0.1324072840E+001   0.1015389672E+001   0.1104827276E+001   0.9917955210E+000
 0.7373737   0.1322369312E+001   0.9955623008E+000   0.1116835732E+001   0.9864417234E+000
 0.7474747   0.1315957642E+001   0.1022203223E+001   0.1103655365E+001   0.9992029125E+000
 0.7575758   0.1319230848E+001   0.9841719819E+000   0.1109490715E+001   0.9754310073E+000
 0.7676768   0.1327745582E+001   0.1004043017E+001   0.1117643246E+001   0.9819210064E+000
 0.7777778   0.1326314785E+001   0.9828838974E+000   0.1113312073E+001   0.9741181526E+000
 0.7878788   0.1328318872E+001   0.1010632294E+001   0.1112090182E+001   0.9894950140E+000
 0.7979798   0.1319438048E+001   0.9989978544E+000   0.1106076461E+001   0.9752764357E+000
 0.8080808   0.1318128729E+001   0.1020240333E+001   0.1098403041E+001   0.9827420425E+000
 0.8181818   0.1312414884E+001   0.9858391483E+000   0.1102112594E+001   0.9684772934E+000
 0.8282828   0.1315275778E+001   0.9789243772E+000   0.1107057379E+001   0.9474435135E+000
 0.8383838   0.1310951789E+001   0.9927301027E+000   0.1112187464E+001   0.9886699631E+000
 0.8484848   0.1315600376E+001   0.9806252839E+000   0.1104716468E+001   0.9699126010E+000
 0.8585859   0.1313961252E+001   0.9993729668E+000   0.1105336091E+001   0.9825914858E+000
 0.8686869   0.1322431442E+001   0.9933632289E+000   0.1110838896E+001   0.9830572079E+000
 0.8787879   0.1323240690E+001   0.9862480010E+000   0.1114662997E+001   0.9655745595E+000
 0.8888889   0.1314417017E+001   0.9883379131E+000   0.1112694630E+001   0.9682504546E+000
 0.8989899   0.1316407281E+001   0.9702213717E+000   0.1103981239E+001   0.9616420176E+000
 0.9090909   0.1312382194E+001   0.1015594099E+001   0.1098338045E+001   0.9795221357E+000
 0.9191919   0.1324275502E+001   0.9982456448E+000   0.1108731471E+001   0.9665581969E+000
 0.9292929   0.1324116881E+001   0.1013720521E+001   0.1106079039E+001   0.9765772459E+000
 0.9393939   0.1323677591E+001   0.1009377950E+001   0.1113671216E+001   0.9828665027E+000
 0.9494949   0.1322379779E+001   0.9848606804E+000   0.1106437329E+001   0.9602408362E+000
 0.9595960   0.1312864630E+001   0.9998989181E+000   0.1096730838E+001   0.9793133637E+000
 0.9696970   0.1326088077E+001   0.1006843460E+001   0.1107397919E+001   0.9726467114E+000
 0.9797980   0.1301312706E+001   0.9855751802E+000   0.1102189077E+001   0.9793515048E+000
 0.9898990   0.1314141024E+001   0.9996012098E+000   0.1111400356E+001   0.9702518555E+000
 1.0000000   0.1319555385E+001   0.1001510512E+001   0.1100339136E+001   0.9794398314E+000


