# Evolution of the weightfunction during equilibration phase for fractional: cd
# Weightfunction after cycle        234
 0.0000000    0.2600000000E+001    0.8000000000E+000
 0.0101010    0.3000000000E+001    0.1800000000E+001
 0.0202020    0.3500000000E+001    0.1500000000E+001
 0.0303030    0.2100000000E+001    0.5000000000E+000
 0.0404040    0.3700000000E+001    0.2400000000E+001
 0.0505051    0.3200000000E+001    0.1500000000E+001
 0.0606061    0.4100000000E+001    0.2800000000E+001
 0.0707071    0.3500000000E+001    0.2200000000E+001
 0.0808081    0.2400000000E+001    0.9000000000E+000
 0.0909091    0.3000000000E+001    0.1900000000E+001
 0.1010101    0.3400000000E+001    0.2800000000E+001
 0.1111111    0.4400000000E+001    0.2400000000E+001
 0.1212121    0.3400000000E+001    0.1600000000E+001
 0.1313131    0.4000000000E+001    0.2000000000E+001
 0.1414141    0.4100000000E+001    0.1900000000E+001
 0.1515152    0.3500000000E+001    0.1600000000E+001
 0.1616162    0.3400000000E+001    0.1300000000E+001
 0.1717172    0.3900000000E+001    0.1600000000E+001
 0.1818182    0.3600000000E+001    0.1800000000E+001
 0.1919192    0.3400000000E+001    0.2100000000E+001
 0.2020202    0.4400000000E+001    0.1300000000E+001
 0.2121212    0.2800000000E+001    0.1200000000E+001
 0.2222222    0.3800000000E+001    0.2000000000E+001
 0.2323232    0.3600000000E+001    0.1800000000E+001
 0.2424242    0.4100000000E+001    0.1800000000E+001
 0.2525253    0.3900000000E+001    0.2400000000E+001
 0.2626263    0.4500000000E+001    0.3200000000E+001
 0.2727273    0.4000000000E+001    0.2000000000E+001
 0.2828283    0.3400000000E+001    0.1100000000E+001
 0.2929293    0.3600000000E+001    0.2900000000E+001
 0.3030303    0.3100000000E+001    0.2100000000E+001
 0.3131313    0.3400000000E+001    0.1900000000E+001
 0.3232323    0.3600000000E+001    0.2100000000E+001
 0.3333333    0.2800000000E+001    0.1300000000E+001
 0.3434343    0.2600000000E+001    0.2500000000E+001
 0.3535354    0.2100000000E+001    0.1600000000E+001
 0.3636364    0.3500000000E+001    0.8000000000E+000
 0.3737374    0.1900000000E+001    0.1900000000E+001
 0.3838384    0.2700000000E+001    0.3000000000E+001
 0.3939394    0.2700000000E+001    0.1900000000E+001
 0.4040404    0.2700000000E+001    0.1400000000E+001
 0.4141414    0.2900000000E+001    0.1400000000E+001
 0.4242424    0.2100000000E+001    0.1700000000E+001
 0.4343434    0.2200000000E+001    0.1800000000E+001
 0.4444444    0.2400000000E+001    0.1200000000E+001
 0.4545455    0.2100000000E+001    0.3000000000E+000
 0.4646465    0.1100000000E+001    0.1100000000E+001
 0.4747475    0.2600000000E+001    0.5000000000E+000
 0.4848485    0.2300000000E+001    0.1400000000E+001
 0.4949495    0.1300000000E+001    0.7000000000E+000
 0.5050505    0.1500000000E+001    0.1800000000E+001
 0.5151515    0.1500000000E+001    0.9000000000E+000
 0.5252525    0.1300000000E+001    0.1700000000E+001
 0.5353535    0.1000000000E+001    0.1700000000E+001
 0.5454545    0.1400000000E+001    0.1600000000E+001
 0.5555556    0.2100000000E+001    0.2000000000E+001
 0.5656566    0.9000000000E+000    0.1600000000E+001
 0.5757576    0.1400000000E+001    0.1400000000E+001
 0.5858586    0.1800000000E+001    0.1800000000E+001
 0.5959596    0.1100000000E+001    0.1100000000E+001
 0.6060606    0.1000000000E+001    0.1500000000E+001
 0.6161616    0.9000000000E+000    0.9000000000E+000
 0.6262626    0.2000000000E+000    0.1900000000E+001
 0.6363636    0.1700000000E+001    0.1300000000E+001
 0.6464646    0.1400000000E+001    0.1600000000E+001
 0.6565657    0.2100000000E+001    0.1700000000E+001
 0.6666667    0.1800000000E+001    0.1400000000E+001
 0.6767677    0.4000000000E+000    0.1600000000E+001
 0.6868687    0.1600000000E+001    0.1300000000E+001
 0.6969697    0.1200000000E+001    0.8000000000E+000
 0.7070707    0.1200000000E+001    0.1300000000E+001
 0.7171717    0.2200000000E+001    0.2400000000E+001
 0.7272727    0.2100000000E+001    0.1900000000E+001
 0.7373737    0.1400000000E+001    0.1600000000E+001
 0.7474747    0.2000000000E+001    0.1800000000E+001
 0.7575758    0.8000000000E+000    0.7000000000E+000
 0.7676768    0.1100000000E+001    0.1300000000E+001
 0.7777778    0.1300000000E+001    0.1500000000E+001
 0.7878788    0.1100000000E+001    0.1400000000E+001
 0.7979798    0.5000000000E+000    0.9000000000E+000
 0.8080808    0.1100000000E+001    0.1600000000E+001
 0.8181818    0.1000000000E+001    0.1100000000E+001
 0.8282828    0.1000000000E+001    0.1600000000E+001
 0.8383838    0.1300000000E+001    0.1500000000E+001
 0.8484848    0.1100000000E+001    0.1900000000E+001
 0.8585859    0.2000000000E+000    0.5000000000E+000
 0.8686869    0.9000000000E+000    0.1300000000E+001
 0.8787879    0.0000000000E+000    0.3000000000E+000
 0.8888889    0.1300000000E+001    0.2100000000E+001
 0.8989899    0.5000000000E+000    0.1700000000E+001
 0.9090909    0.2000000000E+000    0.9000000000E+000
 0.9191919    0.5000000000E+000    0.1700000000E+001
 0.9292929    0.5000000000E+000    0.9000000000E+000
 0.9393939    0.0000000000E+000    0.8000000000E+000
 0.9494949    0.3000000000E+000    0.1800000000E+001
 0.9595960    0.1000000000E+000    0.5000000000E+000
 0.9696970    0.3000000000E+000    0.2000000000E+001
 0.9797980    0.2000000000E+000    0.1100000000E+001
 0.9898990    0.7000000000E+000    0.1300000000E+001
 1.0000000    0.7000000000E+000    0.1600000000E+001


# Weightfunction after cycle        859
 0.0000000    0.2775000000E+001    0.1325000000E+001
 0.0101010    0.2075000000E+001    0.7750000000E+000
 0.0202020    0.2225000000E+001    0.8000000000E+000
 0.0303030    0.2300000000E+001    0.7000000000E+000
 0.0404040    0.2500000000E+001    0.9250000000E+000
 0.0505051    0.2725000000E+001    0.1075000000E+001
 0.0606061    0.2450000000E+001    0.9250000000E+000
 0.0707071    0.2350000000E+001    0.8250000000E+000
 0.0808081    0.2600000000E+001    0.1150000000E+001
 0.0909091    0.2675000000E+001    0.1200000000E+001
 0.1010101    0.3100000000E+001    0.8250000000E+000
 0.1111111    0.3600000000E+001    0.1075000000E+001
 0.1212121    0.3725000000E+001    0.1300000000E+001
 0.1313131    0.3925000000E+001    0.1125000000E+001
 0.1414141    0.3750000000E+001    0.1275000000E+001
 0.1515152    0.3800000000E+001    0.1025000000E+001
 0.1616162    0.3275000000E+001    0.1175000000E+001
 0.1717172    0.3475000000E+001    0.1050000000E+001
 0.1818182    0.3100000000E+001    0.7250000000E+000
 0.1919192    0.3625000000E+001    0.1225000000E+001
 0.2020202    0.3475000000E+001    0.1225000000E+001
 0.2121212    0.3200000000E+001    0.8750000000E+000
 0.2222222    0.3325000000E+001    0.9750000000E+000
 0.2323232    0.3375000000E+001    0.9000000000E+000
 0.2424242    0.3375000000E+001    0.1400000000E+001
 0.2525253    0.3150000000E+001    0.1325000000E+001
 0.2626263    0.3275000000E+001    0.8000000000E+000
 0.2727273    0.3025000000E+001    0.8750000000E+000
 0.2828283    0.3375000000E+001    0.9750000000E+000
 0.2929293    0.3100000000E+001    0.7500000000E+000
 0.3030303    0.2825000000E+001    0.1125000000E+001
 0.3131313    0.2850000000E+001    0.8250000000E+000
 0.3232323    0.2925000000E+001    0.1000000000E+001
 0.3333333    0.2425000000E+001    0.8500000000E+000
 0.3434343    0.2600000000E+001    0.1100000000E+001
 0.3535354    0.2725000000E+001    0.1075000000E+001
 0.3636364    0.2725000000E+001    0.1150000000E+001
 0.3737374    0.2400000000E+001    0.9250000000E+000
 0.3838384    0.2500000000E+001    0.1050000000E+001
 0.3939394    0.1550000000E+001    0.4000000000E+000
 0.4040404    0.1675000000E+001    0.1100000000E+001
 0.4141414    0.2125000000E+001    0.1150000000E+001
 0.4242424    0.1900000000E+001    0.1275000000E+001
 0.4343434    0.2275000000E+001    0.9500000000E+000
 0.4444444    0.1900000000E+001    0.1100000000E+001
 0.4545455    0.1650000000E+001    0.3500000000E+000
 0.4646465    0.1400000000E+001    0.1075000000E+001
 0.4747475    0.1500000000E+001    0.8000000000E+000
 0.4848485    0.1425000000E+001    0.1125000000E+001
 0.4949495    0.1625000000E+001    0.6750000000E+000
 0.5050505    0.1200000000E+001    0.7500000000E+000
 0.5151515    0.1025000000E+001    0.6000000000E+000
 0.5252525    0.1500000000E+001    0.4750000000E+000
 0.5353535    0.1350000000E+001    0.1025000000E+001
 0.5454545    0.1550000000E+001    0.1025000000E+001
 0.5555556    0.1075000000E+001    0.3250000000E+000
 0.5656566    0.9000000000E+000    0.1150000000E+001
 0.5757576    0.9750000000E+000    0.9250000000E+000
 0.5858586    0.7750000000E+000    0.9750000000E+000
 0.5959596    0.1275000000E+001    0.8500000000E+000
 0.6060606    0.1275000000E+001    0.5500000000E+000
 0.6161616    0.8250000000E+000    0.9500000000E+000
 0.6262626    0.1025000000E+001    0.5000000000E+000
 0.6363636    0.9000000000E+000    0.6500000000E+000
 0.6464646    0.9500000000E+000    0.7750000000E+000
 0.6565657    0.1475000000E+001    0.8750000000E+000
 0.6666667    0.1275000000E+001    0.7250000000E+000
 0.6767677    0.8500000000E+000    0.7000000000E+000
 0.6868687    0.1200000000E+001    0.1300000000E+001
 0.6969697    0.1150000000E+001    0.7250000000E+000
 0.7070707    0.6750000000E+000    0.7750000000E+000
 0.7171717    0.7750000000E+000    0.6000000000E+000
 0.7272727    0.5750000000E+000    0.8750000000E+000
 0.7373737    0.8750000000E+000    0.8750000000E+000
 0.7474747    0.9000000000E+000    0.8500000000E+000
 0.7575758    0.8250000000E+000    0.7750000000E+000
 0.7676768    0.7000000000E+000    0.9750000000E+000
 0.7777778    0.1100000000E+001    0.1225000000E+001
 0.7878788    0.6000000000E+000    0.9500000000E+000
 0.7979798    0.5750000000E+000    0.8750000000E+000
 0.8080808    0.8000000000E+000    0.1200000000E+001
 0.8181818    0.6500000000E+000    0.9000000000E+000
 0.8282828    0.7750000000E+000    0.1150000000E+001
 0.8383838    0.4250000000E+000    0.9000000000E+000
 0.8484848    0.4000000000E+000    0.7500000000E+000
 0.8585859    0.5500000000E+000    0.1250000000E+001
 0.8686869    0.5750000000E+000    0.1025000000E+001
 0.8787879    0.6250000000E+000    0.1200000000E+001
 0.8888889    0.1000000000E+001    0.1425000000E+001
 0.8989899    0.3750000000E+000    0.8750000000E+000
 0.9090909    0.5750000000E+000    0.1100000000E+001
 0.9191919    0.4250000000E+000    0.1075000000E+001
 0.9292929    0.2000000000E+000    0.1100000000E+001
 0.9393939    0.3250000000E+000    0.9500000000E+000
 0.9494949    0.0000000000E+000    0.5500000000E+000
 0.9595960    0.5250000000E+000    0.1275000000E+001
 0.9696970    0.1500000000E+000    0.9250000000E+000
 0.9797980    0.1000000000E+000    0.1075000000E+001
 0.9898990    0.3500000000E+000    0.1075000000E+001
 1.0000000    0.4000000000E+000    0.1125000000E+001


# Weightfunction after cycle       2169
 0.0000000    0.3087500000E+001    0.1706250000E+001
 0.0101010    0.3181250000E+001    0.1687500000E+001
 0.0202020    0.3093750000E+001    0.1631250000E+001
 0.0303030    0.3268750000E+001    0.1775000000E+001
 0.0404040    0.3025000000E+001    0.1568750000E+001
 0.0505051    0.3225000000E+001    0.1650000000E+001
 0.0606061    0.3575000000E+001    0.1775000000E+001
 0.0707071    0.3475000000E+001    0.1593750000E+001
 0.0808081    0.3450000000E+001    0.1762500000E+001
 0.0909091    0.3743750000E+001    0.1831250000E+001
 0.1010101    0.3906250000E+001    0.1856250000E+001
 0.1111111    0.3993750000E+001    0.1800000000E+001
 0.1212121    0.3687500000E+001    0.1693750000E+001
 0.1313131    0.3718750000E+001    0.1431250000E+001
 0.1414141    0.3987500000E+001    0.1593750000E+001
 0.1515152    0.3825000000E+001    0.1731250000E+001
 0.1616162    0.4056250000E+001    0.1712500000E+001
 0.1717172    0.3943750000E+001    0.1775000000E+001
 0.1818182    0.3606250000E+001    0.1718750000E+001
 0.1919192    0.4118750000E+001    0.1737500000E+001
 0.2020202    0.3881250000E+001    0.1550000000E+001
 0.2121212    0.3787500000E+001    0.1531250000E+001
 0.2222222    0.3825000000E+001    0.1743750000E+001
 0.2323232    0.3437500000E+001    0.1600000000E+001
 0.2424242    0.3468750000E+001    0.1425000000E+001
 0.2525253    0.3543750000E+001    0.1462500000E+001
 0.2626263    0.3406250000E+001    0.1431250000E+001
 0.2727273    0.3575000000E+001    0.1468750000E+001
 0.2828283    0.3381250000E+001    0.1406250000E+001
 0.2929293    0.3187500000E+001    0.1456250000E+001
 0.3030303    0.3218750000E+001    0.1425000000E+001
 0.3131313    0.2987500000E+001    0.1337500000E+001
 0.3232323    0.3100000000E+001    0.1312500000E+001
 0.3333333    0.3000000000E+001    0.1256250000E+001
 0.3434343    0.2587500000E+001    0.1281250000E+001
 0.3535354    0.2275000000E+001    0.1437500000E+001
 0.3636364    0.2475000000E+001    0.1150000000E+001
 0.3737374    0.2125000000E+001    0.1350000000E+001
 0.3838384    0.2356250000E+001    0.1181250000E+001
 0.3939394    0.2350000000E+001    0.1068750000E+001
 0.4040404    0.2081250000E+001    0.1093750000E+001
 0.4141414    0.2056250000E+001    0.1150000000E+001
 0.4242424    0.1981250000E+001    0.9375000000E+000
 0.4343434    0.1793750000E+001    0.1068750000E+001
 0.4444444    0.1618750000E+001    0.1031250000E+001
 0.4545455    0.1606250000E+001    0.1100000000E+001
 0.4646465    0.1368750000E+001    0.9875000000E+000
 0.4747475    0.1443750000E+001    0.9500000000E+000
 0.4848485    0.1193750000E+001    0.1062500000E+001
 0.4949495    0.1056250000E+001    0.8437500000E+000
 0.5050505    0.1193750000E+001    0.7687500000E+000
 0.5151515    0.1062500000E+001    0.1050000000E+001
 0.5252525    0.1025000000E+001    0.8187500000E+000
 0.5353535    0.1025000000E+001    0.8375000000E+000
 0.5454545    0.1181250000E+001    0.9000000000E+000
 0.5555556    0.9062500000E+000    0.9500000000E+000
 0.5656566    0.1162500000E+001    0.9062500000E+000
 0.5757576    0.1156250000E+001    0.8875000000E+000
 0.5858586    0.1106250000E+001    0.8062500000E+000
 0.5959596    0.1056250000E+001    0.9187500000E+000
 0.6060606    0.1106250000E+001    0.8500000000E+000
 0.6161616    0.1200000000E+001    0.9250000000E+000
 0.6262626    0.1106250000E+001    0.9625000000E+000
 0.6363636    0.8875000000E+000    0.9312500000E+000
 0.6464646    0.1156250000E+001    0.9812500000E+000
 0.6565657    0.1025000000E+001    0.9812500000E+000
 0.6666667    0.1012500000E+001    0.9250000000E+000
 0.6767677    0.7500000000E+000    0.7750000000E+000
 0.6868687    0.8875000000E+000    0.1006250000E+001
 0.6969697    0.7500000000E+000    0.9750000000E+000
 0.7070707    0.8437500000E+000    0.7562500000E+000
 0.7171717    0.9625000000E+000    0.9375000000E+000
 0.7272727    0.1068750000E+001    0.9937500000E+000
 0.7373737    0.7812500000E+000    0.7750000000E+000
 0.7474747    0.8875000000E+000    0.8750000000E+000
 0.7575758    0.7750000000E+000    0.8812500000E+000
 0.7676768    0.7937500000E+000    0.8000000000E+000
 0.7777778    0.8062500000E+000    0.8875000000E+000
 0.7878788    0.7812500000E+000    0.8125000000E+000
 0.7979798    0.7187500000E+000    0.1006250000E+001
 0.8080808    0.8000000000E+000    0.1118750000E+001
 0.8181818    0.5750000000E+000    0.7375000000E+000
 0.8282828    0.5500000000E+000    0.8187500000E+000
 0.8383838    0.6812500000E+000    0.8125000000E+000
 0.8484848    0.5812500000E+000    0.8375000000E+000
 0.8585859    0.5562500000E+000    0.8250000000E+000
 0.8686869    0.5000000000E+000    0.8875000000E+000
 0.8787879    0.5312500000E+000    0.9500000000E+000
 0.8888889    0.4562500000E+000    0.8125000000E+000
 0.8989899    0.4125000000E+000    0.9187500000E+000
 0.9090909    0.2125000000E+000    0.7625000000E+000
 0.9191919    0.3437500000E+000    0.9062500000E+000
 0.9292929    0.4312500000E+000    0.9937500000E+000
 0.9393939    0.2625000000E+000    0.7125000000E+000
 0.9494949    0.1125000000E+000    0.7500000000E+000
 0.9595960    0.1937500000E+000    0.9062500000E+000
 0.9696970    0.1750000000E+000    0.9062500000E+000
 0.9797980    0.1625000000E+000    0.8250000000E+000
 0.9898990    0.3125000000E-001    0.8562500000E+000
 1.0000000    0.0000000000E+000    0.7312500000E+000


# Weightfunction after cycle       4467
 0.0000000    0.3154687500E+001    0.1746875000E+001
 0.0101010    0.3260937500E+001    0.1875000000E+001
 0.0202020    0.3315625000E+001    0.1837500000E+001
 0.0303030    0.3271875000E+001    0.1787500000E+001
 0.0404040    0.3271875000E+001    0.1837500000E+001
 0.0505051    0.3368750000E+001    0.1918750000E+001
 0.0606061    0.3481250000E+001    0.1776562500E+001
 0.0707071    0.3567187500E+001    0.1978125000E+001
 0.0808081    0.3701562500E+001    0.1921875000E+001
 0.0909091    0.3892187500E+001    0.1951562500E+001
 0.1010101    0.3998437500E+001    0.1960937500E+001
 0.1111111    0.3782812500E+001    0.1882812500E+001
 0.1212121    0.3982812500E+001    0.1937500000E+001
 0.1313131    0.4101562500E+001    0.1800000000E+001
 0.1414141    0.4168750000E+001    0.1940625000E+001
 0.1515152    0.3998437500E+001    0.1900000000E+001
 0.1616162    0.4054687500E+001    0.1823437500E+001
 0.1717172    0.4014062500E+001    0.1878125000E+001
 0.1818182    0.4048437500E+001    0.1767187500E+001
 0.1919192    0.4043750000E+001    0.1859375000E+001
 0.2020202    0.3998437500E+001    0.1848437500E+001
 0.2121212    0.3951562500E+001    0.1831250000E+001
 0.2222222    0.3787500000E+001    0.1748437500E+001
 0.2323232    0.3896875000E+001    0.1870312500E+001
 0.2424242    0.3832812500E+001    0.1756250000E+001
 0.2525253    0.3739062500E+001    0.1709375000E+001
 0.2626263    0.3609375000E+001    0.1743750000E+001
 0.2727273    0.3628125000E+001    0.1692187500E+001
 0.2828283    0.3473437500E+001    0.1770312500E+001
 0.2929293    0.3587500000E+001    0.1695312500E+001
 0.3030303    0.3421875000E+001    0.1625000000E+001
 0.3131313    0.3184375000E+001    0.1507812500E+001
 0.3232323    0.3331250000E+001    0.1548437500E+001
 0.3333333    0.2971875000E+001    0.1457812500E+001
 0.3434343    0.2984375000E+001    0.1392187500E+001
 0.3535354    0.2828125000E+001    0.1468750000E+001
 0.3636364    0.2731250000E+001    0.1462500000E+001
 0.3737374    0.2654687500E+001    0.1467187500E+001
 0.3838384    0.2653125000E+001    0.1481250000E+001
 0.3939394    0.2628125000E+001    0.1406250000E+001
 0.4040404    0.2456250000E+001    0.1307812500E+001
 0.4141414    0.2196875000E+001    0.1346875000E+001
 0.4242424    0.2220312500E+001    0.1318750000E+001
 0.4343434    0.2114062500E+001    0.1278125000E+001
 0.4444444    0.1851562500E+001    0.1157812500E+001
 0.4545455    0.1860937500E+001    0.1045312500E+001
 0.4646465    0.1739062500E+001    0.1229687500E+001
 0.4747475    0.1614062500E+001    0.1068750000E+001
 0.4848485    0.1482812500E+001    0.1153125000E+001
 0.4949495    0.1415625000E+001    0.1040625000E+001
 0.5050505    0.1359375000E+001    0.1042187500E+001
 0.5151515    0.1145312500E+001    0.9328125000E+000
 0.5252525    0.1206250000E+001    0.1115625000E+001
 0.5353535    0.1296875000E+001    0.1060937500E+001
 0.5454545    0.1392187500E+001    0.1046875000E+001
 0.5555556    0.1343750000E+001    0.9718750000E+000
 0.5656566    0.1239062500E+001    0.9796875000E+000
 0.5757576    0.1362500000E+001    0.1076562500E+001
 0.5858586    0.1293750000E+001    0.1054687500E+001
 0.5959596    0.1312500000E+001    0.1039062500E+001
 0.6060606    0.1215625000E+001    0.9875000000E+000
 0.6161616    0.1229687500E+001    0.1004687500E+001
 0.6262626    0.1212500000E+001    0.9171875000E+000
 0.6363636    0.1145312500E+001    0.9828125000E+000
 0.6464646    0.1104687500E+001    0.9218750000E+000
 0.6565657    0.1057812500E+001    0.1032812500E+001
 0.6666667    0.1103125000E+001    0.1075000000E+001
 0.6767677    0.1114062500E+001    0.1026562500E+001
 0.6868687    0.1110937500E+001    0.1028125000E+001
 0.6969697    0.1154687500E+001    0.9890625000E+000
 0.7070707    0.1117187500E+001    0.9921875000E+000
 0.7171717    0.1064062500E+001    0.1014062500E+001
 0.7272727    0.1075000000E+001    0.9906250000E+000
 0.7373737    0.1040625000E+001    0.9484375000E+000
 0.7474747    0.9875000000E+000    0.9578125000E+000
 0.7575758    0.1057812500E+001    0.9765625000E+000
 0.7676768    0.9218750000E+000    0.9625000000E+000
 0.7777778    0.8359375000E+000    0.9125000000E+000
 0.7878788    0.8093750000E+000    0.8515625000E+000
 0.7979798    0.8031250000E+000    0.9031250000E+000
 0.8080808    0.8000000000E+000    0.9593750000E+000
 0.8181818    0.7281250000E+000    0.9375000000E+000
 0.8282828    0.7671875000E+000    0.9312500000E+000
 0.8383838    0.6484375000E+000    0.9093750000E+000
 0.8484848    0.7484375000E+000    0.9953125000E+000
 0.8585859    0.6984375000E+000    0.1018750000E+001
 0.8686869    0.5453125000E+000    0.8562500000E+000
 0.8787879    0.5781250000E+000    0.8718750000E+000
 0.8888889    0.4875000000E+000    0.9375000000E+000
 0.8989899    0.5437500000E+000    0.9515625000E+000
 0.9090909    0.4390625000E+000    0.8828125000E+000
 0.9191919    0.2937500000E+000    0.7968750000E+000
 0.9292929    0.3593750000E+000    0.8609375000E+000
 0.9393939    0.2296875000E+000    0.8515625000E+000
 0.9494949    0.1890625000E+000    0.7765625000E+000
 0.9595960    0.1750000000E+000    0.8500000000E+000
 0.9696970    0.1015625000E+000    0.8281250000E+000
 0.9797980    0.1078125000E+000    0.8359375000E+000
 0.9898990    0.5625000000E-001    0.7921875000E+000
 1.0000000    0.0000000000E+000    0.7906250000E+000


# Weightfunction after cycle       8617
 0.0000000    0.3138281250E+001    0.1694531250E+001
 0.0101010    0.3158593750E+001    0.1739062500E+001
 0.0202020    0.3151562500E+001    0.1680468750E+001
 0.0303030    0.3200000000E+001    0.1728125000E+001
 0.0404040    0.3221093750E+001    0.1691796875E+001
 0.0505051    0.3328125000E+001    0.1750390625E+001
 0.0606061    0.3339453125E+001    0.1662500000E+001
 0.0707071    0.3480078125E+001    0.1735546875E+001
 0.0808081    0.3546875000E+001    0.1744921875E+001
 0.0909091    0.3610156250E+001    0.1739453125E+001
 0.1010101    0.3699218750E+001    0.1760156250E+001
 0.1111111    0.3745312500E+001    0.1713671875E+001
 0.1212121    0.3810937500E+001    0.1713281250E+001
 0.1313131    0.3850781250E+001    0.1707421875E+001
 0.1414141    0.3864843750E+001    0.1677343750E+001
 0.1515152    0.3882812500E+001    0.1669921875E+001
 0.1616162    0.3876953125E+001    0.1687890625E+001
 0.1717172    0.3858203125E+001    0.1657812500E+001
 0.1818182    0.3898437500E+001    0.1654687500E+001
 0.1919192    0.3907031250E+001    0.1622656250E+001
 0.2020202    0.3824218750E+001    0.1619140625E+001
 0.2121212    0.3747656250E+001    0.1576562500E+001
 0.2222222    0.3791406250E+001    0.1564843750E+001
 0.2323232    0.3723046875E+001    0.1557421875E+001
 0.2424242    0.3633984375E+001    0.1564062500E+001
 0.2525253    0.3586328125E+001    0.1528906250E+001
 0.2626263    0.3477343750E+001    0.1504296875E+001
 0.2727273    0.3424609375E+001    0.1481250000E+001
 0.2828283    0.3370312500E+001    0.1523437500E+001
 0.2929293    0.3327734375E+001    0.1443359375E+001
 0.3030303    0.3278906250E+001    0.1432031250E+001
 0.3131313    0.3111328125E+001    0.1385546875E+001
 0.3232323    0.3007031250E+001    0.1356640625E+001
 0.3333333    0.2917187500E+001    0.1328906250E+001
 0.3434343    0.2873437500E+001    0.1259375000E+001
 0.3535354    0.2741015625E+001    0.1310546875E+001
 0.3636364    0.2678515625E+001    0.1287109375E+001
 0.3737374    0.2586718750E+001    0.1233984375E+001
 0.3838384    0.2478515625E+001    0.1203125000E+001
 0.3939394    0.2405468750E+001    0.1128515625E+001
 0.4040404    0.2326953125E+001    0.1166015625E+001
 0.4141414    0.2149218750E+001    0.1164062500E+001
 0.4242424    0.2062890625E+001    0.1153906250E+001
 0.4343434    0.2018750000E+001    0.1136328125E+001
 0.4444444    0.1851562500E+001    0.1053515625E+001
 0.4545455    0.1767578125E+001    0.1017968750E+001
 0.4646465    0.1620703125E+001    0.1016015625E+001
 0.4747475    0.1510546875E+001    0.9500000000E+000
 0.4848485    0.1387500000E+001    0.9699218750E+000
 0.4949495    0.1271875000E+001    0.9007812500E+000
 0.5050505    0.1246093750E+001    0.9101562500E+000
 0.5151515    0.1163671875E+001    0.9144531250E+000
 0.5252525    0.1164843750E+001    0.9597656250E+000
 0.5353535    0.1226171875E+001    0.9230468750E+000
 0.5454545    0.1257812500E+001    0.9050781250E+000
 0.5555556    0.1199609375E+001    0.9066406250E+000
 0.5656566    0.1246484375E+001    0.8863281250E+000
 0.5757576    0.1209375000E+001    0.9343750000E+000
 0.5858586    0.1165234375E+001    0.9328125000E+000
 0.5959596    0.1217187500E+001    0.9164062500E+000
 0.6060606    0.1172656250E+001    0.8777343750E+000
 0.6161616    0.1130468750E+001    0.9230468750E+000
 0.6262626    0.1133203125E+001    0.8761718750E+000
 0.6363636    0.1092578125E+001    0.8753906250E+000
 0.6464646    0.1107812500E+001    0.8937500000E+000
 0.6565657    0.1058984375E+001    0.9066406250E+000
 0.6666667    0.1078515625E+001    0.8714843750E+000
 0.6767677    0.1086718750E+001    0.9230468750E+000
 0.6868687    0.1051562500E+001    0.8964843750E+000
 0.6969697    0.1028906250E+001    0.8843750000E+000
 0.7070707    0.1032421875E+001    0.8843750000E+000
 0.7171717    0.1002734375E+001    0.9066406250E+000
 0.7272727    0.9875000000E+000    0.8792968750E+000
 0.7373737    0.9468750000E+000    0.8894531250E+000
 0.7474747    0.8914062500E+000    0.8375000000E+000
 0.7575758    0.9125000000E+000    0.8964843750E+000
 0.7676768    0.8511718750E+000    0.8597656250E+000
 0.7777778    0.8265625000E+000    0.8378906250E+000
 0.7878788    0.7718750000E+000    0.8312500000E+000
 0.7979798    0.7500000000E+000    0.8574218750E+000
 0.8080808    0.6863281250E+000    0.8109375000E+000
 0.8181818    0.6605468750E+000    0.8183593750E+000
 0.8282828    0.6988281250E+000    0.8531250000E+000
 0.8383838    0.6125000000E+000    0.8226562500E+000
 0.8484848    0.6242187500E+000    0.8906250000E+000
 0.8585859    0.5667968750E+000    0.8546875000E+000
 0.8686869    0.5089843750E+000    0.8214843750E+000
 0.8787879    0.5019531250E+000    0.8433593750E+000
 0.8888889    0.4558593750E+000    0.8210937500E+000
 0.8989899    0.4261718750E+000    0.8476562500E+000
 0.9090909    0.3445312500E+000    0.7863281250E+000
 0.9191919    0.2886718750E+000    0.7847656250E+000
 0.9292929    0.2675781250E+000    0.7867187500E+000
 0.9393939    0.2023437500E+000    0.7363281250E+000
 0.9494949    0.2109375000E+000    0.7792968750E+000
 0.9595960    0.1195312500E+000    0.7660156250E+000
 0.9696970    0.8750000000E-001    0.7820312500E+000
 0.9797980    0.3984375000E-001    0.7273437500E+000
 0.9898990    0.0000000000E+000    0.7742187500E+000
 1.0000000    0.1835937500E-001    0.7800781250E+000


# Weightfunction after cycle      19494
 0.0000000    0.3163964844E+001    0.1751757813E+001
 0.0101010    0.3183789063E+001    0.1771484375E+001
 0.0202020    0.3188671875E+001    0.1753125000E+001
 0.0303030    0.3223046875E+001    0.1764550781E+001
 0.0404040    0.3254394531E+001    0.1759765625E+001
 0.0505051    0.3333398438E+001    0.1786230469E+001
 0.0606061    0.3401171875E+001    0.1782031250E+001
 0.0707071    0.3474121094E+001    0.1775097656E+001
 0.0808081    0.3536816406E+001    0.1767382813E+001
 0.0909091    0.3604687500E+001    0.1766699219E+001
 0.1010101    0.3671875000E+001    0.1778613281E+001
 0.1111111    0.3752832031E+001    0.1784960938E+001
 0.1212121    0.3835644531E+001    0.1792773438E+001
 0.1313131    0.3872558594E+001    0.1767578125E+001
 0.1414141    0.3871679688E+001    0.1748730469E+001
 0.1515152    0.3879980469E+001    0.1738378906E+001
 0.1616162    0.3906347656E+001    0.1728515625E+001
 0.1717172    0.3906250000E+001    0.1735546875E+001
 0.1818182    0.3884863281E+001    0.1708496094E+001
 0.1919192    0.3874316406E+001    0.1694726563E+001
 0.2020202    0.3831152344E+001    0.1679492188E+001
 0.2121212    0.3748339844E+001    0.1666015625E+001
 0.2222222    0.3762695313E+001    0.1639257813E+001
 0.2323232    0.3699609375E+001    0.1622949219E+001
 0.2424242    0.3602832031E+001    0.1606640625E+001
 0.2525253    0.3565527344E+001    0.1570410156E+001
 0.2626263    0.3497753906E+001    0.1575683594E+001
 0.2727273    0.3418164063E+001    0.1560742188E+001
 0.2828283    0.3325781250E+001    0.1529785156E+001
 0.2929293    0.3285449219E+001    0.1497558594E+001
 0.3030303    0.3171093750E+001    0.1484277344E+001
 0.3131313    0.3083984375E+001    0.1475976563E+001
 0.3232323    0.2986718750E+001    0.1449609375E+001
 0.3333333    0.2899609375E+001    0.1415917969E+001
 0.3434343    0.2815527344E+001    0.1347070313E+001
 0.3535354    0.2719433594E+001    0.1372558594E+001
 0.3636364    0.2639257813E+001    0.1343066406E+001
 0.3737374    0.2520996094E+001    0.1300292969E+001
 0.3838384    0.2434765625E+001    0.1275292969E+001
 0.3939394    0.2345703125E+001    0.1245703125E+001
 0.4040404    0.2237402344E+001    0.1233300781E+001
 0.4141414    0.2144726563E+001    0.1217089844E+001
 0.4242424    0.2042285156E+001    0.1227148437E+001
 0.4343434    0.1964941406E+001    0.1182910156E+001
 0.4444444    0.1826757813E+001    0.1131152344E+001
 0.4545455    0.1742968750E+001    0.1078710937E+001
 0.4646465    0.1607128906E+001    0.1103515625E+001
 0.4747475    0.1504785156E+001    0.1030664062E+001
 0.4848485    0.1394238281E+001    0.1039453125E+001
 0.4949495    0.1300878906E+001    0.9704101562E+000
 0.5050505    0.1233300781E+001    0.9743164062E+000
 0.5151515    0.1190625000E+001    0.9818359375E+000
 0.5252525    0.1202636719E+001    0.9815429687E+000
 0.5353535    0.1226757813E+001    0.9854492187E+000
 0.5454545    0.1240039063E+001    0.9877929687E+000
 0.5555556    0.1218359375E+001    0.1007128906E+001
 0.5656566    0.1211718750E+001    0.9725585937E+000
 0.5757576    0.1206933594E+001    0.9747070312E+000
 0.5858586    0.1195800781E+001    0.9751953125E+000
 0.5959596    0.1213769531E+001    0.9738281250E+000
 0.6060606    0.1172753906E+001    0.9711914062E+000
 0.6161616    0.1159570312E+001    0.9813476562E+000
 0.6262626    0.1129394531E+001    0.9494140625E+000
 0.6363636    0.1120312500E+001    0.9521484375E+000
 0.6464646    0.1105566406E+001    0.9607421875E+000
 0.6565657    0.1069726562E+001    0.9814453125E+000
 0.6666667    0.1074414062E+001    0.9546875000E+000
 0.6767677    0.1067089844E+001    0.9732421875E+000
 0.6868687    0.1054785156E+001    0.9624023437E+000
 0.6969697    0.1015136719E+001    0.9541015625E+000
 0.7070707    0.1021679687E+001    0.9537109375E+000
 0.7171717    0.9848632812E+000    0.9675781250E+000
 0.7272727    0.9662109375E+000    0.9506835937E+000
 0.7373737    0.9362304687E+000    0.9493164062E+000
 0.7474747    0.9220703125E+000    0.9361328125E+000
 0.7575758    0.8861328125E+000    0.9318359375E+000
 0.7676768    0.8690429687E+000    0.9390625000E+000
 0.7777778    0.8225585937E+000    0.9115234375E+000
 0.7878788    0.7897460937E+000    0.9070312500E+000
 0.7979798    0.7826171875E+000    0.9355468750E+000
 0.8080808    0.7351562500E+000    0.9120117187E+000
 0.8181818    0.7056640625E+000    0.8977539062E+000
 0.8282828    0.6937500000E+000    0.9129882812E+000
 0.8383838    0.6625000000E+000    0.9102539062E+000
 0.8484848    0.6283203125E+000    0.9288085937E+000
 0.8585859    0.5737304687E+000    0.8977539062E+000
 0.8686869    0.5447265625E+000    0.9069335937E+000
 0.8787879    0.5043945312E+000    0.8910156250E+000
 0.8888889    0.4784179687E+000    0.9003906250E+000
 0.8989899    0.4340820312E+000    0.9054687500E+000
 0.9090909    0.3944335937E+000    0.8725585937E+000
 0.9191919    0.3505859375E+000    0.8819335937E+000
 0.9292929    0.3152343750E+000    0.8782226562E+000
 0.9393939    0.2402343750E+000    0.8356445312E+000
 0.9494949    0.2113281250E+000    0.8372070312E+000
 0.9595960    0.1537109375E+000    0.8487304687E+000
 0.9696970    0.1109375000E+000    0.8351562500E+000
 0.9797980    0.8144531250E-001    0.8372070312E+000
 0.9898990    0.0000000000E+000    0.7831054687E+000
 1.0000000    0.2802734375E-001    0.8389648437E+000


# Weightfunction after cycle      24671
 0.0000000    0.3168164063E+001    0.1751318359E+001
 0.0101010    0.3185180664E+001    0.1765380859E+001
 0.0202020    0.3196386719E+001    0.1755053711E+001
 0.0303030    0.3229760742E+001    0.1766015625E+001
 0.0404040    0.3262158203E+001    0.1757958984E+001
 0.0505051    0.3338232422E+001    0.1779687500E+001
 0.0606061    0.3405151367E+001    0.1781054687E+001
 0.0707071    0.3479467773E+001    0.1769970703E+001
 0.0808081    0.3541015625E+001    0.1763842773E+001
 0.0909091    0.3609594727E+001    0.1767895508E+001
 0.1010101    0.3684521484E+001    0.1777539062E+001
 0.1111111    0.3760742188E+001    0.1784570312E+001
 0.1212121    0.3844384766E+001    0.1789575195E+001
 0.1313131    0.3874584961E+001    0.1760913086E+001
 0.1414141    0.3878491211E+001    0.1750292969E+001
 0.1515152    0.3891577148E+001    0.1736083984E+001
 0.1616162    0.3915991211E+001    0.1729541016E+001
 0.1717172    0.3915161133E+001    0.1737377930E+001
 0.1818182    0.3893969727E+001    0.1703955078E+001
 0.1919192    0.3882373047E+001    0.1692163086E+001
 0.2020202    0.3846508789E+001    0.1680395508E+001
 0.2121212    0.3762622070E+001    0.1663720703E+001
 0.2222222    0.3777880859E+001    0.1635961914E+001
 0.2323232    0.3709326172E+001    0.1620092773E+001
 0.2424242    0.3611889648E+001    0.1602636719E+001
 0.2525253    0.3567480469E+001    0.1572607422E+001
 0.2626263    0.3509204102E+001    0.1570556641E+001
 0.2727273    0.3424707031E+001    0.1556835937E+001
 0.2828283    0.3339599609E+001    0.1530322266E+001
 0.2929293    0.3287622070E+001    0.1501586914E+001
 0.3030303    0.3181689453E+001    0.1482543945E+001
 0.3131313    0.3098852539E+001    0.1474926758E+001
 0.3232323    0.2994848633E+001    0.1444384766E+001
 0.3333333    0.2905712891E+001    0.1419604492E+001
 0.3434343    0.2823559570E+001    0.1349414062E+001
 0.3535354    0.2729663086E+001    0.1368627930E+001
 0.3636364    0.2644897461E+001    0.1351782227E+001
 0.3737374    0.2524462891E+001    0.1302685547E+001
 0.3838384    0.2434228516E+001    0.1279687500E+001
 0.3939394    0.2350561523E+001    0.1245849609E+001
 0.4040404    0.2243286133E+001    0.1236865234E+001
 0.4141414    0.2150390625E+001    0.1219189453E+001
 0.4242424    0.2044921875E+001    0.1223339844E+001
 0.4343434    0.1962573242E+001    0.1179589844E+001
 0.4444444    0.1827587891E+001    0.1132397461E+001
 0.4545455    0.1742993164E+001    0.1085791016E+001
 0.4646465    0.1604809570E+001    0.1101660156E+001
 0.4747475    0.1504760742E+001    0.1034057617E+001
 0.4848485    0.1396972656E+001    0.1039843750E+001
 0.4949495    0.1299487305E+001    0.9679199219E+000
 0.5050505    0.1228808594E+001    0.9704833984E+000
 0.5151515    0.1195556641E+001    0.9864990234E+000
 0.5252525    0.1204663086E+001    0.9811523438E+000
 0.5353535    0.1227270508E+001    0.9865722656E+000
 0.5454545    0.1235009766E+001    0.9869140625E+000
 0.5555556    0.1216479492E+001    0.1004858398E+001
 0.5656566    0.1207714844E+001    0.9732910156E+000
 0.5757576    0.1208276367E+001    0.9800048828E+000
 0.5858586    0.1192919922E+001    0.9723876953E+000
 0.5959596    0.1206542969E+001    0.9730957031E+000
 0.6060606    0.1174682617E+001    0.9722167969E+000
 0.6161616    0.1156738281E+001    0.9730468750E+000
 0.6262626    0.1127099609E+001    0.9494628906E+000
 0.6363636    0.1119091797E+001    0.9524658203E+000
 0.6464646    0.1100439453E+001    0.9546875000E+000
 0.6565657    0.1069580078E+001    0.9776611328E+000
 0.6666667    0.1067675781E+001    0.9496093750E+000
 0.6767677    0.1067578125E+001    0.9700683594E+000
 0.6868687    0.1048144531E+001    0.9531250000E+000
 0.6969697    0.1012597656E+001    0.9534667969E+000
 0.7070707    0.1015991211E+001    0.9549560547E+000
 0.7171717    0.9844970703E+000    0.9622802734E+000
 0.7272727    0.9654052734E+000    0.9522949219E+000
 0.7373737    0.9361083984E+000    0.9464599609E+000
 0.7474747    0.9180419922E+000    0.9311279297E+000
 0.7575758    0.8870605469E+000    0.9321777344E+000
 0.7676768    0.8652832031E+000    0.9335693359E+000
 0.7777778    0.8213134766E+000    0.9095458984E+000
 0.7878788    0.7893066406E+000    0.9044189453E+000
 0.7979798    0.7782226563E+000    0.9293212891E+000
 0.8080808    0.7332763672E+000    0.9103271484E+000
 0.8181818    0.6989746094E+000    0.8906005859E+000
 0.8282828    0.6867675781E+000    0.9089111328E+000
 0.8383838    0.6549316406E+000    0.9034667969E+000
 0.8484848    0.6222167969E+000    0.9227050781E+000
 0.8585859    0.5702636719E+000    0.8949462891E+000
 0.8686869    0.5372070313E+000    0.8959228516E+000
 0.8787879    0.4957275391E+000    0.8832031250E+000
 0.8888889    0.4724121094E+000    0.8939453125E+000
 0.8989899    0.4296142578E+000    0.9000976563E+000
 0.9090909    0.3882812500E+000    0.8703125000E+000
 0.9191919    0.3400390625E+000    0.8731689453E+000
 0.9292929    0.3054687500E+000    0.8667724609E+000
 0.9393939    0.2372802734E+000    0.8319824219E+000
 0.9494949    0.2072265625E+000    0.8375244141E+000
 0.9595960    0.1506347656E+000    0.8441406250E+000
 0.9696970    0.1070800781E+000    0.8318847656E+000
 0.9797980    0.7221679687E-001    0.8304443359E+000
 0.9898990    0.0000000000E+000    0.7865966797E+000
 1.0000000    0.2375488281E-001    0.8363769531E+000


# Weightfunction after cycle      29419
 0.0000000    0.3171331787E+001    0.1754193115E+001
 0.0101010    0.3186706543E+001    0.1767706299E+001
 0.0202020    0.3198461914E+001    0.1757135010E+001
 0.0303030    0.3233197021E+001    0.1769158936E+001
 0.0404040    0.3266186523E+001    0.1762530518E+001
 0.0505051    0.3340728760E+001    0.1782806396E+001
 0.0606061    0.3407525635E+001    0.1783990479E+001
 0.0707071    0.3482519531E+001    0.1774017334E+001
 0.0808081    0.3542578125E+001    0.1766809082E+001
 0.0909091    0.3612988281E+001    0.1772467041E+001
 0.1010101    0.3688031006E+001    0.1779888916E+001
 0.1111111    0.3763183594E+001    0.1786999512E+001
 0.1212121    0.3844720459E+001    0.1791497803E+001
 0.1313131    0.3876873779E+001    0.1763702393E+001
 0.1414141    0.3880059814E+001    0.1753363037E+001
 0.1515152    0.3893872070E+001    0.1738287354E+001
 0.1616162    0.3917504883E+001    0.1731494141E+001
 0.1717172    0.3916949463E+001    0.1738739014E+001
 0.1818182    0.3895538330E+001    0.1706567383E+001
 0.1919192    0.3881048584E+001    0.1695159912E+001
 0.2020202    0.3848797607E+001    0.1681805420E+001
 0.2121212    0.3764038086E+001    0.1665118408E+001
 0.2222222    0.3779656982E+001    0.1639550781E+001
 0.2323232    0.3710418701E+001    0.1622442627E+001
 0.2424242    0.3614117432E+001    0.1606042480E+001
 0.2525253    0.3569866943E+001    0.1575256348E+001
 0.2626263    0.3509564209E+001    0.1571972656E+001
 0.2727273    0.3427062988E+001    0.1558978271E+001
 0.2828283    0.3341461182E+001    0.1531854248E+001
 0.2929293    0.3288824463E+001    0.1503613281E+001
 0.3030303    0.3182818604E+001    0.1485156250E+001
 0.3131313    0.3101165771E+001    0.1477838135E+001
 0.3232323    0.2997271729E+001    0.1446520996E+001
 0.3333333    0.2908862305E+001    0.1420794678E+001
 0.3434343    0.2824401855E+001    0.1352764893E+001
 0.3535354    0.2732086182E+001    0.1370465088E+001
 0.3636364    0.2646557617E+001    0.1353631592E+001
 0.3737374    0.2528198242E+001    0.1304595947E+001
 0.3838384    0.2436920166E+001    0.1282739258E+001
 0.3939394    0.2351696777E+001    0.1249188232E+001
 0.4040404    0.2244543457E+001    0.1238458252E+001
 0.4141414    0.2151965332E+001    0.1221838379E+001
 0.4242424    0.2047833252E+001    0.1224645996E+001
 0.4343434    0.1963043213E+001    0.1180926514E+001
 0.4444444    0.1829656982E+001    0.1135198975E+001
 0.4545455    0.1744592285E+001    0.1088732910E+001
 0.4646465    0.1608154297E+001    0.1102923584E+001
 0.4747475    0.1506616211E+001    0.1035809326E+001
 0.4848485    0.1399291992E+001    0.1042382813E+001
 0.4949495    0.1301214600E+001    0.9703186035E+000
 0.5050505    0.1229675293E+001    0.9726806641E+000
 0.5151515    0.1198620605E+001    0.9863830566E+000
 0.5252525    0.1208215332E+001    0.9835510254E+000
 0.5353535    0.1227001953E+001    0.9878540039E+000
 0.5454545    0.1237347412E+001    0.9897155762E+000
 0.5555556    0.1217266846E+001    0.1005926514E+001
 0.5656566    0.1208996582E+001    0.9743225098E+000
 0.5757576    0.1211444092E+001    0.9829711914E+000
 0.5858586    0.1195855713E+001    0.9741333008E+000
 0.5959596    0.1207586670E+001    0.9756347656E+000
 0.6060606    0.1176269531E+001    0.9748596191E+000
 0.6161616    0.1157397461E+001    0.9751708984E+000
 0.6262626    0.1129882812E+001    0.9524658203E+000
 0.6363636    0.1121319580E+001    0.9533386230E+000
 0.6464646    0.1102697754E+001    0.9560729980E+000
 0.6565657    0.1071716309E+001    0.9799621582E+000
 0.6666667    0.1070507813E+001    0.9527099609E+000
 0.6767677    0.1068853760E+001    0.9715942383E+000
 0.6868687    0.1050555420E+001    0.9551391602E+000
 0.6969697    0.1014221191E+001    0.9544616699E+000
 0.7070707    0.1015692139E+001    0.9554382324E+000
 0.7171717    0.9864501953E+000    0.9635131836E+000
 0.7272727    0.9668151855E+000    0.9539184570E+000
 0.7373737    0.9373962402E+000    0.9477416992E+000
 0.7474747    0.9196166992E+000    0.9338439941E+000
 0.7575758    0.8881958008E+000    0.9339843750E+000
 0.7676768    0.8663208008E+000    0.9349304199E+000
 0.7777778    0.8240600586E+000    0.9117126465E+000
 0.7878788    0.7903747559E+000    0.9056823730E+000
 0.7979798    0.7791748047E+000    0.9301391602E+000
 0.8080808    0.7347534180E+000    0.9120239258E+000
 0.8181818    0.6995300293E+000    0.8918334961E+000
 0.8282828    0.6861206055E+000    0.9090820312E+000
 0.8383838    0.6555908203E+000    0.9048278809E+000
 0.8484848    0.6212707520E+000    0.9216674805E+000
 0.8585859    0.5726745605E+000    0.8974670410E+000
 0.8686869    0.5387939453E+000    0.8970214844E+000
 0.8787879    0.4973266602E+000    0.8851135254E+000
 0.8888889    0.4728393555E+000    0.8946350098E+000
 0.8989899    0.4303527832E+000    0.9015258789E+000
 0.9090909    0.3890869141E+000    0.8720153809E+000
 0.9191919    0.3411926270E+000    0.8749816895E+000
 0.9292929    0.3057922363E+000    0.8677001953E+000
 0.9393939    0.2384094238E+000    0.8345214844E+000
 0.9494949    0.2075744629E+000    0.8384033203E+000
 0.9595960    0.1521179199E+000    0.8466369629E+000
 0.9696970    0.1078247070E+000    0.8326049805E+000
 0.9797980    0.7254638672E-001    0.8317016602E+000
 0.9898990    0.0000000000E+000    0.7871337891E+000
 1.0000000    0.2213134766E-001    0.8355346680E+000


# Weightfunction after cycle      39377
 0.0000000    0.3171527100E+001    0.1754368591E+001
 0.0101010    0.3186231995E+001    0.1767443848E+001
 0.0202020    0.3197921753E+001    0.1756909180E+001
 0.0303030    0.3233198547E+001    0.1768992615E+001
 0.0404040    0.3266548157E+001    0.1762561035E+001
 0.0505051    0.3340167236E+001    0.1781961060E+001
 0.0606061    0.3407710266E+001    0.1783605957E+001
 0.0707071    0.3482254028E+001    0.1773396301E+001
 0.0808081    0.3543247986E+001    0.1767047119E+001
 0.0909091    0.3613111877E+001    0.1771990967E+001
 0.1010101    0.3687957764E+001    0.1780084229E+001
 0.1111111    0.3763310242E+001    0.1786785889E+001
 0.1212121    0.3844450378E+001    0.1790373230E+001
 0.1313131    0.3877406311E+001    0.1763333130E+001
 0.1414141    0.3880776978E+001    0.1753280640E+001
 0.1515152    0.3895153809E+001    0.1738012695E+001
 0.1616162    0.3918324280E+001    0.1731037903E+001
 0.1717172    0.3917849731E+001    0.1738830566E+001
 0.1818182    0.3896540833E+001    0.1706675720E+001
 0.1919192    0.3882304382E+001    0.1694932556E+001
 0.2020202    0.3849746704E+001    0.1681958008E+001
 0.2121212    0.3765779114E+001    0.1664750671E+001
 0.2222222    0.3780639648E+001    0.1639915466E+001
 0.2323232    0.3711436462E+001    0.1622866821E+001
 0.2424242    0.3615867615E+001    0.1605888367E+001
 0.2525253    0.3571792603E+001    0.1574952698E+001
 0.2626263    0.3510466003E+001    0.1571655273E+001
 0.2727273    0.3428479004E+001    0.1558665466E+001
 0.2828283    0.3342666626E+001    0.1531669617E+001
 0.2929293    0.3289698792E+001    0.1503919983E+001
 0.3030303    0.3184330750E+001    0.1485115051E+001
 0.3131313    0.3103071594E+001    0.1478063965E+001
 0.3232323    0.2998571777E+001    0.1446070862E+001
 0.3333333    0.2910058594E+001    0.1421087646E+001
 0.3434343    0.2825511169E+001    0.1353234863E+001
 0.3535354    0.2733364868E+001    0.1371343994E+001
 0.3636364    0.2647520447E+001    0.1353408813E+001
 0.3737374    0.2529676819E+001    0.1304936218E+001
 0.3838384    0.2438627625E+001    0.1283381653E+001
 0.3939394    0.2352403259E+001    0.1249584961E+001
 0.4040404    0.2245547485E+001    0.1238546753E+001
 0.4141414    0.2152955627E+001    0.1221913147E+001
 0.4242424    0.2048941040E+001    0.1224143982E+001
 0.4343434    0.1963452148E+001    0.1180877686E+001
 0.4444444    0.1831065369E+001    0.1135499573E+001
 0.4545455    0.1745263672E+001    0.1089743042E+001
 0.4646465    0.1609436035E+001    0.1103279114E+001
 0.4747475    0.1507775879E+001    0.1036381531E+001
 0.4848485    0.1400146484E+001    0.1042182922E+001
 0.4949495    0.1301959229E+001    0.9714355469E+000
 0.5050505    0.1230607605E+001    0.9733200073E+000
 0.5151515    0.1200100708E+001    0.9862030029E+000
 0.5252525    0.1209025574E+001    0.9835647583E+000
 0.5353535    0.1227699280E+001    0.9883941650E+000
 0.5454545    0.1237252808E+001    0.9898452759E+000
 0.5555556    0.1217861938E+001    0.1006179810E+001
 0.5656566    0.1209785461E+001    0.9744430542E+000
 0.5757576    0.1211553955E+001    0.9829650879E+000
 0.5858586    0.1196562195E+001    0.9748382568E+000
 0.5959596    0.1207945251E+001    0.9761978149E+000
 0.6060606    0.1176651001E+001    0.9748855591E+000
 0.6161616    0.1158049011E+001    0.9753189087E+000
 0.6262626    0.1130534363E+001    0.9524841309E+000
 0.6363636    0.1122172546E+001    0.9539093018E+000
 0.6464646    0.1102806091E+001    0.9567138672E+000
 0.6565657    0.1072425842E+001    0.9801879883E+000
 0.6666667    0.1070718384E+001    0.9539047241E+000
 0.6767677    0.1069151306E+001    0.9718460083E+000
 0.6868687    0.1050836182E+001    0.9562881470E+000
 0.6969697    0.1014924622E+001    0.9553054810E+000
 0.7070707    0.1016151428E+001    0.9562072754E+000
 0.7171717    0.9869613647E+000    0.9640563965E+000
 0.7272727    0.9669982910E+000    0.9545639038E+000
 0.7373737    0.9379394531E+000    0.9482101440E+000
 0.7474747    0.9193603516E+000    0.9340423584E+000
 0.7575758    0.8882003784E+000    0.9347213745E+000
 0.7676768    0.8660614014E+000    0.9349761963E+000
 0.7777778    0.8245025635E+000    0.9128234863E+000
 0.7878788    0.7905670166E+000    0.9065399170E+000
 0.7979798    0.7791183472E+000    0.9303604126E+000
 0.8080808    0.7348266602E+000    0.9123245239E+000
 0.8181818    0.6997985840E+000    0.8929901123E+000
 0.8282828    0.6859313965E+000    0.9095382690E+000
 0.8383838    0.6553131104E+000    0.9054153442E+000
 0.8484848    0.6212783813E+000    0.9221237183E+000
 0.8585859    0.5723693848E+000    0.8977981567E+000
 0.8686869    0.5385650635E+000    0.8975418091E+000
 0.8787879    0.4967712402E+000    0.8852508545E+000
 0.8888889    0.4722625732E+000    0.8946762085E+000
 0.8989899    0.4302032471E+000    0.9018920898E+000
 0.9090909    0.3887710571E+000    0.8724548340E+000
 0.9191919    0.3410095215E+000    0.8753524780E+000
 0.9292929    0.3054351807E+000    0.8681259155E+000
 0.9393939    0.2381607056E+000    0.8349746704E+000
 0.9494949    0.2073135376E+000    0.8389862061E+000
 0.9595960    0.1521087646E+000    0.8472930908E+000
 0.9696970    0.1077865601E+000    0.8332015991E+000
 0.9797980    0.7220306396E-001    0.8321914673E+000
 0.9898990    0.0000000000E+000    0.7885055542E+000
 1.0000000    0.2081146240E-001    0.8354080200E+000


