# Cycle, ((Average density(Ib,Tm), Tm=1,N_MolType), Ib=1,N_Box)
    100100   0.9534936186E+003   0.2698623111E+002   0.6136858185E+002   0.2780878659E+002
    100200   0.9531613391E+003   0.2675864495E+002   0.6125336587E+002   0.2774671995E+002
    100300   0.9543570190E+003   0.2776081267E+002   0.6175949125E+002   0.2795782339E+002
    100400   0.9549739772E+003   0.2940789416E+002   0.6162245241E+002   0.2778312924E+002
    100500   0.9581064111E+003   0.3088884740E+002   0.6175209210E+002   0.2773091339E+002
    100600   0.9612632664E+003   0.3059770515E+002   0.6149481835E+002   0.2762757190E+002
    100700   0.9625094462E+003   0.3081319105E+002   0.6101082079E+002   0.2742510551E+002
    100800   0.9655927097E+003   0.2935353299E+002   0.6082849412E+002   0.2745045734E+002
    100900   0.9707023513E+003   0.2739216969E+002   0.6073739767E+002   0.2755096111E+002
    101000   0.9748418031E+003   0.2675056747E+002   0.6107495063E+002   0.2777172555E+002
    101100   0.9775959787E+003   0.2634661937E+002   0.6118022723E+002   0.2785398722E+002
    101200   0.9791883921E+003   0.2662196355E+002   0.6127425523E+002   0.2789132266E+002
    101300   0.9811870336E+003   0.2676838104E+002   0.6116862078E+002   0.2783824593E+002
    101400   0.9854109863E+003   0.2645080815E+002   0.6110192014E+002   0.2783514873E+002
    101500   0.9899864519E+003   0.2620387835E+002   0.6087599008E+002   0.2776250377E+002
    101600   0.9949712300E+003   0.2605853009E+002   0.6068813453E+002   0.2771961278E+002
    101700   0.9983948205E+003   0.2616367123E+002   0.6058984038E+002   0.2770518486E+002
    101800   0.1000471088E+004   0.2638292519E+002   0.6044036382E+002   0.2764886737E+002
    101900   0.1001616658E+004   0.2593667597E+002   0.6032937425E+002   0.2763265323E+002
    102000   0.1002356167E+004   0.2599174294E+002   0.6026339256E+002   0.2761413956E+002
    102100   0.1002582813E+004   0.2584448997E+002   0.6032533062E+002   0.2765894677E+002
    102200   0.1002845019E+004   0.2550344617E+002   0.6021724657E+002   0.2764281082E+002
    102300   0.1003381999E+004   0.2470186417E+002   0.6016158823E+002   0.2766805944E+002
    102400   0.1003676606E+004   0.2435039152E+002   0.6000100835E+002   0.2761682708E+002
    102500   0.1004119329E+004   0.2416176529E+002   0.5995047359E+002   0.2761570454E+002
    102600   0.1004620252E+004   0.2410316599E+002   0.5992554449E+002   0.2761107176E+002
    102700   0.1005704308E+004   0.2385095740E+002   0.5995565167E+002   0.2763910642E+002
    102800   0.1006003494E+004   0.2351225848E+002   0.5980529582E+002   0.2758398275E+002
    102900   0.1006639866E+004   0.2366358977E+002   0.5983570142E+002   0.2758102974E+002
    103000   0.1006317399E+004   0.2357932440E+002   0.5985184175E+002   0.2758742711E+002
    103100   0.1005597968E+004   0.2377114919E+002   0.5980545817E+002   0.2754812651E+002
    103200   0.1006151119E+004   0.2389353285E+002   0.5971648996E+002   0.2750176005E+002
    103300   0.1006684461E+004   0.2375926555E+002   0.5957263589E+002   0.2745099020E+002
    103400   0.1006427900E+004   0.2365941890E+002   0.5957818554E+002   0.2746168038E+002
    103500   0.1006417999E+004   0.2350636121E+002   0.5959353140E+002   0.2747957964E+002
    103600   0.1006795054E+004   0.2328056198E+002   0.5953199158E+002   0.2746704678E+002
    103700   0.1006739712E+004   0.2324696689E+002   0.5954374942E+002   0.2747367848E+002
    103800   0.1006579977E+004   0.2318902020E+002   0.5950480396E+002   0.2746018777E+002
    103900   0.1007090838E+004   0.2308752947E+002   0.5949035041E+002   0.2746519138E+002
    104000   0.1007428075E+004   0.2315130381E+002   0.5943669468E+002   0.2744082296E+002
    104100   0.1007686096E+004   0.2333618425E+002   0.5942178764E+002   0.2742215349E+002
    104200   0.1007615890E+004   0.2330801237E+002   0.5944943490E+002   0.2742912982E+002
    104300   0.1008002936E+004   0.2322214836E+002   0.5943789366E+002   0.2742400280E+002
    104400   0.1008071000E+004   0.2324623902E+002   0.5945681591E+002   0.2742437384E+002
    104500   0.1007947482E+004   0.2343917329E+002   0.5948032085E+002   0.2741672053E+002
    104600   0.1007693978E+004   0.2366852298E+002   0.5950349061E+002   0.2740818324E+002
    104700   0.1007605171E+004   0.2396440583E+002   0.5953192940E+002   0.2739854748E+002
    104800   0.1007656108E+004   0.2410495391E+002   0.5953080815E+002   0.2738992063E+002
    104900   0.1007659796E+004   0.2421499146E+002   0.5954080843E+002   0.2738654072E+002
    105000   0.1007589455E+004   0.2430565834E+002   0.5959325510E+002   0.2740097610E+002
    105100   0.1007507427E+004   0.2440535352E+002   0.5963847406E+002   0.2741178533E+002
    105200   0.1007420052E+004   0.2445603121E+002   0.5961424533E+002   0.2739329626E+002
    105300   0.1007175973E+004   0.2444383552E+002   0.5961431949E+002   0.2738344896E+002
    105400   0.1006971171E+004   0.2435542336E+002   0.5961654104E+002   0.2738139339E+002
    105500   0.1006618765E+004   0.2447106114E+002   0.5965618621E+002   0.2737851128E+002
    105600   0.1006250702E+004   0.2451347412E+002   0.5962857804E+002   0.2735511677E+002
    105700   0.1005523332E+004   0.2455619219E+002   0.5960410203E+002   0.2733629517E+002
    105800   0.1005192415E+004   0.2458873888E+002   0.5958173104E+002   0.2732338632E+002
    105900   0.1005122962E+004   0.2458934440E+002   0.5953913571E+002   0.2730177493E+002
    106000   0.1005169723E+004   0.2463167609E+002   0.5954476974E+002   0.2730203275E+002
    106100   0.1005189385E+004   0.2459434031E+002   0.5954191929E+002   0.2730543570E+002
    106200   0.1005204911E+004   0.2441255307E+002   0.5959268341E+002   0.2734487784E+002
    106300   0.1004974357E+004   0.2441937021E+002   0.5963695113E+002   0.2736329732E+002
    106400   0.1004820524E+004   0.2443310135E+002   0.5961673910E+002   0.2735165264E+002
    106500   0.1004373868E+004   0.2433572779E+002   0.5955977929E+002   0.2733297753E+002
    106600   0.1003835716E+004   0.2432302276E+002   0.5951081358E+002   0.2731272271E+002
    106700   0.1003394826E+004   0.2446316278E+002   0.5949102750E+002   0.2729688122E+002
    106800   0.1003106361E+004   0.2462156464E+002   0.5947691537E+002   0.2728593979E+002
    106900   0.1003013411E+004   0.2480277366E+002   0.5947943699E+002   0.2728042327E+002
    107000   0.1002839559E+004   0.2506321186E+002   0.5947713871E+002   0.2726797891E+002
    107100   0.1002569586E+004   0.2535408188E+002   0.5948243001E+002   0.2725417522E+002
    107200   0.1002403899E+004   0.2570426356E+002   0.5951688530E+002   0.2725186985E+002
    107300   0.1002186743E+004   0.2587879963E+002   0.5951415888E+002   0.2724287435E+002
    107400   0.1001983768E+004   0.2600613518E+002   0.5952473598E+002   0.2724307173E+002
    107500   0.1001769543E+004   0.2603868960E+002   0.5951686528E+002   0.2724350868E+002
    107600   0.1001644129E+004   0.2607120783E+002   0.5951307243E+002   0.2725096581E+002
    107700   0.1001541545E+004   0.2610703066E+002   0.5952416493E+002   0.2726502012E+002
    107800   0.1001181640E+004   0.2614709135E+002   0.5953207422E+002   0.2728252452E+002
    107900   0.1000974557E+004   0.2619758440E+002   0.5950921310E+002   0.2728019160E+002
    108000   0.1000851130E+004   0.2620745212E+002   0.5945454822E+002   0.2726739629E+002
    108100   0.1000888155E+004   0.2624791482E+002   0.5943158755E+002   0.2726547800E+002
    108200   0.1000993378E+004   0.2623485389E+002   0.5934967060E+002   0.2724317658E+002
    108300   0.1000932464E+004   0.2625284409E+002   0.5932788908E+002   0.2724065097E+002
    108400   0.1000779996E+004   0.2633048204E+002   0.5930494713E+002   0.2723250827E+002
    108500   0.1000669805E+004   0.2633852830E+002   0.5933207335E+002   0.2725508304E+002
    108600   0.1000543333E+004   0.2639404087E+002   0.5934308407E+002   0.2726646661E+002
    108700   0.1000240579E+004   0.2645813422E+002   0.5933947279E+002   0.2727230797E+002
    108800   0.1000159898E+004   0.2648772905E+002   0.5932353241E+002   0.2727014340E+002
    108900   0.9999577707E+003   0.2653500782E+002   0.5932174091E+002   0.2727514452E+002
    109000   0.9998588104E+003   0.2654107667E+002   0.5933578974E+002   0.2728994628E+002
    109100   0.9998444044E+003   0.2653295802E+002   0.5930599300E+002   0.2728756298E+002
    109200   0.9996366507E+003   0.2656868392E+002   0.5928804243E+002   0.2728540565E+002
    109300   0.9993775132E+003   0.2660319034E+002   0.5928151537E+002   0.2728675925E+002
    109400   0.9991021254E+003   0.2659593188E+002   0.5927972144E+002   0.2729469382E+002
    109500   0.9988693431E+003   0.2660998745E+002   0.5927489288E+002   0.2730006868E+002
    109600   0.9987114890E+003   0.2661530491E+002   0.5929002628E+002   0.2731701564E+002
    109700   0.9984479228E+003   0.2664805461E+002   0.5924246252E+002   0.2730172704E+002
    109800   0.9985247774E+003   0.2664166960E+002   0.5921705386E+002   0.2730033620E+002
    109900   0.9987193010E+003   0.2661666264E+002   0.5917204375E+002   0.2729689175E+002
    110000   0.9988670249E+003   0.2665186162E+002   0.5918450838E+002   0.2731208745E+002
    110100   0.9989777454E+003   0.2667503210E+002   0.5917369882E+002   0.2731551292E+002
    110200   0.9987593283E+003   0.2667981657E+002   0.5914725866E+002   0.2730659137E+002
    110300   0.9985855312E+003   0.2672557636E+002   0.5912034460E+002   0.2729430102E+002
    110400   0.9983908690E+003   0.2672883893E+002   0.5912247439E+002   0.2730142664E+002
    110500   0.9982680730E+003   0.2672886320E+002   0.5911031071E+002   0.2730197800E+002
    110600   0.9981413811E+003   0.2671378019E+002   0.5911339613E+002   0.2731056353E+002
    110700   0.9981826950E+003   0.2670677358E+002   0.5909497486E+002   0.2731134725E+002
    110800   0.9981013265E+003   0.2665247876E+002   0.5908063407E+002   0.2731873018E+002
    110900   0.9983353599E+003   0.2662689579E+002   0.5911625248E+002   0.2734954866E+002
    111000   0.9987323338E+003   0.2663565371E+002   0.5911651112E+002   0.2736358445E+002
    111100   0.9992258211E+003   0.2666441609E+002   0.5911985662E+002   0.2738129752E+002
    111200   0.9994675951E+003   0.2660623274E+002   0.5910785969E+002   0.2739828194E+002
    111300   0.9994925613E+003   0.2665072624E+002   0.5907797988E+002   0.2739928680E+002
    111400   0.9994270062E+003   0.2666571065E+002   0.5906315140E+002   0.2740639037E+002
    111500   0.9993238171E+003   0.2670531638E+002   0.5906456094E+002   0.2742137863E+002
    111600   0.9991896109E+003   0.2675054215E+002   0.5905876872E+002   0.2742909400E+002
    111700   0.9991336212E+003   0.2680224896E+002   0.5904664599E+002   0.2743400488E+002
    111800   0.9990298023E+003   0.2683102575E+002   0.5903643188E+002   0.2743870538E+002
    111900   0.9988897609E+003   0.2683826119E+002   0.5901634183E+002   0.2744154793E+002
    112000   0.9988930908E+003   0.2685538685E+002   0.5899739824E+002   0.2744002699E+002
    112100   0.9988180621E+003   0.2689963864E+002   0.5900282314E+002   0.2745130299E+002
    112200   0.9986876514E+003   0.2691583582E+002   0.5898184905E+002   0.2745003126E+002
    112300   0.9985010576E+003   0.2689789170E+002   0.5893464915E+002   0.2744025610E+002
    112400   0.9983958740E+003   0.2695491577E+002   0.5890961128E+002   0.2743477855E+002
    112500   0.9982977976E+003   0.2700978609E+002   0.5889813369E+002   0.2743664947E+002
    112600   0.9981472696E+003   0.2704328324E+002   0.5889837571E+002   0.2745062206E+002
    112700   0.9980680737E+003   0.2706934407E+002   0.5890612246E+002   0.2746521224E+002
    112800   0.9981027172E+003   0.2705529727E+002   0.5888458490E+002   0.2746968629E+002
    112900   0.9982231414E+003   0.2705663127E+002   0.5886366223E+002   0.2747527570E+002
    113000   0.9982522982E+003   0.2707328155E+002   0.5885943125E+002   0.2748915723E+002
    113100   0.9982126982E+003   0.2711545573E+002   0.5884304648E+002   0.2749288955E+002
    113200   0.9981128703E+003   0.2712484275E+002   0.5883393601E+002   0.2749890430E+002
    113300   0.9980885949E+003   0.2714783598E+002   0.5884096604E+002   0.2750787592E+002
    113400   0.9980244058E+003   0.2725991491E+002   0.5886579479E+002   0.2752215557E+002
    113500   0.9980043957E+003   0.2734095563E+002   0.5886223982E+002   0.2752378722E+002
    113600   0.9978930782E+003   0.2737947303E+002   0.5884217673E+002   0.2752059063E+002
    113700   0.9978345616E+003   0.2737263940E+002   0.5884417424E+002   0.2753364258E+002
    113800   0.9978184805E+003   0.2738417400E+002   0.5883249394E+002   0.2753625040E+002
    113900   0.9977029693E+003   0.2739999971E+002   0.5880341794E+002   0.2753327216E+002
    114000   0.9976499462E+003   0.2739691105E+002   0.5879347476E+002   0.2754405373E+002
    114100   0.9973935461E+003   0.2733394717E+002   0.5876824053E+002   0.2755181403E+002
    114200   0.9972288678E+003   0.2734514411E+002   0.5874890512E+002   0.2755433459E+002
    114300   0.9970334264E+003   0.2737350113E+002   0.5873314100E+002   0.2755890598E+002
    114400   0.9969553618E+003   0.2739884856E+002   0.5871114195E+002   0.2755789705E+002
    114500   0.9968758619E+003   0.2740971625E+002   0.5869862850E+002   0.2756816384E+002
    114600   0.9967961960E+003   0.2740538422E+002   0.5868933173E+002   0.2757933717E+002
    114700   0.9966900535E+003   0.2745802993E+002   0.5865748625E+002   0.2757318441E+002
    114800   0.9966035922E+003   0.2753569614E+002   0.5863123795E+002   0.2756878502E+002
    114900   0.9965555673E+003   0.2754357555E+002   0.5862112051E+002   0.2757676458E+002
    115000   0.9965820195E+003   0.2755419492E+002   0.5861059616E+002   0.2758568019E+002
    115100   0.9965652287E+003   0.2755170664E+002   0.5860425687E+002   0.2759807589E+002
    115200   0.9965677267E+003   0.2751372666E+002   0.5857170152E+002   0.2759653876E+002
    115300   0.9965474929E+003   0.2751733928E+002   0.5855233621E+002   0.2759700467E+002
    115400   0.9964884957E+003   0.2749727103E+002   0.5854153519E+002   0.2760584899E+002
    115500   0.9964818896E+003   0.2748093244E+002   0.5854674794E+002   0.2762157745E+002
    115600   0.9964577683E+003   0.2745259257E+002   0.5854343416E+002   0.2763563903E+002
    115700   0.9964525957E+003   0.2749861398E+002   0.5853349338E+002   0.2763800805E+002
    115800   0.9964894188E+003   0.2753156304E+002   0.5854347895E+002   0.2765149550E+002
    115900   0.9965836180E+003   0.2752432024E+002   0.5853004662E+002   0.2765463185E+002
    116000   0.9966401610E+003   0.2753304793E+002   0.5852306973E+002   0.2766111872E+002
    116100   0.9966763719E+003   0.2757036240E+002   0.5851188099E+002   0.2766421701E+002
    116200   0.9966640470E+003   0.2762091910E+002   0.5849763180E+002   0.2766514514E+002
    116300   0.9967141683E+003   0.2765260126E+002   0.5846389552E+002   0.2766171204E+002
    116400   0.9967180162E+003   0.2766211505E+002   0.5844333927E+002   0.2766341984E+002
    116500   0.9967280370E+003   0.2764308648E+002   0.5844766381E+002   0.2768443515E+002
    116600   0.9967236665E+003   0.2756940513E+002   0.5841207584E+002   0.2768860006E+002
    116700   0.9966971769E+003   0.2756337935E+002   0.5839181644E+002   0.2769254689E+002
    116800   0.9966131362E+003   0.2757770834E+002   0.5838732311E+002   0.2769868064E+002
    116900   0.9965460120E+003   0.2756269421E+002   0.5838403577E+002   0.2770592805E+002
    117000   0.9965082210E+003   0.2758848097E+002   0.5837643952E+002   0.2770824624E+002
    117100   0.9963985610E+003   0.2759870298E+002   0.5836005804E+002   0.2770590356E+002
    117200   0.9962281015E+003   0.2762015689E+002   0.5835044786E+002   0.2770422092E+002
    117300   0.9959521645E+003   0.2768202942E+002   0.5835103509E+002   0.2770389341E+002
    117400   0.9956385406E+003   0.2773916547E+002   0.5835618206E+002   0.2770673000E+002
    117500   0.9954079188E+003   0.2782425392E+002   0.5835284629E+002   0.2770233835E+002
    117600   0.9951564161E+003   0.2790940363E+002   0.5835333088E+002   0.2769942909E+002
    117700   0.9948600967E+003   0.2798102311E+002   0.5835401711E+002   0.2769830183E+002
    117800   0.9947164614E+003   0.2800722222E+002   0.5833951370E+002   0.2769597763E+002
    117900   0.9945871036E+003   0.2801065225E+002   0.5832189013E+002   0.2769570544E+002
    118000   0.9945176863E+003   0.2798115890E+002   0.5830095048E+002   0.2769888793E+002
    118100   0.9945055222E+003   0.2798312815E+002   0.5829069931E+002   0.2770280144E+002
    118200   0.9945454446E+003   0.2799114504E+002   0.5828797759E+002   0.2771087191E+002
    118300   0.9945625634E+003   0.2799426901E+002   0.5827518901E+002   0.2771427655E+002
    118400   0.9945996016E+003   0.2797987288E+002   0.5827832255E+002   0.2773106066E+002
    118500   0.9946601187E+003   0.2795711432E+002   0.5827269819E+002   0.2774319298E+002
    118600   0.9947264761E+003   0.2796527388E+002   0.5826586775E+002   0.2775092702E+002
    118700   0.9947980190E+003   0.2795096442E+002   0.5824253360E+002   0.2775119813E+002
    118800   0.9948009022E+003   0.2797405111E+002   0.5822197401E+002   0.2774953351E+002
    118900   0.9947891398E+003   0.2799150917E+002   0.5819835533E+002   0.2774957471E+002
    119000   0.9947788695E+003   0.2797411868E+002   0.5817592440E+002   0.2775280762E+002
    119100   0.9948764195E+003   0.2795242834E+002   0.5815296040E+002   0.2775959071E+002
    119200   0.9950123249E+003   0.2794503429E+002   0.5813966709E+002   0.2776759217E+002
    119300   0.9951341906E+003   0.2789298841E+002   0.5812160399E+002   0.2777959988E+002
    119400   0.9953183450E+003   0.2780527481E+002   0.5812120903E+002   0.2780424444E+002
    119500   0.9953964998E+003   0.2777277217E+002   0.5811446499E+002   0.2781585382E+002
    119600   0.9954581858E+003   0.2775892158E+002   0.5809744386E+002   0.2782107709E+002
    119700   0.9955043400E+003   0.2771003179E+002   0.5808414555E+002   0.2783226233E+002
    119800   0.9955235704E+003   0.2766673802E+002   0.5807405359E+002   0.2784711264E+002
    119900   0.9955731728E+003   0.2766204401E+002   0.5807527105E+002   0.2785782632E+002
    120000   0.9955768876E+003   0.2767488265E+002   0.5806207228E+002   0.2785940142E+002
    120100   0.9956504987E+003   0.2766056473E+002   0.5804281913E+002   0.2786458079E+002
    120200   0.9956337460E+003   0.2763056937E+002   0.5803815582E+002   0.2787713295E+002
    120300   0.9956170906E+003   0.2759223480E+002   0.5803698002E+002   0.2789268466E+002
    120400   0.9956545381E+003   0.2755231397E+002   0.5801541635E+002   0.2789653323E+002
    120500   0.9956913348E+003   0.2753915865E+002   0.5799562551E+002   0.2789908425E+002
    120600   0.9956174551E+003   0.2753893969E+002   0.5799289144E+002   0.2790701929E+002
    120700   0.9956775977E+003   0.2752378902E+002   0.5799378340E+002   0.2791844489E+002
    120800   0.9957943038E+003   0.2750302432E+002   0.5798829360E+002   0.2792774041E+002
    120900   0.9960543645E+003   0.2742334947E+002   0.5795387113E+002   0.2793170050E+002
    121000   0.9961941566E+003   0.2738091372E+002   0.5794782757E+002   0.2794441312E+002
    121100   0.9963452026E+003   0.2734444907E+002   0.5793002744E+002   0.2795124987E+002
    121200   0.9963900929E+003   0.2732314695E+002   0.5792469438E+002   0.2795952770E+002
    121300   0.9963796443E+003   0.2731031706E+002   0.5790732343E+002   0.2795904390E+002
    121400   0.9963853594E+003   0.2729485128E+002   0.5789718116E+002   0.2796556555E+002
    121500   0.9963929882E+003   0.2731370475E+002   0.5788710699E+002   0.2796505252E+002
    121600   0.9963737161E+003   0.2736722532E+002   0.5789644770E+002   0.2797112739E+002
    121700   0.9963610247E+003   0.2742837197E+002   0.5789448137E+002   0.2797097233E+002
    121800   0.9963276499E+003   0.2746108018E+002   0.5788798985E+002   0.2796969400E+002
    121900   0.9963392196E+003   0.2748492464E+002   0.5788710825E+002   0.2797389640E+002
    122000   0.9963086652E+003   0.2749432474E+002   0.5788386626E+002   0.2797822513E+002
    122100   0.9963043088E+003   0.2749971916E+002   0.5787035157E+002   0.2797714172E+002
    122200   0.9963963119E+003   0.2749611678E+002   0.5786511634E+002   0.2798306568E+002
    122300   0.9964920105E+003   0.2744824605E+002   0.5784768269E+002   0.2798618581E+002
    122400   0.9966147179E+003   0.2742269939E+002   0.5784060442E+002   0.2799233196E+002
    122500   0.9966561515E+003   0.2741039373E+002   0.5784050922E+002   0.2799803608E+002
    122600   0.9966215556E+003   0.2739100664E+002   0.5783830833E+002   0.2800078273E+002
    122700   0.9965968207E+003   0.2737795596E+002   0.5783853407E+002   0.2800526276E+002
    122800   0.9966246069E+003   0.2736781035E+002   0.5782755333E+002   0.2800556751E+002
    122900   0.9966698256E+003   0.2735125329E+002   0.5781977025E+002   0.2800892243E+002
    123000   0.9967515855E+003   0.2731240499E+002   0.5780504155E+002   0.2801132014E+002
    123100   0.9968463818E+003   0.2727476052E+002   0.5779095415E+002   0.2801470935E+002
    123200   0.9969120898E+003   0.2723492683E+002   0.5777418107E+002   0.2801726257E+002
    123300   0.9969143048E+003   0.2719121915E+002   0.5777796719E+002   0.2803195060E+002
    123400   0.9969034924E+003   0.2716120752E+002   0.5776431481E+002   0.2803321046E+002
    123500   0.9968769805E+003   0.2714425479E+002   0.5774640740E+002   0.2803190422E+002
    123600   0.9968432121E+003   0.2714758067E+002   0.5773898316E+002   0.2803588048E+002
    123700   0.9968072318E+003   0.2716379776E+002   0.5773412016E+002   0.2803665386E+002
    123800   0.9967493903E+003   0.2715733536E+002   0.5772990346E+002   0.2804153507E+002
    123900   0.9968015247E+003   0.2714890047E+002   0.5773729753E+002   0.2805091667E+002
    124000   0.9968817026E+003   0.2715022534E+002   0.5772563390E+002   0.2805021951E+002
    124100   0.9969533049E+003   0.2710086087E+002   0.5770890353E+002   0.2804987362E+002
    124200   0.9970016425E+003   0.2702289048E+002   0.5769245850E+002   0.2805147830E+002
    124300   0.9970632588E+003   0.2698982483E+002   0.5768685988E+002   0.2805596959E+002
    124400   0.9971906542E+003   0.2696468438E+002   0.5768778586E+002   0.2806518490E+002
    124500   0.9972827406E+003   0.2691651925E+002   0.5767250863E+002   0.2806643777E+002
    124600   0.9974287222E+003   0.2687432325E+002   0.5764847765E+002   0.2806196473E+002
    124700   0.9975340202E+003   0.2682403627E+002   0.5762349973E+002   0.2805629878E+002
    124800   0.9975657076E+003   0.2679722714E+002   0.5762461077E+002   0.2806146375E+002
    124900   0.9976470069E+003   0.2679307342E+002   0.5762809685E+002   0.2806558804E+002
    125000   0.9977465428E+003   0.2677200299E+002   0.5762501140E+002   0.2806717588E+002
    125100   0.9978674279E+003   0.2674735704E+002   0.5763285427E+002   0.2807453637E+002
    125200   0.9980359637E+003   0.2673045155E+002   0.5763653833E+002   0.2807978969E+002
    125300   0.9982190053E+003   0.2671171309E+002   0.5762423597E+002   0.2807772546E+002
    125400   0.9984065049E+003   0.2668595563E+002   0.5762552669E+002   0.2808300993E+002
    125500   0.9985474429E+003   0.2666662679E+002   0.5761460658E+002   0.2808146492E+002
    125600   0.9987983749E+003   0.2660238994E+002   0.5761029602E+002   0.2808554291E+002
    125700   0.9990667985E+003   0.2654508736E+002   0.5760021358E+002   0.2808623248E+002
    125800   0.9992841606E+003   0.2651045998E+002   0.5759794725E+002   0.2808914688E+002
    125900   0.9994861755E+003   0.2647124973E+002   0.5759834235E+002   0.2809265096E+002
    126000   0.9997339901E+003   0.2643951657E+002   0.5759229451E+002   0.2809270073E+002
    126100   0.9998830793E+003   0.2641869331E+002   0.5758379300E+002   0.2809068478E+002
    126200   0.9999058116E+003   0.2642252678E+002   0.5757498651E+002   0.2808628334E+002
    126300   0.1000011798E+004   0.2644431760E+002   0.5756553932E+002   0.2808104000E+002
    126400   0.1000158558E+004   0.2644341149E+002   0.5755753581E+002   0.2807904916E+002
    126500   0.1000313714E+004   0.2642501780E+002   0.5755688206E+002   0.2808183191E+002
    126600   0.1000417653E+004   0.2638669665E+002   0.5755970014E+002   0.2808695270E+002
    126700   0.1000494011E+004   0.2635112053E+002   0.5755728925E+002   0.2808932679E+002
    126800   0.1000591750E+004   0.2631381544E+002   0.5755348918E+002   0.2809226539E+002
    126900   0.1000625329E+004   0.2628159117E+002   0.5754833576E+002   0.2809386739E+002
    127000   0.1000585363E+004   0.2629172639E+002   0.5755236135E+002   0.2809558001E+002
    127100   0.1000491126E+004   0.2627326187E+002   0.5755958154E+002   0.2810058297E+002
    127200   0.1000439689E+004   0.2628042944E+002   0.5756633769E+002   0.2810379348E+002
    127300   0.1000399942E+004   0.2628614015E+002   0.5756968422E+002   0.2810584707E+002
    127400   0.1000373357E+004   0.2629896303E+002   0.5757037293E+002   0.2810719601E+002
    127500   0.1000299720E+004   0.2632066596E+002   0.5757056842E+002   0.2810722934E+002
    127600   0.1000265353E+004   0.2635548806E+002   0.5757158630E+002   0.2810680341E+002
    127700   0.1000159593E+004   0.2641756906E+002   0.5756737140E+002   0.2810218605E+002
    127800   0.1000057839E+004   0.2644789516E+002   0.5757682961E+002   0.2810629022E+002
    127900   0.9999408602E+003   0.2647466798E+002   0.5757636996E+002   0.2810674123E+002
    128000   0.9997827870E+003   0.2646695911E+002   0.5756714682E+002   0.2810483828E+002
    128100   0.9997512089E+003   0.2645408915E+002   0.5756107172E+002   0.2810477819E+002
    128200   0.9997567365E+003   0.2644259174E+002   0.5756295626E+002   0.2810893343E+002
    128300   0.9997053370E+003   0.2646115562E+002   0.5756117271E+002   0.2810912010E+002
    128400   0.9997092313E+003   0.2644703742E+002   0.5755457878E+002   0.2810930088E+002
    128500   0.9997824503E+003   0.2644669953E+002   0.5754574655E+002   0.2810772666E+002
    128600   0.9999466166E+003   0.2644182574E+002   0.5754203721E+002   0.2811020952E+002
    128700   0.1000089110E+004   0.2645723296E+002   0.5753384212E+002   0.2810865910E+002
    128800   0.1000240330E+004   0.2647524558E+002   0.5754102118E+002   0.2811418385E+002
    128900   0.1000338927E+004   0.2648888229E+002   0.5753776355E+002   0.2811502403E+002
    129000   0.1000440828E+004   0.2650131718E+002   0.5753253527E+002   0.2811448994E+002
    129100   0.1000499275E+004   0.2647924066E+002   0.5753067478E+002   0.2811871721E+002
    129200   0.1000600203E+004   0.2646107222E+002   0.5751343251E+002   0.2811583782E+002
    129300   0.1000666056E+004   0.2643350749E+002   0.5750634329E+002   0.2811896081E+002
    129400   0.1000764504E+004   0.2641883879E+002   0.5749448620E+002   0.2811897009E+002
    129500   0.1000839054E+004   0.2639373282E+002   0.5748779777E+002   0.2812223472E+002
    129600   0.1000920702E+004   0.2637534592E+002   0.5746941710E+002   0.2811859473E+002
    129700   0.1000963310E+004   0.2635342969E+002   0.5746484217E+002   0.2812167821E+002
    129800   0.1001030531E+004   0.2631071933E+002   0.5746054627E+002   0.2812735429E+002
    129900   0.1001076015E+004   0.2624960022E+002   0.5745321252E+002   0.2813415432E+002
    130000   0.1001097271E+004   0.2622009403E+002   0.5744960662E+002   0.2813812342E+002
    130100   0.1001175566E+004   0.2620490798E+002   0.5743391597E+002   0.2813506289E+002
    130200   0.1001338839E+004   0.2618774587E+002   0.5742654977E+002   0.2813815206E+002
    130300   0.1001462291E+004   0.2619692723E+002   0.5742245813E+002   0.2814040644E+002
    130400   0.1001578257E+004   0.2619100887E+002   0.5741801771E+002   0.2814348552E+002
    130500   0.1001670343E+004   0.2617745773E+002   0.5740898499E+002   0.2814343338E+002
    130600   0.1001788443E+004   0.2614231806E+002   0.5740442510E+002   0.2814929637E+002
    130700   0.1001886962E+004   0.2608502210E+002   0.5739232777E+002   0.2815303216E+002
    130800   0.1001895667E+004   0.2606176591E+002   0.5737937701E+002   0.2815164774E+002
    130900   0.1001915458E+004   0.2604849342E+002   0.5738584528E+002   0.2815898946E+002
    131000   0.1001928479E+004   0.2605536848E+002   0.5738896303E+002   0.2816253594E+002
    131100   0.1001895082E+004   0.2606328885E+002   0.5738295436E+002   0.2816157218E+002
    131200   0.1001894092E+004   0.2605977131E+002   0.5738468543E+002   0.2816567296E+002
    131300   0.1001876820E+004   0.2605675930E+002   0.5737926331E+002   0.2816712436E+002
    131400   0.1001835216E+004   0.2604197036E+002   0.5737321980E+002   0.2817072774E+002
    131500   0.1001836156E+004   0.2602435812E+002   0.5737246052E+002   0.2817725101E+002
    131600   0.1001862518E+004   0.2600905508E+002   0.5735824406E+002   0.2817560088E+002
    131700   0.1001894661E+004   0.2599088508E+002   0.5735518691E+002   0.2818156187E+002
    131800   0.1001925619E+004   0.2598228459E+002   0.5735707822E+002   0.2818849406E+002
    131900   0.1001918535E+004   0.2597883778E+002   0.5735969331E+002   0.2819479885E+002
    132000   0.1001907577E+004   0.2597466900E+002   0.5735932948E+002   0.2819966278E+002
    132100   0.1001939381E+004   0.2596314135E+002   0.5735117658E+002   0.2820185031E+002
    132200   0.1001943544E+004   0.2594054589E+002   0.5733468521E+002   0.2820165862E+002
    132300   0.1001978783E+004   0.2592696695E+002   0.5733122026E+002   0.2820529722E+002
    132400   0.1001980340E+004   0.2594568116E+002   0.5732213320E+002   0.2820301171E+002
    132500   0.1001909851E+004   0.2594468638E+002   0.5731853447E+002   0.2820457054E+002
    132600   0.1001889738E+004   0.2595501199E+002   0.5731727446E+002   0.2820623772E+002
    132700   0.1001857396E+004   0.2596591289E+002   0.5731897750E+002   0.2820961044E+002
    132800   0.1001760054E+004   0.2595909098E+002   0.5732511115E+002   0.2821693437E+002
    132900   0.1001690982E+004   0.2596760339E+002   0.5732432376E+002   0.2822060332E+002
    133000   0.1001641965E+004   0.2597744742E+002   0.5732619094E+002   0.2822582627E+002
    133100   0.1001638349E+004   0.2598078348E+002   0.5732214890E+002   0.2822821690E+002
    133200   0.1001647530E+004   0.2598707684E+002   0.5731114241E+002   0.2822759157E+002
    133300   0.1001689782E+004   0.2598992249E+002   0.5730893744E+002   0.2823213279E+002
    133400   0.1001762481E+004   0.2598951187E+002   0.5729520651E+002   0.2823079656E+002
    133500   0.1001758078E+004   0.2599670610E+002   0.5729647903E+002   0.2823609750E+002
    133600   0.1001778546E+004   0.2601238449E+002   0.5729827613E+002   0.2824107585E+002
    133700   0.1001788535E+004   0.2602706154E+002   0.5729511586E+002   0.2824320791E+002
    133800   0.1001858570E+004   0.2603950276E+002   0.5729084797E+002   0.2824531270E+002
    133900   0.1001902142E+004   0.2605703093E+002   0.5728922671E+002   0.2824741950E+002
    134000   0.1001889740E+004   0.2606801982E+002   0.5728525148E+002   0.2824824958E+002
    134100   0.1001813514E+004   0.2608657348E+002   0.5728254946E+002   0.2824932135E+002
    134200   0.1001727269E+004   0.2608191215E+002   0.5727914051E+002   0.2825161443E+002
    134300   0.1001685328E+004   0.2610870502E+002   0.5728056214E+002   0.2825423343E+002
    134400   0.1001662808E+004   0.2614088580E+002   0.5728381678E+002   0.2825754816E+002
    134500   0.1001658140E+004   0.2613147891E+002   0.5727671699E+002   0.2826086724E+002
    134600   0.1001640348E+004   0.2613119595E+002   0.5726139387E+002   0.2825697945E+002
    134700   0.1001561949E+004   0.2614322097E+002   0.5725768344E+002   0.2825687398E+002
    134800   0.1001484179E+004   0.2616957592E+002   0.5725550247E+002   0.2825641104E+002
    134900   0.1001439311E+004   0.2619603031E+002   0.5725910321E+002   0.2825797677E+002
    135000   0.1001409603E+004   0.2622906540E+002   0.5726474365E+002   0.2826118105E+002
    135100   0.1001397275E+004   0.2624838652E+002   0.5725995747E+002   0.2825963491E+002
    135200   0.1001363323E+004   0.2624825217E+002   0.5725675115E+002   0.2826064018E+002
    135300   0.1001282239E+004   0.2623656284E+002   0.5725640256E+002   0.2826401573E+002
    135400   0.1001269657E+004   0.2621903901E+002   0.5724560692E+002   0.2826170132E+002
    135500   0.1001282989E+004   0.2621198697E+002   0.5723978166E+002   0.2826047195E+002
    135600   0.1001259359E+004   0.2620144099E+002   0.5723493051E+002   0.2825996924E+002
    135700   0.1001239420E+004   0.2618721871E+002   0.5722914031E+002   0.2825989935E+002
    135800   0.1001218553E+004   0.2617433515E+002   0.5723121450E+002   0.2826380440E+002
    135900   0.1001138502E+004   0.2618188231E+002   0.5723974292E+002   0.2826786373E+002
    136000   0.1001113688E+004   0.2618192186E+002   0.5724111620E+002   0.2826935455E+002
    136100   0.1001070358E+004   0.2618965605E+002   0.5724625346E+002   0.2827194535E+002
    136200   0.1000984390E+004   0.2620412901E+002   0.5724633118E+002   0.2827130126E+002
    136300   0.1000930484E+004   0.2620801479E+002   0.5724544042E+002   0.2827107762E+002
    136400   0.1000882015E+004   0.2621151681E+002   0.5725038909E+002   0.2827354559E+002
    136500   0.1000833690E+004   0.2621460774E+002   0.5725412126E+002   0.2827503354E+002
    136600   0.1000734308E+004   0.2625164967E+002   0.5725550328E+002   0.2827271658E+002
    136700   0.1000637427E+004   0.2626980230E+002   0.5726814375E+002   0.2827764161E+002
    136800   0.1000573104E+004   0.2628388608E+002   0.5727063977E+002   0.2827815738E+002
    136900   0.1000513386E+004   0.2627523523E+002   0.5726479764E+002   0.2827550287E+002
    137000   0.1000492663E+004   0.2628112592E+002   0.5726239965E+002   0.2827458918E+002
    137100   0.1000468270E+004   0.2629606956E+002   0.5726741237E+002   0.2827694988E+002
    137200   0.1000462196E+004   0.2630039227E+002   0.5726369505E+002   0.2827646684E+002
    137300   0.1000432973E+004   0.2629466367E+002   0.5726202906E+002   0.2827767845E+002
    137400   0.1000388369E+004   0.2628196831E+002   0.5725661770E+002   0.2827810307E+002
    137500   0.1000363663E+004   0.2627425071E+002   0.5725171021E+002   0.2827864556E+002
    137600   0.1000370932E+004   0.2625666818E+002   0.5724370846E+002   0.2827944109E+002
    137700   0.1000386000E+004   0.2623218876E+002   0.5724072913E+002   0.2828313300E+002
    137800   0.1000408018E+004   0.2621375424E+002   0.5723803601E+002   0.2828695923E+002
    137900   0.1000441495E+004   0.2619029913E+002   0.5723574545E+002   0.2829185190E+002
    138000   0.1000452353E+004   0.2617408617E+002   0.5722678994E+002   0.2829223229E+002
    138100   0.1000477942E+004   0.2617346052E+002   0.5722117166E+002   0.2829304952E+002
    138200   0.1000506638E+004   0.2616984146E+002   0.5722588537E+002   0.2829845797E+002
    138300   0.1000555804E+004   0.2617485468E+002   0.5721969112E+002   0.2829888278E+002
    138400   0.1000576916E+004   0.2616654241E+002   0.5721663337E+002   0.2830217955E+002
    138500   0.1000579721E+004   0.2616398652E+002   0.5720887692E+002   0.2830233330E+002
    138600   0.1000604303E+004   0.2614615478E+002   0.5720945471E+002   0.2830916063E+002
    138700   0.1000588138E+004   0.2614927386E+002   0.5720923223E+002   0.2831209465E+002
    138800   0.1000551463E+004   0.2614664551E+002   0.5721022826E+002   0.2831664129E+002
    138900   0.1000503758E+004   0.2612714557E+002   0.5720520542E+002   0.2831927150E+002
    139000   0.1000511738E+004   0.2610046062E+002   0.5719845735E+002   0.2832211844E+002
    139100   0.1000532523E+004   0.2609713326E+002   0.5719597724E+002   0.2832452037E+002
    139200   0.1000602874E+004   0.2610538759E+002   0.5719109124E+002   0.2832499855E+002
    139300   0.1000629399E+004   0.2610976666E+002   0.5718940046E+002   0.2832750926E+002
    139400   0.1000612876E+004   0.2610028716E+002   0.5718470890E+002   0.2832954591E+002
    139500   0.1000615188E+004   0.2609451057E+002   0.5718464558E+002   0.2833354314E+002
    139600   0.1000607679E+004   0.2609768257E+002   0.5718187574E+002   0.2833527052E+002
    139700   0.1000555765E+004   0.2608704624E+002   0.5718014846E+002   0.2833890871E+002
    139800   0.1000483308E+004   0.2606850606E+002   0.5717813722E+002   0.2834304650E+002
    139900   0.1000485406E+004   0.2606925569E+002   0.5717002267E+002   0.2834214307E+002
    140000   0.1000469970E+004   0.2608837345E+002   0.5716320269E+002   0.2834172389E+002
    140100   0.1000448015E+004   0.2611674547E+002   0.5716266067E+002   0.2834263952E+002
    140200   0.1000370739E+004   0.2614858035E+002   0.5715457553E+002   0.2833932313E+002
    140300   0.1000275785E+004   0.2617133964E+002   0.5715679605E+002   0.2834136534E+002
    140400   0.1000162998E+004   0.2618443606E+002   0.5715661340E+002   0.2834417593E+002
    140500   0.1000061801E+004   0.2620154123E+002   0.5715300971E+002   0.2834421498E+002
    140600   0.9999376434E+003   0.2622202071E+002   0.5715494026E+002   0.2834675369E+002
    140700   0.9998954565E+003   0.2624242352E+002   0.5715627465E+002   0.2834956039E+002
    140800   0.9998599765E+003   0.2626022418E+002   0.5715543476E+002   0.2835046192E+002
    140900   0.9998260097E+003   0.2627434204E+002   0.5715277653E+002   0.2835029845E+002
    141000   0.9997773569E+003   0.2629079349E+002   0.5714913524E+002   0.2835060445E+002
    141100   0.9997031251E+003   0.2631695070E+002   0.5714739007E+002   0.2835067882E+002
    141200   0.9996235450E+003   0.2633712788E+002   0.5714534457E+002   0.2834947523E+002
    141300   0.9996170821E+003   0.2635024251E+002   0.5714797108E+002   0.2835075352E+002
    141400   0.9996210668E+003   0.2635157477E+002   0.5714465942E+002   0.2834936579E+002
    141500   0.9996263697E+003   0.2634599895E+002   0.5713928094E+002   0.2834784830E+002
    141600   0.9996230745E+003   0.2633745747E+002   0.5713254636E+002   0.2834590975E+002
    141700   0.9996273155E+003   0.2633017796E+002   0.5713580645E+002   0.2834865480E+002
    141800   0.9996017059E+003   0.2630402103E+002   0.5712726592E+002   0.2834661845E+002
    141900   0.9995974803E+003   0.2628882421E+002   0.5712448597E+002   0.2834712443E+002
    142000   0.9996271268E+003   0.2628509941E+002   0.5712600077E+002   0.2834887770E+002
    142100   0.9996713923E+003   0.2628315389E+002   0.5711861662E+002   0.2834627304E+002
    142200   0.9996924858E+003   0.2628845174E+002   0.5711747234E+002   0.2834594283E+002
    142300   0.9997366277E+003   0.2628252155E+002   0.5711532674E+002   0.2834663138E+002
    142400   0.9997369437E+003   0.2626215524E+002   0.5710970346E+002   0.2834644027E+002
    142500   0.9997294568E+003   0.2625582156E+002   0.5711361801E+002   0.2834973233E+002
    142600   0.9997358349E+003   0.2625728583E+002   0.5710998976E+002   0.2834889307E+002
    142700   0.9997518263E+003   0.2625826176E+002   0.5710454624E+002   0.2834730312E+002
    142800   0.9998155803E+003   0.2625849499E+002   0.5709647097E+002   0.2834472918E+002
    142900   0.9998515737E+003   0.2623337213E+002   0.5708938266E+002   0.2834430744E+002
    143000   0.9999134927E+003   0.2622053169E+002   0.5708983799E+002   0.2834647005E+002
    143100   0.9999918455E+003   0.2620902383E+002   0.5708569689E+002   0.2834656300E+002
    143200   0.1000052810E+004   0.2621552081E+002   0.5708235163E+002   0.2834587764E+002
    143300   0.1000110549E+004   0.2624702732E+002   0.5708044478E+002   0.2834442129E+002
    143400   0.1000179808E+004   0.2626866404E+002   0.5707792483E+002   0.2834340502E+002
    143500   0.1000240182E+004   0.2625664366E+002   0.5707099458E+002   0.2834204758E+002
    143600   0.1000297627E+004   0.2622640504E+002   0.5706712766E+002   0.2834326065E+002
    143700   0.1000335442E+004   0.2622321271E+002   0.5706763379E+002   0.2834488180E+002
    143800   0.1000302611E+004   0.2622391245E+002   0.5706381020E+002   0.2834451494E+002
    143900   0.1000282478E+004   0.2622323484E+002   0.5706505648E+002   0.2834662696E+002
    144000   0.1000239502E+004   0.2623800480E+002   0.5707263417E+002   0.2835076762E+002
    144100   0.1000257730E+004   0.2625026026E+002   0.5706982449E+002   0.2834996272E+002
    144200   0.1000290702E+004   0.2624771946E+002   0.5706104845E+002   0.2834752338E+002
    144300   0.1000302075E+004   0.2624157953E+002   0.5705992976E+002   0.2834929143E+002
    144400   0.1000343005E+004   0.2624934803E+002   0.5705764859E+002   0.2834951148E+002
    144500   0.1000391341E+004   0.2625885894E+002   0.5705650456E+002   0.2835024358E+002
    144600   0.1000413431E+004   0.2624729660E+002   0.5705862765E+002   0.2835478974E+002
    144700   0.1000482094E+004   0.2625081199E+002   0.5706112480E+002   0.2835869965E+002
    144800   0.1000553122E+004   0.2625092374E+002   0.5706044487E+002   0.2836075280E+002
    144900   0.1000634650E+004   0.2624010645E+002   0.5705946271E+002   0.2836333191E+002
    145000   0.1000675079E+004   0.2623082460E+002   0.5706496088E+002   0.2836869153E+002
    145100   0.1000655952E+004   0.2620397740E+002   0.5706441555E+002   0.2837226406E+002
    145200   0.1000645053E+004   0.2620627997E+002   0.5706463223E+002   0.2837389705E+002
    145300   0.1000636720E+004   0.2619720524E+002   0.5706311385E+002   0.2837567409E+002
    145400   0.1000627520E+004   0.2619189650E+002   0.5705972119E+002   0.2837592953E+002
    145500   0.1000595090E+004   0.2618093831E+002   0.5705445997E+002   0.2837638643E+002
    145600   0.1000546403E+004   0.2618227928E+002   0.5704949595E+002   0.2837524945E+002
    145700   0.1000492163E+004   0.2618227317E+002   0.5704332479E+002   0.2837357419E+002
    145800   0.1000445943E+004   0.2617867544E+002   0.5704076423E+002   0.2837376721E+002
    145900   0.1000435180E+004   0.2617187528E+002   0.5703950662E+002   0.2837489106E+002
    146000   0.1000444776E+004   0.2617882900E+002   0.5704226441E+002   0.2837672872E+002
    146100   0.1000448664E+004   0.2619640958E+002   0.5704048578E+002   0.2837508284E+002
    146200   0.1000447159E+004   0.2619107306E+002   0.5703917705E+002   0.2837515081E+002
    146300   0.1000423526E+004   0.2618367458E+002   0.5703812687E+002   0.2837531752E+002
    146400   0.1000410872E+004   0.2617812690E+002   0.5704356104E+002   0.2837860327E+002
    146500   0.1000434193E+004   0.2617804293E+002   0.5704306597E+002   0.2837871647E+002
    146600   0.1000483481E+004   0.2617426281E+002   0.5704273877E+002   0.2838002833E+002
    146700   0.1000520672E+004   0.2618179240E+002   0.5704680427E+002   0.2838254330E+002
    146800   0.1000549622E+004   0.2617143515E+002   0.5704920606E+002   0.2838518041E+002
    146900   0.1000541485E+004   0.2616843166E+002   0.5704557746E+002   0.2838409771E+002
    147000   0.1000562227E+004   0.2617998066E+002   0.5704695099E+002   0.2838465347E+002
    147100   0.1000580803E+004   0.2618597886E+002   0.5704418740E+002   0.2838371619E+002
    147200   0.1000605493E+004   0.2617139783E+002   0.5704960525E+002   0.2838850048E+002
    147300   0.1000592675E+004   0.2614786705E+002   0.5704700937E+002   0.2838998196E+002
    147400   0.1000602088E+004   0.2613059868E+002   0.5705106961E+002   0.2839466020E+002
    147500   0.1000618388E+004   0.2613952344E+002   0.5705526499E+002   0.2839760248E+002
    147600   0.1000641721E+004   0.2616105471E+002   0.5705719558E+002   0.2839835784E+002
    147700   0.1000624732E+004   0.2617308016E+002   0.5705608183E+002   0.2839811778E+002
    147800   0.1000574224E+004   0.2618739538E+002   0.5705840518E+002   0.2839885714E+002
    147900   0.1000502810E+004   0.2619289158E+002   0.5705586177E+002   0.2839819065E+002
    148000   0.1000453280E+004   0.2620665126E+002   0.5705281081E+002   0.2839614313E+002
    148100   0.1000378585E+004   0.2622859268E+002   0.5705529217E+002   0.2839578047E+002
    148200   0.1000327471E+004   0.2623895410E+002   0.5705591070E+002   0.2839596057E+002
    148300   0.1000296383E+004   0.2624997632E+002   0.5705160554E+002   0.2839476140E+002
    148400   0.1000279045E+004   0.2625994387E+002   0.5705080486E+002   0.2839544414E+002
    148500   0.1000233741E+004   0.2626287513E+002   0.5704907999E+002   0.2839548056E+002
    148600   0.1000188465E+004   0.2625840396E+002   0.5704987145E+002   0.2839741734E+002
    148700   0.1000154959E+004   0.2624296992E+002   0.5705510857E+002   0.2840259729E+002
    148800   0.1000108654E+004   0.2623883198E+002   0.5705337539E+002   0.2840263939E+002
    148900   0.1000054590E+004   0.2624191298E+002   0.5705359326E+002   0.2840254813E+002
    149000   0.1000015162E+004   0.2625287275E+002   0.5705641272E+002   0.2840306274E+002
    149100   0.9999308872E+003   0.2626950386E+002   0.5705853264E+002   0.2840249749E+002
    149200   0.9998425201E+003   0.2629597538E+002   0.5706186645E+002   0.2840202539E+002
    149300   0.9997814749E+003   0.2631805669E+002   0.5706539578E+002   0.2840229636E+002
    149400   0.9996680505E+003   0.2634838253E+002   0.5707115802E+002   0.2840313216E+002
    149500   0.9995942821E+003   0.2637097789E+002   0.5707210683E+002   0.2840264242E+002
    149600   0.9994934002E+003   0.2639512237E+002   0.5706891804E+002   0.2839982777E+002
    149700   0.9994036755E+003   0.2640549287E+002   0.5706853377E+002   0.2839927441E+002
    149800   0.9993100660E+003   0.2641202358E+002   0.5706997473E+002   0.2839959043E+002
    149900   0.9992230035E+003   0.2643412114E+002   0.5706901934E+002   0.2839761665E+002
    150000   0.9991617733E+003   0.2645498482E+002   0.5707005468E+002   0.2839657924E+002
    150100   0.9990861037E+003   0.2648020273E+002   0.5707210327E+002   0.2839493393E+002
    150200   0.9990324007E+003   0.2651295793E+002   0.5707388629E+002   0.2839282141E+002
    150300   0.9989363819E+003   0.2655486883E+002   0.5707927772E+002   0.2839147608E+002
    150400   0.9988559690E+003   0.2657586798E+002   0.5707697319E+002   0.2838835377E+002
    150500   0.9987618038E+003   0.2659475429E+002   0.5707111593E+002   0.2838365503E+002
    150600   0.9986812683E+003   0.2660832958E+002   0.5707237053E+002   0.2838262704E+002
    150700   0.9985806388E+003   0.2659970802E+002   0.5707783380E+002   0.2838477378E+002
    150800   0.9985393581E+003   0.2659628230E+002   0.5707707673E+002   0.2838430464E+002
    150900   0.9984956435E+003   0.2659305571E+002   0.5707618074E+002   0.2838392644E+002
    151000   0.9984726372E+003   0.2659958292E+002   0.5707496943E+002   0.2838276701E+002
    151100   0.9984924044E+003   0.2659117191E+002   0.5707803915E+002   0.2838476086E+002
    151200   0.9985322639E+003   0.2656707479E+002   0.5707427336E+002   0.2838439558E+002
    151300   0.9985234264E+003   0.2656012777E+002   0.5707488407E+002   0.2838460985E+002
    151400   0.9985094852E+003   0.2656378155E+002   0.5707068349E+002   0.2838161451E+002
    151500   0.9984961327E+003   0.2656934129E+002   0.5707363715E+002   0.2838199480E+002
    151600   0.9985278299E+003   0.2655927664E+002   0.5707784029E+002   0.2838406823E+002
    151700   0.9985842396E+003   0.2653456880E+002   0.5708525250E+002   0.2838944016E+002
    151800   0.9986262389E+003   0.2652172012E+002   0.5708352062E+002   0.2838997459E+002
    151900   0.9986734732E+003   0.2651755027E+002   0.5707654293E+002   0.2838710669E+002
    152000   0.9986971005E+003   0.2651660938E+002   0.5707331532E+002   0.2838543903E+002
    152100   0.9986889478E+003   0.2652716634E+002   0.5707589628E+002   0.2838513463E+002
    152200   0.9986536462E+003   0.2653406479E+002   0.5707604439E+002   0.2838330736E+002
    152300   0.9986467022E+003   0.2653015054E+002   0.5708544077E+002   0.2838673017E+002
    152400   0.9986130629E+003   0.2651636568E+002   0.5708985282E+002   0.2838853543E+002
    152500   0.9985945813E+003   0.2650860554E+002   0.5708952947E+002   0.2838778894E+002
    152600   0.9985884256E+003   0.2649124796E+002   0.5709191202E+002   0.2838909161E+002
    152700   0.9985275390E+003   0.2647376476E+002   0.5708344588E+002   0.2838490811E+002
    152800   0.9985173416E+003   0.2647648108E+002   0.5707508938E+002   0.2837981574E+002
    152900   0.9985204030E+003   0.2647173606E+002   0.5706972095E+002   0.2837659932E+002
    153000   0.9984838782E+003   0.2646624216E+002   0.5706977191E+002   0.2837528479E+002
    153100   0.9984698877E+003   0.2646456009E+002   0.5707144669E+002   0.2837440637E+002
    153200   0.9984161046E+003   0.2645828957E+002   0.5707557274E+002   0.2837445570E+002
    153300   0.9983549414E+003   0.2645460872E+002   0.5708064917E+002   0.2837438364E+002
    153400   0.9983150340E+003   0.2644985596E+002   0.5708697512E+002   0.2837528691E+002
    153500   0.9982710407E+003   0.2645676878E+002   0.5709635842E+002   0.2837552080E+002
    153600   0.9982602740E+003   0.2646592803E+002   0.5710292230E+002   0.2837524129E+002
    153700   0.9982399136E+003   0.2646630610E+002   0.5710248584E+002   0.2837222583E+002
    153800   0.9982125135E+003   0.2647814948E+002   0.5710348735E+002   0.2836919323E+002
    153900   0.9981806865E+003   0.2647948281E+002   0.5710410026E+002   0.2836764812E+002
    154000   0.9981372458E+003   0.2648582426E+002   0.5710609777E+002   0.2836600689E+002
    154100   0.9980818527E+003   0.2651142307E+002   0.5710746828E+002   0.2836262336E+002
    154200   0.9980466668E+003   0.2652520236E+002   0.5710747293E+002   0.2835974493E+002
    154300   0.9980338901E+003   0.2653849036E+002   0.5710932805E+002   0.2835822630E+002
    154400   0.9980162543E+003   0.2654867914E+002   0.5710908089E+002   0.2835641365E+002
    154500   0.9980229797E+003   0.2654606439E+002   0.5710834943E+002   0.2835586823E+002
    154600   0.9980951957E+003   0.2653768003E+002   0.5710917270E+002   0.2835688031E+002
    154700   0.9981659365E+003   0.2653188412E+002   0.5710721187E+002   0.2835648540E+002
    154800   0.9982161405E+003   0.2652453764E+002   0.5711216584E+002   0.2835970767E+002
    154900   0.9982546417E+003   0.2651774184E+002   0.5711235106E+002   0.2835946954E+002
    155000   0.9982760778E+003   0.2649888852E+002   0.5711335410E+002   0.2836004023E+002
    155100   0.9982878779E+003   0.2648383719E+002   0.5711376040E+002   0.2836022210E+002
    155200   0.9982857566E+003   0.2646060505E+002   0.5711115227E+002   0.2835877733E+002
    155300   0.9983008108E+003   0.2646172142E+002   0.5711037797E+002   0.2835732780E+002
    155400   0.9982871847E+003   0.2645648131E+002   0.5711257285E+002   0.2835772285E+002
    155500   0.9982736830E+003   0.2645015740E+002   0.5711305819E+002   0.2835707153E+002
    155600   0.9982658823E+003   0.2644729887E+002   0.5711297975E+002   0.2835560298E+002
    155700   0.9982532820E+003   0.2644867334E+002   0.5711645430E+002   0.2835458648E+002
    155800   0.9982181533E+003   0.2644975351E+002   0.5711519694E+002   0.2835180417E+002
    155900   0.9981678432E+003   0.2645703811E+002   0.5711851683E+002   0.2834983580E+002
    156000   0.9980878933E+003   0.2646158185E+002   0.5711963091E+002   0.2834743040E+002
    156100   0.9980195258E+003   0.2647303134E+002   0.5711564767E+002   0.2834246072E+002
    156200   0.9979635006E+003   0.2648628421E+002   0.5711583423E+002   0.2833973412E+002
    156300   0.9979348205E+003   0.2648577385E+002   0.5711541926E+002   0.2833826249E+002
    156400   0.9979168996E+003   0.2648260610E+002   0.5711487882E+002   0.2833630443E+002
    156500   0.9978938087E+003   0.2648429068E+002   0.5711426366E+002   0.2833381778E+002
    156600   0.9978902120E+003   0.2650245985E+002   0.5712169740E+002   0.2833418697E+002
    156700   0.9979033662E+003   0.2651710893E+002   0.5712349486E+002   0.2833232153E+002
    156800   0.9979027071E+003   0.2650905483E+002   0.5712918886E+002   0.2833380760E+002
    156900   0.9979052589E+003   0.2650886587E+002   0.5713178659E+002   0.2833330464E+002
    157000   0.9978985544E+003   0.2650300036E+002   0.5713146081E+002   0.2833187275E+002
    157100   0.9978650124E+003   0.2650517665E+002   0.5712724765E+002   0.2832749647E+002
    157200   0.9978279834E+003   0.2650753660E+002   0.5712690298E+002   0.2832504710E+002
    157300   0.9978184313E+003   0.2649574214E+002   0.5712539233E+002   0.2832278736E+002
    157400   0.9978163292E+003   0.2650475160E+002   0.5712396871E+002   0.2831945079E+002
    157500   0.9977720261E+003   0.2651063547E+002   0.5712322377E+002   0.2831650203E+002
    157600   0.9977046110E+003   0.2650594972E+002   0.5712389814E+002   0.2831479234E+002
    157700   0.9976509522E+003   0.2649948984E+002   0.5712627662E+002   0.2831432056E+002
    157800   0.9975849322E+003   0.2650356459E+002   0.5712288931E+002   0.2831049010E+002
    157900   0.9975411280E+003   0.2651126176E+002   0.5712008730E+002   0.2830713262E+002
    158000   0.9974796951E+003   0.2654134523E+002   0.5712177527E+002   0.2830401365E+002
    158100   0.9974284554E+003   0.2655437384E+002   0.5713019544E+002   0.2830550913E+002
    158200   0.9973931247E+003   0.2656927925E+002   0.5713338224E+002   0.2830470271E+002
    158300   0.9973387235E+003   0.2658927903E+002   0.5713676710E+002   0.2830351348E+002
    158400   0.9972903080E+003   0.2660165592E+002   0.5713204496E+002   0.2829924280E+002
    158500   0.9972178175E+003   0.2659634514E+002   0.5712986357E+002   0.2829741021E+002
    158600   0.9971373182E+003   0.2659594692E+002   0.5712842787E+002   0.2829553412E+002
    158700   0.9970786316E+003   0.2659655723E+002   0.5712564635E+002   0.2829277116E+002
    158800   0.9970297207E+003   0.2660704065E+002   0.5712971980E+002   0.2829249666E+002
    158900   0.9969725070E+003   0.2662735161E+002   0.5712840573E+002   0.2828937071E+002
    159000   0.9969073573E+003   0.2664205828E+002   0.5713069633E+002   0.2828853058E+002
    159100   0.9968630819E+003   0.2665290122E+002   0.5712919822E+002   0.2828617096E+002
    159200   0.9968050712E+003   0.2666838935E+002   0.5713230155E+002   0.2828570818E+002
    159300   0.9967315017E+003   0.2667779277E+002   0.5713609800E+002   0.2828569640E+002
    159400   0.9966525603E+003   0.2668452132E+002   0.5713819916E+002   0.2828530287E+002
    159500   0.9965792827E+003   0.2669244179E+002   0.5714003316E+002   0.2828442293E+002
    159600   0.9965480118E+003   0.2669370073E+002   0.5713855745E+002   0.2828276461E+002
    159700   0.9965267782E+003   0.2667915983E+002   0.5713533408E+002   0.2828138978E+002
    159800   0.9965085422E+003   0.2667311075E+002   0.5713309344E+002   0.2827994237E+002
    159900   0.9964775886E+003   0.2667471352E+002   0.5712983911E+002   0.2827787323E+002
    160000   0.9964336085E+003   0.2668552103E+002   0.5712881262E+002   0.2827644574E+002
    160100   0.9963854560E+003   0.2668375510E+002   0.5712759741E+002   0.2827565956E+002
    160200   0.9963323949E+003   0.2667254979E+002   0.5713540875E+002   0.2827984757E+002
    160300   0.9963147222E+003   0.2666929066E+002   0.5714447819E+002   0.2828361342E+002
    160400   0.9963126631E+003   0.2667127470E+002   0.5714575275E+002   0.2828303509E+002
    160500   0.9963358881E+003   0.2667634363E+002   0.5714685067E+002   0.2828220109E+002
    160600   0.9963312447E+003   0.2666944193E+002   0.5714417005E+002   0.2827993979E+002
    160700   0.9963265671E+003   0.2665703271E+002   0.5714827879E+002   0.2828103939E+002
    160800   0.9962981762E+003   0.2663817144E+002   0.5714524240E+002   0.2827849997E+002
    160900   0.9962582532E+003   0.2663361223E+002   0.5714671764E+002   0.2827699526E+002
    161000   0.9962214258E+003   0.2663037708E+002   0.5714914858E+002   0.2827633379E+002
    161100   0.9962072210E+003   0.2661886961E+002   0.5715114684E+002   0.2827612504E+002
    161200   0.9962333630E+003   0.2661172400E+002   0.5715557969E+002   0.2827641686E+002
    161300   0.9962624767E+003   0.2660691810E+002   0.5715733653E+002   0.2827579209E+002
    161400   0.9962922810E+003   0.2659439458E+002   0.5715718882E+002   0.2827425886E+002
    161500   0.9962738717E+003   0.2659218936E+002   0.5715460899E+002   0.2827120538E+002
    161600   0.9962434328E+003   0.2659194406E+002   0.5715250506E+002   0.2826790325E+002
    161700   0.9962148761E+003   0.2657287158E+002   0.5714750705E+002   0.2826455734E+002
    161800   0.9962093679E+003   0.2657134191E+002   0.5714787350E+002   0.2826311279E+002
    161900   0.9962132402E+003   0.2658230355E+002   0.5715454766E+002   0.2826368228E+002
    162000   0.9962219758E+003   0.2657567137E+002   0.5715417269E+002   0.2826169279E+002
    162100   0.9962251232E+003   0.2657325831E+002   0.5715634311E+002   0.2826031888E+002
    162200   0.9962746597E+003   0.2657401213E+002   0.5715708416E+002   0.2825853221E+002
    162300   0.9963453761E+003   0.2656167314E+002   0.5715845548E+002   0.2825745861E+002
    162400   0.9963849857E+003   0.2654507892E+002   0.5716160371E+002   0.2825803722E+002
    162500   0.9964846810E+003   0.2650953319E+002   0.5715865643E+002   0.2825667729E+002
    162600   0.9965576663E+003   0.2648233093E+002   0.5715897217E+002   0.2825640412E+002
    162700   0.9966677076E+003   0.2646187066E+002   0.5715035301E+002   0.2825135121E+002
    162800   0.9967682343E+003   0.2645991283E+002   0.5715305834E+002   0.2825171968E+002
    162900   0.9968554377E+003   0.2646176528E+002   0.5715609681E+002   0.2825223754E+002
    163000   0.9969615852E+003   0.2646063304E+002   0.5716219054E+002   0.2825433015E+002
    163100   0.9970385387E+003   0.2646193770E+002   0.5716325439E+002   0.2825367726E+002
    163200   0.9971104286E+003   0.2646003177E+002   0.5715695644E+002   0.2824992248E+002
    163300   0.9971702194E+003   0.2645791577E+002   0.5715657423E+002   0.2824934254E+002
    163400   0.9971879949E+003   0.2646220577E+002   0.5715596660E+002   0.2824847575E+002
    163500   0.9972133227E+003   0.2646069247E+002   0.5715715479E+002   0.2824877670E+002
    163600   0.9972296964E+003   0.2646392194E+002   0.5716144789E+002   0.2825039488E+002
    163700   0.9972498295E+003   0.2646132179E+002   0.5716657226E+002   0.2825301715E+002
    163800   0.9972615335E+003   0.2646033962E+002   0.5716658011E+002   0.2825236602E+002
    163900   0.9972559122E+003   0.2645964105E+002   0.5716697565E+002   0.2825167267E+002
    164000   0.9972385641E+003   0.2645788113E+002   0.5716608919E+002   0.2825048052E+002
    164100   0.9972229547E+003   0.2645492053E+002   0.5715812646E+002   0.2824541563E+002
    164200   0.9972204210E+003   0.2645929087E+002   0.5715975237E+002   0.2824449815E+002
    164300   0.9972181412E+003   0.2644471871E+002   0.5715697727E+002   0.2824215397E+002
    164400   0.9972225441E+003   0.2643128349E+002   0.5715836634E+002   0.2824193604E+002
    164500   0.9971852105E+003   0.2642778079E+002   0.5716117754E+002   0.2824203640E+002
    164600   0.9971399214E+003   0.2642865669E+002   0.5716026967E+002   0.2823957963E+002
    164700   0.9970748722E+003   0.2643336537E+002   0.5715997785E+002   0.2823709658E+002
    164800   0.9970425113E+003   0.2643488030E+002   0.5716295871E+002   0.2823647270E+002
    164900   0.9969926086E+003   0.2644214980E+002   0.5716685193E+002   0.2823533061E+002
    165000   0.9969654829E+003   0.2644471568E+002   0.5717105597E+002   0.2823520098E+002
    165100   0.9969492191E+003   0.2644672948E+002   0.5717484603E+002   0.2823536947E+002
    165200   0.9969481598E+003   0.2645100149E+002   0.5717397412E+002   0.2823308554E+002
    165300   0.9969328809E+003   0.2645082343E+002   0.5717684716E+002   0.2823298069E+002
    165400   0.9969263986E+003   0.2646005265E+002   0.5717601803E+002   0.2823038560E+002
    165500   0.9969219034E+003   0.2646265383E+002   0.5718354020E+002   0.2823209287E+002
    165600   0.9968881428E+003   0.2646095363E+002   0.5719296503E+002   0.2823436626E+002
    165700   0.9968465424E+003   0.2645872754E+002   0.5719587370E+002   0.2823327991E+002
    165800   0.9967873583E+003   0.2646551137E+002   0.5719804902E+002   0.2823134015E+002
    165900   0.9967464636E+003   0.2646287691E+002   0.5720244726E+002   0.2823081809E+002
    166000   0.9967115129E+003   0.2645904438E+002   0.5720199300E+002   0.2822862888E+002
    166100   0.9967071574E+003   0.2646481252E+002   0.5719975707E+002   0.2822517407E+002
    166200   0.9967123933E+003   0.2647053281E+002   0.5720485211E+002   0.2822502935E+002
    166300   0.9967149785E+003   0.2647341406E+002   0.5720698796E+002   0.2822381734E+002
    166400   0.9966858617E+003   0.2648018922E+002   0.5720598023E+002   0.2822073055E+002
    166500   0.9966710903E+003   0.2648693055E+002   0.5721165636E+002   0.2822107777E+002
    166600   0.9966308730E+003   0.2648359483E+002   0.5721352488E+002   0.2821955319E+002
    166700   0.9965576736E+003   0.2647816894E+002   0.5721778590E+002   0.2821887696E+002
    166800   0.9964782864E+003   0.2648110940E+002   0.5721730577E+002   0.2821607063E+002
    166900   0.9964324855E+003   0.2648549000E+002   0.5721874569E+002   0.2821496461E+002
    167000   0.9964005130E+003   0.2649760539E+002   0.5721784682E+002   0.2821226092E+002
    167100   0.9963904964E+003   0.2652017959E+002   0.5721511354E+002   0.2820844954E+002
    167200   0.9963721402E+003   0.2654434744E+002   0.5721746152E+002   0.2820686834E+002
    167300   0.9963650243E+003   0.2656780143E+002   0.5721908412E+002   0.2820482310E+002
    167400   0.9963264142E+003   0.2658097712E+002   0.5722768177E+002   0.2820660587E+002
    167500   0.9962931190E+003   0.2658566789E+002   0.5722875929E+002   0.2820567622E+002
    167600   0.9962784156E+003   0.2658458172E+002   0.5723152886E+002   0.2820600556E+002
    167700   0.9962484122E+003   0.2658815460E+002   0.5723384181E+002   0.2820561337E+002
    167800   0.9962319501E+003   0.2657932829E+002   0.5723141385E+002   0.2820413726E+002
    167900   0.9962484833E+003   0.2656468822E+002   0.5723189295E+002   0.2820442899E+002
    168000   0.9962709259E+003   0.2655952532E+002   0.5723088277E+002   0.2820343832E+002
    168100   0.9962927855E+003   0.2656353830E+002   0.5723307529E+002   0.2820339658E+002
    168200   0.9963150551E+003   0.2656302925E+002   0.5723496103E+002   0.2820333611E+002
    168300   0.9963425728E+003   0.2655891945E+002   0.5723496801E+002   0.2820242299E+002
    168400   0.9963840413E+003   0.2655957767E+002   0.5723249410E+002   0.2820006109E+002
    168500   0.9964159007E+003   0.2654783769E+002   0.5722670722E+002   0.2819648377E+002
    168600   0.9964636133E+003   0.2652327260E+002   0.5722047467E+002   0.2819392531E+002
    168700   0.9965134042E+003   0.2651248397E+002   0.5722022922E+002   0.2819347995E+002
    168800   0.9965318181E+003   0.2651251107E+002   0.5722488424E+002   0.2819523407E+002
    168900   0.9965673769E+003   0.2651414198E+002   0.5722739400E+002   0.2819558056E+002
    169000   0.9965895238E+003   0.2650231064E+002   0.5722161258E+002   0.2819219133E+002
    169100   0.9966095953E+003   0.2649722623E+002   0.5722102748E+002   0.2819118290E+002
    169200   0.9966066196E+003   0.2650196869E+002   0.5721933378E+002   0.2818874481E+002
    169300   0.9965821308E+003   0.2649990062E+002   0.5721847767E+002   0.2818726766E+002
    169400   0.9965331269E+003   0.2649680717E+002   0.5721716957E+002   0.2818554574E+002
    169500   0.9964841176E+003   0.2649619992E+002   0.5721813680E+002   0.2818464090E+002
    169600   0.9964497905E+003   0.2649510394E+002   0.5722900847E+002   0.2818879947E+002
    169700   0.9964125005E+003   0.2650379237E+002   0.5723332825E+002   0.2818938287E+002
    169800   0.9963640049E+003   0.2651716946E+002   0.5723567560E+002   0.2818889356E+002
    169900   0.9963338450E+003   0.2652910633E+002   0.5723679043E+002   0.2818851412E+002
    170000   0.9963126150E+003   0.2653627345E+002   0.5723515937E+002   0.2818752559E+002
    170100   0.9962983329E+003   0.2653394356E+002   0.5723398404E+002   0.2818808582E+002
    170200   0.9962919704E+003   0.2653422325E+002   0.5723505700E+002   0.2818932514E+002
    170300   0.9963140799E+003   0.2653523914E+002   0.5723646143E+002   0.2819123755E+002
    170400   0.9963032382E+003   0.2653707479E+002   0.5723485682E+002   0.2819137979E+002
    170500   0.9962692488E+003   0.2653835980E+002   0.5723243893E+002   0.2819123887E+002
    170600   0.9962488916E+003   0.2652841977E+002   0.5723141023E+002   0.2819242024E+002
    170700   0.9962142349E+003   0.2652737126E+002   0.5723399430E+002   0.2819464416E+002
    170800   0.9961804531E+003   0.2653206638E+002   0.5723626358E+002   0.2819644169E+002
    170900   0.9961485265E+003   0.2654398457E+002   0.5723528522E+002   0.2819600274E+002
    171000   0.9961082922E+003   0.2655124331E+002   0.5723377197E+002   0.2819582687E+002
    171100   0.9960892354E+003   0.2655770687E+002   0.5723094464E+002   0.2819523802E+002
    171200   0.9960731110E+003   0.2656316014E+002   0.5722653679E+002   0.2819411456E+002
    171300   0.9960746453E+003   0.2656448208E+002   0.5722518838E+002   0.2819503879E+002
    171400   0.9960839026E+003   0.2655818481E+002   0.5722003458E+002   0.2819459323E+002
    171500   0.9961042367E+003   0.2655652278E+002   0.5721910762E+002   0.2819592947E+002
    171600   0.9961004170E+003   0.2655971899E+002   0.5722019066E+002   0.2819795544E+002
    171700   0.9960960524E+003   0.2655007989E+002   0.5721894460E+002   0.2820061751E+002
    171800   0.9961073074E+003   0.2654609764E+002   0.5721555069E+002   0.2820149398E+002
    171900   0.9961084690E+003   0.2654813669E+002   0.5721491392E+002   0.2820337619E+002
    172000   0.9961011246E+003   0.2655939880E+002   0.5721710590E+002   0.2820557536E+002
    172100   0.9961084567E+003   0.2657432622E+002   0.5721635299E+002   0.2820677653E+002
    172200   0.9961361136E+003   0.2658048995E+002   0.5721376166E+002   0.2820753214E+002
    172300   0.9961525778E+003   0.2658466755E+002   0.5720895481E+002   0.2820728777E+002
    172400   0.9961812025E+003   0.2658792508E+002   0.5720534992E+002   0.2820797983E+002
    172500   0.9962147506E+003   0.2657725299E+002   0.5720301783E+002   0.2821054111E+002
    172600   0.9962373576E+003   0.2656725991E+002   0.5720015320E+002   0.2821303751E+002
    172700   0.9962267506E+003   0.2656164711E+002   0.5719679523E+002   0.2821418503E+002
    172800   0.9962389425E+003   0.2656106448E+002   0.5719289461E+002   0.2821473393E+002
    172900   0.9962530962E+003   0.2656503987E+002   0.5718740715E+002   0.2821401268E+002
    173000   0.9962504562E+003   0.2657858535E+002   0.5718498547E+002   0.2821378162E+002
    173100   0.9962520372E+003   0.2659272739E+002   0.5718342455E+002   0.2821415556E+002
    173200   0.9962588345E+003   0.2660184369E+002   0.5718563346E+002   0.2821730195E+002
    173300   0.9962713983E+003   0.2660554429E+002   0.5718755961E+002   0.2822072827E+002
    173400   0.9962592759E+003   0.2659834318E+002   0.5718283258E+002   0.2822170369E+002
    173500   0.9962716886E+003   0.2659606004E+002   0.5717787290E+002   0.2822249274E+002
    173600   0.9963048980E+003   0.2658778907E+002   0.5717658115E+002   0.2822679160E+002
    173700   0.9963236875E+003   0.2658592555E+002   0.5717212334E+002   0.2822745268E+002
    173800   0.9963277226E+003   0.2658496096E+002   0.5716960062E+002   0.2822916419E+002
    173900   0.9963254639E+003   0.2658334008E+002   0.5717023525E+002   0.2823252740E+002
    174000   0.9963274983E+003   0.2658996914E+002   0.5716751515E+002   0.2823327267E+002
    174100   0.9963409047E+003   0.2659672575E+002   0.5716211716E+002   0.2823314808E+002
    174200   0.9963322780E+003   0.2660597318E+002   0.5716056921E+002   0.2823440036E+002
    174300   0.9963181397E+003   0.2661225024E+002   0.5715622496E+002   0.2823495009E+002
    174400   0.9962952150E+003   0.2660954175E+002   0.5715125048E+002   0.2823603571E+002
    174500   0.9962642240E+003   0.2661107111E+002   0.5715169300E+002   0.2823884359E+002
    174600   0.9962329696E+003   0.2662009064E+002   0.5715059160E+002   0.2824066641E+002
    174700   0.9962088153E+003   0.2662831902E+002   0.5714629070E+002   0.2824104137E+002
    174800   0.9961940901E+003   0.2663310227E+002   0.5714522867E+002   0.2824232481E+002
    174900   0.9961905249E+003   0.2663694699E+002   0.5714430260E+002   0.2824440195E+002
    175000   0.9961972458E+003   0.2663766355E+002   0.5714261049E+002   0.2824784997E+002
    175100   0.9962045881E+003   0.2663835346E+002   0.5713873703E+002   0.2824932800E+002
    175200   0.9962071502E+003   0.2664376185E+002   0.5714264090E+002   0.2825527689E+002
    175300   0.9961910299E+003   0.2664408581E+002   0.5714215314E+002   0.2825869517E+002
    175400   0.9961635678E+003   0.2664738047E+002   0.5714348813E+002   0.2826257374E+002
    175500   0.9961455919E+003   0.2665093345E+002   0.5714092805E+002   0.2826440102E+002
    175600   0.9961343950E+003   0.2665011397E+002   0.5713827719E+002   0.2826633250E+002
    175700   0.9961383722E+003   0.2664506490E+002   0.5713716659E+002   0.2827019042E+002
    175800   0.9961442792E+003   0.2664501491E+002   0.5713136005E+002   0.2827154410E+002
    175900   0.9961509672E+003   0.2665061641E+002   0.5712916135E+002   0.2827392398E+002
    176000   0.9961496764E+003   0.2665242670E+002   0.5712308387E+002   0.2827463604E+002
    176100   0.9961480243E+003   0.2665612151E+002   0.5711884511E+002   0.2827584140E+002
    176200   0.9961552760E+003   0.2665857389E+002   0.5711404984E+002   0.2827604024E+002
    176300   0.9961840154E+003   0.2665563038E+002   0.5710934046E+002   0.2827850628E+002
    176400   0.9962183563E+003   0.2663962561E+002   0.5710143438E+002   0.2827979321E+002
    176500   0.9962158806E+003   0.2663606017E+002   0.5709805866E+002   0.2828174469E+002
    176600   0.9962272757E+003   0.2665031388E+002   0.5709602439E+002   0.2828377004E+002
    176700   0.9962346931E+003   0.2665291669E+002   0.5709031381E+002   0.2828441148E+002
    176800   0.9962441739E+003   0.2665258777E+002   0.5708367262E+002   0.2828479348E+002
    176900   0.9962663933E+003   0.2665015566E+002   0.5707883001E+002   0.2828694017E+002
    177000   0.9962958444E+003   0.2664807075E+002   0.5707521026E+002   0.2828931860E+002
    177100   0.9963345032E+003   0.2663545394E+002   0.5707266795E+002   0.2829402683E+002
    177200   0.9963747329E+003   0.2661624959E+002   0.5707115737E+002   0.2830114987E+002
    177300   0.9963952025E+003   0.2660949655E+002   0.5706844169E+002   0.2830506356E+002
    177400   0.9964234200E+003   0.2661072899E+002   0.5706071006E+002   0.2830495881E+002
    177500   0.9964363570E+003   0.2661500403E+002   0.5705990044E+002   0.2830722872E+002
    177600   0.9964393697E+003   0.2661874557E+002   0.5706100320E+002   0.2831171474E+002
    177700   0.9964463691E+003   0.2662516582E+002   0.5705913981E+002   0.2831308751E+002
    177800   0.9964514090E+003   0.2663421012E+002   0.5705441313E+002   0.2831236249E+002
    177900   0.9964552981E+003   0.2663442777E+002   0.5705136980E+002   0.2831360168E+002
    178000   0.9964848130E+003   0.2662296117E+002   0.5704959836E+002   0.2831753790E+002
    178100   0.9965048995E+003   0.2662502504E+002   0.5704365549E+002   0.2831806754E+002
    178200   0.9965047324E+003   0.2663232428E+002   0.5704089922E+002   0.2831888936E+002
    178300   0.9965085833E+003   0.2663816465E+002   0.5704081335E+002   0.2832051543E+002
    178400   0.9964935741E+003   0.2664482691E+002   0.5704110420E+002   0.2832283234E+002
    178500   0.9964789310E+003   0.2664682030E+002   0.5703886433E+002   0.2832399963E+002
    178600   0.9964589499E+003   0.2664674983E+002   0.5703683396E+002   0.2832560582E+002
    178700   0.9964348450E+003   0.2665937775E+002   0.5703189539E+002   0.2832482842E+002
    178800   0.9964257030E+003   0.2667365446E+002   0.5703235357E+002   0.2832613687E+002
    178900   0.9963992411E+003   0.2667967102E+002   0.5703115678E+002   0.2832702525E+002
    179000   0.9963772586E+003   0.2668776881E+002   0.5702985264E+002   0.2832799506E+002
    179100   0.9963626559E+003   0.2669860236E+002   0.5702734389E+002   0.2832838862E+002
    179200   0.9963402603E+003   0.2670883478E+002   0.5702622039E+002   0.2832950871E+002
    179300   0.9963350124E+003   0.2670449621E+002   0.5702213028E+002   0.2833092537E+002
    179400   0.9963493235E+003   0.2670939586E+002   0.5701848351E+002   0.2833132862E+002
    179500   0.9963485993E+003   0.2671636560E+002   0.5701869227E+002   0.2833377544E+002
    179600   0.9963192611E+003   0.2671858958E+002   0.5701691729E+002   0.2833515783E+002
    179700   0.9962523620E+003   0.2672228128E+002   0.5701429648E+002   0.2833649688E+002
    179800   0.9962005447E+003   0.2672939064E+002   0.5701291061E+002   0.2833843098E+002
    179900   0.9961406325E+003   0.2673058739E+002   0.5700972396E+002   0.2833924193E+002
    180000   0.9960710423E+003   0.2673230102E+002   0.5700637027E+002   0.2833941827E+002
    180100   0.9960043943E+003   0.2674537884E+002   0.5700431232E+002   0.2833968550E+002
    180200   0.9959527239E+003   0.2675811963E+002   0.5700392945E+002   0.2834033856E+002
    180300   0.9958959007E+003   0.2677851406E+002   0.5700195335E+002   0.2833974334E+002
    180400   0.9958547742E+003   0.2679266359E+002   0.5700086614E+002   0.2833986410E+002
    180500   0.9958296286E+003   0.2680641808E+002   0.5700057906E+002   0.2834058252E+002
    180600   0.9958120173E+003   0.2682387039E+002   0.5699603347E+002   0.2833875547E+002
    180700   0.9957873012E+003   0.2683740925E+002   0.5699512361E+002   0.2833931479E+002
    180800   0.9957562128E+003   0.2685238520E+002   0.5699137427E+002   0.2833847804E+002
    180900   0.9957248081E+003   0.2686688467E+002   0.5699373350E+002   0.2834067545E+002
    181000   0.9956832901E+003   0.2687043424E+002   0.5699553478E+002   0.2834303912E+002
    181100   0.9956525586E+003   0.2686871469E+002   0.5699430915E+002   0.2834438512E+002
    181200   0.9956289616E+003   0.2686710226E+002   0.5699166180E+002   0.2834521789E+002
    181300   0.9956089867E+003   0.2687111468E+002   0.5698844544E+002   0.2834498992E+002
    181400   0.9955972852E+003   0.2687468304E+002   0.5698776271E+002   0.2834686750E+002
    181500   0.9955885621E+003   0.2686197613E+002   0.5698740384E+002   0.2835109372E+002
    181600   0.9955930289E+003   0.2685650578E+002   0.5698475891E+002   0.2835310380E+002
    181700   0.9955974451E+003   0.2686274474E+002   0.5698461921E+002   0.2835608835E+002
    181800   0.9955972331E+003   0.2686342069E+002   0.5698231301E+002   0.2835776667E+002
    181900   0.9956051453E+003   0.2685493283E+002   0.5697695688E+002   0.2835852651E+002
    182000   0.9956204016E+003   0.2685515084E+002   0.5697028932E+002   0.2835790687E+002
    182100   0.9956342226E+003   0.2684524018E+002   0.5696704275E+002   0.2836042879E+002
    182200   0.9956313156E+003   0.2684084523E+002   0.5696355876E+002   0.2836134745E+002
    182300   0.9956366275E+003   0.2683720684E+002   0.5696193779E+002   0.2836358377E+002
    182400   0.9956157588E+003   0.2684096110E+002   0.5695729743E+002   0.2836324420E+002
    182500   0.9955849660E+003   0.2684690745E+002   0.5695238109E+002   0.2836228436E+002
    182600   0.9955752081E+003   0.2684717870E+002   0.5695012652E+002   0.2836329264E+002
    182700   0.9955624649E+003   0.2685338445E+002   0.5694740850E+002   0.2836415879E+002
    182800   0.9955275957E+003   0.2685216533E+002   0.5694673847E+002   0.2836589831E+002
    182900   0.9955060254E+003   0.2684705526E+002   0.5694284222E+002   0.2836674253E+002
    183000   0.9954683851E+003   0.2685013392E+002   0.5693863831E+002   0.2836710769E+002
    183100   0.9954422857E+003   0.2686213981E+002   0.5693644152E+002   0.2836729262E+002
    183200   0.9954165385E+003   0.2687393477E+002   0.5693463359E+002   0.2836696451E+002
    183300   0.9953843658E+003   0.2688382889E+002   0.5693225395E+002   0.2836677103E+002
    183400   0.9953439790E+003   0.2690067437E+002   0.5692876928E+002   0.2836571021E+002
    183500   0.9953038256E+003   0.2691068307E+002   0.5692686734E+002   0.2836532734E+002
    183600   0.9952711463E+003   0.2691052499E+002   0.5692635608E+002   0.2836656188E+002
    183700   0.9952439987E+003   0.2691851858E+002   0.5692514765E+002   0.2836728009E+002
    183800   0.9952113634E+003   0.2693073113E+002   0.5692441432E+002   0.2836763147E+002
    183900   0.9951938427E+003   0.2694387335E+002   0.5692176429E+002   0.2836654466E+002
    184000   0.9951703832E+003   0.2696246981E+002   0.5692207495E+002   0.2836656305E+002
    184100   0.9951581168E+003   0.2696804495E+002   0.5692101699E+002   0.2836688546E+002
    184200   0.9951397539E+003   0.2697379401E+002   0.5691803730E+002   0.2836633141E+002
    184300   0.9951248642E+003   0.2697075605E+002   0.5691396941E+002   0.2836684687E+002
    184400   0.9950955870E+003   0.2696652663E+002   0.5691013834E+002   0.2836706584E+002
    184500   0.9950796301E+003   0.2697114682E+002   0.5690542697E+002   0.2836629012E+002
    184600   0.9950522215E+003   0.2697206621E+002   0.5690486617E+002   0.2836748538E+002
    184700   0.9949952983E+003   0.2697210800E+002   0.5690397518E+002   0.2836827382E+002
    184800   0.9949621406E+003   0.2698101722E+002   0.5690359579E+002   0.2836893072E+002
    184900   0.9949256376E+003   0.2699822727E+002   0.5689895736E+002   0.2836712053E+002
    185000   0.9949098466E+003   0.2701413313E+002   0.5689841143E+002   0.2836765908E+002
    185100   0.9949011279E+003   0.2702203988E+002   0.5689856964E+002   0.2836960984E+002
    185200   0.9948813969E+003   0.2702284619E+002   0.5689544827E+002   0.2837124477E+002
    185300   0.9948653160E+003   0.2702031837E+002   0.5688976646E+002   0.2837208740E+002
    185400   0.9948487780E+003   0.2702258735E+002   0.5688745790E+002   0.2837349868E+002
    185500   0.9948408378E+003   0.2702362010E+002   0.5688399617E+002   0.2837432953E+002
    185600   0.9948151171E+003   0.2702453224E+002   0.5688203959E+002   0.2837661891E+002
    185700   0.9948006921E+003   0.2703257312E+002   0.5687812306E+002   0.2837690678E+002
    185800   0.9947959596E+003   0.2703679624E+002   0.5687543487E+002   0.2837824005E+002
    185900   0.9947779751E+003   0.2704028490E+002   0.5687139145E+002   0.2837948732E+002
    186000   0.9947683920E+003   0.2704045784E+002   0.5686841084E+002   0.2838109021E+002
    186100   0.9947604746E+003   0.2704587123E+002   0.5686871631E+002   0.2838485858E+002
    186200   0.9947516832E+003   0.2704791156E+002   0.5686510759E+002   0.2838706282E+002
    186300   0.9947654740E+003   0.2704935979E+002   0.5686218124E+002   0.2838914867E+002
    186400   0.9947666240E+003   0.2705783355E+002   0.5685892337E+002   0.2839042574E+002
    186500   0.9947609947E+003   0.2707178300E+002   0.5685599180E+002   0.2839089823E+002
    186600   0.9947558376E+003   0.2709098867E+002   0.5685498525E+002   0.2839120372E+002
    186700   0.9947467639E+003   0.2710626837E+002   0.5685503614E+002   0.2839258108E+002
    186800   0.9947254459E+003   0.2711954746E+002   0.5685468060E+002   0.2839435051E+002
    186900   0.9947035337E+003   0.2712030649E+002   0.5684944259E+002   0.2839509198E+002
    187000   0.9947004941E+003   0.2712152208E+002   0.5684691132E+002   0.2839610667E+002
    187100   0.9946871393E+003   0.2711951291E+002   0.5684247061E+002   0.2839721874E+002
    187200   0.9946661702E+003   0.2712677417E+002   0.5683826627E+002   0.2839777285E+002
    187300   0.9946472213E+003   0.2713141678E+002   0.5683619678E+002   0.2839903669E+002
    187400   0.9946446693E+003   0.2713971015E+002   0.5683459144E+002   0.2840009830E+002
    187500   0.9946297525E+003   0.2715020956E+002   0.5683382022E+002   0.2840185746E+002
    187600   0.9946266860E+003   0.2716355595E+002   0.5683068864E+002   0.2840313241E+002
    187700   0.9946453041E+003   0.2717427887E+002   0.5682889066E+002   0.2840487095E+002
    187800   0.9946522640E+003   0.2718776011E+002   0.5682493164E+002   0.2840597175E+002
    187900   0.9946608068E+003   0.2719922524E+002   0.5682241884E+002   0.2840723777E+002
    188000   0.9946620889E+003   0.2720566335E+002   0.5681729453E+002   0.2840905728E+002
    188100   0.9946714846E+003   0.2720772247E+002   0.5681336376E+002   0.2841134546E+002
    188200   0.9946627458E+003   0.2721162078E+002   0.5681236520E+002   0.2841454758E+002
    188300   0.9946666289E+003   0.2722101099E+002   0.5681193176E+002   0.2841714159E+002
    188400   0.9946692532E+003   0.2723106685E+002   0.5681294817E+002   0.2841967286E+002
    188500   0.9946680806E+003   0.2723720934E+002   0.5681157220E+002   0.2842174904E+002
    188600   0.9946585524E+003   0.2724078795E+002   0.5680919631E+002   0.2842322289E+002
    188700   0.9946361064E+003   0.2724420471E+002   0.5680487220E+002   0.2842444153E+002
    188800   0.9946353824E+003   0.2725191711E+002   0.5680146151E+002   0.2842615038E+002
    188900   0.9946460387E+003   0.2725506440E+002   0.5679526933E+002   0.2842752134E+002
    189000   0.9946528166E+003   0.2726110447E+002   0.5679335654E+002   0.2843135348E+002
    189100   0.9946561004E+003   0.2725834697E+002   0.5678610964E+002   0.2843243802E+002
    189200   0.9946686754E+003   0.2725122000E+002   0.5677998751E+002   0.2843374359E+002
    189300   0.9946769757E+003   0.2724950994E+002   0.5677518518E+002   0.2843493618E+002
    189400   0.9946718917E+003   0.2725167537E+002   0.5677232280E+002   0.2843747208E+002
    189500   0.9946655821E+003   0.2725161021E+002   0.5676925780E+002   0.2843897037E+002
    189600   0.9946430991E+003   0.2725184740E+002   0.5676326528E+002   0.2843911335E+002
    189700   0.9946279487E+003   0.2724910894E+002   0.5675912138E+002   0.2843990644E+002
    189800   0.9946088927E+003   0.2724682212E+002   0.5675666479E+002   0.2844140940E+002
    189900   0.9945950898E+003   0.2725345589E+002   0.5675636899E+002   0.2844325513E+002
    190000   0.9945908170E+003   0.2726219995E+002   0.5675402770E+002   0.2844396804E+002
    190100   0.9945961074E+003   0.2726955970E+002   0.5675428223E+002   0.2844533965E+002
    190200   0.9946010304E+003   0.2727574461E+002   0.5674993515E+002   0.2844452295E+002
    190300   0.9946066152E+003   0.2727835048E+002   0.5674885313E+002   0.2844594462E+002
    190400   0.9945997122E+003   0.2727669958E+002   0.5674909941E+002   0.2844852763E+002
    190500   0.9945937573E+003   0.2727640817E+002   0.5674713300E+002   0.2845008645E+002
    190600   0.9945806784E+003   0.2728193732E+002   0.5674608165E+002   0.2845158246E+002
    190700   0.9945650855E+003   0.2728799349E+002   0.5674137518E+002   0.2845075747E+002
    190800   0.9945427239E+003   0.2729636732E+002   0.5673889302E+002   0.2845082973E+002
    190900   0.9945140369E+003   0.2730602246E+002   0.5673915888E+002   0.2845233760E+002
    191000   0.9944904562E+003   0.2731754759E+002   0.5673880201E+002   0.2845407111E+002
    191100   0.9944499510E+003   0.2732301332E+002   0.5673837185E+002   0.2845543964E+002
    191200   0.9944074057E+003   0.2733160314E+002   0.5673824615E+002   0.2845663067E+002
    191300   0.9943521845E+003   0.2734404863E+002   0.5673780425E+002   0.2845724942E+002
    191400   0.9943161828E+003   0.2735279308E+002   0.5673689954E+002   0.2845787541E+002
    191500   0.9942742780E+003   0.2736346747E+002   0.5673543816E+002   0.2845829093E+002
    191600   0.9942320987E+003   0.2737446271E+002   0.5673483680E+002   0.2845960211E+002
    191700   0.9941891082E+003   0.2738085620E+002   0.5673380801E+002   0.2846058836E+002
    191800   0.9941348725E+003   0.2738201044E+002   0.5673315076E+002   0.2846201632E+002
    191900   0.9940835289E+003   0.2738262673E+002   0.5673192646E+002   0.2846281633E+002
    192000   0.9940188036E+003   0.2738588617E+002   0.5672969375E+002   0.2846332848E+002
    192100   0.9939850561E+003   0.2739186712E+002   0.5672967931E+002   0.2846425726E+002
    192200   0.9939413306E+003   0.2738851327E+002   0.5672830443E+002   0.2846550482E+002
    192300   0.9939048173E+003   0.2737841728E+002   0.5672600516E+002   0.2846783158E+002
    192400   0.9938793156E+003   0.2737445879E+002   0.5672324040E+002   0.2846921031E+002
    192500   0.9938504272E+003   0.2736638536E+002   0.5672140072E+002   0.2847141448E+002
    192600   0.9938304180E+003   0.2737009101E+002   0.5671913456E+002   0.2847151872E+002
    192700   0.9937994604E+003   0.2738235358E+002   0.5672066452E+002   0.2847313836E+002
    192800   0.9937780506E+003   0.2739731235E+002   0.5671926254E+002   0.2847249172E+002
    192900   0.9937489494E+003   0.2741144640E+002   0.5671838484E+002   0.2847248062E+002
    193000   0.9937171933E+003   0.2742232700E+002   0.5671722231E+002   0.2847256097E+002
    193100   0.9936759521E+003   0.2743330566E+002   0.5671726856E+002   0.2847278972E+002
    193200   0.9936375050E+003   0.2744170771E+002   0.5671560675E+002   0.2847199466E+002
    193300   0.9935707260E+003   0.2744949852E+002   0.5671650922E+002   0.2847275974E+002
    193400   0.9935265141E+003   0.2745890765E+002   0.5671791288E+002   0.2847298403E+002
    193500   0.9934661039E+003   0.2747400688E+002   0.5672060547E+002   0.2847360292E+002
    193600   0.9933940559E+003   0.2748200137E+002   0.5672070679E+002   0.2847356512E+002
    193700   0.9933147153E+003   0.2749124276E+002   0.5672339657E+002   0.2847488281E+002
    193800   0.9932652266E+003   0.2749579360E+002   0.5672084055E+002   0.2847448152E+002
    193900   0.9932172916E+003   0.2749687496E+002   0.5671806642E+002   0.2847424021E+002
    194000   0.9931883377E+003   0.2749714671E+002   0.5671751558E+002   0.2847567008E+002
    194100   0.9931649821E+003   0.2750037652E+002   0.5671544773E+002   0.2847602214E+002
    194200   0.9931602972E+003   0.2749984335E+002   0.5671174818E+002   0.2847585668E+002
    194300   0.9931849904E+003   0.2749723352E+002   0.5670630132E+002   0.2847535312E+002
    194400   0.9932188795E+003   0.2748896617E+002   0.5670349491E+002   0.2847792236E+002
    194500   0.9932293239E+003   0.2747629257E+002   0.5670001441E+002   0.2848001891E+002
    194600   0.9932316790E+003   0.2745919900E+002   0.5669797677E+002   0.2848339567E+002
    194700   0.9932228597E+003   0.2744823334E+002   0.5669688046E+002   0.2848620352E+002
    194800   0.9932092233E+003   0.2744476110E+002   0.5669344914E+002   0.2848703179E+002
    194900   0.9932020616E+003   0.2744435692E+002   0.5669165046E+002   0.2848852215E+002
    195000   0.9932036623E+003   0.2743356308E+002   0.5668918651E+002   0.2849101389E+002
    195100   0.9932173092E+003   0.2742500117E+002   0.5668697164E+002   0.2849288140E+002
    195200   0.9932380807E+003   0.2742417121E+002   0.5668600814E+002   0.2849490159E+002
    195300   0.9932627657E+003   0.2742149924E+002   0.5668423270E+002   0.2849678319E+002
    195400   0.9932761162E+003   0.2741051594E+002   0.5668409337E+002   0.2850004523E+002
    195500   0.9932702184E+003   0.2739843908E+002   0.5668336595E+002   0.2850343222E+002
    195600   0.9932656132E+003   0.2738567455E+002   0.5667846445E+002   0.2850460857E+002
    195700   0.9932617022E+003   0.2738562836E+002   0.5667642675E+002   0.2850542531E+002
    195800   0.9932671273E+003   0.2738492235E+002   0.5667548801E+002   0.2850730893E+002
    195900   0.9933130990E+003   0.2737984865E+002   0.5667073825E+002   0.2850783975E+002
    196000   0.9933448322E+003   0.2738364899E+002   0.5666708678E+002   0.2850788736E+002
    196100   0.9933714981E+003   0.2737881799E+002   0.5666285697E+002   0.2850890931E+002
    196200   0.9933914865E+003   0.2737616928E+002   0.5665923967E+002   0.2851031816E+002
    196300   0.9934294656E+003   0.2737501480E+002   0.5665492851E+002   0.2851120465E+002
    196400   0.9934507702E+003   0.2737862222E+002   0.5665592278E+002   0.2851393506E+002
    196500   0.9934751034E+003   0.2737803563E+002   0.5665527993E+002   0.2851607731E+002
    196600   0.9934790327E+003   0.2738160212E+002   0.5665223916E+002   0.2851653818E+002
    196700   0.9934807763E+003   0.2738651513E+002   0.5665076657E+002   0.2851767781E+002
    196800   0.9934814082E+003   0.2739563773E+002   0.5664931201E+002   0.2851803491E+002
    196900   0.9934823339E+003   0.2739537474E+002   0.5664600840E+002   0.2851843345E+002
    197000   0.9934953687E+003   0.2738600757E+002   0.5664380378E+002   0.2852152390E+002
    197100   0.9935138283E+003   0.2737641335E+002   0.5663971001E+002   0.2852350911E+002
    197200   0.9935147450E+003   0.2736744381E+002   0.5663631590E+002   0.2852545245E+002
    197300   0.9935206480E+003   0.2736145797E+002   0.5663118868E+002   0.2852582095E+002
    197400   0.9935537837E+003   0.2735438915E+002   0.5662570648E+002   0.2852658108E+002
    197500   0.9935574351E+003   0.2734401247E+002   0.5662174131E+002   0.2852747915E+002
    197600   0.9935591412E+003   0.2734112841E+002   0.5661922068E+002   0.2852805047E+002
    197700   0.9935628876E+003   0.2733970699E+002   0.5661511555E+002   0.2852894913E+002
    197800   0.9935537867E+003   0.2734573339E+002   0.5661276456E+002   0.2853025300E+002
    197900   0.9935374853E+003   0.2735716236E+002   0.5661135577E+002   0.2853097649E+002
    198000   0.9935219103E+003   0.2737035116E+002   0.5660682112E+002   0.2853003280E+002
    198100   0.9935087719E+003   0.2737875154E+002   0.5660193425E+002   0.2852932481E+002
    198200   0.9934946420E+003   0.2737997177E+002   0.5659932279E+002   0.2852977611E+002
    198300   0.9934775711E+003   0.2737867019E+002   0.5659637519E+002   0.2853042150E+002
    198400   0.9934667964E+003   0.2737857454E+002   0.5659467823E+002   0.2853239437E+002
    198500   0.9934819748E+003   0.2736950233E+002   0.5658640312E+002   0.2853167067E+002
    198600   0.9935016472E+003   0.2735618156E+002   0.5658137235E+002   0.2853354851E+002
    198700   0.9934984411E+003   0.2734869191E+002   0.5657978256E+002   0.2853594233E+002
    198800   0.9934894780E+003   0.2734407362E+002   0.5657575437E+002   0.2853642714E+002
    198900   0.9934795264E+003   0.2734260970E+002   0.5657049850E+002   0.2853582020E+002
    199000   0.9934686533E+003   0.2734750804E+002   0.5656844161E+002   0.2853621574E+002
    199100   0.9934595378E+003   0.2735217845E+002   0.5656641354E+002   0.2853642004E+002
    199200   0.9934566156E+003   0.2735791416E+002   0.5656340093E+002   0.2853659884E+002
    199300   0.9934439048E+003   0.2736043668E+002   0.5656258072E+002   0.2853790638E+002
    199400   0.9934289535E+003   0.2736406047E+002   0.5656184239E+002   0.2853926453E+002
    199500   0.9934215205E+003   0.2736901726E+002   0.5655984224E+002   0.2853997318E+002
    199600   0.9934292841E+003   0.2737523015E+002   0.5655855062E+002   0.2854098675E+002
    199700   0.9934304803E+003   0.2737849874E+002   0.5655786729E+002   0.2854220178E+002
    199800   0.9934487076E+003   0.2737712617E+002   0.5655935823E+002   0.2854631047E+002
    199900   0.9934800674E+003   0.2737676877E+002   0.5655636839E+002   0.2854776832E+002
    200000   0.9935061193E+003   0.2737809963E+002   0.5655280030E+002   0.2854863815E+002
