# Evolution of the weightfunction during equilibration phase for fractional: cd
# Weightfunction after cycle        227
 0.0000000    0.2700000000E+001    0.1600000000E+001
 0.0101010    0.3100000000E+001    0.1900000000E+001
 0.0202020    0.3600000000E+001    0.3300000000E+001
 0.0303030    0.3400000000E+001    0.2000000000E+001
 0.0404040    0.3500000000E+001    0.2400000000E+001
 0.0505051    0.2500000000E+001    0.1100000000E+001
 0.0606061    0.3600000000E+001    0.2400000000E+001
 0.0707071    0.4400000000E+001    0.3200000000E+001
 0.0808081    0.3500000000E+001    0.2300000000E+001
 0.0909091    0.3700000000E+001    0.2100000000E+001
 0.1010101    0.2800000000E+001    0.1200000000E+001
 0.1111111    0.2900000000E+001    0.1700000000E+001
 0.1212121    0.3200000000E+001    0.1900000000E+001
 0.1313131    0.3600000000E+001    0.3500000000E+001
 0.1414141    0.3600000000E+001    0.2100000000E+001
 0.1515152    0.3700000000E+001    0.3100000000E+001
 0.1616162    0.3200000000E+001    0.1800000000E+001
 0.1717172    0.3000000000E+001    0.1700000000E+001
 0.1818182    0.2900000000E+001    0.2400000000E+001
 0.1919192    0.3000000000E+001    0.2500000000E+001
 0.2020202    0.3800000000E+001    0.2000000000E+001
 0.2121212    0.2900000000E+001    0.1700000000E+001
 0.2222222    0.3200000000E+001    0.2000000000E+001
 0.2323232    0.3800000000E+001    0.2900000000E+001
 0.2424242    0.3600000000E+001    0.2500000000E+001
 0.2525253    0.2900000000E+001    0.2200000000E+001
 0.2626263    0.2800000000E+001    0.4000000000E+001
 0.2727273    0.3000000000E+001    0.3000000000E+001
 0.2828283    0.2900000000E+001    0.1700000000E+001
 0.2929293    0.2400000000E+001    0.1600000000E+001
 0.3030303    0.3900000000E+001    0.1300000000E+001
 0.3131313    0.2500000000E+001    0.2800000000E+001
 0.3232323    0.1700000000E+001    0.2000000000E+001
 0.3333333    0.2300000000E+001    0.2300000000E+001
 0.3434343    0.3000000000E+001    0.2100000000E+001
 0.3535354    0.2800000000E+001    0.2300000000E+001
 0.3636364    0.3100000000E+001    0.1500000000E+001
 0.3737374    0.2200000000E+001    0.3100000000E+001
 0.3838384    0.1800000000E+001    0.2000000000E+001
 0.3939394    0.2400000000E+001    0.1100000000E+001
 0.4040404    0.2000000000E+001    0.1600000000E+001
 0.4141414    0.1300000000E+001    0.3300000000E+001
 0.4242424    0.1700000000E+001    0.2700000000E+001
 0.4343434    0.3100000000E+001    0.1400000000E+001
 0.4444444    0.1400000000E+001    0.3200000000E+001
 0.4545455    0.1500000000E+001    0.1700000000E+001
 0.4646465    0.7000000000E+000    0.1800000000E+001
 0.4747475    0.8000000000E+000    0.1400000000E+001
 0.4848485    0.1300000000E+001    0.1500000000E+001
 0.4949495    0.2100000000E+001    0.1000000000E+001
 0.5050505    0.9000000000E+000    0.2400000000E+001
 0.5151515    0.1000000000E+001    0.1400000000E+001
 0.5252525    0.2300000000E+001    0.2100000000E+001
 0.5353535    0.1700000000E+001    0.2000000000E+001
 0.5454545    0.1500000000E+001    0.2200000000E+001
 0.5555556    0.1600000000E+001    0.2700000000E+001
 0.5656566    0.1200000000E+001    0.1700000000E+001
 0.5757576    0.1800000000E+001    0.2100000000E+001
 0.5858586    0.1300000000E+001    0.7000000000E+000
 0.5959596    0.1500000000E+001    0.9000000000E+000
 0.6060606    0.1700000000E+001    0.1900000000E+001
 0.6161616    0.1200000000E+001    0.1900000000E+001
 0.6262626    0.5000000000E+000    0.1000000000E+001
 0.6363636    0.1200000000E+001    0.1300000000E+001
 0.6464646    0.1600000000E+001    0.1300000000E+001
 0.6565657    0.1300000000E+001    0.1800000000E+001
 0.6666667    0.1100000000E+001    0.1800000000E+001
 0.6767677    0.2800000000E+001    0.1400000000E+001
 0.6868687    0.1100000000E+001    0.1200000000E+001
 0.6969697    0.1200000000E+001    0.1400000000E+001
 0.7070707    0.1500000000E+001    0.1200000000E+001
 0.7171717    0.8000000000E+000    0.8000000000E+000
 0.7272727    0.2000000000E+001    0.2000000000E+001
 0.7373737    0.1200000000E+001    0.1700000000E+001
 0.7474747    0.1000000000E+001    0.1700000000E+001
 0.7575758    0.1600000000E+001    0.1700000000E+001
 0.7676768    0.1100000000E+001    0.1500000000E+001
 0.7777778    0.1200000000E+001    0.1300000000E+001
 0.7878788    0.1500000000E+001    0.1400000000E+001
 0.7979798    0.1700000000E+001    0.1900000000E+001
 0.8080808    0.1800000000E+001    0.2500000000E+001
 0.8181818    0.6000000000E+000    0.1000000000E+001
 0.8282828    0.8000000000E+000    0.1100000000E+001
 0.8383838    0.1000000000E+001    0.1400000000E+001
 0.8484848    0.1000000000E+001    0.1200000000E+001
 0.8585859    0.1800000000E+001    0.2000000000E+001
 0.8686869    0.6000000000E+000    0.8000000000E+000
 0.8787879    0.1100000000E+001    0.2000000000E+001
 0.8888889    0.0000000000E+000    0.1200000000E+001
 0.8989899    0.1100000000E+001    0.1400000000E+001
 0.9090909    0.5000000000E+000    0.1000000000E+001
 0.9191919    0.6000000000E+000    0.1600000000E+001
 0.9292929    0.3000000000E+000    0.1300000000E+001
 0.9393939    0.1000000000E+000    0.9000000000E+000
 0.9494949    0.4000000000E+000    0.1300000000E+001
 0.9595960    0.8000000000E+000    0.1900000000E+001
 0.9696970    0.6000000000E+000    0.1900000000E+001
 0.9797980    0.1500000000E+001    0.1600000000E+001
 0.9898990    0.0000000000E+000    0.8000000000E+000
 1.0000000    0.9000000000E+000    0.1300000000E+001


# Weightfunction after cycle        874
 0.0000000    0.3450000000E+001    0.2500000000E+001
 0.0101010    0.3150000000E+001    0.1825000000E+001
 0.0202020    0.3575000000E+001    0.2375000000E+001
 0.0303030    0.3450000000E+001    0.2125000000E+001
 0.0404040    0.3625000000E+001    0.2575000000E+001
 0.0505051    0.3700000000E+001    0.2375000000E+001
 0.0606061    0.3675000000E+001    0.2550000000E+001
 0.0707071    0.3125000000E+001    0.2125000000E+001
 0.0808081    0.3875000000E+001    0.2600000000E+001
 0.0909091    0.4225000000E+001    0.2325000000E+001
 0.1010101    0.3825000000E+001    0.2325000000E+001
 0.1111111    0.4275000000E+001    0.2750000000E+001
 0.1212121    0.4250000000E+001    0.2150000000E+001
 0.1313131    0.4150000000E+001    0.2425000000E+001
 0.1414141    0.4050000000E+001    0.1925000000E+001
 0.1515152    0.4150000000E+001    0.2400000000E+001
 0.1616162    0.4100000000E+001    0.2300000000E+001
 0.1717172    0.4175000000E+001    0.2525000000E+001
 0.1818182    0.3725000000E+001    0.2225000000E+001
 0.1919192    0.4300000000E+001    0.2525000000E+001
 0.2020202    0.4350000000E+001    0.2075000000E+001
 0.2121212    0.3825000000E+001    0.2475000000E+001
 0.2222222    0.4025000000E+001    0.2650000000E+001
 0.2323232    0.4050000000E+001    0.2425000000E+001
 0.2424242    0.3950000000E+001    0.2550000000E+001
 0.2525253    0.4275000000E+001    0.2075000000E+001
 0.2626263    0.4125000000E+001    0.2000000000E+001
 0.2727273    0.4025000000E+001    0.2425000000E+001
 0.2828283    0.3425000000E+001    0.1825000000E+001
 0.2929293    0.3350000000E+001    0.1900000000E+001
 0.3030303    0.3350000000E+001    0.1975000000E+001
 0.3131313    0.3375000000E+001    0.2300000000E+001
 0.3232323    0.3100000000E+001    0.2525000000E+001
 0.3333333    0.3100000000E+001    0.1950000000E+001
 0.3434343    0.2900000000E+001    0.2100000000E+001
 0.3535354    0.2775000000E+001    0.2575000000E+001
 0.3636364    0.2800000000E+001    0.2125000000E+001
 0.3737374    0.2875000000E+001    0.2075000000E+001
 0.3838384    0.2700000000E+001    0.1800000000E+001
 0.3939394    0.2900000000E+001    0.1875000000E+001
 0.4040404    0.2650000000E+001    0.1925000000E+001
 0.4141414    0.2500000000E+001    0.2225000000E+001
 0.4242424    0.2250000000E+001    0.1925000000E+001
 0.4343434    0.1575000000E+001    0.1550000000E+001
 0.4444444    0.2350000000E+001    0.1500000000E+001
 0.4545455    0.2075000000E+001    0.2100000000E+001
 0.4646465    0.1700000000E+001    0.1750000000E+001
 0.4747475    0.1875000000E+001    0.1750000000E+001
 0.4848485    0.1875000000E+001    0.1475000000E+001
 0.4949495    0.1325000000E+001    0.1525000000E+001
 0.5050505    0.2150000000E+001    0.2225000000E+001
 0.5151515    0.1600000000E+001    0.1775000000E+001
 0.5252525    0.1300000000E+001    0.1350000000E+001
 0.5353535    0.1825000000E+001    0.1900000000E+001
 0.5454545    0.1350000000E+001    0.1700000000E+001
 0.5555556    0.1475000000E+001    0.1450000000E+001
 0.5656566    0.1350000000E+001    0.1300000000E+001
 0.5757576    0.1450000000E+001    0.1400000000E+001
 0.5858586    0.1600000000E+001    0.1400000000E+001
 0.5959596    0.1825000000E+001    0.1750000000E+001
 0.6060606    0.1425000000E+001    0.1375000000E+001
 0.6161616    0.1525000000E+001    0.2100000000E+001
 0.6262626    0.1225000000E+001    0.1850000000E+001
 0.6363636    0.1050000000E+001    0.1425000000E+001
 0.6464646    0.1725000000E+001    0.1825000000E+001
 0.6565657    0.1400000000E+001    0.1500000000E+001
 0.6666667    0.1750000000E+001    0.1675000000E+001
 0.6767677    0.8500000000E+000    0.1700000000E+001
 0.6868687    0.1175000000E+001    0.1775000000E+001
 0.6969697    0.1450000000E+001    0.1825000000E+001
 0.7070707    0.1450000000E+001    0.1825000000E+001
 0.7171717    0.1350000000E+001    0.1675000000E+001
 0.7272727    0.1375000000E+001    0.1650000000E+001
 0.7373737    0.1350000000E+001    0.1250000000E+001
 0.7474747    0.1375000000E+001    0.1575000000E+001
 0.7575758    0.9250000000E+000    0.1625000000E+001
 0.7676768    0.1050000000E+001    0.1400000000E+001
 0.7777778    0.1075000000E+001    0.1550000000E+001
 0.7878788    0.9250000000E+000    0.1375000000E+001
 0.7979798    0.1075000000E+001    0.1600000000E+001
 0.8080808    0.1125000000E+001    0.1675000000E+001
 0.8181818    0.1350000000E+001    0.1825000000E+001
 0.8282828    0.8250000000E+000    0.1300000000E+001
 0.8383838    0.1000000000E+001    0.1125000000E+001
 0.8484848    0.6250000000E+000    0.1050000000E+001
 0.8585859    0.6500000000E+000    0.1225000000E+001
 0.8686869    0.7750000000E+000    0.1300000000E+001
 0.8787879    0.1050000000E+001    0.1700000000E+001
 0.8888889    0.8750000000E+000    0.1275000000E+001
 0.8989899    0.7500000000E+000    0.1300000000E+001
 0.9090909    0.3750000000E+000    0.1000000000E+001
 0.9191919    0.6000000000E+000    0.1150000000E+001
 0.9292929    0.4250000000E+000    0.1025000000E+001
 0.9393939    0.6500000000E+000    0.1325000000E+001
 0.9494949    0.4000000000E+000    0.1200000000E+001
 0.9595960    0.3500000000E+000    0.1150000000E+001
 0.9696970    0.5500000000E+000    0.1525000000E+001
 0.9797980    0.0000000000E+000    0.1125000000E+001
 0.9898990    0.4500000000E+000    0.1450000000E+001
 1.0000000    0.7750000000E+000    0.1950000000E+001


# Weightfunction after cycle       1926
 0.0000000    0.3031250000E+001    0.1812500000E+001
 0.0101010    0.2956250000E+001    0.1737500000E+001
 0.0202020    0.3137500000E+001    0.1875000000E+001
 0.0303030    0.3443750000E+001    0.2062500000E+001
 0.0404040    0.3437500000E+001    0.1987500000E+001
 0.0505051    0.3568750000E+001    0.2087500000E+001
 0.0606061    0.3300000000E+001    0.1793750000E+001
 0.0707071    0.3537500000E+001    0.1981250000E+001
 0.0808081    0.3443750000E+001    0.2062500000E+001
 0.0909091    0.3718750000E+001    0.2087500000E+001
 0.1010101    0.3656250000E+001    0.1925000000E+001
 0.1111111    0.3875000000E+001    0.2068750000E+001
 0.1212121    0.3987500000E+001    0.2150000000E+001
 0.1313131    0.3918750000E+001    0.1993750000E+001
 0.1414141    0.3912500000E+001    0.1875000000E+001
 0.1515152    0.3956250000E+001    0.2000000000E+001
 0.1616162    0.3937500000E+001    0.1850000000E+001
 0.1717172    0.3906250000E+001    0.1843750000E+001
 0.1818182    0.4006250000E+001    0.1931250000E+001
 0.1919192    0.3887500000E+001    0.1956250000E+001
 0.2020202    0.3743750000E+001    0.1962500000E+001
 0.2121212    0.3768750000E+001    0.1912500000E+001
 0.2222222    0.3662500000E+001    0.1875000000E+001
 0.2323232    0.3850000000E+001    0.1856250000E+001
 0.2424242    0.3631250000E+001    0.1818750000E+001
 0.2525253    0.3418750000E+001    0.2018750000E+001
 0.2626263    0.3231250000E+001    0.1981250000E+001
 0.2727273    0.3093750000E+001    0.1893750000E+001
 0.2828283    0.3225000000E+001    0.2062500000E+001
 0.2929293    0.3293750000E+001    0.1725000000E+001
 0.3030303    0.3250000000E+001    0.1981250000E+001
 0.3131313    0.3087500000E+001    0.1812500000E+001
 0.3232323    0.3012500000E+001    0.1868750000E+001
 0.3333333    0.2768750000E+001    0.1768750000E+001
 0.3434343    0.2668750000E+001    0.1568750000E+001
 0.3535354    0.2850000000E+001    0.1606250000E+001
 0.3636364    0.2443750000E+001    0.1668750000E+001
 0.3737374    0.2450000000E+001    0.1631250000E+001
 0.3838384    0.2237500000E+001    0.1662500000E+001
 0.3939394    0.2343750000E+001    0.1556250000E+001
 0.4040404    0.2181250000E+001    0.1787500000E+001
 0.4141414    0.2312500000E+001    0.1525000000E+001
 0.4242424    0.1962500000E+001    0.1381250000E+001
 0.4343434    0.1812500000E+001    0.1293750000E+001
 0.4444444    0.2006250000E+001    0.1531250000E+001
 0.4545455    0.1543750000E+001    0.1618750000E+001
 0.4646465    0.1543750000E+001    0.1593750000E+001
 0.4747475    0.1500000000E+001    0.1450000000E+001
 0.4848485    0.1750000000E+001    0.1450000000E+001
 0.4949495    0.1256250000E+001    0.1356250000E+001
 0.5050505    0.1243750000E+001    0.1356250000E+001
 0.5151515    0.1400000000E+001    0.1400000000E+001
 0.5252525    0.1318750000E+001    0.1318750000E+001
 0.5353535    0.1325000000E+001    0.1550000000E+001
 0.5454545    0.1118750000E+001    0.1225000000E+001
 0.5555556    0.1375000000E+001    0.1087500000E+001
 0.5656566    0.1037500000E+001    0.1268750000E+001
 0.5757576    0.1281250000E+001    0.1281250000E+001
 0.5858586    0.1187500000E+001    0.1168750000E+001
 0.5959596    0.1100000000E+001    0.1250000000E+001
 0.6060606    0.1250000000E+001    0.1193750000E+001
 0.6161616    0.1112500000E+001    0.1562500000E+001
 0.6262626    0.1162500000E+001    0.1437500000E+001
 0.6363636    0.1081250000E+001    0.1143750000E+001
 0.6464646    0.1287500000E+001    0.1350000000E+001
 0.6565657    0.1006250000E+001    0.1287500000E+001
 0.6666667    0.1150000000E+001    0.1325000000E+001
 0.6767677    0.1018750000E+001    0.1312500000E+001
 0.6868687    0.1000000000E+001    0.1287500000E+001
 0.6969697    0.1143750000E+001    0.1362500000E+001
 0.7070707    0.1062500000E+001    0.1362500000E+001
 0.7171717    0.9875000000E+000    0.1231250000E+001
 0.7272727    0.1056250000E+001    0.1356250000E+001
 0.7373737    0.9500000000E+000    0.1193750000E+001
 0.7474747    0.1118750000E+001    0.1356250000E+001
 0.7575758    0.9687500000E+000    0.1300000000E+001
 0.7676768    0.9250000000E+000    0.1225000000E+001
 0.7777778    0.7875000000E+000    0.1137500000E+001
 0.7878788    0.8625000000E+000    0.1325000000E+001
 0.7979798    0.9187500000E+000    0.1331250000E+001
 0.8080808    0.7187500000E+000    0.1243750000E+001
 0.8181818    0.8437500000E+000    0.1268750000E+001
 0.8282828    0.6500000000E+000    0.1181250000E+001
 0.8383838    0.7062500000E+000    0.1150000000E+001
 0.8484848    0.8625000000E+000    0.1293750000E+001
 0.8585859    0.7062500000E+000    0.1312500000E+001
 0.8686869    0.4625000000E+000    0.9812500000E+000
 0.8787879    0.6625000000E+000    0.1306250000E+001
 0.8888889    0.7000000000E+000    0.1193750000E+001
 0.8989899    0.5250000000E+000    0.1175000000E+001
 0.9090909    0.6875000000E+000    0.1425000000E+001
 0.9191919    0.4500000000E+000    0.1068750000E+001
 0.9292929    0.2687500000E+000    0.1175000000E+001
 0.9393939    0.3875000000E+000    0.1268750000E+001
 0.9494949    0.4937500000E+000    0.1300000000E+001
 0.9595960    0.3750000000E+000    0.1287500000E+001
 0.9696970    0.0000000000E+000    0.9812500000E+000
 0.9797980    0.5000000000E-001    0.1112500000E+001
 0.9898990    0.3000000000E+000    0.1337500000E+001
 1.0000000    0.7500000000E-001    0.1168750000E+001


# Weightfunction after cycle       4331
 0.0000000    0.3376562500E+001    0.2065625000E+001
 0.0101010    0.3257812500E+001    0.1940625000E+001
 0.0202020    0.3106250000E+001    0.1835937500E+001
 0.0303030    0.3135937500E+001    0.1785937500E+001
 0.0404040    0.3239062500E+001    0.1904687500E+001
 0.0505051    0.3443750000E+001    0.1973437500E+001
 0.0606061    0.3490625000E+001    0.1925000000E+001
 0.0707071    0.3490625000E+001    0.1859375000E+001
 0.0808081    0.3567187500E+001    0.1964062500E+001
 0.0909091    0.3776562500E+001    0.1964062500E+001
 0.1010101    0.3678125000E+001    0.1881250000E+001
 0.1111111    0.3870312500E+001    0.1979687500E+001
 0.1212121    0.3853125000E+001    0.1878125000E+001
 0.1313131    0.3945312500E+001    0.1951562500E+001
 0.1414141    0.3965625000E+001    0.1964062500E+001
 0.1515152    0.3993750000E+001    0.1946875000E+001
 0.1616162    0.4075000000E+001    0.1976562500E+001
 0.1717172    0.4045312500E+001    0.1896875000E+001
 0.1818182    0.3875000000E+001    0.1920312500E+001
 0.1919192    0.4018750000E+001    0.1879687500E+001
 0.2020202    0.3942187500E+001    0.1796875000E+001
 0.2121212    0.3881250000E+001    0.1756250000E+001
 0.2222222    0.3835937500E+001    0.1848437500E+001
 0.2323232    0.3604687500E+001    0.1875000000E+001
 0.2424242    0.3818750000E+001    0.1793750000E+001
 0.2525253    0.3604687500E+001    0.1834375000E+001
 0.2626263    0.3507812500E+001    0.1715625000E+001
 0.2727273    0.3484375000E+001    0.1642187500E+001
 0.2828283    0.3368750000E+001    0.1650000000E+001
 0.2929293    0.3235937500E+001    0.1678125000E+001
 0.3030303    0.3117187500E+001    0.1576562500E+001
 0.3131313    0.3125000000E+001    0.1559375000E+001
 0.3232323    0.3003125000E+001    0.1667187500E+001
 0.3333333    0.2890625000E+001    0.1575000000E+001
 0.3434343    0.2829687500E+001    0.1509375000E+001
 0.3535354    0.2642187500E+001    0.1471875000E+001
 0.3636364    0.2631250000E+001    0.1621875000E+001
 0.3737374    0.2467187500E+001    0.1464062500E+001
 0.3838384    0.2410937500E+001    0.1443750000E+001
 0.3939394    0.2345312500E+001    0.1476562500E+001
 0.4040404    0.2228125000E+001    0.1451562500E+001
 0.4141414    0.2135937500E+001    0.1350000000E+001
 0.4242424    0.2034375000E+001    0.1284375000E+001
 0.4343434    0.1853125000E+001    0.1384375000E+001
 0.4444444    0.1740625000E+001    0.1332812500E+001
 0.4545455    0.1628125000E+001    0.1248437500E+001
 0.4646465    0.1489062500E+001    0.1262500000E+001
 0.4747475    0.1434375000E+001    0.1217187500E+001
 0.4848485    0.1339062500E+001    0.1162500000E+001
 0.4949495    0.1217187500E+001    0.1184375000E+001
 0.5050505    0.1198437500E+001    0.1226562500E+001
 0.5151515    0.1154687500E+001    0.1115625000E+001
 0.5252525    0.1226562500E+001    0.1271875000E+001
 0.5353535    0.1060937500E+001    0.1189062500E+001
 0.5454545    0.1114062500E+001    0.1148437500E+001
 0.5555556    0.1068750000E+001    0.1140625000E+001
 0.5656566    0.1098437500E+001    0.1107812500E+001
 0.5757576    0.1090625000E+001    0.1129687500E+001
 0.5858586    0.1137500000E+001    0.1095312500E+001
 0.5959596    0.1159375000E+001    0.1204687500E+001
 0.6060606    0.9750000000E+000    0.1164062500E+001
 0.6161616    0.1081250000E+001    0.1173437500E+001
 0.6262626    0.1003125000E+001    0.1070312500E+001
 0.6363636    0.1032812500E+001    0.1167187500E+001
 0.6464646    0.1070312500E+001    0.1179687500E+001
 0.6565657    0.1139062500E+001    0.1129687500E+001
 0.6666667    0.9968750000E+000    0.1218750000E+001
 0.6767677    0.9734375000E+000    0.1109375000E+001
 0.6868687    0.1020312500E+001    0.1110937500E+001
 0.6969697    0.9609375000E+000    0.1220312500E+001
 0.7070707    0.8921875000E+000    0.1103125000E+001
 0.7171717    0.8703125000E+000    0.1085937500E+001
 0.7272727    0.8578125000E+000    0.1017187500E+001
 0.7373737    0.8765625000E+000    0.1126562500E+001
 0.7474747    0.8453125000E+000    0.1140625000E+001
 0.7575758    0.8312500000E+000    0.1095312500E+001
 0.7676768    0.7828125000E+000    0.1118750000E+001
 0.7777778    0.7671875000E+000    0.1146875000E+001
 0.7878788    0.6921875000E+000    0.1050000000E+001
 0.7979798    0.7343750000E+000    0.1087500000E+001
 0.8080808    0.6984375000E+000    0.1121875000E+001
 0.8181818    0.6296875000E+000    0.1078125000E+001
 0.8282828    0.5859375000E+000    0.1079687500E+001
 0.8383838    0.6015625000E+000    0.1117187500E+001
 0.8484848    0.6234375000E+000    0.1154687500E+001
 0.8585859    0.4734375000E+000    0.1056250000E+001
 0.8686869    0.4281250000E+000    0.9953125000E+000
 0.8787879    0.5359375000E+000    0.1154687500E+001
 0.8888889    0.3859375000E+000    0.1117187500E+001
 0.8989899    0.3359375000E+000    0.1043750000E+001
 0.9090909    0.4000000000E+000    0.1154687500E+001
 0.9191919    0.2812500000E+000    0.1073437500E+001
 0.9292929    0.2265625000E+000    0.1034375000E+001
 0.9393939    0.2171875000E+000    0.1093750000E+001
 0.9494949    0.2453125000E+000    0.1125000000E+001
 0.9595960    0.1250000000E+000    0.1092187500E+001
 0.9696970    0.5468750000E-001    0.1003125000E+001
 0.9797980    0.4687500000E-002    0.1040625000E+001
 0.9898990    0.0000000000E+000    0.1064062500E+001
 1.0000000    0.3125000000E-002    0.1084375000E+001


# Weightfunction after cycle       9616
 0.0000000    0.3254296875E+001    0.2101953125E+001
 0.0101010    0.3242187500E+001    0.2072656250E+001
 0.0202020    0.3180078125E+001    0.1996093750E+001
 0.0303030    0.3203125000E+001    0.1985156250E+001
 0.0404040    0.3299218750E+001    0.2078906250E+001
 0.0505051    0.3357031250E+001    0.2081250000E+001
 0.0606061    0.3443359375E+001    0.2060937500E+001
 0.0707071    0.3453906250E+001    0.2014062500E+001
 0.0808081    0.3539453125E+001    0.2096875000E+001
 0.0909091    0.3592578125E+001    0.2003125000E+001
 0.1010101    0.3700781250E+001    0.2090625000E+001
 0.1111111    0.3740625000E+001    0.2062500000E+001
 0.1212121    0.3729687500E+001    0.1980468750E+001
 0.1313131    0.3796093750E+001    0.2040234375E+001
 0.1414141    0.3834765625E+001    0.2082812500E+001
 0.1515152    0.3833203125E+001    0.2034375000E+001
 0.1616162    0.3890625000E+001    0.2018359375E+001
 0.1717172    0.3866796875E+001    0.1987890625E+001
 0.1818182    0.3881640625E+001    0.2039843750E+001
 0.1919192    0.3833203125E+001    0.2003125000E+001
 0.2020202    0.3799218750E+001    0.1887109375E+001
 0.2121212    0.3759375000E+001    0.1921484375E+001
 0.2222222    0.3717968750E+001    0.1886328125E+001
 0.2323232    0.3646484375E+001    0.1950000000E+001
 0.2424242    0.3588281250E+001    0.1868750000E+001
 0.2525253    0.3525000000E+001    0.1840625000E+001
 0.2626263    0.3412890625E+001    0.1785937500E+001
 0.2727273    0.3368750000E+001    0.1780078125E+001
 0.2828283    0.3330859375E+001    0.1763281250E+001
 0.2929293    0.3169921875E+001    0.1759765625E+001
 0.3030303    0.3103125000E+001    0.1786328125E+001
 0.3131313    0.3050000000E+001    0.1677343750E+001
 0.3232323    0.2987109375E+001    0.1716015625E+001
 0.3333333    0.2966406250E+001    0.1659765625E+001
 0.3434343    0.2733984375E+001    0.1619531250E+001
 0.3535354    0.2685546875E+001    0.1609765625E+001
 0.3636364    0.2545312500E+001    0.1612500000E+001
 0.3737374    0.2493359375E+001    0.1542187500E+001
 0.3838384    0.2364843750E+001    0.1536328125E+001
 0.3939394    0.2334765625E+001    0.1537890625E+001
 0.4040404    0.2182421875E+001    0.1487890625E+001
 0.4141414    0.2054296875E+001    0.1472265625E+001
 0.4242424    0.2010156250E+001    0.1457031250E+001
 0.4343434    0.1841406250E+001    0.1403906250E+001
 0.4444444    0.1835546875E+001    0.1402343750E+001
 0.4545455    0.1707421875E+001    0.1370312500E+001
 0.4646465    0.1558593750E+001    0.1327343750E+001
 0.4747475    0.1454687500E+001    0.1282421875E+001
 0.4848485    0.1362500000E+001    0.1221093750E+001
 0.4949495    0.1260546875E+001    0.1222265625E+001
 0.5050505    0.1191796875E+001    0.1214062500E+001
 0.5151515    0.1176562500E+001    0.1210937500E+001
 0.5252525    0.1164843750E+001    0.1268359375E+001
 0.5353535    0.1155468750E+001    0.1185546875E+001
 0.5454545    0.1233984375E+001    0.1243750000E+001
 0.5555556    0.1171093750E+001    0.1188281250E+001
 0.5656566    0.1185937500E+001    0.1184375000E+001
 0.5757576    0.1162890625E+001    0.1197265625E+001
 0.5858586    0.1170312500E+001    0.1167968750E+001
 0.5959596    0.1125781250E+001    0.1206640625E+001
 0.6060606    0.1065234375E+001    0.1197265625E+001
 0.6161616    0.1135156250E+001    0.1170703125E+001
 0.6262626    0.1102343750E+001    0.1207031250E+001
 0.6363636    0.1085546875E+001    0.1218750000E+001
 0.6464646    0.1057421875E+001    0.1205468750E+001
 0.6565657    0.1031250000E+001    0.1169140625E+001
 0.6666667    0.1066015625E+001    0.1216015625E+001
 0.6767677    0.9937500000E+000    0.1160937500E+001
 0.6868687    0.1003906250E+001    0.1208203125E+001
 0.6969697    0.1033203125E+001    0.1213671875E+001
 0.7070707    0.9203125000E+000    0.1151562500E+001
 0.7171717    0.9531250000E+000    0.1191015625E+001
 0.7272727    0.9484375000E+000    0.1185546875E+001
 0.7373737    0.8949218750E+000    0.1146484375E+001
 0.7474747    0.8925781250E+000    0.1176171875E+001
 0.7575758    0.8496093750E+000    0.1147656250E+001
 0.7676768    0.7945312500E+000    0.1147656250E+001
 0.7777778    0.7863281250E+000    0.1159765625E+001
 0.7878788    0.7562500000E+000    0.1130859375E+001
 0.7979798    0.7417968750E+000    0.1151953125E+001
 0.8080808    0.6964843750E+000    0.1112890625E+001
 0.8181818    0.6699218750E+000    0.1121484375E+001
 0.8282828    0.6437500000E+000    0.1130078125E+001
 0.8383838    0.5996093750E+000    0.1099218750E+001
 0.8484848    0.5734375000E+000    0.1119531250E+001
 0.8585859    0.5562500000E+000    0.1107812500E+001
 0.8686869    0.5382812500E+000    0.1136328125E+001
 0.8787879    0.4917968750E+000    0.1158984375E+001
 0.8888889    0.4750000000E+000    0.1094921875E+001
 0.8989899    0.4167968750E+000    0.1108984375E+001
 0.9090909    0.3742187500E+000    0.1099218750E+001
 0.9191919    0.3156250000E+000    0.1073437500E+001
 0.9292929    0.2843750000E+000    0.1062500000E+001
 0.9393939    0.2941406250E+000    0.1099609375E+001
 0.9494949    0.1664062500E+000    0.1057812500E+001
 0.9595960    0.1628906250E+000    0.1064453125E+001
 0.9696970    0.9375000000E-001    0.1019921875E+001
 0.9797980    0.8046875000E-001    0.1042187500E+001
 0.9898990    0.1679687500E-001    0.1008593750E+001
 1.0000000    0.0000000000E+000    0.1065625000E+001


# Weightfunction after cycle      15299
 0.0000000    0.3222558594E+001    0.2031835938E+001
 0.0101010    0.3188183594E+001    0.1987304688E+001
 0.0202020    0.3181640625E+001    0.1965527344E+001
 0.0303030    0.3193164063E+001    0.1961816406E+001
 0.0404040    0.3293945313E+001    0.2041210938E+001
 0.0505051    0.3334570313E+001    0.2034765625E+001
 0.0606061    0.3385156250E+001    0.2006347656E+001
 0.0707071    0.3452246094E+001    0.1996875000E+001
 0.0808081    0.3514355469E+001    0.2043945313E+001
 0.0909091    0.3593359375E+001    0.2002832031E+001
 0.1010101    0.3674511719E+001    0.2036914063E+001
 0.1111111    0.3696582031E+001    0.2020312500E+001
 0.1212121    0.3705957031E+001    0.1984863281E+001
 0.1313131    0.3764843750E+001    0.2005273438E+001
 0.1414141    0.3788671875E+001    0.2024902344E+001
 0.1515152    0.3840234375E+001    0.1966992188E+001
 0.1616162    0.3840039063E+001    0.1983593750E+001
 0.1717172    0.3801562500E+001    0.1949414063E+001
 0.1818182    0.3789160156E+001    0.1975488281E+001
 0.1919192    0.3785839844E+001    0.1939257813E+001
 0.2020202    0.3739355469E+001    0.1879003906E+001
 0.2121212    0.3689941406E+001    0.1907128906E+001
 0.2222222    0.3636523438E+001    0.1871582031E+001
 0.2323232    0.3555273438E+001    0.1901367188E+001
 0.2424242    0.3507812500E+001    0.1826855469E+001
 0.2525253    0.3445117188E+001    0.1790527344E+001
 0.2626263    0.3375976563E+001    0.1766601563E+001
 0.2727273    0.3300683594E+001    0.1752636719E+001
 0.2828283    0.3268652344E+001    0.1721582031E+001
 0.2929293    0.3095996094E+001    0.1721191406E+001
 0.3030303    0.3056152344E+001    0.1734570313E+001
 0.3131313    0.2992187500E+001    0.1668261719E+001
 0.3232323    0.2936914063E+001    0.1652148438E+001
 0.3333333    0.2861621094E+001    0.1617578125E+001
 0.3434343    0.2715625000E+001    0.1575781250E+001
 0.3535354    0.2641210938E+001    0.1572753906E+001
 0.3636364    0.2522460938E+001    0.1567187500E+001
 0.3737374    0.2423437500E+001    0.1509667969E+001
 0.3838384    0.2353417969E+001    0.1483203125E+001
 0.3939394    0.2289941406E+001    0.1465820313E+001
 0.4040404    0.2152343750E+001    0.1419140625E+001
 0.4141414    0.2029492188E+001    0.1423339844E+001
 0.4242424    0.1957714844E+001    0.1388183594E+001
 0.4343434    0.1855078125E+001    0.1362890625E+001
 0.4444444    0.1787695313E+001    0.1341015625E+001
 0.4545455    0.1652636719E+001    0.1319433594E+001
 0.4646465    0.1550488281E+001    0.1285546875E+001
 0.4747475    0.1457519531E+001    0.1223828125E+001
 0.4848485    0.1362597656E+001    0.1189843750E+001
 0.4949495    0.1234863281E+001    0.1156445313E+001
 0.5050505    0.1159375000E+001    0.1149609375E+001
 0.5151515    0.1158691406E+001    0.1170019531E+001
 0.5252525    0.1165039063E+001    0.1185839844E+001
 0.5353535    0.1146679688E+001    0.1142871094E+001
 0.5454545    0.1187890625E+001    0.1175195313E+001
 0.5555556    0.1141796875E+001    0.1144921875E+001
 0.5656566    0.1145117188E+001    0.1145996094E+001
 0.5757576    0.1153906250E+001    0.1142871094E+001
 0.5858586    0.1148925781E+001    0.1121191406E+001
 0.5959596    0.1110839844E+001    0.1162109375E+001
 0.6060606    0.1073828125E+001    0.1157910156E+001
 0.6161616    0.1128808594E+001    0.1119042969E+001
 0.6262626    0.1097167969E+001    0.1160546875E+001
 0.6363636    0.1087402344E+001    0.1167382813E+001
 0.6464646    0.1050195313E+001    0.1149902344E+001
 0.6565657    0.1033984375E+001    0.1120507813E+001
 0.6666667    0.1047949219E+001    0.1138476563E+001
 0.6767677    0.9931640625E+000    0.1100781250E+001
 0.6868687    0.9904296875E+000    0.1137207031E+001
 0.6969697    0.1010839844E+001    0.1132812500E+001
 0.7070707    0.9339843750E+000    0.1110937500E+001
 0.7171717    0.9104492188E+000    0.1129980469E+001
 0.7272727    0.9269531250E+000    0.1126660156E+001
 0.7373737    0.8729492188E+000    0.1105957031E+001
 0.7474747    0.8846679688E+000    0.1124023438E+001
 0.7575758    0.8478515625E+000    0.1100000000E+001
 0.7676768    0.8008789063E+000    0.1094726563E+001
 0.7777778    0.7801757813E+000    0.1109375000E+001
 0.7878788    0.7524414063E+000    0.1086621094E+001
 0.7979798    0.7325195313E+000    0.1093554688E+001
 0.8080808    0.6877929688E+000    0.1061914063E+001
 0.8181818    0.6530273438E+000    0.1060644531E+001
 0.8282828    0.6402343750E+000    0.1079492188E+001
 0.8383838    0.5895507813E+000    0.1044433594E+001
 0.8484848    0.5601562500E+000    0.1055078125E+001
 0.8585859    0.5275390625E+000    0.1031054688E+001
 0.8686869    0.5283203125E+000    0.1077343750E+001
 0.8787879    0.4791015625E+000    0.1077441406E+001
 0.8888889    0.4503906250E+000    0.1035253906E+001
 0.8989899    0.3814453125E+000    0.1031250000E+001
 0.9090909    0.3619140625E+000    0.1034960938E+001
 0.9191919    0.3215820313E+000    0.1027734375E+001
 0.9292929    0.2911132813E+000    0.1008691406E+001
 0.9393939    0.2578125000E+000    0.1024609375E+001
 0.9494949    0.1735351563E+000    0.9908203125E+000
 0.9595960    0.1415039063E+000    0.9839843750E+000
 0.9696970    0.8222656250E-001    0.9671875000E+000
 0.9797980    0.6894531250E-001    0.9772460938E+000
 0.9898990    0.1757812500E-001    0.9550781250E+000
 1.0000000    0.0000000000E+000    0.9865234375E+000


# Weightfunction after cycle      73466
 0.0000000    0.3181762695E+001    0.1863085937E+001
 0.0101010    0.3173437500E+001    0.1842578125E+001
 0.0202020    0.3182080078E+001    0.1839819336E+001
 0.0303030    0.3222753906E+001    0.1862255859E+001
 0.0404040    0.3267236328E+001    0.1863525391E+001
 0.0505051    0.3313256836E+001    0.1870898437E+001
 0.0606061    0.3380322266E+001    0.1857714844E+001
 0.0707071    0.3441821289E+001    0.1868676758E+001
 0.0808081    0.3522460937E+001    0.1886083984E+001
 0.0909091    0.3594775391E+001    0.1866308594E+001
 0.1010101    0.3669946289E+001    0.1876049805E+001
 0.1111111    0.3710375977E+001    0.1860668945E+001
 0.1212121    0.3768920898E+001    0.1857666016E+001
 0.1313131    0.3815429687E+001    0.1853833008E+001
 0.1414141    0.3846948242E+001    0.1860668945E+001
 0.1515152    0.3875390625E+001    0.1828027344E+001
 0.1616162    0.3868286133E+001    0.1835180664E+001
 0.1717172    0.3863647461E+001    0.1813867187E+001
 0.1818182    0.3845239258E+001    0.1803466797E+001
 0.1919192    0.3825976562E+001    0.1790625000E+001
 0.2020202    0.3797827148E+001    0.1747973633E+001
 0.2121212    0.3761059570E+001    0.1735253906E+001
 0.2222222    0.3699511719E+001    0.1724829102E+001
 0.2323232    0.3625390625E+001    0.1720483398E+001
 0.2424242    0.3573193359E+001    0.1680493164E+001
 0.2525253    0.3523657227E+001    0.1661865234E+001
 0.2626263    0.3450512695E+001    0.1630615234E+001
 0.2727273    0.3361718750E+001    0.1628002930E+001
 0.2828283    0.3307666016E+001    0.1586523437E+001
 0.2929293    0.3209814453E+001    0.1579077148E+001
 0.3030303    0.3136181641E+001    0.1547900391E+001
 0.3131313    0.3055249023E+001    0.1509594727E+001
 0.3232323    0.2975341797E+001    0.1483129883E+001
 0.3333333    0.2884399414E+001    0.1462866211E+001
 0.3434343    0.2789575195E+001    0.1438818359E+001
 0.3535354    0.2700976562E+001    0.1432910156E+001
 0.3636364    0.2604272461E+001    0.1397460938E+001
 0.3737374    0.2503662109E+001    0.1355493164E+001
 0.3838384    0.2408129883E+001    0.1327783203E+001
 0.3939394    0.2315551758E+001    0.1309521484E+001
 0.4040404    0.2210034180E+001    0.1273657227E+001
 0.4141414    0.2095922852E+001    0.1250146484E+001
 0.4242424    0.2007421875E+001    0.1219897461E+001
 0.4343434    0.1900659180E+001    0.1195581055E+001
 0.4444444    0.1811645508E+001    0.1161767578E+001
 0.4545455    0.1693261719E+001    0.1141040039E+001
 0.4646465    0.1591796875E+001    0.1103955078E+001
 0.4747475    0.1486962891E+001    0.1066503906E+001
 0.4848485    0.1386889648E+001    0.1027539063E+001
 0.4949495    0.1266552734E+001    0.9983642578E+000
 0.5050505    0.1199072266E+001    0.9853515625E+000
 0.5151515    0.1199072266E+001    0.9845703125E+000
 0.5252525    0.1200976563E+001    0.1003662109E+001
 0.5353535    0.1184765625E+001    0.9994140625E+000
 0.5454545    0.1203100586E+001    0.9866699219E+000
 0.5555556    0.1173339844E+001    0.9876220703E+000
 0.5656566    0.1171606445E+001    0.9880126953E+000
 0.5757576    0.1172924805E+001    0.9823242188E+000
 0.5858586    0.1162402344E+001    0.9854736328E+000
 0.5959596    0.1156152344E+001    0.9855224609E+000
 0.6060606    0.1130786133E+001    0.9868652344E+000
 0.6161616    0.1134643555E+001    0.9700439453E+000
 0.6262626    0.1109082031E+001    0.9820800781E+000
 0.6363636    0.1105395508E+001    0.9777343750E+000
 0.6464646    0.1086206055E+001    0.9777099609E+000
 0.6565657    0.1067529297E+001    0.9612304688E+000
 0.6666667    0.1058520508E+001    0.9755859375E+000
 0.6767677    0.1036401367E+001    0.9570312500E+000
 0.6868687    0.1015380859E+001    0.9754882813E+000
 0.6969697    0.9999511719E+000    0.9531250000E+000
 0.7070707    0.9682861328E+000    0.9498535156E+000
 0.7171717    0.9606933594E+000    0.9614257813E+000
 0.7272727    0.9377685547E+000    0.9491455078E+000
 0.7373737    0.9069580078E+000    0.9509765625E+000
 0.7474747    0.8976562500E+000    0.9466552734E+000
 0.7575758    0.8724121094E+000    0.9481445313E+000
 0.7676768    0.8412841797E+000    0.9384277344E+000
 0.7777778    0.8004150391E+000    0.9288085938E+000
 0.7878788    0.7821289063E+000    0.9320556641E+000
 0.7979798    0.7474609375E+000    0.9223388672E+000
 0.8080808    0.7185058594E+000    0.9193359375E+000
 0.8181818    0.6846435547E+000    0.9091064453E+000
 0.8282828    0.6501953125E+000    0.9042236328E+000
 0.8383838    0.6186035156E+000    0.9017578125E+000
 0.8484848    0.5913085938E+000    0.9002197266E+000
 0.8585859    0.5493896484E+000    0.8807373047E+000
 0.8686869    0.5301513672E+000    0.8940185547E+000
 0.8787879    0.4896240234E+000    0.8872802734E+000
 0.8888889    0.4441162109E+000    0.8619140625E+000
 0.8989899    0.4047119141E+000    0.8635253906E+000
 0.9090909    0.3758300781E+000    0.8649902344E+000
 0.9191919    0.3140869141E+000    0.8476074219E+000
 0.9292929    0.2836425781E+000    0.8316406250E+000
 0.9393939    0.2541015625E+000    0.8540039063E+000
 0.9494949    0.1948242188E+000    0.8312011719E+000
 0.9595960    0.1607910156E+000    0.8234130859E+000
 0.9696970    0.1087890625E+000    0.8195312500E+000
 0.9797980    0.6601562500E-001    0.8133789063E+000
 0.9898990    0.1235351563E-001    0.7957031250E+000
 1.0000000    0.0000000000E+000    0.8018798828E+000


# Weightfunction after cycle      82752
 0.0000000    0.3173608398E+001    0.1859204102E+001
 0.0101010    0.3166784668E+001    0.1840802002E+001
 0.0202020    0.3179016113E+001    0.1840716553E+001
 0.0303030    0.3214959717E+001    0.1859033203E+001
 0.0404040    0.3260394287E+001    0.1861413574E+001
 0.0505051    0.3310351562E+001    0.1869995117E+001
 0.0606061    0.3375775146E+001    0.1858056641E+001
 0.0707071    0.3437988281E+001    0.1869549561E+001
 0.0808081    0.3516595459E+001    0.1883319092E+001
 0.0909091    0.3588409424E+001    0.1867376709E+001
 0.1010101    0.3662872314E+001    0.1875579834E+001
 0.1111111    0.3702783203E+001    0.1860943604E+001
 0.1212121    0.3762402344E+001    0.1855004883E+001
 0.1313131    0.3806097412E+001    0.1852355957E+001
 0.1414141    0.3841235352E+001    0.1858923340E+001
 0.1515152    0.3868542480E+001    0.1825006104E+001
 0.1616162    0.3860089111E+001    0.1832635498E+001
 0.1717172    0.3858209229E+001    0.1812902832E+001
 0.1818182    0.3838159180E+001    0.1802270508E+001
 0.1919192    0.3816986084E+001    0.1789050293E+001
 0.2020202    0.3786767578E+001    0.1748138428E+001
 0.2121212    0.3753753662E+001    0.1732293701E+001
 0.2222222    0.3691906738E+001    0.1723840332E+001
 0.2323232    0.3621264648E+001    0.1718725586E+001
 0.2424242    0.3566937256E+001    0.1679919434E+001
 0.2525253    0.3517742920E+001    0.1658673096E+001
 0.2626263    0.3443841553E+001    0.1628198242E+001
 0.2727273    0.3355493164E+001    0.1624468994E+001
 0.2828283    0.3301239014E+001    0.1584124756E+001
 0.2929293    0.3204034424E+001    0.1575518799E+001
 0.3030303    0.3127642822E+001    0.1545104980E+001
 0.3131313    0.3047906494E+001    0.1506689453E+001
 0.3232323    0.2968231201E+001    0.1481561279E+001
 0.3333333    0.2877624512E+001    0.1462030029E+001
 0.3434343    0.2783850098E+001    0.1436981201E+001
 0.3535354    0.2694366455E+001    0.1430187988E+001
 0.3636364    0.2598443604E+001    0.1394171143E+001
 0.3737374    0.2497283936E+001    0.1352832031E+001
 0.3838384    0.2401531982E+001    0.1327026367E+001
 0.3939394    0.2309484863E+001    0.1305694580E+001
 0.4040404    0.2203576660E+001    0.1272851563E+001
 0.4141414    0.2091394043E+001    0.1247094727E+001
 0.4242424    0.2002374268E+001    0.1219165039E+001
 0.4343434    0.1897357178E+001    0.1190405273E+001
 0.4444444    0.1806573486E+001    0.1157867432E+001
 0.4545455    0.1686761475E+001    0.1138488770E+001
 0.4646465    0.1585888672E+001    0.1101928711E+001
 0.4747475    0.1482781982E+001    0.1062829590E+001
 0.4848485    0.1381359863E+001    0.1026800537E+001
 0.4949495    0.1262042236E+001    0.9961547852E+000
 0.5050505    0.1196197510E+001    0.9834838867E+000
 0.5151515    0.1194848633E+001    0.9832519531E+000
 0.5252525    0.1197204590E+001    0.9995666504E+000
 0.5353535    0.1181341553E+001    0.9969787598E+000
 0.5454545    0.1197644043E+001    0.9828552246E+000
 0.5555556    0.1170513916E+001    0.9844909668E+000
 0.5656566    0.1167559814E+001    0.9867126465E+000
 0.5757576    0.1168017578E+001    0.9796386719E+000
 0.5858586    0.1158135986E+001    0.9849304199E+000
 0.5959596    0.1151892090E+001    0.9845214844E+000
 0.6060606    0.1127331543E+001    0.9830993652E+000
 0.6161616    0.1131762695E+001    0.9674621582E+000
 0.6262626    0.1105963135E+001    0.9806762695E+000
 0.6363636    0.1103198242E+001    0.9759460449E+000
 0.6464646    0.1083923340E+001    0.9748779297E+000
 0.6565657    0.1062860107E+001    0.9582580566E+000
 0.6666667    0.1055859375E+001    0.9735046387E+000
 0.6767677    0.1033020020E+001    0.9544494629E+000
 0.6868687    0.1012780762E+001    0.9738647461E+000
 0.6969697    0.9943908691E+000    0.9510192871E+000
 0.7070707    0.9657043457E+000    0.9479309082E+000
 0.7171717    0.9578308105E+000    0.9586853027E+000
 0.7272727    0.9332946777E+000    0.9466552734E+000
 0.7373737    0.9050231934E+000    0.9482177734E+000
 0.7474747    0.8950683594E+000    0.9453857422E+000
 0.7575758    0.8713073730E+000    0.9461608887E+000
 0.7676768    0.8382141113E+000    0.9360046387E+000
 0.7777778    0.7989440918E+000    0.9264221191E+000
 0.7878788    0.7800720215E+000    0.9293518066E+000
 0.7979798    0.7457885742E+000    0.9213989258E+000
 0.8080808    0.7174377441E+000    0.9173461914E+000
 0.8181818    0.6839843750E+000    0.9080200195E+000
 0.8282828    0.6479614258E+000    0.9011474609E+000
 0.8383838    0.6163391113E+000    0.8990051270E+000
 0.8484848    0.5886840820E+000    0.8969177246E+000
 0.8585859    0.5502441406E+000    0.8800292969E+000
 0.8686869    0.5298217773E+000    0.8924072266E+000
 0.8787879    0.4880615234E+000    0.8841430664E+000
 0.8888889    0.4440673828E+000    0.8608032227E+000
 0.8989899    0.4037719727E+000    0.8612060547E+000
 0.9090909    0.3735534668E+000    0.8607482910E+000
 0.9191919    0.3141479492E+000    0.8460876465E+000
 0.9292929    0.2829406738E+000    0.8304809570E+000
 0.9393939    0.2527832031E+000    0.8500854492E+000
 0.9494949    0.1954528809E+000    0.8298583984E+000
 0.9595960    0.1613586426E+000    0.8221313477E+000
 0.9696970    0.1082885742E+000    0.8155822754E+000
 0.9797980    0.6541137695E-001    0.8107421875E+000
 0.9898990    0.1160278320E-001    0.7921142578E+000
 1.0000000    0.0000000000E+000    0.7980529785E+000


