# Evolution of the weightfunction during equilibration phase for fractional: Ar
# Weightfunction after cycle        251
 0.0000000    0.3500000000E+001    0.2000000000E+001
 0.0101010    0.3900000000E+001    0.2300000000E+001
 0.0202020    0.3200000000E+001    0.2000000000E+001
 0.0303030    0.3100000000E+001    0.1700000000E+001
 0.0404040    0.2900000000E+001    0.1000000000E+001
 0.0505051    0.2700000000E+001    0.1000000000E+001
 0.0606061    0.4400000000E+001    0.2300000000E+001
 0.0707071    0.3300000000E+001    0.9000000000E+000
 0.0808081    0.2500000000E+001    0.1300000000E+001
 0.0909091    0.3500000000E+001    0.2000000000E+001
 0.1010101    0.4500000000E+001    0.1900000000E+001
 0.1111111    0.3400000000E+001    0.1300000000E+001
 0.1212121    0.4800000000E+001    0.2200000000E+001
 0.1313131    0.4200000000E+001    0.2000000000E+001
 0.1414141    0.3800000000E+001    0.1400000000E+001
 0.1515152    0.4300000000E+001    0.2400000000E+001
 0.1616162    0.4100000000E+001    0.1700000000E+001
 0.1717172    0.4300000000E+001    0.1400000000E+001
 0.1818182    0.3700000000E+001    0.1100000000E+001
 0.1919192    0.3800000000E+001    0.2400000000E+001
 0.2020202    0.4500000000E+001    0.1500000000E+001
 0.2121212    0.3600000000E+001    0.1800000000E+001
 0.2222222    0.3600000000E+001    0.1900000000E+001
 0.2323232    0.4100000000E+001    0.1300000000E+001
 0.2424242    0.4900000000E+001    0.2200000000E+001
 0.2525253    0.3900000000E+001    0.2100000000E+001
 0.2626263    0.5200000000E+001    0.2500000000E+001
 0.2727273    0.4300000000E+001    0.1700000000E+001
 0.2828283    0.4700000000E+001    0.1900000000E+001
 0.2929293    0.4000000000E+001    0.1700000000E+001
 0.3030303    0.4600000000E+001    0.1900000000E+001
 0.3131313    0.4300000000E+001    0.1200000000E+001
 0.3232323    0.3200000000E+001    0.1600000000E+001
 0.3333333    0.4100000000E+001    0.1600000000E+001
 0.3434343    0.2600000000E+001    0.2200000000E+001
 0.3535354    0.4500000000E+001    0.1200000000E+001
 0.3636364    0.5300000000E+001    0.1800000000E+001
 0.3737374    0.3600000000E+001    0.1800000000E+001
 0.3838384    0.3500000000E+001    0.1500000000E+001
 0.3939394    0.4100000000E+001    0.1200000000E+001
 0.4040404    0.3800000000E+001    0.2000000000E+001
 0.4141414    0.4600000000E+001    0.2300000000E+001
 0.4242424    0.3400000000E+001    0.1500000000E+001
 0.4343434    0.4500000000E+001    0.1700000000E+001
 0.4444444    0.2900000000E+001    0.1900000000E+001
 0.4545455    0.5000000000E+001    0.1200000000E+001
 0.4646465    0.4000000000E+001    0.9000000000E+000
 0.4747475    0.3600000000E+001    0.1400000000E+001
 0.4848485    0.3000000000E+001    0.1300000000E+001
 0.4949495    0.3000000000E+001    0.1600000000E+001
 0.5050505    0.2200000000E+001    0.0000000000E+000
 0.5151515    0.2900000000E+001    0.1800000000E+001
 0.5252525    0.4400000000E+001    0.1000000000E+001
 0.5353535    0.3500000000E+001    0.1700000000E+001
 0.5454545    0.4300000000E+001    0.9000000000E+000
 0.5555556    0.3400000000E+001    0.1500000000E+001
 0.5656566    0.4100000000E+001    0.2000000000E+001
 0.5757576    0.2900000000E+001    0.1100000000E+001
 0.5858586    0.3600000000E+001    0.1600000000E+001
 0.5959596    0.3200000000E+001    0.6000000000E+000
 0.6060606    0.3600000000E+001    0.1400000000E+001
 0.6161616    0.3100000000E+001    0.1500000000E+001
 0.6262626    0.2200000000E+001    0.1800000000E+001
 0.6363636    0.2800000000E+001    0.1800000000E+001
 0.6464646    0.3600000000E+001    0.7000000000E+000
 0.6565657    0.2800000000E+001    0.1800000000E+001
 0.6666667    0.4300000000E+001    0.1600000000E+001
 0.6767677    0.3600000000E+001    0.1600000000E+001
 0.6868687    0.3200000000E+001    0.1100000000E+001
 0.6969697    0.3100000000E+001    0.1600000000E+001
 0.7070707    0.3700000000E+001    0.1800000000E+001
 0.7171717    0.3500000000E+001    0.1900000000E+001
 0.7272727    0.3300000000E+001    0.1700000000E+001
 0.7373737    0.3400000000E+001    0.1800000000E+001
 0.7474747    0.2500000000E+001    0.9000000000E+000
 0.7575758    0.3300000000E+001    0.1900000000E+001
 0.7676768    0.3200000000E+001    0.1400000000E+001
 0.7777778    0.3300000000E+001    0.1600000000E+001
 0.7878788    0.4100000000E+001    0.1800000000E+001
 0.7979798    0.3500000000E+001    0.1800000000E+001
 0.8080808    0.2400000000E+001    0.9000000000E+000
 0.8181818    0.4400000000E+001    0.2700000000E+001
 0.8282828    0.2400000000E+001    0.5000000000E+000
 0.8383838    0.2900000000E+001    0.1300000000E+001
 0.8484848    0.2300000000E+001    0.6000000000E+000
 0.8585859    0.3200000000E+001    0.1600000000E+001
 0.8686869    0.3800000000E+001    0.1500000000E+001
 0.8787879    0.3100000000E+001    0.1100000000E+001
 0.8888889    0.4300000000E+001    0.2500000000E+001
 0.8989899    0.3300000000E+001    0.1900000000E+001
 0.9090909    0.2900000000E+001    0.1200000000E+001
 0.9191919    0.3700000000E+001    0.1600000000E+001
 0.9292929    0.2900000000E+001    0.1000000000E+001
 0.9393939    0.2600000000E+001    0.5000000000E+000
 0.9494949    0.2500000000E+001    0.9000000000E+000
 0.9595960    0.2400000000E+001    0.7000000000E+000
 0.9696970    0.3300000000E+001    0.1400000000E+001
 0.9797980    0.3300000000E+001    0.1500000000E+001
 0.9898990    0.2100000000E+001    0.8000000000E+000
 1.0000000    0.2800000000E+001    0.6000000000E+000


# Weightfunction after cycle        864
 0.0000000    0.2525000000E+001    0.7750000000E+000
 0.0101010    0.2200000000E+001    0.6250000000E+000
 0.0202020    0.2200000000E+001    0.6750000000E+000
 0.0303030    0.1675000000E+001    0.4500000000E+000
 0.0404040    0.2175000000E+001    0.7500000000E+000
 0.0505051    0.2200000000E+001    0.8750000000E+000
 0.0606061    0.1925000000E+001    0.6250000000E+000
 0.0707071    0.2225000000E+001    0.5500000000E+000
 0.0808081    0.2250000000E+001    0.6250000000E+000
 0.0909091    0.2250000000E+001    0.2500000000E+000
 0.1010101    0.2625000000E+001    0.8750000000E+000
 0.1111111    0.2450000000E+001    0.4250000000E+000
 0.1212121    0.2750000000E+001    0.5000000000E+000
 0.1313131    0.3175000000E+001    0.9500000000E+000
 0.1414141    0.2975000000E+001    0.7250000000E+000
 0.1515152    0.3075000000E+001    0.4250000000E+000
 0.1616162    0.3200000000E+001    0.8000000000E+000
 0.1717172    0.3125000000E+001    0.3250000000E+000
 0.1818182    0.3450000000E+001    0.7250000000E+000
 0.1919192    0.2900000000E+001    0.6750000000E+000
 0.2020202    0.2900000000E+001    0.5750000000E+000
 0.2121212    0.3200000000E+001    0.6000000000E+000
 0.2222222    0.3475000000E+001    0.6000000000E+000
 0.2323232    0.3000000000E+001    0.4000000000E+000
 0.2424242    0.3250000000E+001    0.3500000000E+000
 0.2525253    0.3525000000E+001    0.4750000000E+000
 0.2626263    0.3200000000E+001    0.4000000000E+000
 0.2727273    0.3425000000E+001    0.6500000000E+000
 0.2828283    0.2975000000E+001    0.5250000000E+000
 0.2929293    0.2925000000E+001    0.7250000000E+000
 0.3030303    0.3600000000E+001    0.3750000000E+000
 0.3131313    0.2700000000E+001    0.7500000000E-001
 0.3232323    0.3375000000E+001    0.5750000000E+000
 0.3333333    0.2650000000E+001    0.5000000000E+000
 0.3434343    0.3075000000E+001    0.1500000000E+000
 0.3535354    0.2775000000E+001    0.2500000000E+000
 0.3636364    0.2500000000E+001    0.5250000000E+000
 0.3737374    0.2750000000E+001    0.1000000000E+001
 0.3838384    0.2275000000E+001    0.2750000000E+000
 0.3939394    0.3025000000E+001    0.7000000000E+000
 0.4040404    0.2575000000E+001    0.5000000000E-001
 0.4141414    0.2800000000E+001    0.5000000000E-001
 0.4242424    0.2525000000E+001    0.6000000000E+000
 0.4343434    0.2600000000E+001    0.7000000000E+000
 0.4444444    0.2450000000E+001    0.7500000000E-001
 0.4545455    0.2300000000E+001    0.5750000000E+000
 0.4646465    0.2050000000E+001    0.5250000000E+000
 0.4747475    0.2150000000E+001    0.4500000000E+000
 0.4848485    0.2000000000E+001    0.4750000000E+000
 0.4949495    0.2100000000E+001    0.5250000000E+000
 0.5050505    0.2475000000E+001    0.3000000000E+000
 0.5151515    0.1600000000E+001    0.1250000000E+000
 0.5252525    0.2300000000E+001    0.2750000000E+000
 0.5353535    0.2325000000E+001    0.2250000000E+000
 0.5454545    0.1900000000E+001    0.5250000000E+000
 0.5555556    0.1775000000E+001    0.2750000000E+000
 0.5656566    0.1625000000E+001    0.4250000000E+000
 0.5757576    0.2100000000E+001    0.5750000000E+000
 0.5858586    0.2050000000E+001    0.6250000000E+000
 0.5959596    0.1900000000E+001    0.7250000000E+000
 0.6060606    0.1900000000E+001    0.3500000000E+000
 0.6161616    0.1825000000E+001    0.5750000000E+000
 0.6262626    0.2150000000E+001    0.3000000000E+000
 0.6363636    0.1650000000E+001    0.5000000000E+000
 0.6464646    0.2175000000E+001    0.5250000000E+000
 0.6565657    0.1900000000E+001    0.3750000000E+000
 0.6666667    0.1975000000E+001    0.3000000000E+000
 0.6767677    0.1750000000E+001    0.1500000000E+000
 0.6868687    0.2200000000E+001    0.5000000000E+000
 0.6969697    0.2000000000E+001    0.0000000000E+000
 0.7070707    0.1825000000E+001    0.1250000000E+000
 0.7171717    0.2175000000E+001    0.5000000000E+000
 0.7272727    0.2050000000E+001    0.5000000000E+000
 0.7373737    0.1850000000E+001    0.1000000000E+000
 0.7474747    0.1825000000E+001    0.2750000000E+000
 0.7575758    0.1950000000E+001    0.3250000000E+000
 0.7676768    0.1775000000E+001    0.1250000000E+000
 0.7777778    0.2250000000E+001    0.8000000000E+000
 0.7878788    0.2075000000E+001    0.5250000000E+000
 0.7979798    0.2125000000E+001    0.5250000000E+000
 0.8080808    0.2075000000E+001    0.6250000000E+000
 0.8181818    0.1950000000E+001    0.3500000000E+000
 0.8282828    0.1750000000E+001    0.3500000000E+000
 0.8383838    0.2125000000E+001    0.5500000000E+000
 0.8484848    0.2050000000E+001    0.4750000000E+000
 0.8585859    0.2475000000E+001    0.1000000000E+001
 0.8686869    0.2225000000E+001    0.4000000000E+000
 0.8787879    0.2250000000E+001    0.7250000000E+000
 0.8888889    0.2150000000E+001    0.6750000000E+000
 0.8989899    0.2250000000E+001    0.8000000000E+000
 0.9090909    0.2350000000E+001    0.8750000000E+000
 0.9191919    0.2250000000E+001    0.1200000000E+001
 0.9292929    0.1975000000E+001    0.4500000000E+000
 0.9393939    0.2450000000E+001    0.8250000000E+000
 0.9494949    0.2325000000E+001    0.8500000000E+000
 0.9595960    0.1775000000E+001    0.3750000000E+000
 0.9696970    0.2600000000E+001    0.8250000000E+000
 0.9797980    0.1975000000E+001    0.4250000000E+000
 0.9898990    0.2250000000E+001    0.6500000000E+000
 1.0000000    0.2125000000E+001    0.5000000000E+000


# Weightfunction after cycle       1916
 0.0000000    0.1881250000E+001    0.3187500000E+000
 0.0101010    0.2000000000E+001    0.2750000000E+000
 0.0202020    0.2075000000E+001    0.5062500000E+000
 0.0303030    0.1856250000E+001    0.3312500000E+000
 0.0404040    0.2218750000E+001    0.6312500000E+000
 0.0505051    0.1918750000E+001    0.2687500000E+000
 0.0606061    0.2031250000E+001    0.2250000000E+000
 0.0707071    0.2293750000E+001    0.3375000000E+000
 0.0808081    0.2275000000E+001    0.4562500000E+000
 0.0909091    0.2212500000E+001    0.5312500000E+000
 0.1010101    0.2437500000E+001    0.4125000000E+000
 0.1111111    0.2462500000E+001    0.3625000000E+000
 0.1212121    0.2693750000E+001    0.4937500000E+000
 0.1313131    0.2675000000E+001    0.3562500000E+000
 0.1414141    0.2575000000E+001    0.3312500000E+000
 0.1515152    0.2818750000E+001    0.4687500000E+000
 0.1616162    0.2843750000E+001    0.5500000000E+000
 0.1717172    0.2768750000E+001    0.3687500000E+000
 0.1818182    0.2787500000E+001    0.2000000000E+000
 0.1919192    0.2981250000E+001    0.3375000000E+000
 0.2020202    0.2968750000E+001    0.4250000000E+000
 0.2121212    0.2931250000E+001    0.3937500000E+000
 0.2222222    0.2912500000E+001    0.3750000000E+000
 0.2323232    0.2925000000E+001    0.5062500000E+000
 0.2424242    0.3043750000E+001    0.5625000000E+000
 0.2525253    0.2843750000E+001    0.2937500000E+000
 0.2626263    0.2806250000E+001    0.2625000000E+000
 0.2727273    0.2862500000E+001    0.4437500000E+000
 0.2828283    0.2600000000E+001    0.3312500000E+000
 0.2929293    0.2575000000E+001    0.2875000000E+000
 0.3030303    0.2606250000E+001    0.4750000000E+000
 0.3131313    0.2581250000E+001    0.3750000000E+000
 0.3232323    0.2581250000E+001    0.2250000000E+000
 0.3333333    0.2537500000E+001    0.2750000000E+000
 0.3434343    0.2350000000E+001    0.2375000000E+000
 0.3535354    0.2400000000E+001    0.4687500000E+000
 0.3636364    0.2512500000E+001    0.2312500000E+000
 0.3737374    0.2325000000E+001    0.2750000000E+000
 0.3838384    0.2400000000E+001    0.2000000000E+000
 0.3939394    0.2387500000E+001    0.2937500000E+000
 0.4040404    0.2131250000E+001    0.1375000000E+000
 0.4141414    0.2187500000E+001    0.1500000000E+000
 0.4242424    0.1818750000E+001    0.1625000000E+000
 0.4343434    0.1975000000E+001    0.2312500000E+000
 0.4444444    0.1981250000E+001    0.1062500000E+000
 0.4545455    0.1993750000E+001    0.2437500000E+000
 0.4646465    0.1856250000E+001    0.1250000000E+000
 0.4747475    0.1756250000E+001    0.2875000000E+000
 0.4848485    0.1806250000E+001    0.3125000000E+000
 0.4949495    0.1643750000E+001    0.3312500000E+000
 0.5050505    0.1500000000E+001    0.2125000000E+000
 0.5151515    0.1718750000E+001    0.2562500000E+000
 0.5252525    0.1756250000E+001    0.9375000000E-001
 0.5353535    0.1712500000E+001    0.3125000000E-001
 0.5454545    0.1568750000E+001    0.1937500000E+000
 0.5555556    0.1500000000E+001    0.1812500000E+000
 0.5656566    0.1662500000E+001    0.5625000000E-001
 0.5757576    0.1618750000E+001    0.6250000000E-001
 0.5858586    0.1625000000E+001    0.1875000000E+000
 0.5959596    0.1581250000E+001    0.1000000000E+000
 0.6060606    0.1831250000E+001    0.1000000000E+000
 0.6161616    0.1618750000E+001    0.1062500000E+000
 0.6262626    0.1675000000E+001    0.1937500000E+000
 0.6363636    0.1556250000E+001    0.1750000000E+000
 0.6464646    0.1625000000E+001    0.6250000000E-002
 0.6565657    0.1475000000E+001    0.5000000000E-001
 0.6666667    0.1587500000E+001    0.0000000000E+000
 0.6767677    0.1468750000E+001    0.3750000000E-001
 0.6868687    0.1618750000E+001    0.1875000000E-001
 0.6969697    0.1681250000E+001    0.1500000000E+000
 0.7070707    0.1656250000E+001    0.1250000000E+000
 0.7171717    0.1537500000E+001    0.1750000000E+000
 0.7272727    0.1568750000E+001    0.1312500000E+000
 0.7373737    0.1531250000E+001    0.8125000000E-001
 0.7474747    0.1593750000E+001    0.7500000000E-001
 0.7575758    0.1562500000E+001    0.5000000000E-001
 0.7676768    0.1743750000E+001    0.2562500000E+000
 0.7777778    0.1562500000E+001    0.1125000000E+000
 0.7878788    0.1625000000E+001    0.2187500000E+000
 0.7979798    0.1481250000E+001    0.4375000000E-001
 0.8080808    0.1637500000E+001    0.2000000000E+000
 0.8181818    0.1462500000E+001    0.1250000000E+000
 0.8282828    0.1481250000E+001    0.4375000000E-001
 0.8383838    0.1525000000E+001    0.6875000000E-001
 0.8484848    0.1506250000E+001    0.8750000000E-001
 0.8585859    0.1643750000E+001    0.1687500000E+000
 0.8686869    0.1575000000E+001    0.3750000000E-001
 0.8787879    0.1500000000E+001    0.7500000000E-001
 0.8888889    0.1675000000E+001    0.1937500000E+000
 0.8989899    0.1587500000E+001    0.1062500000E+000
 0.9090909    0.1712500000E+001    0.2187500000E+000
 0.9191919    0.1618750000E+001    0.1875000000E+000
 0.9292929    0.1693750000E+001    0.2625000000E+000
 0.9393939    0.1756250000E+001    0.2625000000E+000
 0.9494949    0.1693750000E+001    0.3187500000E+000
 0.9595960    0.1768750000E+001    0.3625000000E+000
 0.9696970    0.1518750000E+001    0.3125000000E-001
 0.9797980    0.1456250000E+001    0.1250000000E+000
 0.9898990    0.1412500000E+001    0.3125000000E-001
 1.0000000    0.1693750000E+001    0.2812500000E+000


# Weightfunction after cycle       3580
 0.0000000    0.1989062500E+001    0.3234375000E+000
 0.0101010    0.1921875000E+001    0.2687500000E+000
 0.0202020    0.2090625000E+001    0.3687500000E+000
 0.0303030    0.2110937500E+001    0.4203125000E+000
 0.0404040    0.2060937500E+001    0.3984375000E+000
 0.0505051    0.2118750000E+001    0.3203125000E+000
 0.0606061    0.2107812500E+001    0.3484375000E+000
 0.0707071    0.2248437500E+001    0.3093750000E+000
 0.0808081    0.2379687500E+001    0.4062500000E+000
 0.0909091    0.2393750000E+001    0.4140625000E+000
 0.1010101    0.2459375000E+001    0.3640625000E+000
 0.1111111    0.2568750000E+001    0.4500000000E+000
 0.1212121    0.2571875000E+001    0.3843750000E+000
 0.1313131    0.2612500000E+001    0.3484375000E+000
 0.1414141    0.2721875000E+001    0.3468750000E+000
 0.1515152    0.2862500000E+001    0.2250000000E+000
 0.1616162    0.2835937500E+001    0.2828125000E+000
 0.1717172    0.2898437500E+001    0.2171875000E+000
 0.1818182    0.2921875000E+001    0.2843750000E+000
 0.1919192    0.2865625000E+001    0.2734375000E+000
 0.2020202    0.2917187500E+001    0.2843750000E+000
 0.2121212    0.2898437500E+001    0.3296875000E+000
 0.2222222    0.2962500000E+001    0.2812500000E+000
 0.2323232    0.2753125000E+001    0.2906250000E+000
 0.2424242    0.2998437500E+001    0.3968750000E+000
 0.2525253    0.2975000000E+001    0.3171875000E+000
 0.2626263    0.2829687500E+001    0.2765625000E+000
 0.2727273    0.2895312500E+001    0.2890625000E+000
 0.2828283    0.2826562500E+001    0.2437500000E+000
 0.2929293    0.2634375000E+001    0.2390625000E+000
 0.3030303    0.2804687500E+001    0.2734375000E+000
 0.3131313    0.2664062500E+001    0.2609375000E+000
 0.3232323    0.2654687500E+001    0.2718750000E+000
 0.3333333    0.2592187500E+001    0.2968750000E+000
 0.3434343    0.2550000000E+001    0.1406250000E+000
 0.3535354    0.2429687500E+001    0.2578125000E+000
 0.3636364    0.2368750000E+001    0.2312500000E+000
 0.3737374    0.2365625000E+001    0.1562500000E+000
 0.3838384    0.2337500000E+001    0.2125000000E+000
 0.3939394    0.2231250000E+001    0.2046875000E+000
 0.4040404    0.2132812500E+001    0.1109375000E+000
 0.4141414    0.2173437500E+001    0.1843750000E+000
 0.4242424    0.2087500000E+001    0.1046875000E+000
 0.4343434    0.2032812500E+001    0.1843750000E+000
 0.4444444    0.2054687500E+001    0.1218750000E+000
 0.4545455    0.1960937500E+001    0.1906250000E+000
 0.4646465    0.1840625000E+001    0.8437500000E-001
 0.4747475    0.1879687500E+001    0.1375000000E+000
 0.4848485    0.1695312500E+001    0.1453125000E+000
 0.4949495    0.1668750000E+001    0.1171875000E+000
 0.5050505    0.1653125000E+001    0.9375000000E-001
 0.5151515    0.1710937500E+001    0.1390625000E+000
 0.5252525    0.1700000000E+001    0.8281250000E-001
 0.5353535    0.1639062500E+001    0.1781250000E+000
 0.5454545    0.1656250000E+001    0.9375000000E-002
 0.5555556    0.1629687500E+001    0.1031250000E+000
 0.5656566    0.1584375000E+001    0.1265625000E+000
 0.5757576    0.1648437500E+001    0.1171875000E+000
 0.5858586    0.1754687500E+001    0.1000000000E+000
 0.5959596    0.1679687500E+001    0.8125000000E-001
 0.6060606    0.1579687500E+001    0.1703125000E+000
 0.6161616    0.1662500000E+001    0.2187500000E-001
 0.6262626    0.1657812500E+001    0.2265625000E+000
 0.6363636    0.1690625000E+001    0.1187500000E+000
 0.6464646    0.1745312500E+001    0.5312500000E-001
 0.6565657    0.1729687500E+001    0.6250000000E-001
 0.6666667    0.1650000000E+001    0.2500000000E-001
 0.6767677    0.1642187500E+001    0.0000000000E+000
 0.6868687    0.1656250000E+001    0.6875000000E-001
 0.6969697    0.1723437500E+001    0.6562500000E-001
 0.7070707    0.1603125000E+001    0.5781250000E-001
 0.7171717    0.1556250000E+001    0.4375000000E-001
 0.7272727    0.1710937500E+001    0.1265625000E+000
 0.7373737    0.1689062500E+001    0.1375000000E+000
 0.7474747    0.1607812500E+001    0.4062500000E-001
 0.7575758    0.1623437500E+001    0.7812500000E-001
 0.7676768    0.1645312500E+001    0.1140625000E+000
 0.7777778    0.1643750000E+001    0.2968750000E-001
 0.7878788    0.1690625000E+001    0.1140625000E+000
 0.7979798    0.1654687500E+001    0.9375000000E-001
 0.8080808    0.1646875000E+001    0.7343750000E-001
 0.8181818    0.1612500000E+001    0.4218750000E-001
 0.8282828    0.1643750000E+001    0.5468750000E-001
 0.8383838    0.1600000000E+001    0.6406250000E-001
 0.8484848    0.1685937500E+001    0.1312500000E+000
 0.8585859    0.1679687500E+001    0.1312500000E+000
 0.8686869    0.1651562500E+001    0.7187500000E-001
 0.8787879    0.1606250000E+001    0.5468750000E-001
 0.8888889    0.1678125000E+001    0.1765625000E+000
 0.8989899    0.1590625000E+001    0.4062500000E-001
 0.9090909    0.1628125000E+001    0.1281250000E+000
 0.9191919    0.1690625000E+001    0.1062500000E+000
 0.9292929    0.1626562500E+001    0.6250000000E-001
 0.9393939    0.1656250000E+001    0.1156250000E+000
 0.9494949    0.1587500000E+001    0.3281250000E-001
 0.9595960    0.1682812500E+001    0.1093750000E+000
 0.9696970    0.1704687500E+001    0.1640625000E+000
 0.9797980    0.1564062500E+001    0.2500000000E-001
 0.9898990    0.1675000000E+001    0.1109375000E+000
 1.0000000    0.1696875000E+001    0.1703125000E+000


# Weightfunction after cycle       6307
 0.0000000    0.1922265625E+001    0.2148437500E+000
 0.0101010    0.1948828125E+001    0.2503906250E+000
 0.0202020    0.1986718750E+001    0.3019531250E+000
 0.0303030    0.2062890625E+001    0.3375000000E+000
 0.0404040    0.1976953125E+001    0.2542968750E+000
 0.0505051    0.2114843750E+001    0.2972656250E+000
 0.0606061    0.2117968750E+001    0.3074218750E+000
 0.0707071    0.2186328125E+001    0.2628906250E+000
 0.0808081    0.2317187500E+001    0.3320312500E+000
 0.0909091    0.2344921875E+001    0.3125000000E+000
 0.1010101    0.2416796875E+001    0.3140625000E+000
 0.1111111    0.2449218750E+001    0.3218750000E+000
 0.1212121    0.2564843750E+001    0.2992187500E+000
 0.1313131    0.2603515625E+001    0.2632812500E+000
 0.1414141    0.2708984375E+001    0.3140625000E+000
 0.1515152    0.2867187500E+001    0.2925781250E+000
 0.1616162    0.2843359375E+001    0.2687500000E+000
 0.1717172    0.2856250000E+001    0.2492187500E+000
 0.1818182    0.2932812500E+001    0.2789062500E+000
 0.1919192    0.2874609375E+001    0.2812500000E+000
 0.2020202    0.2966796875E+001    0.3246093750E+000
 0.2121212    0.2960546875E+001    0.3042968750E+000
 0.2222222    0.2904296875E+001    0.2742187500E+000
 0.2323232    0.2835546875E+001    0.3050781250E+000
 0.2424242    0.2909375000E+001    0.3312500000E+000
 0.2525253    0.2901171875E+001    0.2761718750E+000
 0.2626263    0.2838671875E+001    0.2941406250E+000
 0.2727273    0.2814453125E+001    0.2457031250E+000
 0.2828283    0.2816796875E+001    0.2304687500E+000
 0.2929293    0.2660937500E+001    0.2648437500E+000
 0.3030303    0.2717578125E+001    0.2613281250E+000
 0.3131313    0.2650000000E+001    0.1929687500E+000
 0.3232323    0.2560937500E+001    0.2609375000E+000
 0.3333333    0.2602343750E+001    0.2335937500E+000
 0.3434343    0.2523828125E+001    0.1812500000E+000
 0.3535354    0.2419140625E+001    0.1546875000E+000
 0.3636364    0.2361328125E+001    0.1988281250E+000
 0.3737374    0.2352343750E+001    0.2144531250E+000
 0.3838384    0.2333593750E+001    0.1968750000E+000
 0.3939394    0.2227734375E+001    0.1671875000E+000
 0.4040404    0.2111328125E+001    0.1394531250E+000
 0.4141414    0.2125781250E+001    0.1718750000E+000
 0.4242424    0.2060156250E+001    0.1621093750E+000
 0.4343434    0.2029687500E+001    0.1687500000E+000
 0.4444444    0.1937500000E+001    0.7968750000E-001
 0.4545455    0.1914843750E+001    0.1199218750E+000
 0.4646465    0.1810546875E+001    0.1078125000E+000
 0.4747475    0.1812500000E+001    0.1199218750E+000
 0.4848485    0.1694531250E+001    0.1164062500E+000
 0.4949495    0.1660156250E+001    0.7968750000E-001
 0.5050505    0.1640625000E+001    0.6445312500E-001
 0.5151515    0.1702734375E+001    0.9414062500E-001
 0.5252525    0.1651953125E+001    0.2382812500E-001
 0.5353535    0.1676562500E+001    0.9843750000E-001
 0.5454545    0.1610937500E+001    0.1992187500E-001
 0.5555556    0.1594531250E+001    0.6406250000E-001
 0.5656566    0.1616406250E+001    0.9101562500E-001
 0.5757576    0.1631640625E+001    0.6992187500E-001
 0.5858586    0.1671484375E+001    0.6406250000E-001
 0.5959596    0.1608593750E+001    0.8203125000E-001
 0.6060606    0.1601171875E+001    0.1125000000E+000
 0.6161616    0.1663281250E+001    0.4570312500E-001
 0.6262626    0.1636328125E+001    0.9531250000E-001
 0.6363636    0.1661328125E+001    0.9726562500E-001
 0.6464646    0.1662109375E+001    0.8984375000E-001
 0.6565657    0.1627734375E+001    0.9101562500E-001
 0.6666667    0.1633593750E+001    0.5742187500E-001
 0.6767677    0.1626953125E+001    0.0000000000E+000
 0.6868687    0.1623046875E+001    0.6601562500E-001
 0.6969697    0.1708984375E+001    0.7343750000E-001
 0.7070707    0.1636718750E+001    0.5625000000E-001
 0.7171717    0.1589843750E+001    0.4375000000E-001
 0.7272727    0.1660937500E+001    0.7734375000E-001
 0.7373737    0.1651562500E+001    0.7382812500E-001
 0.7474747    0.1619140625E+001    0.5937500000E-001
 0.7575758    0.1608593750E+001    0.2773437500E-001
 0.7676768    0.1657031250E+001    0.8867187500E-001
 0.7777778    0.1666015625E+001    0.8359375000E-001
 0.7878788    0.1681250000E+001    0.1035156250E+000
 0.7979798    0.1682812500E+001    0.7578125000E-001
 0.8080808    0.1654687500E+001    0.6953125000E-001
 0.8181818    0.1619531250E+001    0.5312500000E-001
 0.8282828    0.1617968750E+001    0.3007812500E-001
 0.8383838    0.1628906250E+001    0.6093750000E-001
 0.8484848    0.1675000000E+001    0.8515625000E-001
 0.8585859    0.1703125000E+001    0.1226562500E+000
 0.8686869    0.1663671875E+001    0.9062500000E-001
 0.8787879    0.1633593750E+001    0.5664062500E-001
 0.8888889    0.1660937500E+001    0.9609375000E-001
 0.8989899    0.1623046875E+001    0.5156250000E-001
 0.9090909    0.1636718750E+001    0.1007812500E+000
 0.9191919    0.1640234375E+001    0.7265625000E-001
 0.9292929    0.1661328125E+001    0.7734375000E-001
 0.9393939    0.1664843750E+001    0.8203125000E-001
 0.9494949    0.1665625000E+001    0.7890625000E-001
 0.9595960    0.1669921875E+001    0.7500000000E-001
 0.9696970    0.1643750000E+001    0.8906250000E-001
 0.9797980    0.1614843750E+001    0.5117187500E-001
 0.9898990    0.1620703125E+001    0.6328125000E-001
 1.0000000    0.1637500000E+001    0.6367187500E-001


# Weightfunction after cycle       9454
 0.0000000    0.1904785156E+001    0.1987304688E+000
 0.0101010    0.1923730469E+001    0.2329101563E+000
 0.0202020    0.1952539062E+001    0.2670898437E+000
 0.0303030    0.2042089844E+001    0.3124023437E+000
 0.0404040    0.1978710937E+001    0.2475585937E+000
 0.0505051    0.2099511719E+001    0.2796875000E+000
 0.0606061    0.2111132812E+001    0.3038085938E+000
 0.0707071    0.2171777344E+001    0.2506835937E+000
 0.0808081    0.2282910156E+001    0.3101562500E+000
 0.0909091    0.2325195312E+001    0.2946289062E+000
 0.1010101    0.2411621094E+001    0.2784179687E+000
 0.1111111    0.2431738281E+001    0.2961914062E+000
 0.1212121    0.2545605469E+001    0.2768554687E+000
 0.1313131    0.2617382812E+001    0.2551757813E+000
 0.1414141    0.2695507812E+001    0.2813476562E+000
 0.1515152    0.2816992187E+001    0.2645507812E+000
 0.1616162    0.2837695312E+001    0.2468750000E+000
 0.1717172    0.2825097656E+001    0.2398437500E+000
 0.1818182    0.2880957031E+001    0.2633789062E+000
 0.1919192    0.2866503906E+001    0.2625000000E+000
 0.2020202    0.2923046875E+001    0.2789062500E+000
 0.2121212    0.2930175781E+001    0.2933593750E+000
 0.2222222    0.2881152344E+001    0.2509765625E+000
 0.2323232    0.2849218750E+001    0.2700195312E+000
 0.2424242    0.2875976562E+001    0.2956054687E+000
 0.2525253    0.2858593750E+001    0.2474609375E+000
 0.2626263    0.2796386719E+001    0.2437500000E+000
 0.2727273    0.2765722656E+001    0.2312500000E+000
 0.2828283    0.2772460937E+001    0.2091796875E+000
 0.2929293    0.2655078125E+001    0.2386718750E+000
 0.3030303    0.2687207031E+001    0.2173828125E+000
 0.3131313    0.2629101562E+001    0.1938476562E+000
 0.3232323    0.2548437500E+001    0.2130859375E+000
 0.3333333    0.2569531250E+001    0.2110351563E+000
 0.3434343    0.2488085937E+001    0.1659179688E+000
 0.3535354    0.2412011719E+001    0.1301757812E+000
 0.3636364    0.2337011719E+001    0.1666015625E+000
 0.3737374    0.2319531250E+001    0.1929687500E+000
 0.3838384    0.2292675781E+001    0.1698242188E+000
 0.3939394    0.2215234375E+001    0.1350585938E+000
 0.4040404    0.2118261719E+001    0.9443359375E-001
 0.4141414    0.2114648437E+001    0.1378906250E+000
 0.4242424    0.2055175781E+001    0.1342773438E+000
 0.4343434    0.2013476562E+001    0.1318359375E+000
 0.4444444    0.1915136719E+001    0.6552734375E-001
 0.4545455    0.1892382812E+001    0.8642578125E-001
 0.4646465    0.1812988281E+001    0.9248046875E-001
 0.4747475    0.1808105469E+001    0.1008789063E+000
 0.4848485    0.1686914063E+001    0.9951171875E-001
 0.4949495    0.1658984375E+001    0.5371093750E-001
 0.5050505    0.1640039063E+001    0.5097656250E-001
 0.5151515    0.1680664063E+001    0.6435546875E-001
 0.5252525    0.1626464844E+001    0.2626953125E-001
 0.5353535    0.1646289063E+001    0.6621093750E-001
 0.5454545    0.1600683594E+001    0.7324218750E-002
 0.5555556    0.1585644531E+001    0.4326171875E-001
 0.5656566    0.1607324219E+001    0.8173828125E-001
 0.5757576    0.1621582031E+001    0.4150390625E-001
 0.5858586    0.1648925781E+001    0.4384765625E-001
 0.5959596    0.1621191406E+001    0.7490234375E-001
 0.6060606    0.1583105469E+001    0.6904296875E-001
 0.6161616    0.1644531250E+001    0.3720703125E-001
 0.6262626    0.1604394531E+001    0.7431640625E-001
 0.6363636    0.1635058594E+001    0.7705078125E-001
 0.6464646    0.1656542969E+001    0.7919921875E-001
 0.6565657    0.1630859375E+001    0.5917968750E-001
 0.6666667    0.1625097656E+001    0.5419921875E-001
 0.6767677    0.1614062500E+001    0.0000000000E+000
 0.6868687    0.1614550781E+001    0.4541015625E-001
 0.6969697    0.1668847656E+001    0.4042968750E-001
 0.7070707    0.1615429688E+001    0.4238281250E-001
 0.7171717    0.1587597656E+001    0.4101562500E-001
 0.7272727    0.1655664063E+001    0.7109375000E-001
 0.7373737    0.1636621094E+001    0.5312500000E-001
 0.7474747    0.1604589844E+001    0.4580078125E-001
 0.7575758    0.1612011719E+001    0.3144531250E-001
 0.7676768    0.1631152344E+001    0.5478515625E-001
 0.7777778    0.1643457031E+001    0.6406250000E-001
 0.7878788    0.1656738281E+001    0.7841796875E-001
 0.7979798    0.1656542969E+001    0.6015625000E-001
 0.8080808    0.1637695313E+001    0.4970703125E-001
 0.8181818    0.1607714844E+001    0.2949218750E-001
 0.8282828    0.1604882813E+001    0.9667968750E-002
 0.8383838    0.1617968750E+001    0.4003906250E-001
 0.8484848    0.1641894531E+001    0.6035156250E-001
 0.8585859    0.1662109375E+001    0.8759765625E-001
 0.8686869    0.1633789063E+001    0.6025390625E-001
 0.8787879    0.1627246094E+001    0.5400390625E-001
 0.8888889    0.1641015625E+001    0.6855468750E-001
 0.8989899    0.1609472656E+001    0.3613281250E-001
 0.9090909    0.1611523438E+001    0.7255859375E-001
 0.9191919    0.1632812500E+001    0.5898437500E-001
 0.9292929    0.1636132813E+001    0.5410156250E-001
 0.9393939    0.1632617188E+001    0.5000000000E-001
 0.9494949    0.1641210938E+001    0.5048828125E-001
 0.9595960    0.1619433594E+001    0.3437500000E-001
 0.9696970    0.1635742188E+001    0.7490234375E-001
 0.9797980    0.1591015625E+001    0.2363281250E-001
 0.9898990    0.1616699219E+001    0.5498046875E-001
 1.0000000    0.1620800781E+001    0.3681640625E-001


# Weightfunction after cycle      29293
 0.0000000    0.1914892578E+001    0.2083251953E+000
 0.0101010    0.1906713867E+001    0.2074218750E+000
 0.0202020    0.1928930664E+001    0.2294677734E+000
 0.0303030    0.2005468750E+001    0.2621093750E+000
 0.0404040    0.1976391602E+001    0.2241455078E+000
 0.0505051    0.2068872070E+001    0.2551269531E+000
 0.0606061    0.2090234375E+001    0.2542236328E+000
 0.0707071    0.2160620117E+001    0.2385253906E+000
 0.0808081    0.2244433594E+001    0.2707031250E+000
 0.0909091    0.2312768555E+001    0.2585449219E+000
 0.1010101    0.2394921875E+001    0.2512207031E+000
 0.1111111    0.2444531250E+001    0.2696777344E+000
 0.1212121    0.2547241211E+001    0.2562500000E+000
 0.1313131    0.2620190430E+001    0.2424072266E+000
 0.1414141    0.2698046875E+001    0.2610351562E+000
 0.1515152    0.2789697266E+001    0.2547607422E+000
 0.1616162    0.2823413086E+001    0.2333251953E+000
 0.1717172    0.2838916016E+001    0.2332763672E+000
 0.1818182    0.2884594727E+001    0.2378662109E+000
 0.1919192    0.2888549805E+001    0.2425292969E+000
 0.2020202    0.2937792969E+001    0.2462402344E+000
 0.2121212    0.2928710937E+001    0.2614746094E+000
 0.2222222    0.2902490234E+001    0.2372070312E+000
 0.2323232    0.2878100586E+001    0.2315185547E+000
 0.2424242    0.2886425781E+001    0.2584228516E+000
 0.2525253    0.2859814453E+001    0.2184326172E+000
 0.2626263    0.2821777344E+001    0.2179931641E+000
 0.2727273    0.2779833984E+001    0.2039306641E+000
 0.2828283    0.2780029297E+001    0.1878417969E+000
 0.2929293    0.2689282227E+001    0.2084472656E+000
 0.3030303    0.2710595703E+001    0.1921142578E+000
 0.3131313    0.2657763672E+001    0.1678710937E+000
 0.3232323    0.2589868164E+001    0.1817382812E+000
 0.3333333    0.2584130859E+001    0.1771484375E+000
 0.3434343    0.2514990234E+001    0.1318359375E+000
 0.3535354    0.2453466797E+001    0.1220214844E+000
 0.3636364    0.2386328125E+001    0.1396484375E+000
 0.3737374    0.2349658203E+001    0.1519042969E+000
 0.3838384    0.2319042969E+001    0.1293212891E+000
 0.3939394    0.2255761719E+001    0.1178955078E+000
 0.4040404    0.2170874023E+001    0.7814941406E-001
 0.4141414    0.2149926758E+001    0.1053222656E+000
 0.4242424    0.2088403320E+001    0.9394531250E-001
 0.4343434    0.2039697266E+001    0.9311523437E-001
 0.4444444    0.1968457031E+001    0.5268554687E-001
 0.4545455    0.1919873047E+001    0.6420898437E-001
 0.4646465    0.1854028320E+001    0.5817871094E-001
 0.4747475    0.1827661133E+001    0.6499023437E-001
 0.4848485    0.1734814453E+001    0.5632324219E-001
 0.4949495    0.1692309570E+001    0.3327636719E-001
 0.5050505    0.1663818359E+001    0.2985839844E-001
 0.5151515    0.1680859375E+001    0.2863769531E-001
 0.5252525    0.1655688477E+001    0.1318359375E-001
 0.5353535    0.1663647461E+001    0.4597167969E-001
 0.5454545    0.1640551758E+001    0.0000000000E+000
 0.5555556    0.1629760742E+001    0.1457519531E-001
 0.5656566    0.1638452148E+001    0.4443359375E-001
 0.5757576    0.1662109375E+001    0.1760253906E-001
 0.5858586    0.1664648437E+001    0.2854003906E-001
 0.5959596    0.1655932617E+001    0.3330078125E-001
 0.6060606    0.1627246094E+001    0.3686523438E-001
 0.6161616    0.1665039062E+001    0.2702636719E-001
 0.6262626    0.1642211914E+001    0.4047851562E-001
 0.6363636    0.1657910156E+001    0.4116210938E-001
 0.6464646    0.1664941406E+001    0.4348144531E-001
 0.6565657    0.1655249023E+001    0.2370605469E-001
 0.6666667    0.1641528320E+001    0.2949218750E-001
 0.6767677    0.1636230469E+001    0.6420898438E-002
 0.6868687    0.1640234375E+001    0.2180175781E-001
 0.6969697    0.1676391602E+001    0.2067871094E-001
 0.7070707    0.1641870117E+001    0.2214355469E-001
 0.7171717    0.1631274414E+001    0.2661132813E-001
 0.7272727    0.1670190430E+001    0.4079589844E-001
 0.7373737    0.1658422852E+001    0.3173828125E-001
 0.7474747    0.1640405273E+001    0.3034667969E-001
 0.7575758    0.1640966797E+001    0.1716308594E-001
 0.7676768    0.1660351562E+001    0.3459472656E-001
 0.7777778    0.1663671875E+001    0.3847656250E-001
 0.7878788    0.1677197266E+001    0.5031738281E-001
 0.7979798    0.1668969727E+001    0.3566894531E-001
 0.8080808    0.1659545898E+001    0.2993164062E-001
 0.8181818    0.1644042969E+001    0.1933593750E-001
 0.8282828    0.1637524414E+001    0.1171875000E-002
 0.8383838    0.1650146484E+001    0.2770996094E-001
 0.8484848    0.1666210937E+001    0.4011230469E-001
 0.8585859    0.1676782227E+001    0.4934082031E-001
 0.8686869    0.1649780273E+001    0.2788085938E-001
 0.8787879    0.1653027344E+001    0.3171386719E-001
 0.8888889    0.1664550781E+001    0.3959960938E-001
 0.8989899    0.1641552734E+001    0.2473144531E-001
 0.9090909    0.1643115234E+001    0.4382324219E-001
 0.9191919    0.1656420898E+001    0.3774414063E-001
 0.9292929    0.1660009766E+001    0.3378906250E-001
 0.9393939    0.1655737305E+001    0.2915039062E-001
 0.9494949    0.1659985352E+001    0.2634277344E-001
 0.9595960    0.1654833984E+001    0.2480468750E-001
 0.9696970    0.1665576172E+001    0.5068359375E-001
 0.9797980    0.1630346680E+001    0.1784667969E-001
 0.9898990    0.1646630859E+001    0.3151855469E-001
 1.0000000    0.1651879883E+001    0.1926269531E-001


# Weightfunction after cycle      39513
 0.0000000    0.1907141113E+001    0.2063537598E+000
 0.0101010    0.1900207520E+001    0.2049560547E+000
 0.0202020    0.1922943115E+001    0.2262451172E+000
 0.0303030    0.1997540283E+001    0.2575927734E+000
 0.0404040    0.1972656250E+001    0.2225708008E+000
 0.0505051    0.2058666992E+001    0.2495849609E+000
 0.0606061    0.2082897949E+001    0.2489196777E+000
 0.0707071    0.2153698730E+001    0.2355285645E+000
 0.0808081    0.2232910156E+001    0.2644897461E+000
 0.0909091    0.2303302002E+001    0.2526245117E+000
 0.1010101    0.2387390137E+001    0.2459472656E+000
 0.1111111    0.2439294434E+001    0.2665893555E+000
 0.1212121    0.2538269043E+001    0.2517761230E+000
 0.1313131    0.2613189697E+001    0.2395385742E+000
 0.1414141    0.2691436768E+001    0.2563598633E+000
 0.1515152    0.2780926514E+001    0.2508850098E+000
 0.1616162    0.2812921143E+001    0.2316406250E+000
 0.1717172    0.2832366943E+001    0.2305664062E+000
 0.1818182    0.2876721191E+001    0.2352111816E+000
 0.1919192    0.2882580566E+001    0.2387695312E+000
 0.2020202    0.2927673340E+001    0.2421386719E+000
 0.2121212    0.2919250488E+001    0.2560058594E+000
 0.2222222    0.2893969727E+001    0.2316223145E+000
 0.2323232    0.2871685791E+001    0.2280883789E+000
 0.2424242    0.2876245117E+001    0.2525756836E+000
 0.2525253    0.2849896240E+001    0.2150146484E+000
 0.2626263    0.2814050293E+001    0.2119079590E+000
 0.2727273    0.2773382568E+001    0.2007141113E+000
 0.2828283    0.2771234131E+001    0.1837341309E+000
 0.2929293    0.2683410645E+001    0.2038391113E+000
 0.3030303    0.2703991699E+001    0.1885253906E+000
 0.3131313    0.2651849365E+001    0.1659667969E+000
 0.3232323    0.2582037354E+001    0.1791259766E+000
 0.3333333    0.2576129150E+001    0.1743041992E+000
 0.3434343    0.2509716797E+001    0.1302978516E+000
 0.3535354    0.2446685791E+001    0.1184387207E+000
 0.3636364    0.2383251953E+001    0.1356994629E+000
 0.3737374    0.2341162109E+001    0.1491699219E+000
 0.3838384    0.2310211182E+001    0.1254150391E+000
 0.3939394    0.2247772217E+001    0.1151306152E+000
 0.4040404    0.2165191650E+001    0.7710571289E-001
 0.4141414    0.2143383789E+001    0.1026733398E+000
 0.4242424    0.2082641602E+001    0.9243164062E-001
 0.4343434    0.2034777832E+001    0.9052124023E-001
 0.4444444    0.1961419678E+001    0.5040893555E-001
 0.4545455    0.1917266846E+001    0.6188354492E-001
 0.4646465    0.1848242187E+001    0.5546264648E-001
 0.4747475    0.1818688965E+001    0.5895996094E-001
 0.4848485    0.1728302002E+001    0.5328369141E-001
 0.4949495    0.1681683350E+001    0.3104858398E-001
 0.5050505    0.1655700684E+001    0.2775268555E-001
 0.5151515    0.1673089600E+001    0.2642211914E-001
 0.5252525    0.1647399902E+001    0.1309814453E-001
 0.5353535    0.1657098389E+001    0.4418945313E-001
 0.5454545    0.1635552979E+001    0.1794433594E-002
 0.5555556    0.1624896240E+001    0.1101684570E-001
 0.5656566    0.1633050537E+001    0.4046020508E-001
 0.5757576    0.1653948975E+001    0.1605224609E-001
 0.5858586    0.1656311035E+001    0.2581176758E-001
 0.5959596    0.1646325684E+001    0.3140869141E-001
 0.6060606    0.1621545410E+001    0.3505859375E-001
 0.6161616    0.1656396484E+001    0.2596435547E-001
 0.6262626    0.1635125732E+001    0.3601074219E-001
 0.6363636    0.1651782227E+001    0.3797607422E-001
 0.6464646    0.1655395508E+001    0.4064331055E-001
 0.6565657    0.1647595215E+001    0.2032470703E-001
 0.6666667    0.1635290527E+001    0.2575683594E-001
 0.6767677    0.1630029297E+001    0.4663085938E-002
 0.6868687    0.1632489014E+001    0.1879882813E-001
 0.6969697    0.1666558838E+001    0.1536254883E-001
 0.7070707    0.1635675049E+001    0.1968994141E-001
 0.7171717    0.1624792480E+001    0.2275390625E-001
 0.7272727    0.1662933350E+001    0.3781127930E-001
 0.7373737    0.1652148437E+001    0.2965087891E-001
 0.7474747    0.1633203125E+001    0.2719116211E-001
 0.7575758    0.1635229492E+001    0.1552734375E-001
 0.7676768    0.1653192139E+001    0.3120117187E-001
 0.7777778    0.1655126953E+001    0.3449096680E-001
 0.7878788    0.1668859863E+001    0.4645385742E-001
 0.7979798    0.1660235596E+001    0.3189086914E-001
 0.8080808    0.1652581787E+001    0.2734985352E-001
 0.8181818    0.1637780762E+001    0.1798706055E-001
 0.8282828    0.1632275391E+001    0.0000000000E+000
 0.8383838    0.1643627930E+001    0.2428588867E-001
 0.8484848    0.1658520508E+001    0.3725585937E-001
 0.8585859    0.1667230225E+001    0.4487915039E-001
 0.8686869    0.1641955566E+001    0.2391357422E-001
 0.8787879    0.1646917725E+001    0.2913208008E-001
 0.8888889    0.1657427979E+001    0.3754272461E-001
 0.8989899    0.1635412598E+001    0.2248535156E-001
 0.9090909    0.1637292480E+001    0.4096679687E-001
 0.9191919    0.1648907471E+001    0.3465576172E-001
 0.9292929    0.1653466797E+001    0.3095092773E-001
 0.9393939    0.1647625732E+001    0.2595825195E-001
 0.9494949    0.1652441406E+001    0.2416381836E-001
 0.9595960    0.1646484375E+001    0.2143554687E-001
 0.9696970    0.1657232666E+001    0.4654541016E-001
 0.9797980    0.1627032471E+001    0.1719360352E-001
 0.9898990    0.1640130615E+001    0.2719116211E-001
 1.0000000    0.1644268799E+001    0.1644287109E-001


# Weightfunction after cycle      41695
 0.0000000    0.1907254028E+001    0.2065170288E+000
 0.0101010    0.1900181580E+001    0.2049926758E+000
 0.0202020    0.1922929382E+001    0.2260940552E+000
 0.0303030    0.1997265625E+001    0.2572799683E+000
 0.0404040    0.1972677612E+001    0.2224502563E+000
 0.0505051    0.2058406067E+001    0.2494735718E+000
 0.0606061    0.2082571411E+001    0.2487136841E+000
 0.0707071    0.2153546143E+001    0.2352798462E+000
 0.0808081    0.2232519531E+001    0.2641708374E+000
 0.0909091    0.2303170776E+001    0.2524139404E+000
 0.1010101    0.2387232971E+001    0.2459030151E+000
 0.1111111    0.2439234924E+001    0.2665817261E+000
 0.1212121    0.2538003540E+001    0.2514328003E+000
 0.1313131    0.2613343811E+001    0.2395721436E+000
 0.1414141    0.2691398621E+001    0.2562698364E+000
 0.1515152    0.2780989075E+001    0.2508819580E+000
 0.1616162    0.2812765503E+001    0.2315460205E+000
 0.1717172    0.2832267761E+001    0.2305587769E+000
 0.1818182    0.2876647949E+001    0.2352600098E+000
 0.1919192    0.2882521057E+001    0.2385513306E+000
 0.2020202    0.2927566528E+001    0.2419448853E+000
 0.2121212    0.2919102478E+001    0.2557495117E+000
 0.2222222    0.2893963623E+001    0.2316009521E+000
 0.2323232    0.2871582031E+001    0.2280563354E+000
 0.2424242    0.2876036072E+001    0.2525909424E+000
 0.2525253    0.2849803162E+001    0.2149612427E+000
 0.2626263    0.2813919067E+001    0.2116897583E+000
 0.2727273    0.2773133850E+001    0.2008651733E+000
 0.2828283    0.2770812988E+001    0.1836685181E+000
 0.2929293    0.2683334351E+001    0.2036270142E+000
 0.3030303    0.2703602600E+001    0.1881210327E+000
 0.3131313    0.2651660156E+001    0.1660690308E+000
 0.3232323    0.2581922913E+001    0.1791320801E+000
 0.3333333    0.2576022339E+001    0.1742660522E+000
 0.3434343    0.2509516907E+001    0.1304336548E+000
 0.3535354    0.2446560669E+001    0.1186203003E+000
 0.3636364    0.2383187866E+001    0.1357742310E+000
 0.3737374    0.2340943909E+001    0.1488220215E+000
 0.3838384    0.2310362244E+001    0.1253692627E+000
 0.3939394    0.2247718811E+001    0.1150939941E+000
 0.4040404    0.2165443420E+001    0.7729034424E-001
 0.4141414    0.2143466187E+001    0.1025482178E+000
 0.4242424    0.2082559204E+001    0.9236602783E-001
 0.4343434    0.2034800720E+001    0.9047393799E-001
 0.4444444    0.1961444092E+001    0.5039672852E-001
 0.4545455    0.1917369080E+001    0.6202087402E-001
 0.4646465    0.1848025513E+001    0.5541534424E-001
 0.4747475    0.1818374634E+001    0.5887298584E-001
 0.4848485    0.1728240967E+001    0.5294647217E-001
 0.4949495    0.1681687927E+001    0.3098907471E-001
 0.5050505    0.1655540466E+001    0.2785186768E-001
 0.5151515    0.1672988892E+001    0.2645111084E-001
 0.5252525    0.1647473145E+001    0.1304779053E-001
 0.5353535    0.1656915283E+001    0.4402313232E-001
 0.5454545    0.1635490417E+001    0.1669311523E-002
 0.5555556    0.1624958801E+001    0.1103515625E-001
 0.5656566    0.1632980347E+001    0.4013519287E-001
 0.5757576    0.1653881836E+001    0.1595001221E-001
 0.5858586    0.1656396484E+001    0.2560882568E-001
 0.5959596    0.1646229553E+001    0.3094940186E-001
 0.6060606    0.1621540833E+001    0.3493804932E-001
 0.6161616    0.1656369019E+001    0.2586059570E-001
 0.6262626    0.1634997559E+001    0.3598327637E-001
 0.6363636    0.1651754761E+001    0.3780975342E-001
 0.6464646    0.1655351257E+001    0.4027709961E-001
 0.6565657    0.1647416687E+001    0.2028961182E-001
 0.6666667    0.1635218811E+001    0.2582550049E-001
 0.6767677    0.1630165100E+001    0.4722595215E-002
 0.6868687    0.1632505798E+001    0.1882629395E-001
 0.6969697    0.1666452026E+001    0.1518249512E-001
 0.7070707    0.1635710144E+001    0.1964263916E-001
 0.7171717    0.1624795532E+001    0.2255859375E-001
 0.7272727    0.1662699890E+001    0.3745727539E-001
 0.7373737    0.1652120972E+001    0.2958221436E-001
 0.7474747    0.1633264160E+001    0.2705841064E-001
 0.7575758    0.1635264587E+001    0.1540222168E-001
 0.7676768    0.1653219604E+001    0.3109130859E-001
 0.7777778    0.1655184937E+001    0.3433380127E-001
 0.7878788    0.1668801880E+001    0.4636535645E-001
 0.7979798    0.1660098267E+001    0.3167266846E-001
 0.8080808    0.1652603149E+001    0.2730712891E-001
 0.8181818    0.1637774658E+001    0.1789093018E-001
 0.8282828    0.1632312012E+001    0.0000000000E+000
 0.8383838    0.1643794250E+001    0.2435607910E-001
 0.8484848    0.1658460999E+001    0.3695373535E-001
 0.8585859    0.1667106628E+001    0.4463195801E-001
 0.8686869    0.1642098999E+001    0.2396240234E-001
 0.8787879    0.1646827698E+001    0.2898254395E-001
 0.8888889    0.1657183838E+001    0.3717803955E-001
 0.8989899    0.1635513306E+001    0.2242431641E-001
 0.9090909    0.1637187195E+001    0.4067230225E-001
 0.9191919    0.1648918152E+001    0.3456268311E-001
 0.9292929    0.1653337097E+001    0.3070526123E-001
 0.9393939    0.1647454834E+001    0.2565612793E-001
 0.9494949    0.1652354431E+001    0.2388763428E-001
 0.9595960    0.1646487427E+001    0.2138061523E-001
 0.9696970    0.1657058716E+001    0.4610900879E-001
 0.9797980    0.1627267456E+001    0.1711273193E-001
 0.9898990    0.1640292358E+001    0.2717895508E-001
 1.0000000    0.1644453430E+001    0.1625366211E-001


