# Evolution of the weightfunction during equilibration phase for fractional: cd
# Weightfunction after cycle        215
 0.0000000    0.4100000000E+001    0.2600000000E+001
 0.0101010    0.3500000000E+001    0.2200000000E+001
 0.0202020    0.2100000000E+001    0.8000000000E+000
 0.0303030    0.3400000000E+001    0.1300000000E+001
 0.0404040    0.3100000000E+001    0.1800000000E+001
 0.0505051    0.3000000000E+001    0.1800000000E+001
 0.0606061    0.3400000000E+001    0.1100000000E+001
 0.0707071    0.3600000000E+001    0.2000000000E+001
 0.0808081    0.3700000000E+001    0.1500000000E+001
 0.0909091    0.2600000000E+001    0.5000000000E+000
 0.1010101    0.4000000000E+001    0.1300000000E+001
 0.1111111    0.3700000000E+001    0.1600000000E+001
 0.1212121    0.2800000000E+001    0.1300000000E+001
 0.1313131    0.3600000000E+001    0.1300000000E+001
 0.1414141    0.3800000000E+001    0.2200000000E+001
 0.1515152    0.4600000000E+001    0.1400000000E+001
 0.1616162    0.4100000000E+001    0.1700000000E+001
 0.1717172    0.4300000000E+001    0.7000000000E+000
 0.1818182    0.3800000000E+001    0.1400000000E+001
 0.1919192    0.4200000000E+001    0.9000000000E+000
 0.2020202    0.3200000000E+001    0.1400000000E+001
 0.2121212    0.3800000000E+001    0.1500000000E+001
 0.2222222    0.2600000000E+001    0.1600000000E+001
 0.2323232    0.3000000000E+001    0.7000000000E+000
 0.2424242    0.2100000000E+001    0.1000000000E+001
 0.2525253    0.3600000000E+001    0.1300000000E+001
 0.2626263    0.3000000000E+001    0.1900000000E+001
 0.2727273    0.3400000000E+001    0.1800000000E+001
 0.2828283    0.3100000000E+001    0.2200000000E+001
 0.2929293    0.3400000000E+001    0.1500000000E+001
 0.3030303    0.2400000000E+001    0.2300000000E+001
 0.3131313    0.3000000000E+001    0.1800000000E+001
 0.3232323    0.3400000000E+001    0.1300000000E+001
 0.3333333    0.1200000000E+001    0.2100000000E+001
 0.3434343    0.1900000000E+001    0.2300000000E+001
 0.3535354    0.2200000000E+001    0.2100000000E+001
 0.3636364    0.3600000000E+001    0.1100000000E+001
 0.3737374    0.2500000000E+001    0.7000000000E+000
 0.3838384    0.2700000000E+001    0.2400000000E+001
 0.3939394    0.2300000000E+001    0.1800000000E+001
 0.4040404    0.2200000000E+001    0.8000000000E+000
 0.4141414    0.1800000000E+001    0.1700000000E+001
 0.4242424    0.2300000000E+001    0.3000000000E+000
 0.4343434    0.2900000000E+001    0.1100000000E+001
 0.4444444    0.1800000000E+001    0.1400000000E+001
 0.4545455    0.1100000000E+001    0.2100000000E+001
 0.4646465    0.1600000000E+001    0.6000000000E+000
 0.4747475    0.2300000000E+001    0.2900000000E+001
 0.4848485    0.2700000000E+001    0.1500000000E+001
 0.4949495    0.9000000000E+000    0.2100000000E+001
 0.5050505    0.9000000000E+000    0.1600000000E+001
 0.5151515    0.1400000000E+001    0.1000000000E+000
 0.5252525    0.1200000000E+001    0.1800000000E+001
 0.5353535    0.1400000000E+001    0.7000000000E+000
 0.5454545    0.1400000000E+001    0.1100000000E+001
 0.5555556    0.1600000000E+001    0.8000000000E+000
 0.5656566    0.1400000000E+001    0.2300000000E+001
 0.5757576    0.1800000000E+001    0.1700000000E+001
 0.5858586    0.9000000000E+000    0.1900000000E+001
 0.5959596    0.1900000000E+001    0.2000000000E+001
 0.6060606    0.1500000000E+001    0.2000000000E+001
 0.6161616    0.1100000000E+001    0.1400000000E+001
 0.6262626    0.1700000000E+001    0.2200000000E+001
 0.6363636    0.1800000000E+001    0.1700000000E+001
 0.6464646    0.2900000000E+001    0.2200000000E+001
 0.6565657    0.1700000000E+001    0.2400000000E+001
 0.6666667    0.2100000000E+001    0.1100000000E+001
 0.6767677    0.2200000000E+001    0.2200000000E+001
 0.6868687    0.1800000000E+001    0.1700000000E+001
 0.6969697    0.1700000000E+001    0.2400000000E+001
 0.7070707    0.1500000000E+001    0.2100000000E+001
 0.7171717    0.1700000000E+001    0.2300000000E+001
 0.7272727    0.1400000000E+001    0.1700000000E+001
 0.7373737    0.1500000000E+001    0.2200000000E+001
 0.7474747    0.1400000000E+001    0.2200000000E+001
 0.7575758    0.2100000000E+001    0.2400000000E+001
 0.7676768    0.1600000000E+001    0.1800000000E+001
 0.7777778    0.1600000000E+001    0.2900000000E+001
 0.7878788    0.1600000000E+001    0.2100000000E+001
 0.7979798    0.1700000000E+001    0.2100000000E+001
 0.8080808    0.1800000000E+001    0.2600000000E+001
 0.8181818    0.1400000000E+001    0.2300000000E+001
 0.8282828    0.1200000000E+001    0.2100000000E+001
 0.8383838    0.5000000000E+000    0.1200000000E+001
 0.8484848    0.1600000000E+001    0.2400000000E+001
 0.8585859    0.8000000000E+000    0.2100000000E+001
 0.8686869    0.1000000000E+001    0.1500000000E+001
 0.8787879    0.1500000000E+001    0.1900000000E+001
 0.8888889    0.1200000000E+001    0.2000000000E+001
 0.8989899    0.1100000000E+001    0.1700000000E+001
 0.9090909    0.1100000000E+001    0.1900000000E+001
 0.9191919    0.1000000000E+001    0.2300000000E+001
 0.9292929    0.1000000000E+001    0.1700000000E+001
 0.9393939    0.1500000000E+001    0.2300000000E+001
 0.9494949    0.5000000000E+000    0.1800000000E+001
 0.9595960    0.1500000000E+001    0.2700000000E+001
 0.9696970    0.1200000000E+001    0.2400000000E+001
 0.9797980    0.1300000000E+001    0.2500000000E+001
 0.9898990    0.9000000000E+000    0.2300000000E+001
 1.0000000    0.0000000000E+000    0.1100000000E+001


# Weightfunction after cycle        865
 0.0000000    0.3550000000E+001    0.1975000000E+001
 0.0101010    0.2900000000E+001    0.1425000000E+001
 0.0202020    0.2675000000E+001    0.1300000000E+001
 0.0303030    0.3325000000E+001    0.1500000000E+001
 0.0404040    0.2875000000E+001    0.1300000000E+001
 0.0505051    0.3275000000E+001    0.1625000000E+001
 0.0606061    0.2725000000E+001    0.1125000000E+001
 0.0707071    0.3400000000E+001    0.1800000000E+001
 0.0808081    0.3650000000E+001    0.1550000000E+001
 0.0909091    0.3625000000E+001    0.1625000000E+001
 0.1010101    0.3200000000E+001    0.1450000000E+001
 0.1111111    0.3700000000E+001    0.1575000000E+001
 0.1212121    0.4000000000E+001    0.1425000000E+001
 0.1313131    0.3950000000E+001    0.1550000000E+001
 0.1414141    0.3625000000E+001    0.1325000000E+001
 0.1515152    0.3550000000E+001    0.1950000000E+001
 0.1616162    0.3900000000E+001    0.1700000000E+001
 0.1717172    0.4175000000E+001    0.1775000000E+001
 0.1818182    0.4150000000E+001    0.1675000000E+001
 0.1919192    0.4050000000E+001    0.1775000000E+001
 0.2020202    0.4275000000E+001    0.1775000000E+001
 0.2121212    0.3900000000E+001    0.1575000000E+001
 0.2222222    0.3600000000E+001    0.1750000000E+001
 0.2323232    0.3950000000E+001    0.1925000000E+001
 0.2424242    0.3275000000E+001    0.1550000000E+001
 0.2525253    0.3600000000E+001    0.1725000000E+001
 0.2626263    0.3775000000E+001    0.1375000000E+001
 0.2727273    0.3925000000E+001    0.1575000000E+001
 0.2828283    0.3525000000E+001    0.8750000000E+000
 0.2929293    0.3375000000E+001    0.1150000000E+001
 0.3030303    0.3225000000E+001    0.1325000000E+001
 0.3131313    0.2925000000E+001    0.1475000000E+001
 0.3232323    0.3275000000E+001    0.9000000000E+000
 0.3333333    0.3025000000E+001    0.1425000000E+001
 0.3434343    0.2875000000E+001    0.1200000000E+001
 0.3535354    0.2950000000E+001    0.1225000000E+001
 0.3636364    0.3100000000E+001    0.9500000000E+000
 0.3737374    0.3175000000E+001    0.1450000000E+001
 0.3838384    0.3100000000E+001    0.1450000000E+001
 0.3939394    0.2900000000E+001    0.9750000000E+000
 0.4040404    0.2600000000E+001    0.1025000000E+001
 0.4141414    0.2275000000E+001    0.1575000000E+001
 0.4242424    0.2300000000E+001    0.1300000000E+001
 0.4343434    0.2475000000E+001    0.1000000000E+001
 0.4444444    0.2175000000E+001    0.1225000000E+001
 0.4545455    0.1850000000E+001    0.1150000000E+001
 0.4646465    0.1575000000E+001    0.8500000000E+000
 0.4747475    0.1725000000E+001    0.1425000000E+001
 0.4848485    0.1575000000E+001    0.1000000000E+001
 0.4949495    0.1800000000E+001    0.8750000000E+000
 0.5050505    0.1700000000E+001    0.1125000000E+001
 0.5151515    0.1100000000E+001    0.1250000000E+001
 0.5252525    0.1125000000E+001    0.9750000000E+000
 0.5353535    0.1625000000E+001    0.1125000000E+001
 0.5454545    0.1400000000E+001    0.1075000000E+001
 0.5555556    0.1525000000E+001    0.1075000000E+001
 0.5656566    0.1100000000E+001    0.1300000000E+001
 0.5757576    0.1400000000E+001    0.1300000000E+001
 0.5858586    0.1550000000E+001    0.1500000000E+001
 0.5959596    0.1125000000E+001    0.1325000000E+001
 0.6060606    0.1150000000E+001    0.1150000000E+001
 0.6161616    0.1050000000E+001    0.1425000000E+001
 0.6262626    0.1000000000E+001    0.1375000000E+001
 0.6363636    0.1225000000E+001    0.1200000000E+001
 0.6464646    0.1625000000E+001    0.1250000000E+001
 0.6565657    0.8750000000E+000    0.8000000000E+000
 0.6666667    0.1175000000E+001    0.1600000000E+001
 0.6767677    0.1100000000E+001    0.1100000000E+001
 0.6868687    0.9000000000E+000    0.1375000000E+001
 0.6969697    0.1125000000E+001    0.1200000000E+001
 0.7070707    0.1225000000E+001    0.1325000000E+001
 0.7171717    0.9000000000E+000    0.1450000000E+001
 0.7272727    0.1075000000E+001    0.1375000000E+001
 0.7373737    0.1175000000E+001    0.1250000000E+001
 0.7474747    0.1225000000E+001    0.1325000000E+001
 0.7575758    0.8750000000E+000    0.1150000000E+001
 0.7676768    0.9750000000E+000    0.1325000000E+001
 0.7777778    0.9500000000E+000    0.1325000000E+001
 0.7878788    0.9250000000E+000    0.1450000000E+001
 0.7979798    0.8000000000E+000    0.1550000000E+001
 0.8080808    0.1100000000E+001    0.1625000000E+001
 0.8181818    0.1250000000E+001    0.1600000000E+001
 0.8282828    0.6000000000E+000    0.1125000000E+001
 0.8383838    0.7750000000E+000    0.1350000000E+001
 0.8484848    0.1050000000E+001    0.1725000000E+001
 0.8585859    0.7000000000E+000    0.1475000000E+001
 0.8686869    0.8250000000E+000    0.1375000000E+001
 0.8787879    0.6500000000E+000    0.1300000000E+001
 0.8888889    0.4250000000E+000    0.1500000000E+001
 0.8989899    0.8000000000E+000    0.1425000000E+001
 0.9090909    0.7250000000E+000    0.1475000000E+001
 0.9191919    0.9250000000E+000    0.1750000000E+001
 0.9292929    0.6000000000E+000    0.1200000000E+001
 0.9393939    0.3250000000E+000    0.1250000000E+001
 0.9494949    0.5000000000E+000    0.1475000000E+001
 0.9595960    0.4000000000E+000    0.1325000000E+001
 0.9696970    0.3500000000E+000    0.1375000000E+001
 0.9797980    0.7105427358E-014    0.1200000000E+001
 0.9898990    0.0000000000E+000    0.1225000000E+001
 1.0000000    0.2250000000E+000    0.1525000000E+001


# Weightfunction after cycle       2048
 0.0000000    0.3643750000E+001    0.1856250000E+001
 0.0101010    0.3593750000E+001    0.2037500000E+001
 0.0202020    0.3631250000E+001    0.2043750000E+001
 0.0303030    0.3781250000E+001    0.2043750000E+001
 0.0404040    0.3675000000E+001    0.1937500000E+001
 0.0505051    0.3868750000E+001    0.2050000000E+001
 0.0606061    0.3731250000E+001    0.1887500000E+001
 0.0707071    0.3475000000E+001    0.1762500000E+001
 0.0808081    0.3768750000E+001    0.1862500000E+001
 0.0909091    0.3868750000E+001    0.1731250000E+001
 0.1010101    0.3931250000E+001    0.1837500000E+001
 0.1111111    0.4112500000E+001    0.1950000000E+001
 0.1212121    0.4193750000E+001    0.1737500000E+001
 0.1313131    0.4131250000E+001    0.1812500000E+001
 0.1414141    0.4137500000E+001    0.1818750000E+001
 0.1515152    0.4406250000E+001    0.1900000000E+001
 0.1616162    0.4018750000E+001    0.1706250000E+001
 0.1717172    0.4112500000E+001    0.1825000000E+001
 0.1818182    0.4081250000E+001    0.1868750000E+001
 0.1919192    0.4387500000E+001    0.1731250000E+001
 0.2020202    0.4087500000E+001    0.1581250000E+001
 0.2121212    0.3981250000E+001    0.1700000000E+001
 0.2222222    0.4118750000E+001    0.1725000000E+001
 0.2323232    0.3868750000E+001    0.1775000000E+001
 0.2424242    0.4000000000E+001    0.1650000000E+001
 0.2525253    0.3693750000E+001    0.1531250000E+001
 0.2626263    0.3718750000E+001    0.1731250000E+001
 0.2727273    0.3812500000E+001    0.1618750000E+001
 0.2828283    0.3375000000E+001    0.1681250000E+001
 0.2929293    0.3550000000E+001    0.1531250000E+001
 0.3030303    0.3412500000E+001    0.1512500000E+001
 0.3131313    0.3212500000E+001    0.1600000000E+001
 0.3232323    0.2987500000E+001    0.1768750000E+001
 0.3333333    0.3050000000E+001    0.1600000000E+001
 0.3434343    0.2787500000E+001    0.1637500000E+001
 0.3535354    0.2950000000E+001    0.1393750000E+001
 0.3636364    0.2762500000E+001    0.1675000000E+001
 0.3737374    0.2962500000E+001    0.1743750000E+001
 0.3838384    0.2562500000E+001    0.1643750000E+001
 0.3939394    0.2643750000E+001    0.1268750000E+001
 0.4040404    0.2600000000E+001    0.1375000000E+001
 0.4141414    0.2306250000E+001    0.1600000000E+001
 0.4242424    0.2237500000E+001    0.1687500000E+001
 0.4343434    0.1987500000E+001    0.1781250000E+001
 0.4444444    0.1912500000E+001    0.1518750000E+001
 0.4545455    0.1993750000E+001    0.1612500000E+001
 0.4646465    0.1693750000E+001    0.1362500000E+001
 0.4747475    0.1543750000E+001    0.1312500000E+001
 0.4848485    0.1287500000E+001    0.1300000000E+001
 0.4949495    0.1250000000E+001    0.1350000000E+001
 0.5050505    0.1162500000E+001    0.1387500000E+001
 0.5151515    0.1375000000E+001    0.1518750000E+001
 0.5252525    0.1356250000E+001    0.1293750000E+001
 0.5353535    0.1293750000E+001    0.1281250000E+001
 0.5454545    0.1200000000E+001    0.1412500000E+001
 0.5555556    0.1356250000E+001    0.1637500000E+001
 0.5656566    0.1531250000E+001    0.1518750000E+001
 0.5757576    0.1187500000E+001    0.1381250000E+001
 0.5858586    0.1256250000E+001    0.1593750000E+001
 0.5959596    0.1350000000E+001    0.1406250000E+001
 0.6060606    0.1200000000E+001    0.1237500000E+001
 0.6161616    0.1331250000E+001    0.1506250000E+001
 0.6262626    0.1531250000E+001    0.1212500000E+001
 0.6363636    0.1043750000E+001    0.1481250000E+001
 0.6464646    0.1056250000E+001    0.1318750000E+001
 0.6565657    0.1150000000E+001    0.1356250000E+001
 0.6666667    0.1300000000E+001    0.1212500000E+001
 0.6767677    0.1118750000E+001    0.1331250000E+001
 0.6868687    0.1200000000E+001    0.1062500000E+001
 0.6969697    0.1212500000E+001    0.1225000000E+001
 0.7070707    0.1100000000E+001    0.1225000000E+001
 0.7171717    0.1181250000E+001    0.1218750000E+001
 0.7272727    0.1168750000E+001    0.1418750000E+001
 0.7373737    0.1012500000E+001    0.1318750000E+001
 0.7474747    0.1206250000E+001    0.1375000000E+001
 0.7575758    0.9687500000E+000    0.1343750000E+001
 0.7676768    0.9312500000E+000    0.1168750000E+001
 0.7777778    0.9312500000E+000    0.1287500000E+001
 0.7878788    0.9375000000E+000    0.1237500000E+001
 0.7979798    0.8562500000E+000    0.1343750000E+001
 0.8080808    0.7250000000E+000    0.1212500000E+001
 0.8181818    0.8312500000E+000    0.1300000000E+001
 0.8282828    0.8812500000E+000    0.1287500000E+001
 0.8383838    0.7625000000E+000    0.1287500000E+001
 0.8484848    0.6437500000E+000    0.1181250000E+001
 0.8585859    0.6687500000E+000    0.1206250000E+001
 0.8686869    0.6625000000E+000    0.1243750000E+001
 0.8787879    0.5875000000E+000    0.1181250000E+001
 0.8888889    0.5250000000E+000    0.1206250000E+001
 0.8989899    0.3937500000E+000    0.1193750000E+001
 0.9090909    0.5625000000E+000    0.1318750000E+001
 0.9191919    0.3562500000E+000    0.1200000000E+001
 0.9292929    0.4312500000E+000    0.1275000000E+001
 0.9393939    0.5562500000E+000    0.1487500000E+001
 0.9494949    0.2875000000E+000    0.1318750000E+001
 0.9595960    0.2562500000E+000    0.1275000000E+001
 0.9696970    0.1687500000E+000    0.1162500000E+001
 0.9797980    0.1812500000E+000    0.1237500000E+001
 0.9898990    0.0000000000E+000    0.1081250000E+001
 1.0000000    0.1625000000E+000    0.1350000000E+001


# Weightfunction after cycle       4035
 0.0000000    0.3379687500E+001    0.1717187500E+001
 0.0101010    0.3362500000E+001    0.1696875000E+001
 0.0202020    0.3304687500E+001    0.1557812500E+001
 0.0303030    0.3285937500E+001    0.1623437500E+001
 0.0404040    0.3229687500E+001    0.1492187500E+001
 0.0505051    0.3450000000E+001    0.1631250000E+001
 0.0606061    0.3421875000E+001    0.1570312500E+001
 0.0707071    0.3598437500E+001    0.1673437500E+001
 0.0808081    0.3700000000E+001    0.1670312500E+001
 0.0909091    0.3732812500E+001    0.1593750000E+001
 0.1010101    0.3793750000E+001    0.1635937500E+001
 0.1111111    0.3960937500E+001    0.1707812500E+001
 0.1212121    0.4007812500E+001    0.1635937500E+001
 0.1313131    0.3951562500E+001    0.1601562500E+001
 0.1414141    0.4068750000E+001    0.1548437500E+001
 0.1515152    0.4139062500E+001    0.1592187500E+001
 0.1616162    0.4018750000E+001    0.1573437500E+001
 0.1717172    0.4178125000E+001    0.1573437500E+001
 0.1818182    0.4081250000E+001    0.1568750000E+001
 0.1919192    0.3968750000E+001    0.1537500000E+001
 0.2020202    0.4007812500E+001    0.1565625000E+001
 0.2121212    0.3995312500E+001    0.1526562500E+001
 0.2222222    0.4070312500E+001    0.1510937500E+001
 0.2323232    0.4009375000E+001    0.1460937500E+001
 0.2424242    0.3728125000E+001    0.1503125000E+001
 0.2525253    0.3857812500E+001    0.1620312500E+001
 0.2626263    0.3662500000E+001    0.1565625000E+001
 0.2727273    0.3642187500E+001    0.1432812500E+001
 0.2828283    0.3520312500E+001    0.1526562500E+001
 0.2929293    0.3345312500E+001    0.1476562500E+001
 0.3030303    0.3476562500E+001    0.1445312500E+001
 0.3131313    0.3150000000E+001    0.1479687500E+001
 0.3232323    0.3128125000E+001    0.1356250000E+001
 0.3333333    0.3001562500E+001    0.1382812500E+001
 0.3434343    0.2729687500E+001    0.1439062500E+001
 0.3535354    0.2825000000E+001    0.1420312500E+001
 0.3636364    0.2760937500E+001    0.1437500000E+001
 0.3737374    0.2590625000E+001    0.1392187500E+001
 0.3838384    0.2501562500E+001    0.1335937500E+001
 0.3939394    0.2395312500E+001    0.1398437500E+001
 0.4040404    0.2337500000E+001    0.1346875000E+001
 0.4141414    0.2151562500E+001    0.1346875000E+001
 0.4242424    0.2093750000E+001    0.1325000000E+001
 0.4343434    0.2012500000E+001    0.1321875000E+001
 0.4444444    0.1870312500E+001    0.1179687500E+001
 0.4545455    0.1685937500E+001    0.1240625000E+001
 0.4646465    0.1754687500E+001    0.1235937500E+001
 0.4747475    0.1532812500E+001    0.1240625000E+001
 0.4848485    0.1420312500E+001    0.1165625000E+001
 0.4949495    0.1285937500E+001    0.1181250000E+001
 0.5050505    0.1271875000E+001    0.1242187500E+001
 0.5151515    0.1348437500E+001    0.1179687500E+001
 0.5252525    0.1276562500E+001    0.1206250000E+001
 0.5353535    0.1187500000E+001    0.1125000000E+001
 0.5454545    0.1237500000E+001    0.1201562500E+001
 0.5555556    0.1292187500E+001    0.1182812500E+001
 0.5656566    0.1112500000E+001    0.1226562500E+001
 0.5757576    0.1218750000E+001    0.1189062500E+001
 0.5858586    0.1164062500E+001    0.1178125000E+001
 0.5959596    0.1326562500E+001    0.1242187500E+001
 0.6060606    0.1168750000E+001    0.1168750000E+001
 0.6161616    0.1220312500E+001    0.1234375000E+001
 0.6262626    0.1232812500E+001    0.1160937500E+001
 0.6363636    0.1073437500E+001    0.1246875000E+001
 0.6464646    0.1203125000E+001    0.1164062500E+001
 0.6565657    0.1048437500E+001    0.1014062500E+001
 0.6666667    0.1239062500E+001    0.1257812500E+001
 0.6767677    0.1134375000E+001    0.1193750000E+001
 0.6868687    0.1000000000E+001    0.1121875000E+001
 0.6969697    0.1051562500E+001    0.1121875000E+001
 0.7070707    0.1070312500E+001    0.1206250000E+001
 0.7171717    0.1034375000E+001    0.1195312500E+001
 0.7272727    0.9875000000E+000    0.1148437500E+001
 0.7373737    0.1003125000E+001    0.1198437500E+001
 0.7474747    0.9875000000E+000    0.1193750000E+001
 0.7575758    0.9593750000E+000    0.1209375000E+001
 0.7676768    0.9640625000E+000    0.1154687500E+001
 0.7777778    0.9375000000E+000    0.1139062500E+001
 0.7878788    0.7812500000E+000    0.1104687500E+001
 0.7979798    0.7609375000E+000    0.1132812500E+001
 0.8080808    0.8062500000E+000    0.1175000000E+001
 0.8181818    0.7859375000E+000    0.1195312500E+001
 0.8282828    0.7500000000E+000    0.1173437500E+001
 0.8383838    0.6031250000E+000    0.1098437500E+001
 0.8484848    0.6593750000E+000    0.1164062500E+001
 0.8585859    0.6468750000E+000    0.1207812500E+001
 0.8686869    0.5937500000E+000    0.1162500000E+001
 0.8787879    0.5609375000E+000    0.1140625000E+001
 0.8888889    0.5203125000E+000    0.1148437500E+001
 0.8989899    0.4328125000E+000    0.1085937500E+001
 0.9090909    0.4578125000E+000    0.1151562500E+001
 0.9191919    0.3578125000E+000    0.1085937500E+001
 0.9292929    0.3812500000E+000    0.1181250000E+001
 0.9393939    0.2093750000E+000    0.1089062500E+001
 0.9494949    0.2921875000E+000    0.1185937500E+001
 0.9595960    0.2656250000E+000    0.1148437500E+001
 0.9696970    0.2312500000E+000    0.1153125000E+001
 0.9797980    0.1234375000E+000    0.1178125000E+001
 0.9898990    0.0000000000E+000    0.1093750000E+001
 1.0000000    0.5312500000E-001    0.1217187500E+001


# Weightfunction after cycle       9117
 0.0000000    0.3289062500E+001    0.1631640625E+001
 0.0101010    0.3265625000E+001    0.1584375000E+001
 0.0202020    0.3328906250E+001    0.1642578125E+001
 0.0303030    0.3362890625E+001    0.1621093750E+001
 0.0404040    0.3390234375E+001    0.1589062500E+001
 0.0505051    0.3453906250E+001    0.1607031250E+001
 0.0606061    0.3500390625E+001    0.1622265625E+001
 0.0707071    0.3630859375E+001    0.1656250000E+001
 0.0808081    0.3723437500E+001    0.1631640625E+001
 0.0909091    0.3751171875E+001    0.1615625000E+001
 0.1010101    0.3848046875E+001    0.1626953125E+001
 0.1111111    0.3963671875E+001    0.1637500000E+001
 0.1212121    0.4010156250E+001    0.1621484375E+001
 0.1313131    0.4049218750E+001    0.1590234375E+001
 0.1414141    0.4079687500E+001    0.1573046875E+001
 0.1515152    0.4163281250E+001    0.1590234375E+001
 0.1616162    0.4081640625E+001    0.1621875000E+001
 0.1717172    0.4107421875E+001    0.1579687500E+001
 0.1818182    0.4177343750E+001    0.1575781250E+001
 0.1919192    0.4135937500E+001    0.1581250000E+001
 0.2020202    0.4081640625E+001    0.1529687500E+001
 0.2121212    0.4046875000E+001    0.1539062500E+001
 0.2222222    0.4049609375E+001    0.1550390625E+001
 0.2323232    0.3957812500E+001    0.1510546875E+001
 0.2424242    0.3864453125E+001    0.1498437500E+001
 0.2525253    0.3843359375E+001    0.1457421875E+001
 0.2626263    0.3692968750E+001    0.1489453125E+001
 0.2727273    0.3671484375E+001    0.1473437500E+001
 0.2828283    0.3614453125E+001    0.1486718750E+001
 0.2929293    0.3517968750E+001    0.1439453125E+001
 0.3030303    0.3478515625E+001    0.1426171875E+001
 0.3131313    0.3295703125E+001    0.1416796875E+001
 0.3232323    0.3300390625E+001    0.1425000000E+001
 0.3333333    0.3129687500E+001    0.1417968750E+001
 0.3434343    0.2969531250E+001    0.1412109375E+001
 0.3535354    0.2935937500E+001    0.1402343750E+001
 0.3636364    0.2873828125E+001    0.1384765625E+001
 0.3737374    0.2759375000E+001    0.1296875000E+001
 0.3838384    0.2629687500E+001    0.1314453125E+001
 0.3939394    0.2508593750E+001    0.1278906250E+001
 0.4040404    0.2426171875E+001    0.1316796875E+001
 0.4141414    0.2239062500E+001    0.1244531250E+001
 0.4242424    0.2154687500E+001    0.1227734375E+001
 0.4343434    0.2039062500E+001    0.1277734375E+001
 0.4444444    0.1919140625E+001    0.1242187500E+001
 0.4545455    0.1829296875E+001    0.1209765625E+001
 0.4646465    0.1717968750E+001    0.1194921875E+001
 0.4747475    0.1592968750E+001    0.1186718750E+001
 0.4848485    0.1473437500E+001    0.1211328125E+001
 0.4949495    0.1350000000E+001    0.1132031250E+001
 0.5050505    0.1289062500E+001    0.1135937500E+001
 0.5151515    0.1339453125E+001    0.1154296875E+001
 0.5252525    0.1324218750E+001    0.1123437500E+001
 0.5353535    0.1317968750E+001    0.1133984375E+001
 0.5454545    0.1335937500E+001    0.1147656250E+001
 0.5555556    0.1332421875E+001    0.1113281250E+001
 0.5656566    0.1253515625E+001    0.1119921875E+001
 0.5757576    0.1287109375E+001    0.1129296875E+001
 0.5858586    0.1242968750E+001    0.1120312500E+001
 0.5959596    0.1310937500E+001    0.1141796875E+001
 0.6060606    0.1258984375E+001    0.1146875000E+001
 0.6161616    0.1265234375E+001    0.1185937500E+001
 0.6262626    0.1257812500E+001    0.1141796875E+001
 0.6363636    0.1198828125E+001    0.1116406250E+001
 0.6464646    0.1195312500E+001    0.1123046875E+001
 0.6565657    0.1130468750E+001    0.1126953125E+001
 0.6666667    0.1203125000E+001    0.1154687500E+001
 0.6767677    0.1135937500E+001    0.1139062500E+001
 0.6868687    0.1142187500E+001    0.1122265625E+001
 0.6969697    0.1085546875E+001    0.1108203125E+001
 0.7070707    0.1068750000E+001    0.1111328125E+001
 0.7171717    0.1079687500E+001    0.1108593750E+001
 0.7272727    0.9617187500E+000    0.1067968750E+001
 0.7373737    0.1007421875E+001    0.1135546875E+001
 0.7474747    0.9886718750E+000    0.1126953125E+001
 0.7575758    0.9460937500E+000    0.1108984375E+001
 0.7676768    0.8839843750E+000    0.1085156250E+001
 0.7777778    0.8886718750E+000    0.1099609375E+001
 0.7878788    0.9054687500E+000    0.1103125000E+001
 0.7979798    0.8003906250E+000    0.1089062500E+001
 0.8080808    0.8230468750E+000    0.1088671875E+001
 0.8181818    0.8050781250E+000    0.1121875000E+001
 0.8282828    0.7500000000E+000    0.1094140625E+001
 0.8383838    0.7023437500E+000    0.1108593750E+001
 0.8484848    0.6464843750E+000    0.1079296875E+001
 0.8585859    0.6324218750E+000    0.1103125000E+001
 0.8686869    0.5777343750E+000    0.1066406250E+001
 0.8787879    0.5789062500E+000    0.1104687500E+001
 0.8888889    0.4703125000E+000    0.1041796875E+001
 0.8989899    0.4496093750E+000    0.1050390625E+001
 0.9090909    0.4425781250E+000    0.1091015625E+001
 0.9191919    0.3542968750E+000    0.1023437500E+001
 0.9292929    0.3714843750E+000    0.1074218750E+001
 0.9393939    0.2449218750E+000    0.1035546875E+001
 0.9494949    0.2835937500E+000    0.1090234375E+001
 0.9595960    0.2027343750E+000    0.1060937500E+001
 0.9696970    0.1523437500E+000    0.1037890625E+001
 0.9797980    0.7539062500E-001    0.1024218750E+001
 0.9898990    0.1757812500E-001    0.1017968750E+001
 1.0000000    0.0000000000E+000    0.1033984375E+001


# Weightfunction after cycle      15021
 0.0000000    0.3298046875E+001    0.1589062500E+001
 0.0101010    0.3286230469E+001    0.1573828125E+001
 0.0202020    0.3306738281E+001    0.1599414063E+001
 0.0303030    0.3379492188E+001    0.1600390625E+001
 0.0404040    0.3379980469E+001    0.1569335938E+001
 0.0505051    0.3438378906E+001    0.1581542969E+001
 0.0606061    0.3539160156E+001    0.1619824219E+001
 0.0707071    0.3620703125E+001    0.1614550781E+001
 0.0808081    0.3693652344E+001    0.1595703125E+001
 0.0909091    0.3746679688E+001    0.1568945313E+001
 0.1010101    0.3819628906E+001    0.1581738281E+001
 0.1111111    0.3939941406E+001    0.1603027344E+001
 0.1212121    0.3997753906E+001    0.1600390625E+001
 0.1313131    0.4050683594E+001    0.1575390625E+001
 0.1414141    0.4058398437E+001    0.1552050781E+001
 0.1515152    0.4104492187E+001    0.1555664063E+001
 0.1616162    0.4103027344E+001    0.1589257813E+001
 0.1717172    0.4079394531E+001    0.1559277344E+001
 0.1818182    0.4108300781E+001    0.1542773438E+001
 0.1919192    0.4092480469E+001    0.1550781250E+001
 0.2020202    0.4039941406E+001    0.1500683594E+001
 0.2121212    0.4017089844E+001    0.1511328125E+001
 0.2222222    0.3992089844E+001    0.1514550781E+001
 0.2323232    0.3915917969E+001    0.1482226563E+001
 0.2424242    0.3829785156E+001    0.1477050781E+001
 0.2525253    0.3790527344E+001    0.1444238281E+001
 0.2626263    0.3677050781E+001    0.1449511719E+001
 0.2727273    0.3628125000E+001    0.1420117188E+001
 0.2828283    0.3572656250E+001    0.1437890625E+001
 0.2929293    0.3458300781E+001    0.1411718750E+001
 0.3030303    0.3430664063E+001    0.1397167969E+001
 0.3131313    0.3271582031E+001    0.1407617188E+001
 0.3232323    0.3250292969E+001    0.1385351563E+001
 0.3333333    0.3119921875E+001    0.1376464844E+001
 0.3434343    0.2988378906E+001    0.1372753906E+001
 0.3535354    0.2900976563E+001    0.1355664063E+001
 0.3636364    0.2847460938E+001    0.1321289063E+001
 0.3737374    0.2748242188E+001    0.1264648438E+001
 0.3838384    0.2595605469E+001    0.1256250000E+001
 0.3939394    0.2486718750E+001    0.1251757813E+001
 0.4040404    0.2398730469E+001    0.1268457031E+001
 0.4141414    0.2254394531E+001    0.1213085938E+001
 0.4242424    0.2144238281E+001    0.1213085938E+001
 0.4343434    0.2060839844E+001    0.1216894531E+001
 0.4444444    0.1944042969E+001    0.1202148438E+001
 0.4545455    0.1825195313E+001    0.1155273438E+001
 0.4646465    0.1711328125E+001    0.1173339844E+001
 0.4747475    0.1610644531E+001    0.1138183594E+001
 0.4848485    0.1497949219E+001    0.1155664063E+001
 0.4949495    0.1359570313E+001    0.1102050781E+001
 0.5050505    0.1330273438E+001    0.1112011719E+001
 0.5151515    0.1309960938E+001    0.1110156250E+001
 0.5252525    0.1338378906E+001    0.1104296875E+001
 0.5353535    0.1309277344E+001    0.1110937500E+001
 0.5454545    0.1333300781E+001    0.1114453125E+001
 0.5555556    0.1301171875E+001    0.1071972656E+001
 0.5656566    0.1285937500E+001    0.1094335938E+001
 0.5757576    0.1309277344E+001    0.1089160156E+001
 0.5858586    0.1267480469E+001    0.1102832031E+001
 0.5959596    0.1270410156E+001    0.1119531250E+001
 0.6060606    0.1251757813E+001    0.1096582031E+001
 0.6161616    0.1261230469E+001    0.1104003906E+001
 0.6262626    0.1237988281E+001    0.1103808594E+001
 0.6363636    0.1232128906E+001    0.1088769531E+001
 0.6464646    0.1181738281E+001    0.1104199219E+001
 0.6565657    0.1158496094E+001    0.1102636719E+001
 0.6666667    0.1176171875E+001    0.1102734375E+001
 0.6767677    0.1140917969E+001    0.1089355469E+001
 0.6868687    0.1131542969E+001    0.1084570313E+001
 0.6969697    0.1094140625E+001    0.1092285156E+001
 0.7070707    0.1081152344E+001    0.1090136719E+001
 0.7171717    0.1066308594E+001    0.1080468750E+001
 0.7272727    0.9932617188E+000    0.1045703125E+001
 0.7373737    0.1012207031E+001    0.1083789063E+001
 0.7474747    0.9818359375E+000    0.1063183594E+001
 0.7575758    0.9439453125E+000    0.1068164063E+001
 0.7676768    0.9070312500E+000    0.1057617188E+001
 0.7777778    0.9085937500E+000    0.1076953125E+001
 0.7878788    0.8920898438E+000    0.1066210938E+001
 0.7979798    0.8412109375E+000    0.1070605469E+001
 0.8080808    0.8266601563E+000    0.1051367188E+001
 0.8181818    0.7870117188E+000    0.1059667969E+001
 0.8282828    0.7460937500E+000    0.1064453125E+001
 0.8383838    0.6919921875E+000    0.1053222656E+001
 0.8484848    0.6511718750E+000    0.1043457031E+001
 0.8585859    0.6166015625E+000    0.1039550781E+001
 0.8686869    0.5568359375E+000    0.1006445313E+001
 0.8787879    0.5708007813E+000    0.1050390625E+001
 0.8888889    0.4740234375E+000    0.1008984375E+001
 0.8989899    0.4405273438E+000    0.1007324219E+001
 0.9090909    0.4225585938E+000    0.1028906250E+001
 0.9191919    0.3478515625E+000    0.9990234375E+000
 0.9292929    0.3517578125E+000    0.1023046875E+001
 0.9393939    0.2529296875E+000    0.1006250000E+001
 0.9494949    0.2462890625E+000    0.1015820313E+001
 0.9595960    0.1881835938E+000    0.1015820313E+001
 0.9696970    0.1473632813E+000    0.9964843750E+000
 0.9797980    0.8662109375E-001    0.9839843750E+000
 0.9898990    0.1601562500E-001    0.9852539063E+000
 1.0000000    0.0000000000E+000    0.9856445313E+000


# Weightfunction after cycle      18480
 0.0000000    0.3306372070E+001    0.1597900391E+001
 0.0101010    0.3291650391E+001    0.1580224609E+001
 0.0202020    0.3315161133E+001    0.1608325195E+001
 0.0303030    0.3385302734E+001    0.1606811523E+001
 0.0404040    0.3390649414E+001    0.1581860352E+001
 0.0505051    0.3442138672E+001    0.1587304688E+001
 0.0606061    0.3547875977E+001    0.1625781250E+001
 0.0707071    0.3627001953E+001    0.1622875977E+001
 0.0808081    0.3700732422E+001    0.1603466797E+001
 0.0909091    0.3757495117E+001    0.1580566406E+001
 0.1010101    0.3827343750E+001    0.1593334961E+001
 0.1111111    0.3944531250E+001    0.1606323242E+001
 0.1212121    0.4006030273E+001    0.1610058594E+001
 0.1313131    0.4057861328E+001    0.1582446289E+001
 0.1414141    0.4068408203E+001    0.1560229492E+001
 0.1515152    0.4111328125E+001    0.1562817383E+001
 0.1616162    0.4110449219E+001    0.1589379883E+001
 0.1717172    0.4084106445E+001    0.1566894531E+001
 0.1818182    0.4119140625E+001    0.1552197266E+001
 0.1919192    0.4095629883E+001    0.1551953125E+001
 0.2020202    0.4052539063E+001    0.1513989258E+001
 0.2121212    0.4022558594E+001    0.1519482422E+001
 0.2222222    0.3992602539E+001    0.1519628906E+001
 0.2323232    0.3918261719E+001    0.1490405273E+001
 0.2424242    0.3837500000E+001    0.1489648438E+001
 0.2525253    0.3790698242E+001    0.1452026367E+001
 0.2626263    0.3680249023E+001    0.1459619141E+001
 0.2727273    0.3636181641E+001    0.1430468750E+001
 0.2828283    0.3572534180E+001    0.1448461914E+001
 0.2929293    0.3466748047E+001    0.1419482422E+001
 0.3030303    0.3437524414E+001    0.1403613281E+001
 0.3131313    0.3281372070E+001    0.1410131836E+001
 0.3232323    0.3248754883E+001    0.1385083008E+001
 0.3333333    0.3127465820E+001    0.1382666016E+001
 0.3434343    0.2993652344E+001    0.1381933594E+001
 0.3535354    0.2903588867E+001    0.1361230469E+001
 0.3636364    0.2850463867E+001    0.1329174805E+001
 0.3737374    0.2746069336E+001    0.1277587891E+001
 0.3838384    0.2598559570E+001    0.1266015625E+001
 0.3939394    0.2493872070E+001    0.1261401367E+001
 0.4040404    0.2393994141E+001    0.1276928711E+001
 0.4141414    0.2255322266E+001    0.1224047852E+001
 0.4242424    0.2154394531E+001    0.1220166016E+001
 0.4343434    0.2066064453E+001    0.1225195312E+001
 0.4444444    0.1944018555E+001    0.1213330078E+001
 0.4545455    0.1827856445E+001    0.1161499023E+001
 0.4646465    0.1717089844E+001    0.1183496094E+001
 0.4747475    0.1613500977E+001    0.1139526367E+001
 0.4848485    0.1498681641E+001    0.1152709961E+001
 0.4949495    0.1360717773E+001    0.1105517578E+001
 0.5050505    0.1335717773E+001    0.1114282227E+001
 0.5151515    0.1311669922E+001    0.1121191406E+001
 0.5252525    0.1337866211E+001    0.1107104492E+001
 0.5353535    0.1309350586E+001    0.1111743164E+001
 0.5454545    0.1335986328E+001    0.1117846680E+001
 0.5555556    0.1303515625E+001    0.1081420898E+001
 0.5656566    0.1288647461E+001    0.1100463867E+001
 0.5757576    0.1306542969E+001    0.1096899414E+001
 0.5858586    0.1276000977E+001    0.1112915039E+001
 0.5959596    0.1269799805E+001    0.1126025391E+001
 0.6060606    0.1254516602E+001    0.1099414062E+001
 0.6161616    0.1266528320E+001    0.1102880859E+001
 0.6262626    0.1240820312E+001    0.1107104492E+001
 0.6363636    0.1234448242E+001    0.1094873047E+001
 0.6464646    0.1185571289E+001    0.1108813477E+001
 0.6565657    0.1166625977E+001    0.1108178711E+001
 0.6666667    0.1176025391E+001    0.1105712891E+001
 0.6767677    0.1140356445E+001    0.1094091797E+001
 0.6868687    0.1131079102E+001    0.1088378906E+001
 0.6969697    0.1095703125E+001    0.1098657227E+001
 0.7070707    0.1083837891E+001    0.1092431641E+001
 0.7171717    0.1067431641E+001    0.1086132812E+001
 0.7272727    0.1001098633E+001    0.1051391602E+001
 0.7373737    0.1018188477E+001    0.1087402344E+001
 0.7474747    0.9855957031E+000    0.1071386719E+001
 0.7575758    0.9518310547E+000    0.1075415039E+001
 0.7676768    0.9110595703E+000    0.1066479492E+001
 0.7777778    0.9137207031E+000    0.1079931641E+001
 0.7878788    0.8917968750E+000    0.1070190430E+001
 0.7979798    0.8452636719E+000    0.1073315430E+001
 0.8080808    0.8280273438E+000    0.1053686523E+001
 0.8181818    0.7887451172E+000    0.1062744141E+001
 0.8282828    0.7455322266E+000    0.1064648437E+001
 0.8383838    0.6950683594E+000    0.1054418945E+001
 0.8484848    0.6522460938E+000    0.1044677734E+001
 0.8585859    0.6210205078E+000    0.1044287109E+001
 0.8686869    0.5610839844E+000    0.1012426758E+001
 0.8787879    0.5703369141E+000    0.1050781250E+001
 0.8888889    0.4765869141E+000    0.1015478516E+001
 0.8989899    0.4442138672E+000    0.1014135742E+001
 0.9090909    0.4203613281E+000    0.1030737305E+001
 0.9191919    0.3529785156E+000    0.1006079102E+001
 0.9292929    0.3515380859E+000    0.1028320313E+001
 0.9393939    0.2625000000E+000    0.1014038086E+001
 0.9494949    0.2419677734E+000    0.1012084961E+001
 0.9595960    0.1859130859E+000    0.1017285156E+001
 0.9696970    0.1485595703E+000    0.1000732422E+001
 0.9797980    0.8688964844E-001    0.9872558594E+000
 0.9898990    0.1791992188E-001    0.9895019531E+000
 1.0000000    0.0000000000E+000    0.9894287109E+000


# Weightfunction after cycle      21528
 0.0000000    0.3305035400E+001    0.1595288086E+001
 0.0101010    0.3291809082E+001    0.1578179932E+001
 0.0202020    0.3316021729E+001    0.1607128906E+001
 0.0303030    0.3383898926E+001    0.1604559326E+001
 0.0404040    0.3390911865E+001    0.1580987549E+001
 0.0505051    0.3441662598E+001    0.1586853027E+001
 0.0606061    0.3547186279E+001    0.1623803711E+001
 0.0707071    0.3626239014E+001    0.1621105957E+001
 0.0808081    0.3700604248E+001    0.1602734375E+001
 0.0909091    0.3757556152E+001    0.1578369141E+001
 0.1010101    0.3827697754E+001    0.1592285156E+001
 0.1111111    0.3943988037E+001    0.1604638672E+001
 0.1212121    0.4005200195E+001    0.1607867432E+001
 0.1313131    0.4057531738E+001    0.1580755615E+001
 0.1414141    0.4069506836E+001    0.1559295654E+001
 0.1515152    0.4111657715E+001    0.1560540771E+001
 0.1616162    0.4110455322E+001    0.1586749268E+001
 0.1717172    0.4082440186E+001    0.1564013672E+001
 0.1818182    0.4118280029E+001    0.1550189209E+001
 0.1919192    0.4094689941E+001    0.1550122070E+001
 0.2020202    0.4052465820E+001    0.1511975098E+001
 0.2121212    0.4022857666E+001    0.1517559814E+001
 0.2222222    0.3991125488E+001    0.1516992188E+001
 0.2323232    0.3916564941E+001    0.1488739014E+001
 0.2424242    0.3836816406E+001    0.1488433838E+001
 0.2525253    0.3790881348E+001    0.1451226807E+001
 0.2626263    0.3680438232E+001    0.1458837891E+001
 0.2727273    0.3636700439E+001    0.1428240967E+001
 0.2828283    0.3571417236E+001    0.1447180176E+001
 0.2929293    0.3465216064E+001    0.1417694092E+001
 0.3030303    0.3435955811E+001    0.1400994873E+001
 0.3131313    0.3281109619E+001    0.1408306885E+001
 0.3232323    0.3248602295E+001    0.1384454346E+001
 0.3333333    0.3126623535E+001    0.1380395508E+001
 0.3434343    0.2993615723E+001    0.1380297852E+001
 0.3535354    0.2903363037E+001    0.1359991455E+001
 0.3636364    0.2848040771E+001    0.1327874756E+001
 0.3737374    0.2745617676E+001    0.1277404785E+001
 0.3838384    0.2597979736E+001    0.1264752197E+001
 0.3939394    0.2492999268E+001    0.1261199951E+001
 0.4040404    0.2392193604E+001    0.1277062988E+001
 0.4141414    0.2253863525E+001    0.1223242188E+001
 0.4242424    0.2153796387E+001    0.1218804932E+001
 0.4343434    0.2064697266E+001    0.1224804688E+001
 0.4444444    0.1944183350E+001    0.1211541748E+001
 0.4545455    0.1827099609E+001    0.1160791016E+001
 0.4646465    0.1715478516E+001    0.1181591797E+001
 0.4747475    0.1613519287E+001    0.1138842773E+001
 0.4848485    0.1497436523E+001    0.1150671387E+001
 0.4949495    0.1360546875E+001    0.1104357910E+001
 0.5050505    0.1333337402E+001    0.1113800049E+001
 0.5151515    0.1310949707E+001    0.1119940186E+001
 0.5252525    0.1335412598E+001    0.1105725098E+001
 0.5353535    0.1309075928E+001    0.1110614014E+001
 0.5454545    0.1335589600E+001    0.1117077637E+001
 0.5555556    0.1302661133E+001    0.1080438232E+001
 0.5656566    0.1288568115E+001    0.1099743652E+001
 0.5757576    0.1304229736E+001    0.1095977783E+001
 0.5858586    0.1274243164E+001    0.1111840820E+001
 0.5959596    0.1269293213E+001    0.1124871826E+001
 0.6060606    0.1253442383E+001    0.1098455811E+001
 0.6161616    0.1263653564E+001    0.1101684570E+001
 0.6262626    0.1239581299E+001    0.1106243896E+001
 0.6363636    0.1233831787E+001    0.1094647217E+001
 0.6464646    0.1184460449E+001    0.1108697510E+001
 0.6565657    0.1165045166E+001    0.1107086182E+001
 0.6666667    0.1173736572E+001    0.1102990723E+001
 0.6767677    0.1139141846E+001    0.1094018555E+001
 0.6868687    0.1129644775E+001    0.1087219238E+001
 0.6969697    0.1095806885E+001    0.1097503662E+001
 0.7070707    0.1083172607E+001    0.1090911865E+001
 0.7171717    0.1066180420E+001    0.1085394287E+001
 0.7272727    0.1000750732E+001    0.1051464844E+001
 0.7373737    0.1016625977E+001    0.1085876465E+001
 0.7474747    0.9838806152E+000    0.1070465088E+001
 0.7575758    0.9511901855E+000    0.1074920654E+001
 0.7676768    0.9098388672E+000    0.1064587402E+001
 0.7777778    0.9126098633E+000    0.1078332520E+001
 0.7878788    0.8896240234E+000    0.1068750000E+001
 0.7979798    0.8440063477E+000    0.1072167969E+001
 0.8080808    0.8261718750E+000    0.1052270508E+001
 0.8181818    0.7881713867E+000    0.1062359619E+001
 0.8282828    0.7448120117E+000    0.1063702393E+001
 0.8383838    0.6938781738E+000    0.1053430176E+001
 0.8484848    0.6517700195E+000    0.1043395996E+001
 0.8585859    0.6209106445E+000    0.1043750000E+001
 0.8686869    0.5616760254E+000    0.1012725830E+001
 0.8787879    0.5688049316E+000    0.1049084473E+001
 0.8888889    0.4764709473E+000    0.1014770508E+001
 0.8989899    0.4433410645E+000    0.1013110352E+001
 0.9090909    0.4195007324E+000    0.1029962158E+001
 0.9191919    0.3526123047E+000    0.1005590820E+001
 0.9292929    0.3512084961E+000    0.1027227783E+001
 0.9393939    0.2620239258E+000    0.1013470459E+001
 0.9494949    0.2408386230E+000    0.1010998535E+001
 0.9595960    0.1843261719E+000    0.1015533447E+001
 0.9696970    0.1479003906E+000    0.1000311279E+001
 0.9797980    0.8645629883E-001    0.9867248535E+000
 0.9898990    0.1635742188E-001    0.9884948730E+000
 1.0000000    0.0000000000E+000    0.9890380859E+000


# Weightfunction after cycle      27751
 0.0000000    0.3305032349E+001    0.1595420837E+001
 0.0101010    0.3292326355E+001    0.1578816223E+001
 0.0202020    0.3315852356E+001    0.1606779480E+001
 0.0303030    0.3383767700E+001    0.1604660034E+001
 0.0404040    0.3391191101E+001    0.1580996704E+001
 0.0505051    0.3441651917E+001    0.1586659241E+001
 0.0606061    0.3547311401E+001    0.1623313904E+001
 0.0707071    0.3625979614E+001    0.1620552063E+001
 0.0808081    0.3700196838E+001    0.1602549744E+001
 0.0909091    0.3757582092E+001    0.1578291321E+001
 0.1010101    0.3828063965E+001    0.1591786194E+001
 0.1111111    0.3943484497E+001    0.1603958130E+001
 0.1212121    0.4004753113E+001    0.1607313538E+001
 0.1313131    0.4057022095E+001    0.1580395508E+001
 0.1414141    0.4069657898E+001    0.1559033203E+001
 0.1515152    0.4110972595E+001    0.1560224915E+001
 0.1616162    0.4109930420E+001    0.1586297607E+001
 0.1717172    0.4082116699E+001    0.1563627625E+001
 0.1818182    0.4117799377E+001    0.1549830627E+001
 0.1919192    0.4094342041E+001    0.1550090027E+001
 0.2020202    0.4052111816E+001    0.1511752319E+001
 0.2121212    0.4021907043E+001    0.1517094421E+001
 0.2222222    0.3990632629E+001    0.1516708374E+001
 0.2323232    0.3916029358E+001    0.1488513184E+001
 0.2424242    0.3836720276E+001    0.1488125610E+001
 0.2525253    0.3789489746E+001    0.1451054382E+001
 0.2626263    0.3680424500E+001    0.1458462524E+001
 0.2727273    0.3636459351E+001    0.1428234863E+001
 0.2828283    0.3571052551E+001    0.1446678162E+001
 0.2929293    0.3465097046E+001    0.1417173767E+001
 0.3030303    0.3434619141E+001    0.1400575256E+001
 0.3131313    0.3281257629E+001    0.1407940674E+001
 0.3232323    0.3247810364E+001    0.1384013367E+001
 0.3333333    0.3126101685E+001    0.1379734802E+001
 0.3434343    0.2993385315E+001    0.1379649353E+001
 0.3535354    0.2903558350E+001    0.1359338379E+001
 0.3636364    0.2848037720E+001    0.1327742004E+001
 0.3737374    0.2745503235E+001    0.1277499390E+001
 0.3838384    0.2597439575E+001    0.1264360046E+001
 0.3939394    0.2493190002E+001    0.1261061096E+001
 0.4040404    0.2391961670E+001    0.1276626587E+001
 0.4141414    0.2254286194E+001    0.1222740173E+001
 0.4242424    0.2154132080E+001    0.1218476868E+001
 0.4343434    0.2064805603E+001    0.1224174500E+001
 0.4444444    0.1944676208E+001    0.1211151123E+001
 0.4545455    0.1827407837E+001    0.1160523987E+001
 0.4646465    0.1716072083E+001    0.1180873108E+001
 0.4747475    0.1613894653E+001    0.1138409424E+001
 0.4848485    0.1498052979E+001    0.1150302124E+001
 0.4949495    0.1361074829E+001    0.1104103088E+001
 0.5050505    0.1333695984E+001    0.1112968445E+001
 0.5151515    0.1310995483E+001    0.1119567871E+001
 0.5252525    0.1335671997E+001    0.1105186462E+001
 0.5353535    0.1309689331E+001    0.1110681152E+001
 0.5454545    0.1335408020E+001    0.1116957092E+001
 0.5555556    0.1302894592E+001    0.1080065918E+001
 0.5656566    0.1288984680E+001    0.1099436951E+001
 0.5757576    0.1304533386E+001    0.1095576477E+001
 0.5858586    0.1274610901E+001    0.1111552429E+001
 0.5959596    0.1269674683E+001    0.1124281311E+001
 0.6060606    0.1253814697E+001    0.1098358154E+001
 0.6161616    0.1263897705E+001    0.1101467896E+001
 0.6262626    0.1239520264E+001    0.1105609131E+001
 0.6363636    0.1234101868E+001    0.1094883728E+001
 0.6464646    0.1185058594E+001    0.1108682251E+001
 0.6565657    0.1165499878E+001    0.1106578064E+001
 0.6666667    0.1174116516E+001    0.1102648926E+001
 0.6767677    0.1139564514E+001    0.1093365479E+001
 0.6868687    0.1129579163E+001    0.1087420654E+001
 0.6969697    0.1096305847E+001    0.1097407532E+001
 0.7070707    0.1083340454E+001    0.1090765381E+001
 0.7171717    0.1066244507E+001    0.1085552979E+001
 0.7272727    0.1001083374E+001    0.1051837158E+001
 0.7373737    0.1016857910E+001    0.1085641479E+001
 0.7474747    0.9839523315E+000    0.1070513916E+001
 0.7575758    0.9517913818E+000    0.1075030518E+001
 0.7676768    0.9102630615E+000    0.1064950562E+001
 0.7777778    0.9125457764E+000    0.1078080750E+001
 0.7878788    0.8896926880E+000    0.1068585205E+001
 0.7979798    0.8443435669E+000    0.1072186279E+001
 0.8080808    0.8260574341E+000    0.1052314758E+001
 0.8181818    0.7882858276E+000    0.1062475586E+001
 0.8282828    0.7449111938E+000    0.1063740540E+001
 0.8383838    0.6938919067E+000    0.1053413391E+001
 0.8484848    0.6520507813E+000    0.1043472290E+001
 0.8585859    0.6207229614E+000    0.1043481445E+001
 0.8686869    0.5620986938E+000    0.1013349915E+001
 0.8787879    0.5685195923E+000    0.1048678589E+001
 0.8888889    0.4768112183E+000    0.1015029907E+001
 0.8989899    0.4432449341E+000    0.1012858582E+001
 0.9090909    0.4192443848E+000    0.1029769897E+001
 0.9191919    0.3528549194E+000    0.1005838013E+001
 0.9292929    0.3506454468E+000    0.1026809692E+001
 0.9393939    0.2622817993E+000    0.1013377380E+001
 0.9494949    0.2408020020E+000    0.1011073303E+001
 0.9595960    0.1840744019E+000    0.1015257263E+001
 0.9696970    0.1477279663E+000    0.1000256348E+001
 0.9797980    0.8643188477E-001    0.9868438721E+000
 0.9898990    0.1657257080E-001    0.9886489868E+000
 1.0000000    0.0000000000E+000    0.9887786865E+000


