# Lambda, (Probability, Probability_biased(/observed)) per Fractional
 0.0000000   0.1714159571E+000   0.1069518017E+001   0.4783094650E+000   0.1075005827E+001
 0.0101010   0.1603638533E+000   0.9813276608E+000   0.4581474875E+000   0.1002700439E+001
 0.0202020   0.1671430522E+000   0.1032773853E+001   0.4679647916E+000   0.1036512377E+001
 0.0303030   0.1642490536E+000   0.1012738522E+001   0.4758936800E+000   0.1062730683E+001
 0.0404040   0.1593877188E+000   0.1039121464E+001   0.4569133185E+000   0.1010404659E+001
 0.0505051   0.1539694555E+000   0.9975675124E+000   0.4581553324E+000   0.1000590073E+001
 0.0606061   0.1464292209E+000   0.1012073223E+001   0.4581567128E+000   0.1011473665E+001
 0.0707071   0.1434788712E+000   0.1024310371E+001   0.4694270371E+000   0.1050031623E+001
 0.0808081   0.1361075381E+000   0.1026906129E+001   0.4637911512E+000   0.1050833378E+001
 0.0909091   0.1314152108E+000   0.1013382009E+001   0.4649952169E+000   0.1065928487E+001
 0.1010101   0.1212994175E+000   0.1000894010E+001   0.4469009304E+000   0.1026402894E+001
 0.1111111   0.1231907378E+000   0.1029185598E+001   0.4649728601E+000   0.1091953266E+001
 0.1212121   0.1195567585E+000   0.1015868702E+001   0.4537844042E+000   0.1039747044E+001
 0.1313131   0.1187009503E+000   0.9949499406E+000   0.4631955184E+000   0.1047589496E+001
 0.1414141   0.1161913117E+000   0.9837598212E+000   0.4687057092E+000   0.1049801234E+001
 0.1515152   0.1142509393E+000   0.9396319236E+000   0.4745753844E+000   0.1019684741E+001
 0.1616162   0.1212782243E+000   0.9890604041E+000   0.4790593278E+000   0.1048391251E+001
 0.1717172   0.1203966913E+000   0.9642916311E+000   0.4842693642E+000   0.1023831749E+001
 0.1818182   0.1208370467E+000   0.9822438109E+000   0.4775857919E+000   0.1019435920E+001
 0.1919192   0.1252584326E+000   0.9505820989E+000   0.4958498590E+000   0.1010791713E+001
 0.2020202   0.1300764556E+000   0.9404935410E+000   0.4931833278E+000   0.9811083515E+000
 0.2121212   0.1358953687E+000   0.9614232087E+000   0.5089010082E+000   0.1021288251E+001
 0.2222222   0.1402856227E+000   0.9550210644E+000   0.5273186365E+000   0.1036945509E+001
 0.2323232   0.1518028808E+000   0.9578894868E+000   0.5416072625E+000   0.1001493199E+001
 0.2424242   0.1572662569E+000   0.9453033291E+000   0.5522687373E+000   0.1017896920E+001
 0.2525253   0.1662662220E+000   0.9579985523E+000   0.5751839343E+000   0.1065633589E+001
 0.2626263   0.1804049874E+000   0.9700939152E+000   0.5884219397E+000   0.1033074969E+001
 0.2727273   0.1875375482E+000   0.9478118354E+000   0.6008099949E+000   0.1020375909E+001
 0.2828283   0.2020441547E+000   0.9364908375E+000   0.5991761692E+000   0.9829514661E+000
 0.2929293   0.2226225817E+000   0.9724606364E+000   0.6319684852E+000   0.1013943439E+001
 0.3030303   0.2399818789E+000   0.9729950573E+000   0.6662826004E+000   0.1017979860E+001
 0.3131313   0.2517923325E+000   0.9858538786E+000   0.6704565463E+000   0.1018422207E+001
 0.3232323   0.2700416380E+000   0.9878061509E+000   0.6821783447E+000   0.9820391243E+000
 0.3333333   0.3004222480E+000   0.9839997653E+000   0.7074706832E+000   0.1021960987E+001
 0.3434343   0.3116762967E+000   0.9629283125E+000   0.7507162927E+000   0.1021592364E+001
 0.3535354   0.3392377919E+000   0.9550101578E+000   0.7686070460E+000   0.1009658197E+001
 0.3636364   0.3679187583E+000   0.9773794900E+000   0.7740183532E+000   0.9935770220E+000
 0.3737374   0.3993540121E+000   0.9722425054E+000   0.8323810021E+000   0.1021583149E+001
 0.3838384   0.4321040209E+000   0.9882860391E+000   0.8246591958E+000   0.1006340591E+001
 0.3939394   0.4856962373E+000   0.1034878817E+001   0.8794620697E+000   0.1006718429E+001
 0.4040404   0.5163437207E+000   0.1009433838E+001   0.8859889450E+000   0.9887388460E+000
 0.4141414   0.5488013167E+000   0.9544321107E+000   0.9298206899E+000   0.9946183817E+000
 0.4242424   0.6160814776E+000   0.9695267747E+000   0.9639132784E+000   0.1037323348E+001
 0.4343434   0.6570395963E+000   0.9975566058E+000   0.9720174479E+000   0.9927476204E+000
 0.4444444   0.7324405717E+000   0.1003904217E+001   0.1029968441E+001   0.1010450736E+001
 0.4545455   0.7773226930E+000   0.9848722892E+000   0.1040980981E+001   0.9574611907E+000
 0.4646465   0.8648257056E+000   0.9941319494E+000   0.1100027645E+001   0.9900474574E+000
 0.4747475   0.9471270155E+000   0.1005223910E+001   0.1159143544E+001   0.1003115140E+001
 0.4848485   0.1030334265E+001   0.1006870799E+001   0.1174196312E+001   0.9734041323E+000
 0.4949495   0.1158939493E+001   0.1038903333E+001   0.1218727499E+001   0.9667412729E+000
 0.5050505   0.1166764201E+001   0.9586638518E+000   0.1288633504E+001   0.1002055349E+001
 0.5151515   0.1168318662E+001   0.9796153326E+000   0.1238523638E+001   0.9687963457E+000
 0.5252525   0.1194642274E+001   0.1008681286E+001   0.1254565194E+001   0.9934940818E+000
 0.5353535   0.1221405787E+001   0.1007241621E+001   0.1248521615E+001   0.9763070378E+000
 0.5454545   0.1197190421E+001   0.1013872803E+001   0.1238179533E+001   0.9663542188E+000
 0.5555556   0.1182074995E+001   0.9730714031E+000   0.1242517037E+001   0.9644742419E+000
 0.5656566   0.1209070600E+001   0.9901074328E+000   0.1272798930E+001   0.1017104380E+001
 0.5757576   0.1229721731E+001   0.9954080156E+000   0.1258846364E+001   0.9787491647E+000
 0.5858586   0.1237656876E+001   0.1023437847E+001   0.1223252242E+001   0.9643083616E+000
 0.5959596   0.1240149195E+001   0.9906527602E+000   0.1235582587E+001   0.9566594358E+000
 0.6060606   0.1237538562E+001   0.9991707751E+000   0.1249475604E+001   0.9783897574E+000
 0.6161616   0.1251970056E+001   0.1002246422E+001   0.1265371462E+001   0.9818548129E+000
 0.6262626   0.1267863780E+001   0.1011407923E+001   0.1264442927E+001   0.9781685836E+000
 0.6363636   0.1260525896E+001   0.9924087146E+000   0.1263563028E+001   0.1007704496E+001
 0.6464646   0.1276353039E+001   0.9880351885E+000   0.1258681646E+001   0.9646493378E+000
 0.6565657   0.1277536815E+001   0.9662548099E+000   0.1294544213E+001   0.9935401597E+000
 0.6666667   0.1302214191E+001   0.1012345886E+001   0.1258595511E+001   0.9584564726E+000
 0.6767677   0.1335959409E+001   0.9997924484E+000   0.1310000062E+001   0.1048520269E+001
 0.6868687   0.1333386149E+001   0.9925941260E+000   0.1277230341E+001   0.9942313277E+000
 0.6969697   0.1363041028E+001   0.9966731753E+000   0.1266981343E+001   0.9892917804E+000
 0.7070707   0.1416111256E+001   0.1017013889E+001   0.1321578808E+001   0.9909137213E+000
 0.7171717   0.1403424798E+001   0.9926159391E+000   0.1289279426E+001   0.9726853176E+000
 0.7272727   0.1420745000E+001   0.1006216406E+001   0.1291603223E+001   0.9919366499E+000
 0.7373737   0.1459616432E+001   0.1002039197E+001   0.1288252490E+001   0.9653128590E+000
 0.7474747   0.1484836325E+001   0.9904782554E+000   0.1303934803E+001   0.9783528951E+000
 0.7575758   0.1520220999E+001   0.9928667897E+000   0.1320851744E+001   0.9758001813E+000
 0.7676768   0.1546918578E+001   0.1005332975E+001   0.1310747368E+001   0.9746205879E+000
 0.7777778   0.1540266551E+001   0.9692650175E+000   0.1336963033E+001   0.9692847711E+000
 0.7878788   0.1589201403E+001   0.9852758315E+000   0.1359318708E+001   0.9856608446E+000
 0.7979798   0.1619031851E+001   0.9996615698E+000   0.1341593833E+001   0.9974107004E+000
 0.8080808   0.1658045387E+001   0.1016850291E+001   0.1341929378E+001   0.9953003341E+000
 0.8181818   0.1726068593E+001   0.1022598043E+001   0.1358862497E+001   0.9933005548E+000
 0.8282828   0.1762791078E+001   0.1016730319E+001   0.1329019068E+001   0.9560972859E+000
 0.8383838   0.1810656707E+001   0.9949826602E+000   0.1371439044E+001   0.9543002491E+000
 0.8484848   0.1852067686E+001   0.1022270846E+001   0.1392807898E+001   0.9902409845E+000
 0.8585859   0.1934961503E+001   0.1057542626E+001   0.1412937503E+001   0.1010727204E+001
 0.8686869   0.1955436206E+001   0.1024408530E+001   0.1399620442E+001   0.9902133378E+000
 0.8787879   0.1999229964E+001   0.1014210906E+001   0.1416446512E+001   0.9814401121E+000
 0.8888889   0.2059380565E+001   0.1008659473E+001   0.1401460270E+001   0.9562815973E+000
 0.8989899   0.2099390269E+001   0.1033995386E+001   0.1386631665E+001   0.9506785288E+000
 0.9090909   0.2176921863E+001   0.1025182895E+001   0.1417082815E+001   0.9699206456E+000
 0.9191919   0.2300504655E+001   0.1054957774E+001   0.1457632314E+001   0.9833108734E+000
 0.9292929   0.2345921263E+001   0.1040550222E+001   0.1477402138E+001   0.9837624365E+000
 0.9393939   0.2386782718E+001   0.1034453461E+001   0.1450977615E+001   0.9707776939E+000
 0.9494949   0.2472281478E+001   0.1041182802E+001   0.1459585649E+001   0.9613501626E+000
 0.9595960   0.2556371256E+001   0.1031694104E+001   0.1459360586E+001   0.9543739737E+000
 0.9696970   0.2706743085E+001   0.1072953580E+001   0.1479475203E+001   0.9751643068E+000
 0.9797980   0.2772671403E+001   0.1096969801E+001   0.1510121335E+001   0.1004396105E+001
 0.9898990   0.2900959766E+001   0.1065002705E+001   0.1550462677E+001   0.1004073560E+001
 1.0000000   0.2912454108E+001   0.1070946775E+001   0.1541805418E+001   0.9961297357E+000


 0.0000000   0.1683961515E+000   0.1055402051E+001   0.4734073997E+000   0.1065718473E+001
 0.0101010   0.1627604925E+000   0.1000473219E+001   0.4607714313E+000   0.1010082969E+001
 0.0202020   0.1645136140E+000   0.1021098560E+001   0.4635700393E+000   0.1028447866E+001
 0.0303030   0.1613650167E+000   0.9994308626E+000   0.4661861360E+000   0.1042745309E+001
 0.0404040   0.1579098673E+000   0.1034116921E+001   0.4562253524E+000   0.1010523799E+001
 0.0505051   0.1531165533E+000   0.9965033947E+000   0.4591916244E+000   0.1004483971E+001
 0.0606061   0.1451281760E+000   0.1007592288E+001   0.4524434561E+000   0.1000484686E+001
 0.0707071   0.1402067317E+000   0.1005452132E+001   0.4538954178E+000   0.1016940834E+001
 0.0808081   0.1344691850E+000   0.1019108104E+001   0.4541935960E+000   0.1030761089E+001
 0.0909091   0.1288267312E+000   0.9978895064E+000   0.4559663952E+000   0.1046930924E+001
 0.1010101   0.1236508266E+000   0.1024885417E+001   0.4507843307E+000   0.1037005427E+001
 0.1111111   0.1198572884E+000   0.1005840243E+001   0.4585074966E+000   0.1078520728E+001
 0.1212121   0.1183486284E+000   0.1010126100E+001   0.4559442848E+000   0.1046394656E+001
 0.1313131   0.1156316911E+000   0.9735826523E+000   0.4521681502E+000   0.1024312242E+001
 0.1414141   0.1156165916E+000   0.9832965228E+000   0.4642182671E+000   0.1041440997E+001
 0.1515152   0.1153926449E+000   0.9532899776E+000   0.4708786238E+000   0.1013386924E+001
 0.1616162   0.1168350096E+000   0.9571101013E+000   0.4752912542E+000   0.1041836381E+001
 0.1717172   0.1173227301E+000   0.9438976850E+000   0.4812807031E+000   0.1019167708E+001
 0.1818182   0.1207787020E+000   0.9861851795E+000   0.4835040158E+000   0.1033746918E+001
 0.1919192   0.1239872830E+000   0.9451673633E+000   0.4962758595E+000   0.1013305120E+001
 0.2020202   0.1280282916E+000   0.9298480572E+000   0.4981315529E+000   0.9925633756E+000
 0.2121212   0.1336314060E+000   0.9496583651E+000   0.5131989258E+000   0.1031588214E+001
 0.2222222   0.1399135274E+000   0.9567718901E+000   0.5280366145E+000   0.1040045792E+001
 0.2323232   0.1516912605E+000   0.9614902142E+000   0.5388781009E+000   0.9980669367E+000
 0.2424242   0.1565010126E+000   0.9449344965E+000   0.5514943414E+000   0.1018122440E+001
 0.2525253   0.1653059939E+000   0.9567497123E+000   0.5704999347E+000   0.1058674278E+001
 0.2626263   0.1753017080E+000   0.9468916862E+000   0.5775475902E+000   0.1015631977E+001
 0.2727273   0.1857258979E+000   0.9428775068E+000   0.5963619570E+000   0.1014468548E+001
 0.2828283   0.2013608853E+000   0.9375215714E+000   0.6076236813E+000   0.9984305080E+000
 0.2929293   0.2154776229E+000   0.9454833967E+000   0.6266568738E+000   0.1007056238E+001
 0.3030303   0.2348749476E+000   0.9565722900E+000   0.6598061089E+000   0.1009723943E+001
 0.3131313   0.2507886451E+000   0.9863404240E+000   0.6619694160E+000   0.1007165309E+001
 0.3232323   0.2716929134E+000   0.9983164288E+000   0.6794847316E+000   0.9797520307E+000
 0.3333333   0.2956766911E+000   0.9728119742E+000   0.7062196769E+000   0.1021812689E+001
 0.3434343   0.3096226409E+000   0.9608858695E+000   0.7476620308E+000   0.1019090449E+001
 0.3535354   0.3313853838E+000   0.9371001934E+000   0.7632747996E+000   0.1004284006E+001
 0.3636364   0.3603958809E+000   0.9617009032E+000   0.7822662753E+000   0.1005797372E+001
 0.3737374   0.3924390775E+000   0.9597049024E+000   0.8160035253E+000   0.1003111489E+001
 0.3838384   0.4292427766E+000   0.9861574573E+000   0.8283342173E+000   0.1012468906E+001
 0.3939394   0.4743034412E+000   0.1015149369E+001   0.8732316293E+000   0.1001211829E+001
 0.4040404   0.5159287092E+000   0.1013158912E+001   0.8844756013E+000   0.9886549838E+000
 0.4141414   0.5494734438E+000   0.9598989580E+000   0.9194283874E+000   0.9851010740E+000
 0.4242424   0.6121463135E+000   0.9676667277E+000   0.9474191974E+000   0.1021230975E+001
 0.4343434   0.6508659092E+000   0.9926278265E+000   0.9737867256E+000   0.9961718211E+000
 0.4444444   0.7175316293E+000   0.9878928691E+000   0.1028107119E+001   0.1010264755E+001
 0.4545455   0.7816306375E+000   0.9947846163E+000   0.1048051466E+001   0.9655318469E+000
 0.4646465   0.8599053241E+000   0.9929216822E+000   0.1095704075E+001   0.9877596893E+000
 0.4747475   0.9408484677E+000   0.1003051386E+001   0.1147143811E+001   0.9943448751E+000
 0.4848485   0.1029054145E+001   0.1010142733E+001   0.1177181996E+001   0.9774660760E+000
 0.4949495   0.1147295709E+001   0.1033091198E+001   0.1233261743E+001   0.9798611021E+000
 0.5050505   0.1174859812E+001   0.9696571841E+000   0.1256424182E+001   0.9785976917E+000
 0.5151515   0.1179965615E+001   0.9938309714E+000   0.1233750127E+001   0.9666316502E+000
 0.5252525   0.1181524362E+001   0.1002092197E+001   0.1238114122E+001   0.9820607087E+000
 0.5353535   0.1201260357E+001   0.9950840164E+000   0.1248595406E+001   0.9779523526E+000
 0.5454545   0.1197638792E+001   0.1018814248E+001   0.1242070485E+001   0.9709672384E+000
 0.5555556   0.1181953354E+001   0.9773473316E+000   0.1246857933E+001   0.9694175155E+000
 0.5656566   0.1218786121E+001   0.1002552386E+001   0.1257429400E+001   0.1006456345E+001
 0.5757576   0.1222262479E+001   0.9938198826E+000   0.1262741596E+001   0.9833741101E+000
 0.5858586   0.1226642387E+001   0.1018891870E+001   0.1249326424E+001   0.9864644665E+000
 0.5959596   0.1224468310E+001   0.9825258447E+000   0.1258566039E+001   0.9760390585E+000
 0.6060606   0.1230896216E+001   0.9982776177E+000   0.1251113640E+001   0.9812653964E+000
 0.6161616   0.1246551805E+001   0.1002397142E+001   0.1272645683E+001   0.9891049033E+000
 0.6262626   0.1264019203E+001   0.1012876146E+001   0.1261213795E+001   0.9772570224E+000
 0.6363636   0.1267252680E+001   0.1002191997E+001   0.1265940055E+001   0.1011241853E+001
 0.6464646   0.1273977523E+001   0.9906318257E+000   0.1274932993E+001   0.9786931292E+000
 0.6565657   0.1316118988E+001   0.9999132294E+000   0.1275535080E+001   0.9805427984E+000
 0.6666667   0.1302231430E+001   0.1016912503E+001   0.1265619701E+001   0.9653727845E+000
 0.6767677   0.1337963763E+001   0.1005795887E+001   0.1309388558E+001   0.1049734968E+001
 0.6868687   0.1326378450E+001   0.9918183373E+000   0.1279848940E+001   0.9978896956E+000
 0.6969697   0.1365123547E+001   0.1002685453E+001   0.1284657476E+001   0.1004724837E+001
 0.7070707   0.1419844303E+001   0.1024281072E+001   0.1311917524E+001   0.9852692257E+000
 0.7171717   0.1411852641E+001   0.1003068020E+001   0.1289856381E+001   0.9747029338E+000
 0.7272727   0.1437554994E+001   0.1022700905E+001   0.1301812191E+001   0.1001402704E+001
 0.7373737   0.1453519678E+001   0.1002341697E+001   0.1295390352E+001   0.9722397380E+000
 0.7474747   0.1499401364E+001   0.1004692542E+001   0.1305868797E+001   0.9813971910E+000
 0.7575758   0.1530468169E+001   0.1004054931E+001   0.1327204865E+001   0.9820879765E+000
 0.7676768   0.1542179168E+001   0.1006760621E+001   0.1315057910E+001   0.9794157272E+000
 0.7777778   0.1546331611E+001   0.9774582205E+000   0.1326464003E+001   0.9632368029E+000
 0.7878788   0.1605019679E+001   0.9995583848E+000   0.1350058919E+001   0.9805382537E+000
 0.7979798   0.1624131542E+001   0.1007320610E+001   0.1341487218E+001   0.9989531418E+000
 0.8080808   0.1670945782E+001   0.1029370874E+001   0.1338116069E+001   0.9940858306E+000
 0.8181818   0.1722919789E+001   0.1025323428E+001   0.1362210576E+001   0.9973670618E+000
 0.8282828   0.1766581616E+001   0.1023499305E+001   0.1347144701E+001   0.9707127384E+000
 0.8383838   0.1809362527E+001   0.9987433512E+000   0.1376283507E+001   0.9592284289E+000
 0.8484848   0.1865870740E+001   0.1034521665E+001   0.1398205100E+001   0.9956946337E+000
 0.8585859   0.1943768459E+001   0.1067134100E+001   0.1408222315E+001   0.1008992255E+001
 0.8686869   0.1955604961E+001   0.1029104741E+001   0.1415376476E+001   0.1002988784E+001
 0.8787879   0.1994709594E+001   0.1016468947E+001   0.1404688352E+001   0.9748756302E+000
 0.8888889   0.2078350398E+001   0.1022529027E+001   0.1411196917E+001   0.9644911240E+000
 0.8989899   0.2112100507E+001   0.1044934136E+001   0.1398167808E+001   0.9601464465E+000
 0.9090909   0.2176613888E+001   0.1029648097E+001   0.1425602903E+001   0.9773388260E+000
 0.9191919   0.2314735963E+001   0.1066258078E+001   0.1472914206E+001   0.9952356249E+000
 0.9292929   0.2348355265E+001   0.1046314703E+001   0.1468213921E+001   0.9792339416E+000
 0.9393939   0.2435026273E+001   0.1060109287E+001   0.1474383570E+001   0.9880414571E+000
 0.9494949   0.2477471455E+001   0.1048061204E+001   0.1470691527E+001   0.9702400957E+000
 0.9595960   0.2569433569E+001   0.1041629646E+001   0.1478084344E+001   0.9681904623E+000
 0.9696970   0.2667239948E+001   0.1062049843E+001   0.1489997484E+001   0.9836967797E+000
 0.9797980   0.2783245854E+001   0.1106106016E+001   0.1522877934E+001   0.1014527629E+001
 0.9898990   0.2892006414E+001   0.1066490945E+001   0.1542559938E+001   0.1000580124E+001
 1.0000000   0.2893324447E+001   0.1068697634E+001   0.1529226615E+001   0.9896093585E+000


 0.0000000   0.1709489066E+000   0.1066849593E+001   0.4720813254E+000   0.1062676816E+001
 0.0101010   0.1653484324E+000   0.1012063240E+001   0.4598927821E+000   0.1008103288E+001
 0.0202020   0.1662557978E+000   0.1027528122E+001   0.4630940312E+000   0.1027337258E+001
 0.0303030   0.1639284086E+000   0.1010994257E+001   0.4657110100E+000   0.1041627242E+001
 0.0404040   0.1594449373E+000   0.1039733906E+001   0.4595178109E+000   0.1017762426E+001
 0.0505051   0.1551443197E+000   0.1005410958E+001   0.4608981734E+000   0.1008163507E+001
 0.0606061   0.1484295411E+000   0.1026135090E+001   0.4562152842E+000   0.1008771720E+001
 0.0707071   0.1416118020E+000   0.1011214013E+001   0.4533736999E+000   0.1015717989E+001
 0.0808081   0.1375711899E+000   0.1038188163E+001   0.4581913621E+000   0.1039778517E+001
 0.0909091   0.1303693723E+000   0.1005548771E+001   0.4565381804E+000   0.1048188109E+001
 0.1010101   0.1255961083E+000   0.1036586549E+001   0.4518279276E+000   0.1039350961E+001
 0.1111111   0.1217694611E+000   0.1017545973E+001   0.4560726542E+000   0.1072736411E+001
 0.1212121   0.1201950741E+000   0.1021527658E+001   0.4590001319E+000   0.1053351894E+001
 0.1313131   0.1165933765E+000   0.9775093623E+000   0.4538957801E+000   0.1028171292E+001
 0.1414141   0.1165475877E+000   0.9870035776E+000   0.4629528839E+000   0.1038547037E+001
 0.1515152   0.1176500834E+000   0.9678102894E+000   0.4684330283E+000   0.1008070168E+001
 0.1616162   0.1193456635E+000   0.9735239521E+000   0.4727402074E+000   0.1036189460E+001
 0.1717172   0.1191367366E+000   0.9544200563E+000   0.4815299036E+000   0.1019641261E+001
 0.1818182   0.1224606640E+000   0.9956709134E+000   0.4860312480E+000   0.1039095030E+001
 0.1919192   0.1271567297E+000   0.9652104611E+000   0.4970194699E+000   0.1014769539E+001
 0.2020202   0.1292296576E+000   0.9345861228E+000   0.4995091875E+000   0.9952555506E+000
 0.2121212   0.1347807318E+000   0.9537570629E+000   0.5094155729E+000   0.1023928859E+001
 0.2222222   0.1413684632E+000   0.9626143575E+000   0.5278387599E+000   0.1039600870E+001
 0.2323232   0.1528051126E+000   0.9644357272E+000   0.5395477306E+000   0.9992540965E+000
 0.2424242   0.1578604984E+000   0.9490937606E+000   0.5507120736E+000   0.1016624286E+001
 0.2525253   0.1659191707E+000   0.9562190779E+000   0.5628800505E+000   0.1044478615E+001
 0.2626263   0.1775303290E+000   0.9548558442E+000   0.5790329744E+000   0.1018189982E+001
 0.2727273   0.1890867373E+000   0.9558615084E+000   0.6001479582E+000   0.1020854675E+001
 0.2828283   0.2044589483E+000   0.9479018622E+000   0.6062605628E+000   0.9961377599E+000
 0.2929293   0.2170527449E+000   0.9483488241E+000   0.6243606587E+000   0.1003312862E+001
 0.3030303   0.2357127551E+000   0.9559062046E+000   0.6565980222E+000   0.1004761130E+001
 0.3131313   0.2526261590E+000   0.9893464028E+000   0.6630248380E+000   0.1008717523E+001
 0.3232323   0.2716087955E+000   0.9937676008E+000   0.6769460459E+000   0.9760396468E+000
 0.3333333   0.2947088364E+000   0.9655084357E+000   0.7110808397E+000   0.1028791548E+001
 0.3434343   0.3114426688E+000   0.9624281234E+000   0.7367178473E+000   0.1004119797E+001
 0.3535354   0.3364474250E+000   0.9473729573E+000   0.7626046748E+000   0.1003348993E+001
 0.3636364   0.3686651086E+000   0.9795877350E+000   0.7839772417E+000   0.1007943708E+001
 0.3737374   0.3968576190E+000   0.9663874608E+000   0.8069982768E+000   0.9919886663E+000
 0.3838384   0.4270234972E+000   0.9768910650E+000   0.8308616291E+000   0.1015504211E+001
 0.3939394   0.4706285256E+000   0.1003004813E+001   0.8705540894E+000   0.9980888576E+000
 0.4040404   0.5147694437E+000   0.1006587957E+001   0.8916643886E+000   0.9966375781E+000
 0.4141414   0.5572735450E+000   0.9693895547E+000   0.9293262140E+000   0.9956529964E+000
 0.4242424   0.6097639851E+000   0.9598059470E+000   0.9480785614E+000   0.1021887432E+001
 0.4343434   0.6583053033E+000   0.9997084691E+000   0.9795419344E+000   0.1002006108E+001
 0.4444444   0.7246470942E+000   0.9934510028E+000   0.1027880217E+001   0.1009988145E+001
 0.4545455   0.7828314253E+000   0.9920803196E+000   0.1052986479E+001   0.9700267731E+000
 0.4646465   0.8614038834E+000   0.9904265607E+000   0.1097267124E+001   0.9891162169E+000
 0.4747475   0.9441519333E+000   0.1002297123E+001   0.1137826992E+001   0.9862166689E+000
 0.4848485   0.1033644932E+001   0.1010338713E+001   0.1181085739E+001   0.9806554382E+000
 0.4949495   0.1143717914E+001   0.1025494445E+001   0.1229161543E+001   0.9765515088E+000
 0.5050505   0.1174080710E+001   0.9648975878E+000   0.1265264441E+001   0.9854308101E+000
 0.5151515   0.1181504498E+001   0.9908995953E+000   0.1248372135E+001   0.9780359088E+000
 0.5252525   0.1196709026E+001   0.1010659035E+001   0.1236446084E+001   0.9806855477E+000
 0.5353535   0.1187959739E+001   0.9798857096E+000   0.1249641094E+001   0.9787193952E+000
 0.5454545   0.1188099265E+001   0.1006405448E+001   0.1245324444E+001   0.9734592598E+000
 0.5555556   0.1178932552E+001   0.9707080923E+000   0.1250806122E+001   0.9724355357E+000
 0.5656566   0.1217894540E+001   0.9975630521E+000   0.1258523146E+001   0.1007278287E+001
 0.5757576   0.1222940901E+001   0.9901472095E+000   0.1267630526E+001   0.9871289877E+000
 0.5858586   0.1225884745E+001   0.1013936756E+001   0.1261712998E+001   0.9961919571E+000
 0.5959596   0.1213810814E+001   0.9698365166E+000   0.1256766058E+001   0.9745913783E+000
 0.6060606   0.1244321159E+001   0.1004878328E+001   0.1263163756E+001   0.9906638468E+000
 0.6161616   0.1246400332E+001   0.9980174633E+000   0.1263553516E+001   0.9819862795E+000
 0.6262626   0.1261307036E+001   0.1006409173E+001   0.1266036067E+001   0.9809414787E+000
 0.6363636   0.1281826775E+001   0.1009411267E+001   0.1252963340E+001   0.1000822803E+001
 0.6464646   0.1272292711E+001   0.9851188883E+000   0.1283719442E+001   0.9853856458E+000
 0.6565657   0.1313900882E+001   0.9939873570E+000   0.1268726193E+001   0.9752567989E+000
 0.6666667   0.1303476463E+001   0.1013560563E+001   0.1274445452E+001   0.9720531447E+000
 0.6767677   0.1332121151E+001   0.9971496123E+000   0.1302544425E+001   0.1044192574E+001
 0.6868687   0.1322269330E+001   0.9845452872E+000   0.1273475799E+001   0.9928678646E+000
 0.6969697   0.1355525702E+001   0.9914061521E+000   0.1282681536E+001   0.1003126182E+001
 0.7070707   0.1406010452E+001   0.1009992317E+001   0.1302972748E+001   0.9784995956E+000
 0.7171717   0.1407746403E+001   0.9959018437E+000   0.1293068625E+001   0.9770784257E+000
 0.7272727   0.1439350337E+001   0.1019628070E+001   0.1298688752E+001   0.9989469793E+000
 0.7373737   0.1453092566E+001   0.9977902577E+000   0.1300775090E+001   0.9762293368E+000
 0.7474747   0.1492779422E+001   0.9960061348E+000   0.1315540698E+001   0.9886133877E+000
 0.7575758   0.1530093257E+001   0.9995445831E+000   0.1320602698E+001   0.9771506885E+000
 0.7676768   0.1546567753E+001   0.1005336464E+001   0.1317431198E+001   0.9811311688E+000
 0.7777778   0.1548021524E+001   0.9743694550E+000   0.1327745630E+001   0.9641162718E+000
 0.7878788   0.1602943565E+001   0.9940246038E+000   0.1349106264E+001   0.9797943055E+000
 0.7979798   0.1621545456E+001   0.1001444171E+001   0.1340519075E+001   0.9981791862E+000
 0.8080808   0.1671494164E+001   0.1025334284E+001   0.1335372154E+001   0.9919946882E+000
 0.8181818   0.1723292855E+001   0.1021188712E+001   0.1360373546E+001   0.9959691465E+000
 0.8282828   0.1759957519E+001   0.1015329787E+001   0.1344835081E+001   0.9689970271E+000
 0.8383838   0.1787340283E+001   0.9823961455E+000   0.1373515385E+001   0.9572482874E+000
 0.8484848   0.1854531911E+001   0.1023866759E+001   0.1387611941E+001   0.9880985147E+000
 0.8585859   0.1937157704E+001   0.1058986789E+001   0.1406127581E+001   0.1007437868E+001
 0.8686869   0.1961109990E+001   0.1027617514E+001   0.1411834059E+001   0.1000425357E+001
 0.8787879   0.2000504883E+001   0.1015091407E+001   0.1401962750E+001   0.9729323430E+000
 0.8888889   0.2067701762E+001   0.1012968338E+001   0.1403035403E+001   0.9588621583E+000
 0.8989899   0.2126629599E+001   0.1047652580E+001   0.1410486430E+001   0.9685544169E+000
 0.9090909   0.2182696231E+001   0.1028138970E+001   0.1424332488E+001   0.9764160159E+000
 0.9191919   0.2299477221E+001   0.1054729477E+001   0.1467910504E+001   0.9918019872E+000
 0.9292929   0.2332509621E+001   0.1034839673E+001   0.1455267452E+001   0.9705476680E+000
 0.9393939   0.2438710036E+001   0.1057202666E+001   0.1476753223E+001   0.9895768927E+000
 0.9494949   0.2467211547E+001   0.1039286944E+001   0.1456461407E+001   0.9608012123E+000
 0.9595960   0.2579122600E+001   0.1041115763E+001   0.1480663001E+001   0.9698280502E+000
 0.9696970   0.2689437843E+001   0.1066339312E+001   0.1503558248E+001   0.9925968789E+000
 0.9797980   0.2767386607E+001   0.1095131106E+001   0.1515407628E+001   0.1009497360E+001
 0.9898990   0.2896385105E+001   0.1063568148E+001   0.1551622529E+001   0.1006405111E+001
 1.0000000   0.2876106016E+001   0.1057824688E+001   0.1525716718E+001   0.9872855573E+000


 0.0000000   0.1723422471E+000   0.1068261206E+001   0.4657357035E+000   0.1051326763E+001
 0.0101010   0.1686787609E+000   0.1025455475E+001   0.4568439179E+000   0.1004222824E+001
 0.0202020   0.1697739404E+000   0.1042165719E+001   0.4585588224E+000   0.1020123404E+001
 0.0303030   0.1678801032E+000   0.1028353736E+001   0.4632032455E+000   0.1038917880E+001
 0.0404040   0.1610249206E+000   0.1042925782E+001   0.4535207066E+000   0.1007291079E+001
 0.0505051   0.1573404483E+000   0.1012737649E+001   0.4552128295E+000   0.9985142853E+000
 0.0606061   0.1501365247E+000   0.1030906768E+001   0.4483124204E+000   0.9940715429E+000
 0.0707071   0.1439828034E+000   0.1021181862E+001   0.4482263945E+000   0.1006996708E+001
 0.0808081   0.1384217973E+000   0.1037532956E+001   0.4519750528E+000   0.1028542424E+001
 0.0909091   0.1327294571E+000   0.1016819158E+001   0.4514402144E+000   0.1039384345E+001
 0.1010101   0.1273823673E+000   0.1044209257E+001   0.4459804421E+000   0.1028771127E+001
 0.1111111   0.1236919313E+000   0.1026610882E+001   0.4499075987E+000   0.1061197260E+001
 0.1212121   0.1211804489E+000   0.1022927501E+001   0.4513485794E+000   0.1038691441E+001
 0.1313131   0.1193781403E+000   0.9940785267E+000   0.4474422634E+000   0.1016389417E+001
 0.1414141   0.1188814531E+000   0.9999502201E+000   0.4596071343E+000   0.1033927154E+001
 0.1515152   0.1199941987E+000   0.9804085340E+000   0.4603964871E+000   0.9935484677E+000
 0.1616162   0.1213174014E+000   0.9829058830E+000   0.4667394874E+000   0.1025899875E+001
 0.1717172   0.1220861013E+000   0.9714242028E+000   0.4758382274E+000   0.1010409151E+001
 0.1818182   0.1244368313E+000   0.1004886452E+001   0.4784302275E+000   0.1025707401E+001
 0.1919192   0.1288294560E+000   0.9712849971E+000   0.4886805630E+000   0.1000536390E+001
 0.2020202   0.1322133379E+000   0.9496886360E+000   0.4952162050E+000   0.9894634997E+000
 0.2121212   0.1377574566E+000   0.9682196892E+000   0.5013784965E+000   0.1010594831E+001
 0.2222222   0.1452647618E+000   0.9824465044E+000   0.5212067681E+000   0.1029411951E+001
 0.2323232   0.1550950456E+000   0.9722594365E+000   0.5324458593E+000   0.9888611707E+000
 0.2424242   0.1614054062E+000   0.9638347119E+000   0.5447791542E+000   0.1008486680E+001
 0.2525253   0.1690749911E+000   0.9678076405E+000   0.5546274010E+000   0.1032045442E+001
 0.2626263   0.1808942704E+000   0.9663599020E+000   0.5765563188E+000   0.1016672467E+001
 0.2727273   0.1926920758E+000   0.9674902517E+000   0.5961313307E+000   0.1016860411E+001
 0.2828283   0.2068390352E+000   0.9524421233E+000   0.6017354286E+000   0.9914697534E+000
 0.2929293   0.2221262172E+000   0.9639432923E+000   0.6220459627E+000   0.1002390929E+001
 0.3030303   0.2391742873E+000   0.9633753333E+000   0.6472992265E+000   0.9933039131E+000
 0.3131313   0.2560283438E+000   0.9958798475E+000   0.6602898338E+000   0.1007368069E+001
 0.3232323   0.2770206594E+000   0.1006704477E+001   0.6772856501E+000   0.9792624015E+000
 0.3333333   0.2979493674E+000   0.9695143015E+000   0.7051631384E+000   0.1023085232E+001
 0.3434343   0.3149061863E+000   0.9665408693E+000   0.7317068857E+000   0.1000081246E+001
 0.3535354   0.3408715567E+000   0.9533302552E+000   0.7502488315E+000   0.9898552400E+000
 0.3636364   0.3711765262E+000   0.9795816526E+000   0.7760069705E+000   0.1000488838E+001
 0.3737374   0.4014964211E+000   0.9710622681E+000   0.8029325633E+000   0.9897533422E+000
 0.3838384   0.4354727778E+000   0.9894736045E+000   0.8257029552E+000   0.1012023664E+001
 0.3939394   0.4745514694E+000   0.1004516165E+001   0.8639152385E+000   0.9932495676E+000
 0.4040404   0.5163467939E+000   0.1002834561E+001   0.8915390227E+000   0.9992864439E+000
 0.4141414   0.5631307518E+000   0.9729443282E+000   0.9244005768E+000   0.9931476699E+000
 0.4242424   0.6135602217E+000   0.9592409262E+000   0.9407752936E+000   0.1016853618E+001
 0.4343434   0.6630557195E+000   0.1000103346E+001   0.9784370261E+000   0.1003677105E+001
 0.4444444   0.7250129495E+000   0.9872212574E+000   0.1024558526E+001   0.1009541888E+001
 0.4545455   0.7921011959E+000   0.9970296860E+000   0.1048730415E+001   0.9688099555E+000
 0.4646465   0.8734665482E+000   0.9974946328E+000   0.1095831319E+001   0.9905866395E+000
 0.4747475   0.9484218420E+000   0.1000011471E+001   0.1137381236E+001   0.9885894433E+000
 0.4848485   0.1039441442E+001   0.1009123871E+001   0.1189629920E+001   0.9905141788E+000
 0.4949495   0.1153191968E+001   0.1026986737E+001   0.1224463878E+001   0.9755420010E+000
 0.5050505   0.1184341447E+001   0.9667385413E+000   0.1257334616E+001   0.9819955259E+000
 0.5151515   0.1193045894E+001   0.9938028995E+000   0.1249979809E+001   0.9820362850E+000
 0.5252525   0.1199656381E+001   0.1006286860E+001   0.1240794507E+001   0.9868888829E+000
 0.5353535   0.1189303197E+001   0.9743503051E+000   0.1252002684E+001   0.9833134036E+000
 0.5454545   0.1194037405E+001   0.1004585767E+001   0.1251935480E+001   0.9813660242E+000
 0.5555556   0.1183128216E+001   0.9675654227E+000   0.1250614262E+001   0.9750076038E+000
 0.5656566   0.1223260458E+001   0.9951726829E+000   0.1262954437E+001   0.1013654028E+001
 0.5757576   0.1228046010E+001   0.9875469986E+000   0.1261856801E+001   0.9853830604E+000
 0.5858586   0.1236098206E+001   0.1015460511E+001   0.1257581226E+001   0.9957087003E+000
 0.5959596   0.1221684601E+001   0.9695170857E+000   0.1262631174E+001   0.9818800418E+000
 0.6060606   0.1241854143E+001   0.9960942242E+000   0.1270101020E+001   0.9988924393E+000
 0.6161616   0.1246112769E+001   0.9910299234E+000   0.1263810213E+001   0.9849347103E+000
 0.6262626   0.1269837164E+001   0.1006353679E+001   0.1273934074E+001   0.9898235384E+000
 0.6363636   0.1279563359E+001   0.1000804943E+001   0.1259085110E+001   0.1008527439E+001
 0.6464646   0.1280298498E+001   0.9846041916E+000   0.1288540698E+001   0.9918547005E+000
 0.6565657   0.1310979611E+001   0.9850607861E+000   0.1276700305E+001   0.9841331145E+000
 0.6666667   0.1314979219E+001   0.1015580228E+001   0.1283902237E+001   0.9820068479E+000
 0.6767677   0.1332216493E+001   0.9904675327E+000   0.1300631763E+001   0.1045577465E+001
 0.6868687   0.1336492223E+001   0.9883961529E+000   0.1279492438E+001   0.1000350709E+001
 0.6969697   0.1363821111E+001   0.9907181028E+000   0.1291841507E+001   0.1013117367E+001
 0.7070707   0.1397959632E+001   0.9974083253E+000   0.1297694037E+001   0.9772629410E+000
 0.7171717   0.1416378638E+001   0.9952227969E+000   0.1302033104E+001   0.9866058336E+000
 0.7272727   0.1437836029E+001   0.1011657413E+001   0.1306101843E+001   0.1007460909E+001
 0.7373737   0.1460293165E+001   0.9959438821E+000   0.1306861344E+001   0.9835421075E+000
 0.7474747   0.1493028948E+001   0.9894262746E+000   0.1317023565E+001   0.9924977886E+000
 0.7575758   0.1533019936E+001   0.9946743268E+000   0.1326852114E+001   0.9845225904E+000
 0.7676768   0.1546989543E+001   0.9988003816E+000   0.1324911429E+001   0.9894634997E+000
 0.7777778   0.1555308371E+001   0.9723262552E+000   0.1332724855E+001   0.9704403197E+000
 0.7878788   0.1610606695E+001   0.9920127152E+000   0.1354547607E+001   0.9864994070E+000
 0.7979798   0.1626698725E+001   0.9978231581E+000   0.1345696292E+001   0.1004838740E+001
 0.8080808   0.1669225927E+001   0.1017008478E+001   0.1345221015E+001   0.1002107880E+001
 0.8181818   0.1720693775E+001   0.1012743217E+001   0.1367427130E+001   0.1003935246E+001
 0.8282828   0.1751394834E+001   0.1003547293E+001   0.1353132718E+001   0.9777044979E+000
 0.8383838   0.1789730773E+001   0.9770481101E+000   0.1379268664E+001   0.9639483001E+000
 0.8484848   0.1840702289E+001   0.1009349384E+001   0.1391181024E+001   0.9934126041E+000
 0.8585859   0.1910930884E+001   0.1037574717E+001   0.1403098740E+001   0.1008081353E+001
 0.8686869   0.1951668680E+001   0.1015744491E+001   0.1416625243E+001   0.1006629876E+001
 0.8787879   0.1997155832E+001   0.1006529078E+001   0.1411382300E+001   0.9822106434E+000
 0.8888889   0.2065597039E+001   0.1005084124E+001   0.1409095033E+001   0.9656986772E+000
 0.8989899   0.2119941607E+001   0.1037285170E+001   0.1422415774E+001   0.9794797834E+000
 0.9090909   0.2175025913E+001   0.1017587573E+001   0.1440888348E+001   0.9905300296E+000
 0.9191919   0.2274365933E+001   0.1036146467E+001   0.1467901852E+001   0.9945719741E+000
 0.9292929   0.2324413516E+001   0.1024263875E+001   0.1468668524E+001   0.9822264942E+000
 0.9393939   0.2419975454E+001   0.1041976399E+001   0.1484802883E+001   0.9977557131E+000
 0.9494949   0.2465501594E+001   0.1031533193E+001   0.1471407018E+001   0.9733772396E+000
 0.9595960   0.2549718886E+001   0.1022276019E+001   0.1487253456E+001   0.9768712007E+000
 0.9696970   0.2657328064E+001   0.1046472741E+001   0.1506066783E+001   0.9970356356E+000
 0.9797980   0.2722086276E+001   0.1069909401E+001   0.1519342828E+001   0.1014951527E+001
 0.9898990   0.2853230526E+001   0.1040626105E+001   0.1557159120E+001   0.1012822996E+001
 1.0000000   0.2845207152E+001   0.1039373254E+001   0.1527669244E+001   0.9913157746E+000


 0.0000000   0.1711059105E+000   0.1060622329E+001   0.4603702744E+000   0.1039415142E+001
 0.0101010   0.1689397580E+000   0.1027065929E+001   0.4565464896E+000   0.1003762175E+001
 0.0202020   0.1692603095E+000   0.1039036810E+001   0.4587144998E+000   0.1020666131E+001
 0.0303030   0.1676958562E+000   0.1027248895E+001   0.4631067763E+000   0.1038901421E+001
 0.0404040   0.1618442258E+000   0.1048256509E+001   0.4553755645E+000   0.1011605466E+001
 0.0505051   0.1565282554E+000   0.1007533199E+001   0.4543627347E+000   0.9968414112E+000
 0.0606061   0.1496539639E+000   0.1027617058E+001   0.4473226603E+000   0.9920677846E+000
 0.0707071   0.1447565465E+000   0.1026693303E+001   0.4492428754E+000   0.1009474609E+001
 0.0808081   0.1378205517E+000   0.1033050254E+001   0.4493447621E+000   0.1022753575E+001
 0.0909091   0.1319310635E+000   0.1010726178E+001   0.4468893345E+000   0.1029104543E+001
 0.1010101   0.1273655004E+000   0.1044095149E+001   0.4459231006E+000   0.1028836829E+001
 0.1111111   0.1242912378E+000   0.1031608839E+001   0.4506255048E+000   0.1063095152E+001
 0.1212121   0.1208273446E+000   0.1019970420E+001   0.4496766928E+000   0.1035043086E+001
 0.1313131   0.1192049611E+000   0.9926594064E+000   0.4475793224E+000   0.1016896431E+001
 0.1414141   0.1180931085E+000   0.9933421817E+000   0.4565866694E+000   0.1027330034E+001
 0.1515152   0.1200633761E+000   0.9809964432E+000   0.4599839353E+000   0.9928492195E+000
 0.1616162   0.1210599207E+000   0.9808424841E+000   0.4648301594E+000   0.1021899785E+001
 0.1717172   0.1220670121E+000   0.9712947857E+000   0.4750758276E+000   0.1008984403E+001
 0.1818182   0.1240137562E+000   0.1001493091E+001   0.4795360658E+000   0.1028276077E+001
 0.1919192   0.1291633782E+000   0.9738250708E+000   0.4883907035E+000   0.1000135376E+001
 0.2020202   0.1330617863E+000   0.9558051568E+000   0.4974505193E+000   0.9941190512E+000
 0.2121212   0.1382267017E+000   0.9715402278E+000   0.5031525257E+000   0.1014365812E+001
 0.2222222   0.1453627249E+000   0.9831317897E+000   0.5208309041E+000   0.1028867580E+001
 0.2323232   0.1543396204E+000   0.9675462152E+000   0.5335963887E+000   0.9911886703E+000
 0.2424242   0.1616536549E+000   0.9653394674E+000   0.5470484844E+000   0.1012882533E+001
 0.2525253   0.1696120516E+000   0.9709043096E+000   0.5582345407E+000   0.1038957496E+001
 0.2626263   0.1814671662E+000   0.9694428134E+000   0.5743211265E+000   0.1012925946E+001
 0.2727273   0.1926209952E+000   0.9671557391E+000   0.5958320448E+000   0.1016545509E+001
 0.2828283   0.2066085519E+000   0.9514028177E+000   0.6030691646E+000   0.9938585729E+000
 0.2929293   0.2223492216E+000   0.9649333723E+000   0.6232652472E+000   0.1004549036E+001
 0.3030303   0.2392935390E+000   0.9638779712E+000   0.6468218490E+000   0.9927623934E+000
 0.3131313   0.2566836322E+000   0.9984518404E+000   0.6606257504E+000   0.1008074538E+001
 0.3232323   0.2768923184E+000   0.1006261362E+001   0.6769917006E+000   0.9790257808E+000
 0.3333333   0.2990779674E+000   0.9732092342E+000   0.7040310322E+000   0.1021639307E+001
 0.3434343   0.3176886373E+000   0.9751036011E+000   0.7302560130E+000   0.9982903217E+000
 0.3535354   0.3415714607E+000   0.9553098100E+000   0.7493206118E+000   0.9888208502E+000
 0.3636364   0.3695202202E+000   0.9752330161E+000   0.7709278331E+000   0.9941317133E+000
 0.3737374   0.4005583345E+000   0.9688158203E+000   0.7990507245E+000   0.9851578741E+000
 0.3838384   0.4345541571E+000   0.9874091764E+000   0.8276538444E+000   0.1014610011E+001
 0.3939394   0.4764242817E+000   0.1008503811E+001   0.8669873668E+000   0.9969734592E+000
 0.4040404   0.5169595764E+000   0.1004047921E+001   0.8911533762E+000   0.9990464324E+000
 0.4141414   0.5646670695E+000   0.9756212609E+000   0.9192888417E+000   0.9878458654E+000
 0.4242424   0.6104793052E+000   0.9544463000E+000   0.9437008781E+000   0.1020212103E+001
 0.4343434   0.6656318517E+000   0.1004012220E+001   0.9849677796E+000   0.1010570788E+001
 0.4444444   0.7240510527E+000   0.9859342924E+000   0.1025218165E+001   0.1010386283E+001
 0.4545455   0.7924752736E+000   0.9975236229E+000   0.1048050157E+001   0.9683678770E+000
 0.4646465   0.8655040914E+000   0.9884244142E+000   0.1097732806E+001   0.9924964884E+000
 0.4747475   0.9488781851E+000   0.1000515785E+001   0.1137218405E+001   0.9886381536E+000
 0.4848485   0.1038721262E+001   0.1008448028E+001   0.1188486293E+001   0.9897524219E+000
 0.4949495   0.1151948876E+001   0.1025903426E+001   0.1233187795E+001   0.9826815214E+000
 0.5050505   0.1181337230E+001   0.9643086105E+000   0.1254365426E+001   0.9798650997E+000
 0.5151515   0.1191125933E+001   0.9922265358E+000   0.1254110057E+001   0.9854708098E+000
 0.5252525   0.1200499967E+001   0.1007017770E+001   0.1238031909E+001   0.9848811159E+000
 0.5353535   0.1189209242E+001   0.9742958734E+000   0.1250869875E+001   0.9826127840E+000
 0.5454545   0.1190243780E+001   0.1001417227E+001   0.1248084446E+001   0.9785355751E+000
 0.5555556   0.1183205588E+001   0.9676510859E+000   0.1255016275E+001   0.9786278278E+000
 0.5656566   0.1221755587E+001   0.9939714061E+000   0.1258424453E+001   0.1010212631E+001
 0.5757576   0.1224719220E+001   0.9848945103E+000   0.1267740875E+001   0.9901684636E+000
 0.5858586   0.1227802548E+001   0.1008668926E+001   0.1267150210E+001   0.1003478181E+001
 0.5959596   0.1223955399E+001   0.9713416428E+000   0.1261025571E+001   0.9808201868E+000
 0.6060606   0.1240706080E+001   0.9951963854E+000   0.1275463254E+001   0.1003302720E+001
 0.6161616   0.1254543454E+001   0.9977579086E+000   0.1262173206E+001   0.9838482471E+000
 0.6262626   0.1271141243E+001   0.1007410478E+001   0.1272058858E+001   0.9885567541E+000
 0.6363636   0.1280921339E+001   0.1001890261E+001   0.1262761586E+001   0.1011666968E+001
 0.6464646   0.1282021600E+001   0.9859521427E+000   0.1286097844E+001   0.9901648459E+000
 0.6565657   0.1310686421E+001   0.9848632722E+000   0.1278790292E+001   0.9859338824E+000
 0.6666667   0.1319731734E+001   0.1019274257E+001   0.1281397016E+001   0.9802793326E+000
 0.6767677   0.1335697962E+001   0.9930788893E+000   0.1297354047E+001   0.1043143238E+001
 0.6868687   0.1335265543E+001   0.9875118158E+000   0.1282170002E+001   0.1002637053E+001
 0.6969697   0.1366575536E+001   0.9927419642E+000   0.1290809264E+001   0.1012502669E+001
 0.7070707   0.1400793989E+001   0.9994536905E+000   0.1296799637E+001   0.9767773465E+000
 0.7171717   0.1419407520E+001   0.9973741263E+000   0.1302948540E+001   0.9874895167E+000
 0.7272727   0.1434338704E+001   0.1009220055E+001   0.1304106654E+001   0.1006115524E+001
 0.7373737   0.1464702103E+001   0.9989739627E+000   0.1309042336E+001   0.9853731305E+000
 0.7474747   0.1490482675E+001   0.9877617205E+000   0.1312439028E+001   0.9892332742E+000
 0.7575758   0.1526158251E+001   0.9902451485E+000   0.1323648065E+001   0.9823342170E+000
 0.7676768   0.1549382502E+001   0.1000368520E+001   0.1323176183E+001   0.9883577777E+000
 0.7777778   0.1561452976E+001   0.9761902403E+000   0.1333032930E+001   0.9708514652E+000
 0.7878788   0.1618748605E+001   0.9970505890E+000   0.1350955314E+001   0.9840725478E+000
 0.7979798   0.1637168867E+001   0.1004268819E+001   0.1345080931E+001   0.1004572552E+001
 0.8080808   0.1669804219E+001   0.1017384353E+001   0.1338260449E+001   0.9971145516E+000
 0.8181818   0.1722450966E+001   0.1013800898E+001   0.1365440456E+001   0.1002669613E+001
 0.8282828   0.1754895358E+001   0.1005576356E+001   0.1357048430E+001   0.9807225075E+000
 0.8383838   0.1793619250E+001   0.9791935593E+000   0.1377937809E+001   0.9632035329E+000
 0.8484848   0.1842547877E+001   0.1010384790E+001   0.1389564788E+001   0.9924494576E+000
 0.8585859   0.1907370175E+001   0.1035665328E+001   0.1400236614E+001   0.1006218630E+001
 0.8686869   0.1952553571E+001   0.1016228544E+001   0.1413407040E+001   0.1004536374E+001
 0.8787879   0.1998300626E+001   0.1007129335E+001   0.1411922344E+001   0.9827755830E+000
 0.8888889   0.2069931198E+001   0.1007216355E+001   0.1417378198E+001   0.9715623539E+000
 0.8989899   0.2119628230E+001   0.1037155831E+001   0.1427476267E+001   0.9831536383E+000
 0.9090909   0.2176658723E+001   0.1018375046E+001   0.1443820967E+001   0.9927370691E+000
 0.9191919   0.2266268312E+001   0.1032481274E+001   0.1462448049E+001   0.9910674755E+000
 0.9292929   0.2320637070E+001   0.1022623426E+001   0.1470545354E+001   0.9836709771E+000
 0.9393939   0.2416217228E+001   0.1040382279E+001   0.1486233031E+001   0.9989089577E+000
 0.9494949   0.2460313721E+001   0.1029386472E+001   0.1469835350E+001   0.9725246765E+000
 0.9595960   0.2551500250E+001   0.1023013902E+001   0.1495811585E+001   0.9826815214E+000
 0.9696970   0.2644911856E+001   0.1041607259E+001   0.1504705068E+001   0.9963258812E+000
 0.9797980   0.2702045638E+001   0.1062057049E+001   0.1519484176E+001   0.1015241309E+001
 0.9898990   0.2859500768E+001   0.1042937109E+001   0.1553934144E+001   0.1010919902E+001
 1.0000000   0.2854493765E+001   0.1042789843E+001   0.1531429677E+001   0.9939472078E+000


 0.0000000   0.1708789413E+000   0.1057636444E+001   0.4587215705E+000   0.1036042939E+001
 0.0101010   0.1693692236E+000   0.1028141903E+001   0.4551075910E+000   0.1000936957E+001
 0.0202020   0.1696073468E+000   0.1039615084E+001   0.4600707298E+000   0.1024029969E+001
 0.0303030   0.1680876812E+000   0.1028114173E+001   0.4625794432E+000   0.1038069332E+001
 0.0404040   0.1619419873E+000   0.1047326111E+001   0.4544785936E+000   0.1009954257E+001
 0.0505051   0.1568072548E+000   0.1007824428E+001   0.4547917345E+000   0.9981199975E+000
 0.0606061   0.1493413250E+000   0.1023941603E+001   0.4480460655E+000   0.9940081450E+000
 0.0707071   0.1447232471E+000   0.1024926973E+001   0.4477608149E+000   0.1006484550E+001
 0.0808081   0.1382649214E+000   0.1034836133E+001   0.4468686420E+000   0.1017461606E+001
 0.0909091   0.1318451235E+000   0.1008562069E+001   0.4448128254E+000   0.1024669085E+001
 0.1010101   0.1279079104E+000   0.1046978551E+001   0.4438491164E+000   0.1024397991E+001
 0.1111111   0.1243562683E+000   0.1030609950E+001   0.4484245897E+000   0.1058260572E+001
 0.1212121   0.1213134928E+000   0.1022547665E+001   0.4495346813E+000   0.1035066090E+001
 0.1313131   0.1194327233E+000   0.9930734602E+000   0.4474574677E+000   0.1016963337E+001
 0.1414141   0.1185017753E+000   0.9952937776E+000   0.4564121533E+000   0.1027284617E+001
 0.1515152   0.1204852284E+000   0.9829757304E+000   0.4615737468E+000   0.9966176190E+000
 0.1616162   0.1220479886E+000   0.9873738445E+000   0.4663737101E+000   0.1025639876E+001
 0.1717172   0.1226563046E+000   0.9745289110E+000   0.4735482620E+000   0.1006080180E+001
 0.1818182   0.1243224088E+000   0.1002489011E+001   0.4788178560E+000   0.1027083189E+001
 0.1919192   0.1299275870E+000   0.9781265276E+000   0.4893946738E+000   0.1002530205E+001
 0.2020202   0.1333039827E+000   0.9561174698E+000   0.4968329456E+000   0.9932206079E+000
 0.2121212   0.1388979043E+000   0.9748025221E+000   0.5056079417E+000   0.1019660652E+001
 0.2222222   0.1457014498E+000   0.9839537053E+000   0.5190176500E+000   0.1025632304E+001
 0.2323232   0.1543984566E+000   0.9664721723E+000   0.5324165077E+000   0.9893313861E+000
 0.2424242   0.1628287564E+000   0.9709072609E+000   0.5461247867E+000   0.1011514186E+001
 0.2525253   0.1718148669E+000   0.9820476710E+000   0.5568179622E+000   0.1036671454E+001
 0.2626263   0.1819062223E+000   0.9703397026E+000   0.5751063024E+000   0.1014653733E+001
 0.2727273   0.1945289278E+000   0.9752794928E+000   0.5938513070E+000   0.1013508776E+001
 0.2828283   0.2072282979E+000   0.9528341362E+000   0.6013685654E+000   0.9913910986E+000
 0.2929293   0.2232769130E+000   0.9675148526E+000   0.6238313956E+000   0.1005801513E+001
 0.3030303   0.2395782744E+000   0.9635863143E+000   0.6443596553E+000   0.9893177557E+000
 0.3131313   0.2578792334E+000   0.1001607170E+001   0.6584956539E+000   0.1005163911E+001
 0.3232323   0.2775479471E+000   0.1007140400E+001   0.6777581077E+000   0.9804655356E+000
 0.3333333   0.2989036176E+000   0.9711919644E+000   0.7037685563E+000   0.1021603748E+001
 0.3434343   0.3205107187E+000   0.9822990974E+000   0.7308891089E+000   0.9994936439E+000
 0.3535354   0.3424553521E+000   0.9563541065E+000   0.7486027873E+000   0.9882076313E+000
 0.3636364   0.3712119849E+000   0.9782374511E+000   0.7705726221E+000   0.9940096595E+000
 0.3737374   0.4026133087E+000   0.9723344757E+000   0.7970426890E+000   0.9830144298E+000
 0.3838384   0.4348809713E+000   0.9866787243E+000   0.8268576813E+000   0.1013976754E+001
 0.3939394   0.4756403440E+000   0.1005343441E+001   0.8614411730E+000   0.9909306923E+000
 0.4040404   0.5163917774E+000   0.1001450028E+001   0.8872535077E+000   0.9950107403E+000
 0.4141414   0.5659410070E+000   0.9763646938E+000   0.9194738514E+000   0.9883787691E+000
 0.4242424   0.6121142345E+000   0.9555757937E+000   0.9426871032E+000   0.1019460739E+001
 0.4343434   0.6647108203E+000   0.1001128350E+001   0.9865648255E+000   0.1012551615E+001
 0.4444444   0.7287633149E+000   0.9908716300E+000   0.1025616275E+001   0.1011120418E+001
 0.4545455   0.7969779805E+000   0.1001695908E+001   0.1050471479E+001   0.9709333075E+000
 0.4646465   0.8666304364E+000   0.9882353498E+000   0.1097956409E+001   0.9930343251E+000
 0.4747475   0.9557686316E+000   0.1006278895E+001   0.1137659009E+001   0.9893556180E+000
 0.4848485   0.1039628729E+001   0.1007824428E+001   0.1188024554E+001   0.9897024373E+000
 0.4949495   0.1152934424E+001   0.1025250499E+001   0.1228936539E+001   0.9796249912E+000
 0.5050505   0.1182956411E+001   0.9641908470E+000   0.1252804639E+001   0.9789767876E+000
 0.5151515   0.1195249334E+001   0.9941771483E+000   0.1249911908E+001   0.9825040451E+000
 0.5252525   0.1204698839E+001   0.1009033493E+001   0.1239884721E+001   0.9866885933E+000
 0.5353535   0.1190833366E+001   0.9741721072E+000   0.1255865093E+001   0.9868703326E+000
 0.5454545   0.1194680698E+001   0.1003651858E+001   0.1247767469E+001   0.9786178524E+000
 0.5555556   0.1190748006E+001   0.9723677527E+000   0.1257033402E+001   0.9805321734E+000
 0.5656566   0.1223901136E+001   0.9942326101E+000   0.1263489892E+001   0.1014621929E+001
 0.5757576   0.1231573871E+001   0.9889304700E+000   0.1264453775E+001   0.9879350223E+000
 0.5858586   0.1231143770E+001   0.1009906091E+001   0.1268517179E+001   0.1004900389E+001
 0.5959596   0.1235126414E+001   0.9787458501E+000   0.1259892399E+001   0.9802701658E+000
 0.6060606   0.1244429620E+001   0.9966951103E+000   0.1271550227E+001   0.1000562877E+001
 0.6161616   0.1255762521E+001   0.9972386351E+000   0.1259119514E+001   0.9817998052E+000
 0.6262626   0.1266238136E+001   0.1002028679E+001   0.1274616346E+001   0.9908791995E+000
 0.6363636   0.1279183257E+001   0.9990392921E+000   0.1264595111E+001   0.1013478486E+001
 0.6464646   0.1289882054E+001   0.9905185238E+000   0.1276658010E+001   0.9832294880E+000
 0.6565657   0.1315834098E+001   0.9872573749E+000   0.1283584041E+001   0.9899644448E+000
 0.6666667   0.1321334348E+001   0.1018990720E+001   0.1280991474E+001   0.9803004557E+000
 0.6767677   0.1333065334E+001   0.9896440774E+000   0.1294455961E+001   0.1041164959E+001
 0.6868687   0.1344642720E+001   0.9929643855E+000   0.1287797389E+001   0.1007378102E+001
 0.6969697   0.1368932579E+001   0.9929717804E+000   0.1287005474E+001   0.1009860358E+001
 0.7070707   0.1402103805E+001   0.9988969404E+000   0.1297800978E+001   0.9778621196E+000
 0.7171717   0.1416087353E+001   0.9935578258E+000   0.1303715003E+001   0.9884045155E+000
 0.7272727   0.1427759872E+001   0.1003093544E+001   0.1298774888E+001   0.1002340893E+001
 0.7373737   0.1465418385E+001   0.9979725785E+000   0.1309176245E+001   0.9858071575E+000
 0.7474747   0.1487774569E+001   0.9844972301E+000   0.1316353693E+001   0.9925193970E+000
 0.7575758   0.1521970333E+001   0.9860557043E+000   0.1319694123E+001   0.9797310058E+000
 0.7676768   0.1548475327E+001   0.9982924077E+000   0.1324206216E+001   0.9894616327E+000
 0.7777778   0.1560560115E+001   0.9741776534E+000   0.1330649146E+001   0.9694430450E+000
 0.7878788   0.1618335844E+001   0.9953104161E+000   0.1350994028E+001   0.9844335111E+000
 0.7979798   0.1635134730E+001   0.1001525826E+001   0.1344931280E+001   0.1004800432E+001
 0.8080808   0.1666328669E+001   0.1013753286E+001   0.1339177389E+001   0.9981351424E+000
 0.8181818   0.1725441628E+001   0.1014047233E+001   0.1365164359E+001   0.1002805843E+001
 0.8282828   0.1757483040E+001   0.1005557893E+001   0.1364192905E+001   0.9862191000E+000
 0.8383838   0.1791762101E+001   0.9767214975E+000   0.1375587431E+001   0.9618857176E+000
 0.8484848   0.1839197782E+001   0.1007044267E+001   0.1386988398E+001   0.9909443227E+000
 0.8585859   0.1908391708E+001   0.1034675294E+001   0.1401793408E+001   0.1007677972E+001
 0.8686869   0.1949819830E+001   0.1013292953E+001   0.1412910856E+001   0.1004523280E+001
 0.8787879   0.1997489052E+001   0.1005219576E+001   0.1417225833E+001   0.9868006659E+000
 0.8888889   0.2065388352E+001   0.1003507658E+001   0.1416745915E+001   0.9714573226E+000
 0.8989899   0.2112698274E+001   0.1032223886E+001   0.1431838772E+001   0.9864917090E+000
 0.9090909   0.2172638825E+001   0.1014978989E+001   0.1447402656E+001   0.9955362699E+000
 0.9191919   0.2262030878E+001   0.1029014501E+001   0.1466550729E+001   0.9941838264E+000
 0.9292929   0.2322173201E+001   0.1021774898E+001   0.1474911034E+001   0.9869248545E+000
 0.9393939   0.2401463782E+001   0.1032488253E+001   0.1488032928E+001   0.1000456862E+001
 0.9494949   0.2456777279E+001   0.1026374523E+001   0.1477649706E+001   0.9780256850E+000
 0.9595960   0.2534219148E+001   0.1014570421E+001   0.1492475557E+001   0.9808214418E+000
 0.9696970   0.2631279220E+001   0.1034693781E+001   0.1507474433E+001   0.9984971066E+000
 0.9797980   0.2699625494E+001   0.1059523991E+001   0.1521599111E+001   0.1016998171E+001
 0.9898990   0.2842449496E+001   0.1035172600E+001   0.1558159650E+001   0.1014011588E+001
 1.0000000   0.2852717772E+001   0.1040587513E+001   0.1533798087E+001   0.9958209949E+000


 0.0000000   0.1688236285E+000   0.1048558930E+001   0.4616792783E+000   0.1040669414E+001
 0.0101010   0.1679451377E+000   0.1023052093E+001   0.4599650484E+000   0.1009627783E+001
 0.0202020   0.1677297078E+000   0.1031691024E+001   0.4625143703E+000   0.1027441513E+001
 0.0303030   0.1657860110E+000   0.1017571869E+001   0.4650858414E+000   0.1041638362E+001
 0.0404040   0.1602320223E+000   0.1039880731E+001   0.4579138323E+000   0.1015584000E+001
 0.0505051   0.1551079332E+000   0.1000378825E+001   0.4573849942E+000   0.1001834358E+001
 0.0606061   0.1479264937E+000   0.1017777633E+001   0.4526650368E+000   0.1002277642E+001
 0.0707071   0.1432492683E+000   0.1018025806E+001   0.4517067270E+000   0.1013354505E+001
 0.0808081   0.1371329410E+000   0.1029942819E+001   0.4508464133E+000   0.1024496749E+001
 0.0909091   0.1303962331E+000   0.1000956848E+001   0.4482035270E+000   0.1030446428E+001
 0.1010101   0.1266104190E+000   0.1039971833E+001   0.4483289422E+000   0.1032699460E+001
 0.1111111   0.1231870429E+000   0.1024479873E+001   0.4528178130E+000   0.1066523710E+001
 0.1212121   0.1197038632E+000   0.1012498460E+001   0.4532436655E+000   0.1041550751E+001
 0.1313131   0.1184616241E+000   0.9884335390E+000   0.4518380701E+000   0.1024896882E+001
 0.1414141   0.1174111524E+000   0.9895723072E+000   0.4605144230E+000   0.1034476518E+001
 0.1515152   0.1194943883E+000   0.9782914336E+000   0.4653411454E+000   0.1002773230E+001
 0.1616162   0.1208512570E+000   0.9811014424E+000   0.4693880485E+000   0.1030235901E+001
 0.1717172   0.1212059341E+000   0.9663634255E+000   0.4787484400E+000   0.1015125025E+001
 0.1818182   0.1232627462E+000   0.9974101740E+000   0.4841342989E+000   0.1036441874E+001
 0.1919192   0.1286533702E+000   0.9719111902E+000   0.4920264679E+000   0.1005936367E+001
 0.2020202   0.1323639567E+000   0.9526856411E+000   0.5019006519E+000   0.1001375383E+001
 0.2121212   0.1374359729E+000   0.9679058674E+000   0.5126992607E+000   0.1031925348E+001
 0.2222222   0.1445501352E+000   0.9795825612E+000   0.5241357652E+000   0.1033706329E+001
 0.2323232   0.1525970928E+000   0.9585271294E+000   0.5348700357E+000   0.9919330464E+000
 0.2424242   0.1610572969E+000   0.9636932104E+000   0.5501730929E+000   0.1017005385E+001
 0.2525253   0.1696841521E+000   0.9732510099E+000   0.5605300541E+000   0.1041527214E+001
 0.2626263   0.1801612715E+000   0.9643827542E+000   0.5793427125E+000   0.1020114909E+001
 0.2727273   0.1932006279E+000   0.9719975795E+000   0.5975911577E+000   0.1017882799E+001
 0.2828283   0.2054850527E+000   0.9481132904E+000   0.6071501417E+000   0.9989510520E+000
 0.2929293   0.2213415144E+000   0.9624727650E+000   0.6262376220E+000   0.1007692503E+001
 0.3030303   0.2378526383E+000   0.9599816113E+000   0.6489047319E+000   0.9943338398E+000
 0.3131313   0.2560840297E+000   0.9981028593E+000   0.6614712071E+000   0.1007717348E+001
 0.3232323   0.2755858760E+000   0.1003507689E+001   0.6831247788E+000   0.9862828131E+000
 0.3333333   0.2968368824E+000   0.9678398974E+000   0.7090956906E+000   0.1027309444E+001
 0.3434343   0.3182082815E+000   0.9786432737E+000   0.7344584609E+000   0.1002396635E+001
 0.3535354   0.3416680530E+000   0.9574826041E+000   0.7504244734E+000   0.9886613770E+000
 0.3636364   0.3693954356E+000   0.9768448053E+000   0.7763255519E+000   0.9994584092E+000
 0.3737374   0.4005781503E+000   0.9707928412E+000   0.8016320344E+000   0.9867274045E+000
 0.3838384   0.4345344897E+000   0.9893304172E+000   0.8327439723E+000   0.1019183882E+001
 0.3939394   0.4738196417E+000   0.1004987302E+001   0.8631053011E+000   0.9908895643E+000
 0.4040404   0.5150800442E+000   0.1002389340E+001   0.8886087402E+000   0.9945679041E+000
 0.4141414   0.5642844162E+000   0.9769013510E+000   0.9241028256E+000   0.9913982292E+000
 0.4242424   0.6098418001E+000   0.9553480027E+000   0.9477170889E+000   0.1022881837E+001
 0.4343434   0.6588631571E+000   0.9957813428E+000   0.9893338196E+000   0.1013393734E+001
 0.4444444   0.7253154854E+000   0.9896225701E+000   0.1025561025E+001   0.1009074659E+001
 0.4545455   0.7930435075E+000   0.1000226466E+001   0.1051466414E+001   0.9699388496E+000
 0.4646465   0.8633213768E+000   0.9878947838E+000   0.1100597959E+001   0.9934629638E+000
 0.4747475   0.9490796582E+000   0.1002720761E+001   0.1139714335E+001   0.9891909637E+000
 0.4848485   0.1035825186E+001   0.1007638669E+001   0.1185386282E+001   0.9855596983E+000
 0.4949495   0.1146992567E+001   0.1023523307E+001   0.1229449402E+001   0.9781036394E+000
 0.5050505   0.1186351036E+001   0.9703294804E+000   0.1251072237E+001   0.9756976155E+000
 0.5151515   0.1199958112E+001   0.1001574139E+001   0.1245580923E+001   0.9771713052E+000
 0.5252525   0.1202833643E+001   0.1010984291E+001   0.1241292073E+001   0.9858630665E+000
 0.5353535   0.1192061584E+001   0.9785773037E+000   0.1252312161E+001   0.9821402676E+000
 0.5454545   0.1200926255E+001   0.1012416783E+001   0.1248440228E+001   0.9772170719E+000
 0.5555556   0.1187412144E+001   0.9730248269E+000   0.1259053420E+001   0.9801736046E+000
 0.5656566   0.1220133794E+001   0.9946284381E+000   0.1261460104E+001   0.1010996863E+001
 0.5757576   0.1228954380E+001   0.9902681339E+000   0.1261008491E+001   0.9833027433E+000
 0.5858586   0.1225444953E+001   0.1008736598E+001   0.1267675022E+001   0.1002255412E+001
 0.5959596   0.1231037345E+001   0.9789071538E+000   0.1261824893E+001   0.9798401610E+000
 0.6060606   0.1243404733E+001   0.9993468654E+000   0.1268865125E+001   0.9964835699E+000
 0.6161616   0.1258268361E+001   0.1002712907E+001   0.1260494188E+001   0.9809359480E+000
 0.6262626   0.1261843282E+001   0.1002032788E+001   0.1270390018E+001   0.9856486166E+000
 0.6363636   0.1282079175E+001   0.1004792534E+001   0.1260469842E+001   0.1008182861E+001
 0.6464646   0.1291622027E+001   0.9953132698E+000   0.1273804959E+001   0.9791000472E+000
 0.6565657   0.1312878135E+001   0.9884743776E+000   0.1279905339E+001   0.9851831033E+000
 0.6666667   0.1317466822E+001   0.1019550970E+001   0.1280901565E+001   0.9783010903E+000
 0.6767677   0.1341434280E+001   0.9993295875E+000   0.1289590634E+001   0.1035208786E+001
 0.6868687   0.1345418576E+001   0.9970017882E+000   0.1285495577E+001   0.1003597032E+001
 0.6969697   0.1371716937E+001   0.9984609822E+000   0.1287807226E+001   0.1008499306E+001
 0.7070707   0.1407668749E+001   0.1006358536E+001   0.1298403541E+001   0.9763893474E+000
 0.7171717   0.1416983961E+001   0.9976536348E+000   0.1300556143E+001   0.9840677020E+000
 0.7272727   0.1428817668E+001   0.1007337092E+001   0.1293171378E+001   0.9960507471E+000
 0.7373737   0.1466099719E+001   0.1001918125E+001   0.1307767810E+001   0.9828071546E+000
 0.7474747   0.1486313852E+001   0.9869602085E+000   0.1311042430E+001   0.9865678746E+000
 0.7575758   0.1525473005E+001   0.9917713079E+000   0.1317209432E+001   0.9759604475E+000
 0.7676768   0.1549869204E+001   0.1002675210E+001   0.1322867102E+001   0.9865142621E+000
 0.7777778   0.1560987299E+001   0.9778422092E+000   0.1328545603E+001   0.9660042159E+000
 0.7878788   0.1616147664E+001   0.9974305933E+000   0.1344929099E+001   0.9780840251E+000
 0.7979798   0.1636300969E+001   0.1005734962E+001   0.1342055363E+001   0.1000677113E+001
 0.8080808   0.1668890122E+001   0.1018852002E+001   0.1337455241E+001   0.9948882714E+000
 0.8181818   0.1728916701E+001   0.1019632647E+001   0.1363376176E+001   0.9995198675E+000
 0.8282828   0.1759385411E+001   0.1010156525E+001   0.1360300233E+001   0.9814681500E+000
 0.8383838   0.1798639629E+001   0.9838894611E+000   0.1370171220E+001   0.9562114371E+000
 0.8484848   0.1850017259E+001   0.1016500642E+001   0.1384655110E+001   0.9873289105E+000
 0.8585859   0.1912627158E+001   0.1040587553E+001   0.1396757171E+001   0.1002080191E+001
 0.8686869   0.1959716028E+001   0.1021987148E+001   0.1407623005E+001   0.9987928298E+000
 0.8787879   0.1993848472E+001   0.1006886296E+001   0.1409654403E+001   0.9795956358E+000
 0.8888889   0.2060920769E+001   0.1004828660E+001   0.1411351696E+001   0.9658525318E+000
 0.8989899   0.2112477883E+001   0.1035715196E+001   0.1425182997E+001   0.9799722308E+000
 0.9090909   0.2183653766E+001   0.1023681950E+001   0.1440725793E+001   0.9889922052E+000
 0.9191919   0.2264279786E+001   0.1033629286E+001   0.1459024969E+001   0.9871340748E+000
 0.9292929   0.2324609198E+001   0.1026413423E+001   0.1465718995E+001   0.9788424457E+000
 0.9393939   0.2409357794E+001   0.1039494335E+001   0.1485741782E+001   0.9969490832E+000
 0.9494949   0.2465058191E+001   0.1033425093E+001   0.1475495365E+001   0.9746763630E+000
 0.9595960   0.2546271012E+001   0.1022949997E+001   0.1490170560E+001   0.9773779094E+000
 0.9696970   0.2635037865E+001   0.1039784918E+001   0.1499910407E+001   0.9915302989E+000
 0.9797980   0.2704119856E+001   0.1064988607E+001   0.1509359674E+001   0.1006830780E+001
 0.9898990   0.2832956751E+001   0.1035313093E+001   0.1543611115E+001   0.1002565318E+001
 1.0000000   0.2866049759E+001   0.1049096115E+001   0.1527521189E+001   0.9897924697E+000


 0.0000000   0.1690655638E+000   0.1048366266E+001   0.4610447403E+000   0.1039430580E+001
 0.0101010   0.1688584385E+000   0.1026954849E+001   0.4597537759E+000   0.1009349972E+001
 0.0202020   0.1680888473E+000   0.1032230835E+001   0.4622995248E+000   0.1027153464E+001
 0.0303030   0.1660040972E+000   0.1017265428E+001   0.4638281026E+000   0.1039012842E+001
 0.0404040   0.1611044882E+000   0.1043854876E+001   0.4591840005E+000   0.1018588678E+001
 0.0505051   0.1553116707E+000   0.1000075616E+001   0.4563388037E+000   0.9997269931E+000
 0.0606061   0.1486379767E+000   0.1021021745E+001   0.4521172018E+000   0.1001249083E+001
 0.0707071   0.1437942532E+000   0.1020248986E+001   0.4518342672E+000   0.1013827386E+001
 0.0808081   0.1380934675E+000   0.1035482410E+001   0.4505375403E+000   0.1023983501E+001
 0.0909091   0.1311796473E+000   0.1005344800E+001   0.4494259531E+000   0.1033447231E+001
 0.1010101   0.1265432761E+000   0.1037742187E+001   0.4461401302E+000   0.1027847001E+001
 0.1111111   0.1236181330E+000   0.1026405210E+001   0.4523110959E+000   0.1065526520E+001
 0.1212121   0.1201215121E+000   0.1014390709E+001   0.4520650108E+000   0.1039033613E+001
 0.1313131   0.1188426772E+000   0.9900120597E+000   0.4515333145E+000   0.1024394315E+001
 0.1414141   0.1179945878E+000   0.9928840575E+000   0.4592292966E+000   0.1031779741E+001
 0.1515152   0.1197041004E+000   0.9784261131E+000   0.4651147284E+000   0.1002469986E+001
 0.1616162   0.1210398975E+000   0.9810464199E+000   0.4684005079E+000   0.1028257816E+001
 0.1717172   0.1217286274E+000   0.9689638939E+000   0.4789380296E+000   0.1015714132E+001
 0.1818182   0.1244354869E+000   0.1005274055E+001   0.4828475632E+000   0.1033877663E+001
 0.1919192   0.1294082707E+000   0.9760357293E+000   0.4921125414E+000   0.1006297714E+001
 0.2020202   0.1331730608E+000   0.9569616369E+000   0.5010272623E+000   0.9998170030E+000
 0.2121212   0.1378690664E+000   0.9693883673E+000   0.5126780863E+000   0.1032072850E+001
 0.2222222   0.1451190886E+000   0.9818504705E+000   0.5239037682E+000   0.1033439153E+001
 0.2323232   0.1536455204E+000   0.9635545793E+000   0.5350141452E+000   0.9923831105E+000
 0.2424242   0.1612619705E+000   0.9633600290E+000   0.5508051483E+000   0.1018361345E+001
 0.2525253   0.1708786692E+000   0.9785199870E+000   0.5608050176E+000   0.1042230118E+001
 0.2626263   0.1811524962E+000   0.9681231101E+000   0.5788228024E+000   0.1019387227E+001
 0.2727273   0.1942500990E+000   0.9756996879E+000   0.5973474270E+000   0.1017655114E+001
 0.2828283   0.2066988608E+000   0.9521740670E+000   0.6091906933E+000   0.1002493066E+001
 0.2929293   0.2214243502E+000   0.9612784768E+000   0.6276862920E+000   0.1010209682E+001
 0.3030303   0.2380432117E+000   0.9591996456E+000   0.6462692646E+000   0.9904779014E+000
 0.3131313   0.2568414893E+000   0.9994389060E+000   0.6627866149E+000   0.1009907341E+001
 0.3232323   0.2754762991E+000   0.1001489167E+001   0.6822895923E+000   0.9852584826E+000
 0.3333333   0.2975911370E+000   0.9687326104E+000   0.7093264888E+000   0.1027833154E+001
 0.3434343   0.3186986568E+000   0.9785689647E+000   0.7333142786E+000   0.1001019443E+001
 0.3535354   0.3432582872E+000   0.9603859943E+000   0.7538882833E+000   0.9934078383E+000
 0.3636364   0.3703428360E+000   0.9777689957E+000   0.7755460301E+000   0.9986387968E+000
 0.3737374   0.4028440055E+000   0.9747078895E+000   0.8011882370E+000   0.9863628346E+000
 0.3838384   0.4364659602E+000   0.9921235427E+000   0.8319478487E+000   0.1018397118E+001
 0.3939394   0.4739991394E+000   0.1003744862E+001   0.8596914678E+000   0.9871521519E+000
 0.4040404   0.5163879765E+000   0.1003312226E+001   0.8884272350E+000   0.9945479634E+000
 0.4141414   0.5642505943E+000   0.9752656911E+000   0.9204830770E+000   0.9876968271E+000
 0.4242424   0.6107323511E+000   0.9551984398E+000   0.9481504048E+000   0.1023538067E+001
 0.4343434   0.6608955287E+000   0.9972403516E+000   0.9876138455E+000   0.1011818320E+001
 0.4444444   0.7275113978E+000   0.9910161025E+000   0.1022957205E+001   0.1006698143E+001
 0.4545455   0.7961206658E+000   0.1002486407E+001   0.1054928079E+001   0.9733114026E+000
 0.4646465   0.8656347246E+000   0.9889427133E+000   0.1101861584E+001   0.9947868357E+000
 0.4747475   0.9472851311E+000   0.9992089830E+000   0.1140295632E+001   0.9898778356E+000
 0.4848485   0.1039549527E+001   0.1009628988E+001   0.1183348624E+001   0.9840468112E+000
 0.4949495   0.1147959044E+001   0.1022731883E+001   0.1227864311E+001   0.9770225790E+000
 0.5050505   0.1192256805E+001   0.9735854839E+000   0.1249911498E+001   0.9749719694E+000
 0.5151515   0.1201236620E+001   0.1001022518E+001   0.1246923798E+001   0.9784050384E+000
 0.5252525   0.1204919501E+001   0.1011102401E+001   0.1242153053E+001   0.9867286439E+000
 0.5353535   0.1191641855E+001   0.9766533925E+000   0.1251390263E+001   0.9815980810E+000
 0.5454545   0.1201940277E+001   0.1011635713E+001   0.1245800965E+001   0.9753308550E+000
 0.5555556   0.1188065322E+001   0.9719882668E+000   0.1253848407E+001   0.9763013460E+000
 0.5656566   0.1225596991E+001   0.9974689142E+000   0.1258916970E+001   0.1009144565E+001
 0.5757576   0.1229853947E+001   0.9893930360E+000   0.1258340452E+001   0.9814030596E+000
 0.5858586   0.1227047417E+001   0.1008424953E+001   0.1267118914E+001   0.1002000319E+001
 0.5959596   0.1235565016E+001   0.9809212547E+000   0.1262986668E+001   0.9809230070E+000
 0.6060606   0.1245185969E+001   0.9991627263E+000   0.1268476624E+001   0.9963620085E+000
 0.6161616   0.1261642919E+001   0.1003778874E+001   0.1260011118E+001   0.9807406793E+000
 0.6262626   0.1263302812E+001   0.1001572157E+001   0.1268582563E+001   0.9844276222E+000
 0.6363636   0.1279202104E+001   0.1000919121E+001   0.1260953672E+001   0.1008755676E+001
 0.6464646   0.1297564807E+001   0.9982784067E+000   0.1271267306E+001   0.9773295358E+000
 0.6565657   0.1311713028E+001   0.9860026909E+000   0.1281826984E+001   0.9868440412E+000
 0.6666667   0.1325339623E+001   0.1023987617E+001   0.1279463264E+001   0.9773826185E+000
 0.6767677   0.1340710390E+001   0.9971777690E+000   0.1287314284E+001   0.1033571860E+001
 0.6868687   0.1350320160E+001   0.9990185141E+000   0.1284972567E+001   0.1003373547E+001
 0.6969697   0.1374159429E+001   0.9986239716E+000   0.1288958084E+001   0.1009586536E+001
 0.7070707   0.1409512175E+001   0.1006049535E+001   0.1300023499E+001   0.9777876630E+000
 0.7171717   0.1416751977E+001   0.9958798600E+000   0.1300920238E+001   0.9845245560E+000
 0.7272727   0.1429799588E+001   0.1006401902E+001   0.1294965441E+001   0.9976163769E+000
 0.7373737   0.1465056207E+001   0.9995885601E+000   0.1306351291E+001   0.9819235013E+000
 0.7474747   0.1486786712E+001   0.9856802544E+000   0.1309128662E+001   0.9853092574E+000
 0.7575758   0.1523772809E+001   0.9890665180E+000   0.1318915459E+001   0.9774045440E+000
 0.7676768   0.1548057942E+001   0.9998865078E+000   0.1324468802E+001   0.9878906945E+000
 0.7777778   0.1560845010E+001   0.9761744995E+000   0.1329005712E+001   0.9665168110E+000
 0.7878788   0.1616617560E+001   0.9961097831E+000   0.1344050209E+001   0.9776249528E+000
 0.7979798   0.1638023013E+001   0.1005167936E+001   0.1343515893E+001   0.1001950699E+001
 0.8080808   0.1672648746E+001   0.1019497994E+001   0.1342356891E+001   0.9987184209E+000
 0.8181818   0.1728034100E+001   0.1017466780E+001   0.1363454713E+001   0.9997616123E+000
 0.8282828   0.1762791226E+001   0.1010477935E+001   0.1362826628E+001   0.9834721328E+000
 0.8383838   0.1789603983E+001   0.9773662901E+000   0.1368355420E+001   0.9551201760E+000
 0.8484848   0.1844961416E+001   0.1012086036E+001   0.1386169919E+001   0.9885911560E+000
 0.8585859   0.1906749814E+001   0.1035715054E+001   0.1398170424E+001   0.1003278921E+001
 0.8686869   0.1958263683E+001   0.1019580984E+001   0.1409662119E+001   0.1000423993E+001
 0.8787879   0.1993726578E+001   0.1005199228E+001   0.1414063871E+001   0.9828409097E+000
 0.8888889   0.2056515460E+001   0.1001061973E+001   0.1416125303E+001   0.9692978854E+000
 0.8989899   0.2110001387E+001   0.1032830812E+001   0.1424864948E+001   0.9799340523E+000
 0.9090909   0.2177722356E+001   0.1019253106E+001   0.1441121707E+001   0.9894462498E+000
 0.9191919   0.2254804113E+001   0.1027641897E+001   0.1461451716E+001   0.9889581193E+000
 0.9292929   0.2313116182E+001   0.1019689824E+001   0.1463023307E+001   0.9772222163E+000
 0.9393939   0.2400541519E+001   0.1034018521E+001   0.1480710856E+001   0.9937563381E+000
 0.9494949   0.2456241465E+001   0.1028066371E+001   0.1476252594E+001   0.9753562424E+000
 0.9595960   0.2540673007E+001   0.1019053114E+001   0.1494677412E+001   0.9805145006E+000
 0.9696970   0.2629676351E+001   0.1035993955E+001   0.1502365570E+001   0.9933362920E+000
 0.9797980   0.2693967908E+001   0.1059277409E+001   0.1508811914E+001   0.1006650830E+001
 0.9898990   0.2835734904E+001   0.1034655231E+001   0.1546839396E+001   0.1004847170E+001
 1.0000000   0.2862801649E+001   0.1046215329E+001   0.1533617754E+001   0.9939259720E+000


 0.0000000   0.1698003461E+000   0.1047825620E+001   0.4606746033E+000   0.1038568574E+001
 0.0101010   0.1699934002E+000   0.1028852703E+001   0.4601396309E+000   0.1010170308E+001
 0.0202020   0.1689478043E+000   0.1032483316E+001   0.4619647953E+000   0.1026382545E+001
 0.0303030   0.1668834183E+000   0.1017703401E+001   0.4634847170E+000   0.1038216111E+001
 0.0404040   0.1621504903E+000   0.1045546402E+001   0.4597701997E+000   0.1019861987E+001
 0.0505051   0.1559766714E+000   0.9994957601E+000   0.4558790780E+000   0.9986933753E+000
 0.0606061   0.1499836124E+000   0.1025277855E+001   0.4530004021E+000   0.1003178410E+001
 0.0707071   0.1452902909E+000   0.1025873465E+001   0.4514177324E+000   0.1012865917E+001
 0.0808081   0.1393244465E+000   0.1039655555E+001   0.4503194298E+000   0.1023460651E+001
 0.0909091   0.1324946596E+000   0.1010507432E+001   0.4493037195E+000   0.1033138773E+001
 0.1010101   0.1284490558E+000   0.1048271734E+001   0.4472643733E+000   0.1030409795E+001
 0.1111111   0.1257074706E+000   0.1038700443E+001   0.4537282187E+000   0.1068836560E+001
 0.1212121   0.1220919632E+000   0.1026039572E+001   0.4520012427E+000   0.1038859512E+001
 0.1313131   0.1204037373E+000   0.9981609761E+000   0.4506396032E+000   0.1022339653E+001
 0.1414141   0.1195126936E+000   0.1000790204E+001   0.4584423411E+000   0.1029984337E+001
 0.1515152   0.1214981002E+000   0.9882823879E+000   0.4651470654E+000   0.1002513110E+001
 0.1616162   0.1227018581E+000   0.9897025981E+000   0.4672717421E+000   0.1025752700E+001
 0.1717172   0.1236433466E+000   0.9794407787E+000   0.4798125359E+000   0.1017541782E+001
 0.1818182   0.1263741442E+000   0.1015993691E+001   0.4833680473E+000   0.1034964696E+001
 0.1919192   0.1317362522E+000   0.9887842667E+000   0.4937221475E+000   0.1009562362E+001
 0.2020202   0.1357124943E+000   0.9704888272E+000   0.5010585598E+000   0.9998529564E+000
 0.2121212   0.1406100083E+000   0.9838746345E+000   0.5133641545E+000   0.1033426583E+001
 0.2222222   0.1478255836E+000   0.9953205557E+000   0.5239789499E+000   0.1033560060E+001
 0.2323232   0.1562762338E+000   0.9753082874E+000   0.5350088378E+000   0.9923469630E+000
 0.2424242   0.1636742277E+000   0.9730373748E+000   0.5497830936E+000   0.1016444768E+001
 0.2525253   0.1743990301E+000   0.9938445812E+000   0.5606216383E+000   0.1041861701E+001
 0.2626263   0.1837358389E+000   0.9771757985E+000   0.5801255921E+000   0.1021654541E+001
 0.2727273   0.1964812908E+000   0.9821293303E+000   0.5963191838E+000   0.1015876448E+001
 0.2828283   0.2101739926E+000   0.9634957455E+000   0.6091835345E+000   0.1002454714E+001
 0.2929293   0.2246305548E+000   0.9704769625E+000   0.6268711232E+000   0.1008870993E+001
 0.3030303   0.2410080331E+000   0.9664453215E+000   0.6466649582E+000   0.9910580761E+000
 0.3131313   0.2593157792E+000   0.1004182335E+001   0.6631307551E+000   0.1010404936E+001
 0.3232323   0.2777791295E+000   0.1004972527E+001   0.6820394847E+000   0.9848712105E+000
 0.3333333   0.3004554660E+000   0.9733221287E+000   0.7088594530E+000   0.1027129181E+001
 0.3434343   0.3209761032E+000   0.9807909868E+000   0.7333546307E+000   0.1001047992E+001
 0.3535354   0.3464488706E+000   0.9646205235E+000   0.7533603554E+000   0.9926858694E+000
 0.3636364   0.3748483827E+000   0.9848736462E+000   0.7752299616E+000   0.9982053502E+000
 0.3737374   0.4085352076E+000   0.9836931039E+000   0.8002587360E+000   0.9851923895E+000
 0.3838384   0.4403469909E+000   0.9961000696E+000   0.8301185251E+000   0.1016130889E+001
 0.3939394   0.4764865317E+000   0.1004127757E+001   0.8592671201E+000   0.9866387374E+000
 0.4040404   0.5207477246E+000   0.1006885124E+001   0.8886187535E+000   0.9947359920E+000
 0.4141414   0.5679699079E+000   0.9769420630E+000   0.9195641249E+000   0.9866846202E+000
 0.4242424   0.6138215081E+000   0.9553826316E+000   0.9501015261E+000   0.1025617138E+001
 0.4343434   0.6655222662E+000   0.9993605020E+000   0.9847427682E+000   0.1008850138E+001
 0.4444444   0.7305101909E+000   0.9902839707E+000   0.1025824939E+001   0.1009493538E+001
 0.4545455   0.8016174312E+000   0.1004521667E+001   0.1056161435E+001   0.9744235101E+000
 0.4646465   0.8696674973E+000   0.9887403672E+000   0.1101954598E+001   0.9948444420E+000
 0.4747475   0.9518588159E+000   0.9991730390E+000   0.1141111267E+001   0.9905596231E+000
 0.4848485   0.1045675949E+001   0.1010662860E+001   0.1184393955E+001   0.9848899807E+000
 0.4949495   0.1148322458E+001   0.1018103242E+001   0.1228400866E+001   0.9774236134E+000
 0.5050505   0.1200377859E+001   0.9754720209E+000   0.1250815003E+001   0.9756508725E+000
 0.5151515   0.1202803756E+001   0.9974763802E+000   0.1249339563E+001   0.9802745978E+000
 0.5252525   0.1204998819E+001   0.1006274090E+001   0.1242643845E+001   0.9870923505E+000
 0.5353535   0.1194186164E+001   0.9740007923E+000   0.1251907112E+001   0.9819774718E+000
 0.5454545   0.1202101065E+001   0.1006873260E+001   0.1248527140E+001   0.9774392552E+000
 0.5555556   0.1189413202E+001   0.9683804617E+000   0.1254451123E+001   0.9767447579E+000
 0.5656566   0.1224782428E+001   0.9919806295E+000   0.1258895249E+001   0.1009100407E+001
 0.5757576   0.1232267578E+001   0.9865358972E+000   0.1255568393E+001   0.9792151244E+000
 0.5858586   0.1230901319E+001   0.1006695288E+001   0.1270998918E+001   0.1005041873E+001
 0.5959596   0.1241395336E+001   0.9807791221E+000   0.1262832434E+001   0.9807772219E+000
 0.6060606   0.1248752311E+001   0.9971738292E+000   0.1268576234E+001   0.9964138391E+000
 0.6161616   0.1261830919E+001   0.9990686292E+000   0.1259429622E+001   0.9802620843E+000
 0.6262626   0.1267059836E+001   0.9996879690E+000   0.1267572555E+001   0.9836177785E+000
 0.6363636   0.1282007405E+001   0.9982582670E+000   0.1263931229E+001   0.1011110904E+001
 0.6464646   0.1294253116E+001   0.9909104294E+000   0.1272444784E+001   0.9782088333E+000
 0.6565657   0.1309786383E+001   0.9797884157E+000   0.1280868252E+001   0.9860798027E+000
 0.6666667   0.1326948032E+001   0.1020267372E+001   0.1281851072E+001   0.9791807124E+000
 0.6767677   0.1339195818E+001   0.9912295910E+000   0.1285504957E+001   0.1032091813E+001
 0.6868687   0.1352186631E+001   0.9955566642E+000   0.1285955982E+001   0.1004114834E+001
 0.6969697   0.1372891490E+001   0.9928728585E+000   0.1287785773E+001   0.1008641580E+001
 0.7070707   0.1405080544E+001   0.9980316504E+000   0.1298227645E+001   0.9764110655E+000
 0.7171717   0.1420218440E+001   0.9934838929E+000   0.1302493100E+001   0.9856887569E+000
 0.7272727   0.1432379940E+001   0.1003337565E+001   0.1296719976E+001   0.9989415590E+000
 0.7373737   0.1461902268E+001   0.9926082746E+000   0.1306307886E+001   0.9818648506E+000
 0.7474747   0.1485646058E+001   0.9801562229E+000   0.1307083572E+001   0.9837439559E+000
 0.7575758   0.1517102469E+001   0.9799699464E+000   0.1317463430E+001   0.9763026155E+000
 0.7676768   0.1541625417E+001   0.9909116158E+000   0.1322487018E+001   0.9863863826E+000
 0.7777778   0.1561462105E+001   0.9718331030E+000   0.1329808464E+001   0.9670749779E+000
 0.7878788   0.1616000180E+001   0.9909092429E+000   0.1343099353E+001   0.9769074329E+000
 0.7979798   0.1640565039E+001   0.1001854472E+001   0.1346920507E+001   0.1004463125E+001
 0.8080808   0.1671169952E+001   0.1013665827E+001   0.1341791148E+001   0.9982710458E+000
 0.8181818   0.1720849207E+001   0.1008331437E+001   0.1364518508E+001   0.1000515127E+001
 0.8282828   0.1758326952E+001   0.1003039760E+001   0.1361973560E+001   0.9828304730E+000
 0.8383838   0.1789385874E+001   0.9725165124E+000   0.1370028002E+001   0.9562623015E+000
 0.8484848   0.1842587649E+001   0.1005890859E+001   0.1386032213E+001   0.9884667461E+000
 0.8585859   0.1904076155E+001   0.1029256104E+001   0.1397882841E+001   0.1003045975E+001
 0.8686869   0.1954376334E+001   0.1012631221E+001   0.1409811738E+001   0.1000503657E+001
 0.8787879   0.1993615745E+001   0.1000277647E+001   0.1412648996E+001   0.9818314814E+000
 0.8888889   0.2044321188E+001   0.9903088867E+000   0.1414882011E+001   0.9684212182E+000
 0.8989899   0.2106511201E+001   0.1026130930E+001   0.1424287965E+001   0.9795112764E+000
 0.9090909   0.2165980147E+001   0.1008849926E+001   0.1438545482E+001   0.9876512853E+000
 0.9191919   0.2243982558E+001   0.1017759165E+001   0.1458915048E+001   0.9872153996E+000
 0.9292929   0.2308781055E+001   0.1012851906E+001   0.1461084220E+001   0.9759011418E+000
 0.9393939   0.2389898648E+001   0.1024450882E+001   0.1478205669E+001   0.9920487254E+000
 0.9494949   0.2449140861E+001   0.1020132114E+001   0.1476788181E+001   0.9756842417E+000
 0.9595960   0.2529886326E+001   0.1009814530E+001   0.1494437158E+001   0.9803309084E+000
 0.9696970   0.2623112201E+001   0.1028405402E+001   0.1503355286E+001   0.9939643283E+000
 0.9797980   0.2684055535E+001   0.1050270944E+001   0.1509180240E+001   0.1006869882E+001
 0.9898990   0.2812063437E+001   0.1021051632E+001   0.1543940654E+001   0.1002937525E+001
 1.0000000   0.2849359789E+001   0.1036262237E+001   0.1534356384E+001   0.9943783155E+000


 0.0000000   0.1726854437E+000   0.1051764777E+001   0.4596790099E+000   0.1036515196E+001
 0.0101010   0.1735242253E+000   0.1036558235E+001   0.4598123206E+000   0.1009637929E+001
 0.0202020   0.1719117545E+000   0.1036927788E+001   0.4615199834E+000   0.1025583396E+001
 0.0303030   0.1700729675E+000   0.1023660106E+001   0.4622087824E+000   0.1035548951E+001
 0.0404040   0.1652803806E+000   0.1051862082E+001   0.4594609987E+000   0.1019364094E+001
 0.0505051   0.1596294943E+000   0.1009594314E+001   0.4552016896E+000   0.9973933472E+000
 0.0606061   0.1537317514E+000   0.1037226950E+001   0.4530588772E+000   0.1003492954E+001
 0.0707071   0.1483222226E+000   0.1033655639E+001   0.4500728757E+000   0.1010034659E+001
 0.0808081   0.1430771658E+000   0.1053767817E+001   0.4497638029E+000   0.1022386387E+001
 0.0909091   0.1372711193E+000   0.1033315070E+001   0.4492531279E+000   0.1033212972E+001
 0.1010101   0.1330370147E+000   0.1071588145E+001   0.4473301929E+000   0.1030751507E+001
 0.1111111   0.1300550673E+000   0.1060642334E+001   0.4525117853E+000   0.1066167645E+001
 0.1212121   0.1265355618E+000   0.1049547458E+001   0.4521846863E+000   0.1039472816E+001
 0.1313131   0.1254237259E+000   0.1026249048E+001   0.4500542702E+000   0.1021200058E+001
 0.1414141   0.1241539346E+000   0.1026128970E+001   0.4586863164E+000   0.1030722549E+001
 0.1515152   0.1265294914E+000   0.1015817713E+001   0.4650626718E+000   0.1002516090E+001
 0.1616162   0.1276937429E+000   0.1016566135E+001   0.4676127342E+000   0.1026690573E+001
 0.1717172   0.1293184976E+000   0.1011068385E+001   0.4785912839E+000   0.1015139062E+001
 0.1818182   0.1319627089E+000   0.1047120002E+001   0.4835224322E+000   0.1035486208E+001
 0.1919192   0.1374882248E+000   0.1018530874E+001   0.4932130629E+000   0.1008707399E+001
 0.2020202   0.1418762167E+000   0.1001365804E+001   0.4999364462E+000   0.9977977996E+000
 0.2121212   0.1470705799E+000   0.1015691423E+001   0.5134711835E+000   0.1033832682E+001
 0.2222222   0.1545019988E+000   0.1026738680E+001   0.5232797499E+000   0.1032371248E+001
 0.2323232   0.1632862066E+000   0.1005798371E+001   0.5344975100E+000   0.9915813939E+000
 0.2424242   0.1704603877E+000   0.1000196070E+001   0.5502905491E+000   0.1017570603E+001
 0.2525253   0.1813126652E+000   0.1019799984E+001   0.5607406232E+000   0.1042275025E+001
 0.2626263   0.1916031598E+000   0.1005759035E+001   0.5801107729E+000   0.1021816872E+001
 0.2727273   0.2044140241E+000   0.1008487725E+001   0.5951238283E+000   0.1014027059E+001
 0.2828283   0.2180614526E+000   0.9866478590E+000   0.6094240170E+000   0.1003035411E+001
 0.2929293   0.2325405171E+000   0.9915793747E+000   0.6263342653E+000   0.1008192904E+001
 0.3030303   0.2493595784E+000   0.9869252826E+000   0.6464954196E+000   0.9909809895E+000
 0.3131313   0.2672812999E+000   0.1021561831E+001   0.6627636012E+000   0.1010031763E+001
 0.3232323   0.2862368412E+000   0.1022098045E+001   0.6835802667E+000   0.9872781739E+000
 0.3333333   0.3087392866E+000   0.9871447372E+000   0.7077180770E+000   0.1025664479E+001
 0.3434343   0.3304189380E+000   0.9965088202E+000   0.7323171679E+000   0.9998162010E+000
 0.3535354   0.3562736420E+000   0.9790694319E+000   0.7554581154E+000   0.9956336410E+000
 0.3636364   0.3852029982E+000   0.9989114331E+000   0.7763228083E+000   0.9997968954E+000
 0.3737374   0.4189129287E+000   0.9955575055E+000   0.8008134221E+000   0.9860570942E+000
 0.3838384   0.4504635947E+000   0.1005726945E+001   0.8298057880E+000   0.1015935418E+001
 0.3939394   0.4872268960E+000   0.1013402678E+001   0.8589157149E+000   0.9864171437E+000
 0.4040404   0.5299795760E+000   0.1011402743E+001   0.8871823034E+000   0.9933111764E+000
 0.4141414   0.5786070386E+000   0.9822898235E+000   0.9180641777E+000   0.9852568767E+000
 0.4242424   0.6227049266E+000   0.9565991522E+000   0.9504118265E+000   0.1026141328E+001
 0.4343434   0.6744938014E+000   0.9996546800E+000   0.9834619341E+000   0.1007723778E+001
 0.4444444   0.7434477229E+000   0.9947097072E+000   0.1024299628E+001   0.1008178425E+001
 0.4545455   0.8102530911E+000   0.1002132860E+001   0.1053960359E+001   0.9725721270E+000
 0.4646465   0.8777567182E+000   0.9849532974E+000   0.1102330351E+001   0.9953672236E+000
 0.4747475   0.9569730554E+000   0.9914717178E+000   0.1140652379E+001   0.9903439044E+000
 0.4848485   0.1054836189E+001   0.1006251773E+001   0.1184527315E+001   0.9851825501E+000
 0.4949495   0.1155239641E+001   0.1010910006E+001   0.1226438675E+001   0.9760423100E+000
 0.5050505   0.1207865617E+001   0.9687861243E+000   0.1251204868E+001   0.9761349769E+000
 0.5151515   0.1207760533E+001   0.9885556641E+000   0.1248756762E+001   0.9799980291E+000
 0.5252525   0.1208113575E+001   0.9957490107E+000   0.1244673922E+001   0.9888872963E+000
 0.5353535   0.1200437494E+001   0.9663607377E+000   0.1250875709E+001   0.9813494216E+000
 0.5454545   0.1211127624E+001   0.1001235374E+001   0.1248066141E+001   0.9772585633E+000
 0.5555556   0.1197062785E+001   0.9619281705E+000   0.1253704518E+001   0.9763434775E+000
 0.5656566   0.1224664998E+001   0.9789804079E+000   0.1256758191E+001   0.1007573194E+001
 0.5757576   0.1235142704E+001   0.9759722247E+000   0.1255679719E+001   0.9794825694E+000
 0.5858586   0.1235351785E+001   0.9971899573E+000   0.1268924488E+001   0.1003586586E+001
 0.5959596   0.1243068703E+001   0.9693233738E+000   0.1262967112E+001   0.9810627334E+000
 0.6060606   0.1251617909E+001   0.9864584242E+000   0.1271090610E+001   0.9985729198E+000
 0.6161616   0.1264430116E+001   0.9881012276E+000   0.1259499239E+001   0.9804970791E+000
 0.6262626   0.1275594928E+001   0.9933277648E+000   0.1268481846E+001   0.9845049233E+000
 0.6363636   0.1282436835E+001   0.9856002742E+000   0.1266325786E+001   0.1013213328E+001
 0.6464646   0.1295513008E+001   0.9789700562E+000   0.1274947592E+001   0.9803136758E+000
 0.6565657   0.1313586142E+001   0.9698461310E+000   0.1277558772E+001   0.9837133933E+000
 0.6666667   0.1332271934E+001   0.1011033190E+001   0.1283992088E+001   0.9809970943E+000
 0.6767677   0.1338884654E+001   0.9781056953E+000   0.1286710966E+001   0.1033250618E+001
 0.6868687   0.1355905611E+001   0.9853062880E+000   0.1285803821E+001   0.1004181199E+001
 0.6969697   0.1374255596E+001   0.9809285843E+000   0.1286168467E+001   0.1007560646E+001
 0.7070707   0.1404842659E+001   0.9848798009E+000   0.1295400021E+001   0.9744640766E+000
 0.7171717   0.1416233299E+001   0.9778065332E+000   0.1301052336E+001   0.9847800282E+000
 0.7272727   0.1431927608E+001   0.9899707317E+000   0.1296620040E+001   0.9990488030E+000
 0.7373737   0.1461966960E+001   0.9797371119E+000   0.1306922184E+001   0.9825077581E+000
 0.7474747   0.1481612103E+001   0.9647769386E+000   0.1308112463E+001   0.9846999099E+000
 0.7575758   0.1513304793E+001   0.9647986770E+000   0.1317605107E+001   0.9765876934E+000
 0.7676768   0.1538418445E+001   0.9759846466E+000   0.1324590199E+001   0.9881372734E+000
 0.7777778   0.1561688310E+001   0.9593278414E+000   0.1329767443E+001   0.9672235083E+000
 0.7878788   0.1610006588E+001   0.9743894607E+000   0.1342949548E+001   0.9769786320E+000
 0.7979798   0.1636249035E+001   0.9862182664E+000   0.1348474777E+001   0.1005807696E+001
 0.8080808   0.1666007332E+001   0.9973866383E+000   0.1344035303E+001   0.1000125091E+001
 0.8181818   0.1716840535E+001   0.9928940316E+000   0.1363771897E+001   0.1000152119E+001
 0.8282828   0.1748758806E+001   0.9846023772E+000   0.1361907872E+001   0.9829643358E+000
 0.8383838   0.1784194106E+001   0.9570784326E+000   0.1370901514E+001   0.9570484876E+000
 0.8484848   0.1835161099E+001   0.9888020329E+000   0.1386326964E+001   0.9888593032E+000
 0.8585859   0.1895214145E+001   0.1011136706E+001   0.1399505453E+001   0.1004395491E+001
 0.8686869   0.1937591162E+001   0.9908723585E+000   0.1407604095E+001   0.9991211991E+000
 0.8787879   0.1978919434E+001   0.9799855510E+000   0.1408751253E+001   0.9793030272E+000
 0.8888889   0.2027706903E+001   0.9694807185E+000   0.1415685970E+001   0.9691502080E+000
 0.8989899   0.2087898540E+001   0.1003831562E+001   0.1423944290E+001   0.9794555415E+000
 0.9090909   0.2147220802E+001   0.9871002252E+000   0.1440659312E+001   0.9892849918E+000
 0.9191919   0.2218380230E+001   0.9930565521E+000   0.1459732853E+001   0.9879509743E+000
 0.9292929   0.2286452298E+001   0.9900059272E+000   0.1464194803E+001   0.9781591699E+000
 0.9393939   0.2363366734E+001   0.9998969081E+000   0.1481437415E+001   0.9944009779E+000
 0.9494949   0.2421553593E+001   0.9955181693E+000   0.1478308142E+001   0.9768685900E+000
 0.9595960   0.2505724051E+001   0.9871571591E+000   0.1495357896E+001   0.9811158238E+000
 0.9696970   0.2582133258E+001   0.9991681535E+000   0.1502675699E+001   0.9936982538E+000
 0.9797980   0.2652828935E+001   0.1024546206E+001   0.1509827182E+001   0.1007487284E+001
 0.9898990   0.2774903342E+001   0.9944498813E+000   0.1545489895E+001   0.1004129074E+001
 1.0000000   0.2820562878E+001   0.1012443082E+001   0.1538668279E+001   0.9973566665E+000


