# Evolution of the weightfunction during equilibration phase for fractional: Ar
# Weightfunction after cycle         93
 0.0000000    0.2500000000E+001    0.1900000000E+001
 0.0101010    0.1700000000E+001    0.7000000000E+000
 0.0202020    0.1900000000E+001    0.1500000000E+001
 0.0303030    0.2100000000E+001    0.1400000000E+001
 0.0404040    0.2300000000E+001    0.1100000000E+001
 0.0505051    0.2800000000E+001    0.1800000000E+001
 0.0606061    0.2400000000E+001    0.1300000000E+001
 0.0707071    0.3100000000E+001    0.2600000000E+001
 0.0808081    0.1900000000E+001    0.9000000000E+000
 0.0909091    0.2300000000E+001    0.1800000000E+001
 0.1010101    0.1400000000E+001    0.0000000000E+000
 0.1111111    0.1600000000E+001    0.8000000000E+000
 0.1212121    0.2600000000E+001    0.1700000000E+001
 0.1313131    0.3000000000E+001    0.1300000000E+001
 0.1414141    0.2300000000E+001    0.1300000000E+001
 0.1515152    0.3100000000E+001    0.2200000000E+001
 0.1616162    0.2800000000E+001    0.1800000000E+001
 0.1717172    0.2300000000E+001    0.1400000000E+001
 0.1818182    0.3200000000E+001    0.1700000000E+001
 0.1919192    0.2400000000E+001    0.1200000000E+001
 0.2020202    0.2200000000E+001    0.1500000000E+001
 0.2121212    0.2200000000E+001    0.1000000000E+001
 0.2222222    0.2000000000E+001    0.1900000000E+001
 0.2323232    0.3400000000E+001    0.2200000000E+001
 0.2424242    0.2500000000E+001    0.1500000000E+001
 0.2525253    0.3100000000E+001    0.1600000000E+001
 0.2626263    0.2100000000E+001    0.9000000000E+000
 0.2727273    0.2700000000E+001    0.1100000000E+001
 0.2828283    0.2400000000E+001    0.1400000000E+001
 0.2929293    0.2700000000E+001    0.1800000000E+001
 0.3030303    0.2800000000E+001    0.1300000000E+001
 0.3131313    0.1700000000E+001    0.2100000000E+001
 0.3232323    0.2400000000E+001    0.2400000000E+001
 0.3333333    0.2400000000E+001    0.2300000000E+001
 0.3434343    0.1900000000E+001    0.1400000000E+001
 0.3535354    0.1800000000E+001    0.1000000000E+001
 0.3636364    0.2100000000E+001    0.1700000000E+001
 0.3737374    0.2200000000E+001    0.9000000000E+000
 0.3838384    0.2700000000E+001    0.1500000000E+001
 0.3939394    0.2100000000E+001    0.1800000000E+001
 0.4040404    0.2200000000E+001    0.1200000000E+001
 0.4141414    0.2300000000E+001    0.1600000000E+001
 0.4242424    0.1700000000E+001    0.2100000000E+001
 0.4343434    0.3100000000E+001    0.1900000000E+001
 0.4444444    0.1800000000E+001    0.1600000000E+001
 0.4545455    0.1800000000E+001    0.1800000000E+001
 0.4646465    0.2400000000E+001    0.1400000000E+001
 0.4747475    0.1800000000E+001    0.1800000000E+001
 0.4848485    0.3200000000E+001    0.2300000000E+001
 0.4949495    0.1900000000E+001    0.9000000000E+000
 0.5050505    0.1300000000E+001    0.9000000000E+000
 0.5151515    0.1600000000E+001    0.1500000000E+001
 0.5252525    0.1100000000E+001    0.1900000000E+001
 0.5353535    0.2300000000E+001    0.1200000000E+001
 0.5454545    0.1700000000E+001    0.2400000000E+001
 0.5555556    0.2100000000E+001    0.1100000000E+001
 0.5656566    0.2000000000E+001    0.1400000000E+001
 0.5757576    0.2100000000E+001    0.1800000000E+001
 0.5858586    0.2600000000E+001    0.1500000000E+001
 0.5959596    0.1500000000E+001    0.1600000000E+001
 0.6060606    0.2600000000E+001    0.2400000000E+001
 0.6161616    0.2500000000E+001    0.1200000000E+001
 0.6262626    0.1600000000E+001    0.1300000000E+001
 0.6363636    0.2600000000E+001    0.1700000000E+001
 0.6464646    0.1900000000E+001    0.1700000000E+001
 0.6565657    0.1800000000E+001    0.1900000000E+001
 0.6666667    0.3200000000E+001    0.2200000000E+001
 0.6767677    0.1500000000E+001    0.9000000000E+000
 0.6868687    0.2500000000E+001    0.1700000000E+001
 0.6969697    0.2900000000E+001    0.1100000000E+001
 0.7070707    0.2300000000E+001    0.1600000000E+001
 0.7171717    0.2500000000E+001    0.2100000000E+001
 0.7272727    0.1900000000E+001    0.1600000000E+001
 0.7373737    0.1500000000E+001    0.8000000000E+000
 0.7474747    0.3000000000E+001    0.2200000000E+001
 0.7575758    0.2500000000E+001    0.1800000000E+001
 0.7676768    0.1800000000E+001    0.9000000000E+000
 0.7777778    0.2600000000E+001    0.1900000000E+001
 0.7878788    0.2700000000E+001    0.1900000000E+001
 0.7979798    0.2400000000E+001    0.1800000000E+001
 0.8080808    0.2000000000E+001    0.1200000000E+001
 0.8181818    0.2600000000E+001    0.1800000000E+001
 0.8282828    0.2100000000E+001    0.1700000000E+001
 0.8383838    0.3000000000E+001    0.2700000000E+001
 0.8484848    0.2200000000E+001    0.2100000000E+001
 0.8585859    0.2900000000E+001    0.2000000000E+001
 0.8686869    0.2400000000E+001    0.1500000000E+001
 0.8787879    0.2400000000E+001    0.1900000000E+001
 0.8888889    0.3300000000E+001    0.2300000000E+001
 0.8989899    0.2100000000E+001    0.1500000000E+001
 0.9090909    0.2800000000E+001    0.1600000000E+001
 0.9191919    0.2500000000E+001    0.1600000000E+001
 0.9292929    0.1900000000E+001    0.1500000000E+001
 0.9393939    0.3300000000E+001    0.2400000000E+001
 0.9494949    0.2300000000E+001    0.1300000000E+001
 0.9595960    0.3400000000E+001    0.2900000000E+001
 0.9696970    0.3300000000E+001    0.2300000000E+001
 0.9797980    0.2400000000E+001    0.1500000000E+001
 0.9898990    0.2900000000E+001    0.1900000000E+001
 1.0000000    0.2300000000E+001    0.1900000000E+001


# Weightfunction after cycle        402
 0.0000000    0.1575000000E+001    0.9250000000E+000
 0.0101010    0.1725000000E+001    0.1400000000E+001
 0.0202020    0.2125000000E+001    0.1400000000E+001
 0.0303030    0.1725000000E+001    0.1250000000E+001
 0.0404040    0.2000000000E+001    0.1175000000E+001
 0.0505051    0.1500000000E+001    0.9500000000E+000
 0.0606061    0.1475000000E+001    0.7750000000E+000
 0.0707071    0.2000000000E+001    0.1250000000E+001
 0.0808081    0.1375000000E+001    0.6000000000E+000
 0.0909091    0.2075000000E+001    0.1475000000E+001
 0.1010101    0.1525000000E+001    0.7750000000E+000
 0.1111111    0.1775000000E+001    0.1075000000E+001
 0.1212121    0.1900000000E+001    0.1125000000E+001
 0.1313131    0.1750000000E+001    0.8750000000E+000
 0.1414141    0.1950000000E+001    0.1200000000E+001
 0.1515152    0.2300000000E+001    0.1075000000E+001
 0.1616162    0.2325000000E+001    0.1050000000E+001
 0.1717172    0.2300000000E+001    0.1475000000E+001
 0.1818182    0.2700000000E+001    0.1200000000E+001
 0.1919192    0.2425000000E+001    0.8250000000E+000
 0.2020202    0.2250000000E+001    0.1075000000E+001
 0.2121212    0.2625000000E+001    0.1000000000E+001
 0.2222222    0.2075000000E+001    0.1025000000E+001
 0.2323232    0.2425000000E+001    0.8000000000E+000
 0.2424242    0.2175000000E+001    0.8750000000E+000
 0.2525253    0.2200000000E+001    0.7000000000E+000
 0.2626263    0.2325000000E+001    0.1100000000E+001
 0.2727273    0.2100000000E+001    0.8000000000E+000
 0.2828283    0.2375000000E+001    0.1175000000E+001
 0.2929293    0.1875000000E+001    0.8250000000E+000
 0.3030303    0.1625000000E+001    0.1075000000E+001
 0.3131313    0.2100000000E+001    0.1100000000E+001
 0.3232323    0.2225000000E+001    0.7250000000E+000
 0.3333333    0.1950000000E+001    0.1025000000E+001
 0.3434343    0.2100000000E+001    0.4750000000E+000
 0.3535354    0.2200000000E+001    0.7750000000E+000
 0.3636364    0.1900000000E+001    0.7750000000E+000
 0.3737374    0.1800000000E+001    0.8500000000E+000
 0.3838384    0.1675000000E+001    0.5750000000E+000
 0.3939394    0.1925000000E+001    0.7500000000E+000
 0.4040404    0.2000000000E+001    0.4500000000E+000
 0.4141414    0.1425000000E+001    0.3750000000E+000
 0.4242424    0.2175000000E+001    0.4250000000E+000
 0.4343434    0.1975000000E+001    0.6500000000E+000
 0.4444444    0.1700000000E+001    0.8250000000E+000
 0.4545455    0.1050000000E+001    0.4500000000E+000
 0.4646465    0.1400000000E+001    0.6750000000E+000
 0.4747475    0.1525000000E+001    0.3750000000E+000
 0.4848485    0.1100000000E+001    0.1250000000E+000
 0.4949495    0.9000000000E+000    0.1750000000E+000
 0.5050505    0.1000000000E+001    0.6750000000E+000
 0.5151515    0.8250000000E+000    0.1250000000E+000
 0.5252525    0.1650000000E+001    0.0000000000E+000
 0.5353535    0.9000000000E+000    0.1000000000E+001
 0.5454545    0.1300000000E+001    0.4500000000E+000
 0.5555556    0.1525000000E+001    0.5000000000E+000
 0.5656566    0.1575000000E+001    0.6500000000E+000
 0.5757576    0.1275000000E+001    0.3500000000E+000
 0.5858586    0.1050000000E+001    0.4750000000E+000
 0.5959596    0.1150000000E+001    0.3250000000E+000
 0.6060606    0.7750000000E+000    0.4500000000E+000
 0.6161616    0.7000000000E+000    0.3750000000E+000
 0.6262626    0.1450000000E+001    0.5250000000E+000
 0.6363636    0.9000000000E+000    0.3750000000E+000
 0.6464646    0.1125000000E+001    0.3500000000E+000
 0.6565657    0.1500000000E+001    0.4750000000E+000
 0.6666667    0.1025000000E+001    0.5329070518E-014
 0.6767677    0.1175000000E+001    0.3500000000E+000
 0.6868687    0.1025000000E+001    0.3500000000E+000
 0.6969697    0.9000000000E+000    0.3750000000E+000
 0.7070707    0.1000000000E+001    0.4750000000E+000
 0.7171717    0.1050000000E+001    0.3000000000E+000
 0.7272727    0.8250000000E+000    0.2500000000E+000
 0.7373737    0.1125000000E+001    0.5250000000E+000
 0.7474747    0.1250000000E+001    0.6750000000E+000
 0.7575758    0.1050000000E+001    0.5750000000E+000
 0.7676768    0.1250000000E+001    0.6500000000E+000
 0.7777778    0.1025000000E+001    0.4750000000E+000
 0.7878788    0.8000000000E+000    0.1250000000E+000
 0.7979798    0.8500000000E+000    0.2750000000E+000
 0.8080808    0.1125000000E+001    0.4000000000E+000
 0.8181818    0.1300000000E+001    0.6750000000E+000
 0.8282828    0.1325000000E+001    0.6500000000E+000
 0.8383838    0.1325000000E+001    0.6500000000E+000
 0.8484848    0.9500000000E+000    0.1750000000E+000
 0.8585859    0.1375000000E+001    0.8000000000E+000
 0.8686869    0.1125000000E+001    0.4500000000E+000
 0.8787879    0.1200000000E+001    0.8000000000E+000
 0.8888889    0.9500000000E+000    0.4750000000E+000
 0.8989899    0.8750000000E+000    0.4250000000E+000
 0.9090909    0.1275000000E+001    0.6500000000E+000
 0.9191919    0.1475000000E+001    0.9250000000E+000
 0.9292929    0.1250000000E+001    0.7250000000E+000
 0.9393939    0.1325000000E+001    0.6000000000E+000
 0.9494949    0.1275000000E+001    0.8000000000E+000
 0.9595960    0.1175000000E+001    0.6000000000E+000
 0.9696970    0.1375000000E+001    0.7250000000E+000
 0.9797980    0.1125000000E+001    0.4250000000E+000
 0.9898990    0.1200000000E+001    0.6750000000E+000
 1.0000000    0.1175000000E+001    0.6000000000E+000


# Weightfunction after cycle        936
 0.0000000    0.1175000000E+001    0.6750000000E+000
 0.0101010    0.1193750000E+001    0.6687500000E+000
 0.0202020    0.1331250000E+001    0.7562500000E+000
 0.0303030    0.1112500000E+001    0.5812500000E+000
 0.0404040    0.1356250000E+001    0.7000000000E+000
 0.0505051    0.1218750000E+001    0.6250000000E+000
 0.0606061    0.1306250000E+001    0.7375000000E+000
 0.0707071    0.1437500000E+001    0.5937500000E+000
 0.0808081    0.1406250000E+001    0.6875000000E+000
 0.0909091    0.1531250000E+001    0.8375000000E+000
 0.1010101    0.1643750000E+001    0.7312500000E+000
 0.1111111    0.1562500000E+001    0.7375000000E+000
 0.1212121    0.1687500000E+001    0.9062500000E+000
 0.1313131    0.1737500000E+001    0.8687500000E+000
 0.1414141    0.1631250000E+001    0.9250000000E+000
 0.1515152    0.1812500000E+001    0.7500000000E+000
 0.1616162    0.1837500000E+001    0.9437500000E+000
 0.1717172    0.1625000000E+001    0.8062500000E+000
 0.1818182    0.1600000000E+001    0.8250000000E+000
 0.1919192    0.1900000000E+001    0.6937500000E+000
 0.2020202    0.1768750000E+001    0.7687500000E+000
 0.2121212    0.1806250000E+001    0.8000000000E+000
 0.2222222    0.1806250000E+001    0.8687500000E+000
 0.2323232    0.1831250000E+001    0.8000000000E+000
 0.2424242    0.1706250000E+001    0.5812500000E+000
 0.2525253    0.1693750000E+001    0.6250000000E+000
 0.2626263    0.1618750000E+001    0.5312500000E+000
 0.2727273    0.1562500000E+001    0.6812500000E+000
 0.2828283    0.1543750000E+001    0.6125000000E+000
 0.2929293    0.1800000000E+001    0.7812500000E+000
 0.3030303    0.1675000000E+001    0.5937500000E+000
 0.3131313    0.1543750000E+001    0.3875000000E+000
 0.3232323    0.1443750000E+001    0.5812500000E+000
 0.3333333    0.1487500000E+001    0.5312500000E+000
 0.3434343    0.1368750000E+001    0.5562500000E+000
 0.3535354    0.1287500000E+001    0.4187500000E+000
 0.3636364    0.1400000000E+001    0.4750000000E+000
 0.3737374    0.1181250000E+001    0.4312500000E+000
 0.3838384    0.1043750000E+001    0.4562500000E+000
 0.3939394    0.1193750000E+001    0.6250000000E+000
 0.4040404    0.1337500000E+001    0.3687500000E+000
 0.4141414    0.1312500000E+001    0.4812500000E+000
 0.4242424    0.1037500000E+001    0.4687500000E+000
 0.4343434    0.9875000000E+000    0.3625000000E+000
 0.4444444    0.1112500000E+001    0.2750000000E+000
 0.4545455    0.8187500000E+000    0.6000000000E+000
 0.4646465    0.9687500000E+000    0.4062500000E+000
 0.4747475    0.9812500000E+000    0.2500000000E+000
 0.4848485    0.9500000000E+000    0.2625000000E+000
 0.4949495    0.8687500000E+000    0.1062500000E+000
 0.5050505    0.7812500000E+000    0.1625000000E+000
 0.5151515    0.6812500000E+000    0.0000000000E+000
 0.5252525    0.8000000000E+000    0.2750000000E+000
 0.5353535    0.6562500000E+000    0.1812500000E+000
 0.5454545    0.7000000000E+000    0.3000000000E+000
 0.5555556    0.7562500000E+000    0.2000000000E+000
 0.5656566    0.6187500000E+000    0.2062500000E+000
 0.5757576    0.7000000000E+000    0.2562500000E+000
 0.5858586    0.6125000000E+000    0.3437500000E+000
 0.5959596    0.7500000000E+000    0.6875000000E-001
 0.6060606    0.8562500000E+000    0.2562500000E+000
 0.6161616    0.6250000000E+000    0.2500000000E+000
 0.6262626    0.8312500000E+000    0.2750000000E+000
 0.6363636    0.6750000000E+000    0.2375000000E+000
 0.6464646    0.6250000000E+000    0.2375000000E+000
 0.6565657    0.7812500000E+000    0.2187500000E+000
 0.6666667    0.8875000000E+000    0.1437500000E+000
 0.6767677    0.6687500000E+000    0.3687500000E+000
 0.6868687    0.8062500000E+000    0.3000000000E+000
 0.6969697    0.8812500000E+000    0.2500000000E+000
 0.7070707    0.7250000000E+000    0.2437500000E+000
 0.7171717    0.7250000000E+000    0.2250000000E+000
 0.7272727    0.7375000000E+000    0.2750000000E+000
 0.7373737    0.7812500000E+000    0.2500000000E+000
 0.7474747    0.8250000000E+000    0.2625000000E+000
 0.7575758    0.8250000000E+000    0.3062500000E+000
 0.7676768    0.7187500000E+000    0.2000000000E+000
 0.7777778    0.6500000000E+000    0.1687500000E+000
 0.7878788    0.8187500000E+000    0.2375000000E+000
 0.7979798    0.6937500000E+000    0.2187500000E+000
 0.8080808    0.7437500000E+000    0.1375000000E+000
 0.8181818    0.6937500000E+000    0.2500000000E+000
 0.8282828    0.7125000000E+000    0.2125000000E+000
 0.8383838    0.6562500000E+000    0.1250000000E+000
 0.8484848    0.7000000000E+000    0.1750000000E+000
 0.8585859    0.6000000000E+000    0.1687500000E+000
 0.8686869    0.7250000000E+000    0.2437500000E+000
 0.8787879    0.7812500000E+000    0.2625000000E+000
 0.8888889    0.8125000000E+000    0.1875000000E+000
 0.8989899    0.6437500000E+000    0.8125000000E-001
 0.9090909    0.7187500000E+000    0.1812500000E+000
 0.9191919    0.6875000000E+000    0.1250000000E+000
 0.9292929    0.8187500000E+000    0.1250000000E+000
 0.9393939    0.6937500000E+000    0.1125000000E+000
 0.9494949    0.7687500000E+000    0.1875000000E+000
 0.9595960    0.6437500000E+000    0.1875000000E+000
 0.9696970    0.7562500000E+000    0.2375000000E+000
 0.9797980    0.6000000000E+000    0.1437500000E+000
 0.9898990    0.6875000000E+000    0.2375000000E+000
 1.0000000    0.8500000000E+000    0.3312500000E+000


# Weightfunction after cycle       1677
 0.0000000    0.1182812500E+001    0.6390625000E+000
 0.0101010    0.1057812500E+001    0.5406250000E+000
 0.0202020    0.1145312500E+001    0.5296875000E+000
 0.0303030    0.1167187500E+001    0.6218750000E+000
 0.0404040    0.1157812500E+001    0.6062500000E+000
 0.0505051    0.1206250000E+001    0.5921875000E+000
 0.0606061    0.1221875000E+001    0.5625000000E+000
 0.0707071    0.1276562500E+001    0.5953125000E+000
 0.0808081    0.1350000000E+001    0.6093750000E+000
 0.0909091    0.1215625000E+001    0.5156250000E+000
 0.1010101    0.1525000000E+001    0.7265625000E+000
 0.1111111    0.1450000000E+001    0.6765625000E+000
 0.1212121    0.1617187500E+001    0.7734375000E+000
 0.1313131    0.1557812500E+001    0.6906250000E+000
 0.1414141    0.1532812500E+001    0.6265625000E+000
 0.1515152    0.1578125000E+001    0.5937500000E+000
 0.1616162    0.1628125000E+001    0.6218750000E+000
 0.1717172    0.1593750000E+001    0.6500000000E+000
 0.1818182    0.1635937500E+001    0.6281250000E+000
 0.1919192    0.1643750000E+001    0.6671875000E+000
 0.2020202    0.1754687500E+001    0.7984375000E+000
 0.2121212    0.1631250000E+001    0.6312500000E+000
 0.2222222    0.1621875000E+001    0.6125000000E+000
 0.2323232    0.1660937500E+001    0.6468750000E+000
 0.2424242    0.1600000000E+001    0.5640625000E+000
 0.2525253    0.1603125000E+001    0.6921875000E+000
 0.2626263    0.1404687500E+001    0.6281250000E+000
 0.2727273    0.1475000000E+001    0.5968750000E+000
 0.2828283    0.1510937500E+001    0.5609375000E+000
 0.2929293    0.1553125000E+001    0.5578125000E+000
 0.3030303    0.1423437500E+001    0.5234375000E+000
 0.3131313    0.1442187500E+001    0.5515625000E+000
 0.3232323    0.1331250000E+001    0.4781250000E+000
 0.3333333    0.1317187500E+001    0.4703125000E+000
 0.3434343    0.1285937500E+001    0.5421875000E+000
 0.3535354    0.1242187500E+001    0.3484375000E+000
 0.3636364    0.1279687500E+001    0.4296875000E+000
 0.3737374    0.1187500000E+001    0.4453125000E+000
 0.3838384    0.1081250000E+001    0.4171875000E+000
 0.3939394    0.1028125000E+001    0.4187500000E+000
 0.4040404    0.1142187500E+001    0.3656250000E+000
 0.4141414    0.9890625000E+000    0.3828125000E+000
 0.4242424    0.8468750000E+000    0.2937500000E+000
 0.4343434    0.8859375000E+000    0.4078125000E+000
 0.4444444    0.8187500000E+000    0.2953125000E+000
 0.4545455    0.8828125000E+000    0.2796875000E+000
 0.4646465    0.7890625000E+000    0.2453125000E+000
 0.4747475    0.7906250000E+000    0.1968750000E+000
 0.4848485    0.6375000000E+000    0.2265625000E+000
 0.4949495    0.6046875000E+000    0.1250000000E+000
 0.5050505    0.6546875000E+000    0.2296875000E+000
 0.5151515    0.6156250000E+000    0.1015625000E+000
 0.5252525    0.5984375000E+000    0.1578125000E+000
 0.5353535    0.5609375000E+000    0.9375000000E-001
 0.5454545    0.6640625000E+000    0.2328125000E+000
 0.5555556    0.5906250000E+000    0.1515625000E+000
 0.5656566    0.7015625000E+000    0.1156250000E+000
 0.5757576    0.6093750000E+000    0.6093750000E-001
 0.5858586    0.6406250000E+000    0.1859375000E+000
 0.5959596    0.6125000000E+000    0.1140625000E+000
 0.6060606    0.6421875000E+000    0.1281250000E+000
 0.6161616    0.5609375000E+000    0.2781250000E+000
 0.6262626    0.6250000000E+000    0.9062500000E-001
 0.6363636    0.5765625000E+000    0.1171875000E+000
 0.6464646    0.6734375000E+000    0.1671875000E+000
 0.6565657    0.6328125000E+000    0.1218750000E+000
 0.6666667    0.6890625000E+000    0.1437500000E+000
 0.6767677    0.6187500000E+000    0.1156250000E+000
 0.6868687    0.6296875000E+000    0.1453125000E+000
 0.6969697    0.6750000000E+000    0.1546875000E+000
 0.7070707    0.6921875000E+000    0.1500000000E+000
 0.7171717    0.6484375000E+000    0.8906250000E-001
 0.7272727    0.6640625000E+000    0.1078125000E+000
 0.7373737    0.6656250000E+000    0.8125000000E-001
 0.7474747    0.6671875000E+000    0.1031250000E+000
 0.7575758    0.6031250000E+000    0.8125000000E-001
 0.7676768    0.7140625000E+000    0.1765625000E+000
 0.7777778    0.6343750000E+000    0.8437500000E-001
 0.7878788    0.6484375000E+000    0.5937500000E-001
 0.7979798    0.5968750000E+000    0.9062500000E-001
 0.8080808    0.6046875000E+000    0.5156250000E-001
 0.8181818    0.6625000000E+000    0.1500000000E+000
 0.8282828    0.6125000000E+000    0.1078125000E+000
 0.8383838    0.6625000000E+000    0.1218750000E+000
 0.8484848    0.5562500000E+000    0.4218750000E-001
 0.8585859    0.6390625000E+000    0.5625000000E-001
 0.8686869    0.6093750000E+000    0.2031250000E-001
 0.8787879    0.6359375000E+000    0.7968750000E-001
 0.8888889    0.6625000000E+000    0.9218750000E-001
 0.8989899    0.6484375000E+000    0.4687500000E-001
 0.9090909    0.6562500000E+000    0.9843750000E-001
 0.9191919    0.6781250000E+000    0.1781250000E+000
 0.9292929    0.6468750000E+000    0.8750000000E-001
 0.9393939    0.5546875000E+000    0.0000000000E+000
 0.9494949    0.6234375000E+000    0.2656250000E-001
 0.9595960    0.5968750000E+000    0.5781250000E-001
 0.9696970    0.7109375000E+000    0.1484375000E+000
 0.9797980    0.5687500000E+000    0.7968750000E-001
 0.9898990    0.5828125000E+000    0.3906250000E-001
 1.0000000    0.6390625000E+000    0.5156250000E-001


# Weightfunction after cycle       5225
 0.0000000    0.1302343750E+001    0.5343750000E+000
 0.0101010    0.1254687500E+001    0.5074218750E+000
 0.0202020    0.1332031250E+001    0.5449218750E+000
 0.0303030    0.1325000000E+001    0.5566406250E+000
 0.0404040    0.1334375000E+001    0.5492187500E+000
 0.0505051    0.1333984375E+001    0.5671875000E+000
 0.0606061    0.1366406250E+001    0.5242187500E+000
 0.0707071    0.1441796875E+001    0.5675781250E+000
 0.0808081    0.1526562500E+001    0.5976562500E+000
 0.0909091    0.1475781250E+001    0.5679687500E+000
 0.1010101    0.1600000000E+001    0.6214843750E+000
 0.1111111    0.1672265625E+001    0.5933593750E+000
 0.1212121    0.1715625000E+001    0.6425781250E+000
 0.1313131    0.1703125000E+001    0.6246093750E+000
 0.1414141    0.1780468750E+001    0.6031250000E+000
 0.1515152    0.1835937500E+001    0.6070312500E+000
 0.1616162    0.1888671875E+001    0.6292968750E+000
 0.1717172    0.1903125000E+001    0.6167968750E+000
 0.1818182    0.1907031250E+001    0.6328125000E+000
 0.1919192    0.1899609375E+001    0.5953125000E+000
 0.2020202    0.1898046875E+001    0.6550781250E+000
 0.2121212    0.1879296875E+001    0.5964843750E+000
 0.2222222    0.1863281250E+001    0.5871093750E+000
 0.2323232    0.1835937500E+001    0.5562500000E+000
 0.2424242    0.1809765625E+001    0.5378906250E+000
 0.2525253    0.1771484375E+001    0.5250000000E+000
 0.2626263    0.1755468750E+001    0.5394531250E+000
 0.2727273    0.1689062500E+001    0.5125000000E+000
 0.2828283    0.1707421875E+001    0.4644531250E+000
 0.2929293    0.1682812500E+001    0.4867187500E+000
 0.3030303    0.1663281250E+001    0.4429687500E+000
 0.3131313    0.1654296875E+001    0.4683593750E+000
 0.3232323    0.1535156250E+001    0.4742187500E+000
 0.3333333    0.1576562500E+001    0.4101562500E+000
 0.3434343    0.1527343750E+001    0.4382812500E+000
 0.3535354    0.1443359375E+001    0.3238281250E+000
 0.3636364    0.1412500000E+001    0.3589843750E+000
 0.3737374    0.1371093750E+001    0.3089843750E+000
 0.3838384    0.1311718750E+001    0.3046875000E+000
 0.3939394    0.1235937500E+001    0.2664062500E+000
 0.4040404    0.1237890625E+001    0.3144531250E+000
 0.4141414    0.1191406250E+001    0.2121093750E+000
 0.4242424    0.1133984375E+001    0.1835937500E+000
 0.4343434    0.1052343750E+001    0.1984375000E+000
 0.4444444    0.1033203125E+001    0.1937500000E+000
 0.4545455    0.9781250000E+000    0.1664062500E+000
 0.4646465    0.9570312500E+000    0.1449218750E+000
 0.4747475    0.8722656250E+000    0.9023437500E-001
 0.4848485    0.8878906250E+000    0.7695312500E-001
 0.4949495    0.7601562500E+000    0.3906250000E-002
 0.5050505    0.7996093750E+000    0.4062500000E-001
 0.5151515    0.7761718750E+000    0.7695312500E-001
 0.5252525    0.8199218750E+000    0.3906250000E-001
 0.5353535    0.7273437500E+000    0.4140625000E-001
 0.5454545    0.7628906250E+000    0.7382812500E-001
 0.5555556    0.7710937500E+000    0.8085937500E-001
 0.5656566    0.7359375000E+000    0.3437500000E-001
 0.5757576    0.8027343750E+000    0.4960937500E-001
 0.5858586    0.7308593750E+000    0.5820312500E-001
 0.5959596    0.7589843750E+000    0.9804687500E-001
 0.6060606    0.7285156250E+000    0.0000000000E+000
 0.6161616    0.7253906250E+000    0.3632812500E-001
 0.6262626    0.7824218750E+000    0.3437500000E-001
 0.6363636    0.7429687500E+000    0.3828125000E-001
 0.6464646    0.7824218750E+000    0.2109375000E-001
 0.6565657    0.7457031250E+000    0.3789062500E-001
 0.6666667    0.7925781250E+000    0.4062500000E-001
 0.6767677    0.7875000000E+000    0.4687500000E-001
 0.6868687    0.7855468750E+000    0.6093750000E-001
 0.6969697    0.7644531250E+000    0.4453125000E-001
 0.7070707    0.7765625000E+000    0.6015625000E-001
 0.7171717    0.7558593750E+000    0.4921875000E-001
 0.7272727    0.7886718750E+000    0.5195312500E-001
 0.7373737    0.7781250000E+000    0.3828125000E-001
 0.7474747    0.7363281250E+000    0.1171875000E-001
 0.7575758    0.7882812500E+000    0.5351562500E-001
 0.7676768    0.8085937500E+000    0.1011718750E+000
 0.7777778    0.7726562500E+000    0.6093750000E-001
 0.7878788    0.7910156250E+000    0.8242187500E-001
 0.7979798    0.7867187500E+000    0.5156250000E-001
 0.8080808    0.7578125000E+000    0.2578125000E-001
 0.8181818    0.7632812500E+000    0.5117187500E-001
 0.8282828    0.7570312500E+000    0.4375000000E-001
 0.8383838    0.7843750000E+000    0.5234375000E-001
 0.8484848    0.8031250000E+000    0.9179687500E-001
 0.8585859    0.7980468750E+000    0.5898437500E-001
 0.8686869    0.8242187500E+000    0.8632812500E-001
 0.8787879    0.7691406250E+000    0.5625000000E-001
 0.8888889    0.7605468750E+000    0.7031250000E-001
 0.8989899    0.8121093750E+000    0.7421875000E-001
 0.9090909    0.7488281250E+000    0.2343750000E-001
 0.9191919    0.7699218750E+000    0.4531250000E-001
 0.9292929    0.7847656250E+000    0.6601562500E-001
 0.9393939    0.7839843750E+000    0.5820312500E-001
 0.9494949    0.7941406250E+000    0.6757812500E-001
 0.9595960    0.7648437500E+000    0.5898437500E-001
 0.9696970    0.8128906250E+000    0.1003906250E+000
 0.9797980    0.7769531250E+000    0.6093750000E-001
 0.9898990    0.7804687500E+000    0.6250000000E-001
 1.0000000    0.7585937500E+000    0.4726562500E-001


# Weightfunction after cycle       8563
 0.0000000    0.1266406250E+001    0.4878906250E+000
 0.0101010    0.1243652344E+001    0.4752929688E+000
 0.0202020    0.1302832031E+001    0.4953125000E+000
 0.0303030    0.1317578125E+001    0.5243164063E+000
 0.0404040    0.1326269531E+001    0.5161132813E+000
 0.0505051    0.1338183594E+001    0.5206054688E+000
 0.0606061    0.1350488281E+001    0.5000000000E+000
 0.0707071    0.1408593750E+001    0.5171875000E+000
 0.0808081    0.1492968750E+001    0.5471679688E+000
 0.0909091    0.1508789063E+001    0.5327148438E+000
 0.1010101    0.1597558594E+001    0.5495117188E+000
 0.1111111    0.1661132813E+001    0.5673828125E+000
 0.1212121    0.1705175781E+001    0.5860351563E+000
 0.1313131    0.1747949219E+001    0.6006835938E+000
 0.1414141    0.1803613281E+001    0.6056640625E+000
 0.1515152    0.1808007813E+001    0.5568359375E+000
 0.1616162    0.1882128906E+001    0.5934570313E+000
 0.1717172    0.1910351563E+001    0.5835937500E+000
 0.1818182    0.1917480469E+001    0.5922851563E+000
 0.1919192    0.1892285156E+001    0.5593750000E+000
 0.2020202    0.1888574219E+001    0.5914062500E+000
 0.2121212    0.1896093750E+001    0.5666015625E+000
 0.2222222    0.1887597656E+001    0.5508789063E+000
 0.2323232    0.1861523438E+001    0.5231445313E+000
 0.2424242    0.1862597656E+001    0.5005859375E+000
 0.2525253    0.1811816406E+001    0.5020507813E+000
 0.2626263    0.1809179688E+001    0.4974609375E+000
 0.2727273    0.1746582031E+001    0.4695312500E+000
 0.2828283    0.1743359375E+001    0.4683593750E+000
 0.2929293    0.1708398438E+001    0.4518554688E+000
 0.3030303    0.1717382813E+001    0.4253906250E+000
 0.3131313    0.1678125000E+001    0.4333007813E+000
 0.3232323    0.1588769531E+001    0.4052734375E+000
 0.3333333    0.1610156250E+001    0.3861328125E+000
 0.3434343    0.1543066406E+001    0.3675781250E+000
 0.3535354    0.1476464844E+001    0.2959960938E+000
 0.3636364    0.1438769531E+001    0.3424804688E+000
 0.3737374    0.1417382813E+001    0.2800781250E+000
 0.3838384    0.1343652344E+001    0.2816406250E+000
 0.3939394    0.1295800781E+001    0.2408203125E+000
 0.4040404    0.1263476563E+001    0.2591796875E+000
 0.4141414    0.1243164063E+001    0.1813476563E+000
 0.4242424    0.1170703125E+001    0.1750000000E+000
 0.4343434    0.1119433594E+001    0.1864257813E+000
 0.4444444    0.1078027344E+001    0.1598632813E+000
 0.4545455    0.1016601563E+001    0.1467773438E+000
 0.4646465    0.9641601563E+000    0.1244140625E+000
 0.4747475    0.9105468750E+000    0.9414062500E-001
 0.4848485    0.9087890625E+000    0.7822265625E-001
 0.4949495    0.8097656250E+000    0.1953125000E-001
 0.5050505    0.8034179688E+000    0.3505859375E-001
 0.5151515    0.7795898438E+000    0.4443359375E-001
 0.5252525    0.7951171875E+000    0.4218750000E-001
 0.5353535    0.7894531250E+000    0.3056640625E-001
 0.5454545    0.7689453125E+000    0.4667968750E-001
 0.5555556    0.7870117188E+000    0.4648437500E-001
 0.5656566    0.7806640625E+000    0.3066406250E-001
 0.5757576    0.8257812500E+000    0.4765625000E-001
 0.5858586    0.7637695313E+000    0.3701171875E-001
 0.5959596    0.8000976563E+000    0.6464843750E-001
 0.6060606    0.7558593750E+000    0.2382812500E-001
 0.6161616    0.7720703125E+000    0.1962890625E-001
 0.6262626    0.8000976563E+000    0.2080078125E-001
 0.6363636    0.7773437500E+000    0.3466796875E-001
 0.6464646    0.7875000000E+000    0.2490234375E-001
 0.6565657    0.7676757813E+000    0.3447265625E-001
 0.6666667    0.8037109375E+000    0.2050781250E-001
 0.6767677    0.8079101563E+000    0.4287109375E-001
 0.6868687    0.8168945313E+000    0.4638671875E-001
 0.6969697    0.7986328125E+000    0.3935546875E-001
 0.7070707    0.7939453125E+000    0.3759765625E-001
 0.7171717    0.7977539063E+000    0.4443359375E-001
 0.7272727    0.8197265625E+000    0.5185546875E-001
 0.7373737    0.8136718750E+000    0.3769531250E-001
 0.7474747    0.7611328125E+000    0.0000000000E+000
 0.7575758    0.8055664063E+000    0.3652343750E-001
 0.7676768    0.8289062500E+000    0.7695312500E-001
 0.7777778    0.7975585938E+000    0.4111328125E-001
 0.7878788    0.8063476563E+000    0.5341796875E-001
 0.7979798    0.8012695313E+000    0.4062500000E-001
 0.8080808    0.7827148438E+000    0.2333984375E-001
 0.8181818    0.7864257813E+000    0.2988281250E-001
 0.8282828    0.8042968750E+000    0.4697265625E-001
 0.8383838    0.7875976563E+000    0.2138671875E-001
 0.8484848    0.8089843750E+000    0.5078125000E-001
 0.8585859    0.8116210938E+000    0.4345703125E-001
 0.8686869    0.8252929688E+000    0.5195312500E-001
 0.8787879    0.8003906250E+000    0.5078125000E-001
 0.8888889    0.7751953125E+000    0.3720703125E-001
 0.8989899    0.8156250000E+000    0.4863281250E-001
 0.9090909    0.7691406250E+000    0.4003906250E-002
 0.9191919    0.7986328125E+000    0.3525390625E-001
 0.9292929    0.7997070313E+000    0.2421875000E-001
 0.9393939    0.8138671875E+000    0.5107421875E-001
 0.9494949    0.7867187500E+000    0.1162109375E-001
 0.9595960    0.7917968750E+000    0.3544921875E-001
 0.9696970    0.8154296875E+000    0.6123046875E-001
 0.9797980    0.8143554688E+000    0.4677734375E-001
 0.9898990    0.7809570313E+000    0.7031250000E-002
 1.0000000    0.7710937500E+000    0.9570312500E-002


# Weightfunction after cycle      13806
 0.0000000    0.1238427734E+001    0.4808837891E+000
 0.0101010    0.1224511719E+001    0.4738281250E+000
 0.0202020    0.1267578125E+001    0.4856933594E+000
 0.0303030    0.1285278320E+001    0.5203857422E+000
 0.0404040    0.1301025391E+001    0.5116455078E+000
 0.0505051    0.1307885742E+001    0.5108154297E+000
 0.0606061    0.1331591797E+001    0.5015380859E+000
 0.0707071    0.1385058594E+001    0.5115966797E+000
 0.0808081    0.1461718750E+001    0.5416748047E+000
 0.0909091    0.1494262695E+001    0.5367919922E+000
 0.1010101    0.1565673828E+001    0.5506347656E+000
 0.1111111    0.1630615234E+001    0.5651123047E+000
 0.1212121    0.1678588867E+001    0.5883300781E+000
 0.1313131    0.1713745117E+001    0.5941650391E+000
 0.1414141    0.1766503906E+001    0.6006347656E+000
 0.1515152    0.1778784180E+001    0.5679931641E+000
 0.1616162    0.1849047852E+001    0.5947265625E+000
 0.1717172    0.1873754883E+001    0.5859130859E+000
 0.1818182    0.1887377930E+001    0.5880615234E+000
 0.1919192    0.1863745117E+001    0.5694335938E+000
 0.2020202    0.1858740234E+001    0.5855224609E+000
 0.2121212    0.1872875977E+001    0.5690185547E+000
 0.2222222    0.1863793945E+001    0.5509521484E+000
 0.2323232    0.1841333008E+001    0.5302246094E+000
 0.2424242    0.1824682617E+001    0.5076660156E+000
 0.2525253    0.1780322266E+001    0.5053466797E+000
 0.2626263    0.1775708008E+001    0.5062988281E+000
 0.2727273    0.1719726562E+001    0.4763671875E+000
 0.2828283    0.1714086914E+001    0.4688476563E+000
 0.2929293    0.1678149414E+001    0.4543701172E+000
 0.3030303    0.1681347656E+001    0.4327148438E+000
 0.3131313    0.1640820312E+001    0.4345214844E+000
 0.3232323    0.1571020508E+001    0.4019775391E+000
 0.3333333    0.1569995117E+001    0.3903320313E+000
 0.3434343    0.1518066406E+001    0.3608154297E+000
 0.3535354    0.1443188477E+001    0.3039794922E+000
 0.3636364    0.1401708984E+001    0.3367675781E+000
 0.3737374    0.1377343750E+001    0.2914062500E+000
 0.3838384    0.1312353516E+001    0.2810546875E+000
 0.3939394    0.1255883789E+001    0.2441406250E+000
 0.4040404    0.1237402344E+001    0.2564453125E+000
 0.4141414    0.1210815430E+001    0.1958984375E+000
 0.4242424    0.1133935547E+001    0.1802246094E+000
 0.4343434    0.1100683594E+001    0.1835937500E+000
 0.4444444    0.1050634766E+001    0.1518310547E+000
 0.4545455    0.9888916016E+000    0.1371337891E+000
 0.4646465    0.9402099609E+000    0.1171630859E+000
 0.4747475    0.8798828125E+000    0.8220214844E-001
 0.4848485    0.8689208984E+000    0.6301269531E-001
 0.4949495    0.7810302734E+000    0.1850585937E-001
 0.5050505    0.7743408203E+000    0.2075195312E-001
 0.5151515    0.7588623047E+000    0.3420410156E-001
 0.5252525    0.7584716797E+000    0.4060058594E-001
 0.5353535    0.7598876953E+000    0.2580566406E-001
 0.5454545    0.7488525391E+000    0.3759765625E-001
 0.5555556    0.7596191406E+000    0.3930664063E-001
 0.5656566    0.7612548828E+000    0.2456054687E-001
 0.5757576    0.7914062500E+000    0.3552246094E-001
 0.5858586    0.7459960938E+000    0.3623046875E-001
 0.5959596    0.7681396484E+000    0.5122070313E-001
 0.6060606    0.7416748047E+000    0.2097167969E-001
 0.6161616    0.7466064453E+000    0.1857910156E-001
 0.6262626    0.7744873047E+000    0.2243652344E-001
 0.6363636    0.7504150391E+000    0.2395019531E-001
 0.6464646    0.7649658203E+000    0.2404785156E-001
 0.6565657    0.7379394531E+000    0.3022460938E-001
 0.6666667    0.7749755859E+000    0.2495117188E-001
 0.6767677    0.7791259766E+000    0.3603515625E-001
 0.6868687    0.7798828125E+000    0.3823242188E-001
 0.6969697    0.7634765625E+000    0.3093261719E-001
 0.7070707    0.7662597656E+000    0.2998046875E-001
 0.7171717    0.7675537109E+000    0.3310546875E-001
 0.7272727    0.7857421875E+000    0.4006347656E-001
 0.7373737    0.7808593750E+000    0.3127441406E-001
 0.7474747    0.7418457031E+000    0.0000000000E+000
 0.7575758    0.7769042969E+000    0.3364257813E-001
 0.7676768    0.7904541016E+000    0.6086425781E-001
 0.7777778    0.7758789063E+000    0.4011230469E-001
 0.7878788    0.7784912109E+000    0.4567871094E-001
 0.7979798    0.7717285156E+000    0.3166503906E-001
 0.8080808    0.7578613281E+000    0.1730957031E-001
 0.8181818    0.7597900391E+000    0.2343750000E-001
 0.8282828    0.7741455078E+000    0.3635253906E-001
 0.8383838    0.7673095703E+000    0.2343750000E-001
 0.8484848    0.7758544922E+000    0.3708496094E-001
 0.8585859    0.7806884766E+000    0.3476562500E-001
 0.8686869    0.7882568359E+000    0.3979492188E-001
 0.8787879    0.7683593750E+000    0.3833007813E-001
 0.8888889    0.7498779297E+000    0.2888183594E-001
 0.8989899    0.7813964844E+000    0.3493652344E-001
 0.9090909    0.7545410156E+000    0.1403808594E-001
 0.9191919    0.7698242188E+000    0.2797851563E-001
 0.9292929    0.7677490234E+000    0.1411132813E-001
 0.9393939    0.7825683594E+000    0.4316406250E-001
 0.9494949    0.7566162109E+000    0.6884765625E-002
 0.9595960    0.7666748047E+000    0.3049316406E-001
 0.9696970    0.7773925781E+000    0.4626464844E-001
 0.9797980    0.7865234375E+000    0.3803710938E-001
 0.9898990    0.7583251953E+000    0.1176757813E-001
 1.0000000    0.7566406250E+000    0.9814453125E-002


# Weightfunction after cycle      15669
 0.0000000    0.1238287354E+001    0.4816711426E+000
 0.0101010    0.1225012207E+001    0.4741088867E+000
 0.0202020    0.1267303467E+001    0.4861022949E+000
 0.0303030    0.1284240723E+001    0.5199218750E+000
 0.0404040    0.1302130127E+001    0.5121032715E+000
 0.0505051    0.1308728027E+001    0.5109436035E+000
 0.0606061    0.1331188965E+001    0.5007629395E+000
 0.0707071    0.1385980225E+001    0.5121948242E+000
 0.0808081    0.1459771729E+001    0.5401062012E+000
 0.0909091    0.1492987061E+001    0.5354797363E+000
 0.1010101    0.1565637207E+001    0.5507141113E+000
 0.1111111    0.1631268311E+001    0.5660461426E+000
 0.1212121    0.1677947998E+001    0.5876403809E+000
 0.1313131    0.1713446045E+001    0.5942810059E+000
 0.1414141    0.1765692139E+001    0.5994018555E+000
 0.1515152    0.1779473877E+001    0.5684692383E+000
 0.1616162    0.1847210693E+001    0.5937072754E+000
 0.1717172    0.1872827148E+001    0.5842529297E+000
 0.1818182    0.1885949707E+001    0.5877136230E+000
 0.1919192    0.1863641357E+001    0.5697143555E+000
 0.2020202    0.1858691406E+001    0.5849853516E+000
 0.2121212    0.1870861816E+001    0.5675170898E+000
 0.2222222    0.1861883545E+001    0.5504089355E+000
 0.2323232    0.1840740967E+001    0.5292114258E+000
 0.2424242    0.1823187256E+001    0.5070800781E+000
 0.2525253    0.1778863525E+001    0.5032043457E+000
 0.2626263    0.1775054932E+001    0.5059875488E+000
 0.2727273    0.1718945313E+001    0.4770629883E+000
 0.2828283    0.1712292480E+001    0.4677612305E+000
 0.2929293    0.1678735352E+001    0.4537658691E+000
 0.3030303    0.1679467773E+001    0.4326721191E+000
 0.3131313    0.1640386963E+001    0.4336425781E+000
 0.3232323    0.1570184326E+001    0.4017395020E+000
 0.3333333    0.1568200684E+001    0.3892944336E+000
 0.3434343    0.1516412354E+001    0.3595825195E+000
 0.3535354    0.1442962646E+001    0.3048034668E+000
 0.3636364    0.1399884033E+001    0.3345092773E+000
 0.3737374    0.1375384521E+001    0.2916748047E+000
 0.3838384    0.1311041260E+001    0.2794311523E+000
 0.3939394    0.1254803467E+001    0.2436828613E+000
 0.4040404    0.1235913086E+001    0.2548278809E+000
 0.4141414    0.1208123779E+001    0.1963928223E+000
 0.4242424    0.1132043457E+001    0.1781860352E+000
 0.4343434    0.1098236084E+001    0.1823364258E+000
 0.4444444    0.1049096680E+001    0.1509826660E+000
 0.4545455    0.9883239746E+000    0.1357666016E+000
 0.4646465    0.9388061523E+000    0.1176635742E+000
 0.4747475    0.8799377441E+000    0.8165283203E-001
 0.4848485    0.8669311523E+000    0.6325073242E-001
 0.4949495    0.7807067871E+000    0.1798706055E-001
 0.5050505    0.7748352051E+000    0.2106933594E-001
 0.5151515    0.7561645508E+000    0.3458251953E-001
 0.5252525    0.7570800781E+000    0.3995971680E-001
 0.5353535    0.7580261230E+000    0.2487792969E-001
 0.5454545    0.7479309082E+000    0.3605957031E-001
 0.5555556    0.7582153320E+000    0.3782958984E-001
 0.5656566    0.7600708008E+000    0.2412719727E-001
 0.5757576    0.7882568359E+000    0.3543090820E-001
 0.5858586    0.7464843750E+000    0.3558959961E-001
 0.5959596    0.7670959473E+000    0.5068359375E-001
 0.6060606    0.7401489258E+000    0.2034912109E-001
 0.6161616    0.7453125000E+000    0.1854858398E-001
 0.6262626    0.7734191895E+000    0.2286987305E-001
 0.6363636    0.7495422363E+000    0.2351074219E-001
 0.6464646    0.7647705078E+000    0.2329711914E-001
 0.6565657    0.7360290527E+000    0.2968139648E-001
 0.6666667    0.7736633301E+000    0.2514648437E-001
 0.6767677    0.7763000488E+000    0.3610229492E-001
 0.6868687    0.7784729004E+000    0.3812255859E-001
 0.6969697    0.7619567871E+000    0.2885131836E-001
 0.7070707    0.7635375977E+000    0.2824096680E-001
 0.7171717    0.7661376953E+000    0.3194580078E-001
 0.7272727    0.7834777832E+000    0.3873291016E-001
 0.7373737    0.7787597656E+000    0.3040161133E-001
 0.7474747    0.7413391113E+000    0.0000000000E+000
 0.7575758    0.7743041992E+000    0.3179321289E-001
 0.7676768    0.7876586914E+000    0.5878295898E-001
 0.7777778    0.7740051270E+000    0.3865966797E-001
 0.7878788    0.7762084961E+000    0.4353637695E-001
 0.7979798    0.7701721191E+000    0.3076171875E-001
 0.8080808    0.7565246582E+000    0.1676635742E-001
 0.8181818    0.7578002930E+000    0.2230224609E-001
 0.8282828    0.7730651855E+000    0.3542480469E-001
 0.8383838    0.7672607422E+000    0.2365112305E-001
 0.8484848    0.7738830566E+000    0.3541259766E-001
 0.8585859    0.7799255371E+000    0.3421630859E-001
 0.8686869    0.7862792969E+000    0.3873901367E-001
 0.8787879    0.7646179199E+000    0.3558959961E-001
 0.8888889    0.7486145020E+000    0.2699584961E-001
 0.8989899    0.7791687012E+000    0.3360595703E-001
 0.9090909    0.7536437988E+000    0.1364135742E-001
 0.9191919    0.7685852051E+000    0.2722167969E-001
 0.9292929    0.7662048340E+000    0.1313476563E-001
 0.9393939    0.7810607910E+000    0.4166870117E-001
 0.9494949    0.7548828125E+000    0.5615234375E-002
 0.9595960    0.7650024414E+000    0.2922973633E-001
 0.9696970    0.7741516113E+000    0.4327392578E-001
 0.9797980    0.7852172852E+000    0.3748779297E-001
 0.9898990    0.7571838379E+000    0.1082153320E-001
 1.0000000    0.7534118652E+000    0.6921386719E-002


