# Cycle, ((Average density(Ib,Tm), Tm=1,N_MolType), Ib=1,N_Box)
    100100   0.5799351016E+003   0.2486338414E+003   0.1471058685E+003   0.2452804588E+003
    100200   0.5828725972E+003   0.2551473913E+003   0.1469060220E+003   0.2443154980E+003
    100300   0.5815505819E+003   0.2574246000E+003   0.1480523575E+003   0.2449007195E+003
    100400   0.5794133026E+003   0.2589028542E+003   0.1484044473E+003   0.2436792979E+003
    100500   0.5780447481E+003   0.2589044494E+003   0.1490751648E+003   0.2443570428E+003
    100600   0.5769859474E+003   0.2583114296E+003   0.1491667321E+003   0.2453370033E+003
    100700   0.5763742803E+003   0.2582869489E+003   0.1481896910E+003   0.2443287815E+003
    100800   0.5752193246E+003   0.2577667185E+003   0.1470113162E+003   0.2433551047E+003
    100900   0.5741259061E+003   0.2570920734E+003   0.1466431676E+003   0.2437481482E+003
    101000   0.5744468593E+003   0.2573468843E+003   0.1463357918E+003   0.2439571440E+003
    101100   0.5735166997E+003   0.2577957878E+003   0.1459780281E+003   0.2432170369E+003
    101200   0.5722087010E+003   0.2585978725E+003   0.1456660766E+003   0.2420060762E+003
    101300   0.5709354221E+003   0.2591833856E+003   0.1452061198E+003   0.2407311067E+003
    101400   0.5699267608E+003   0.2590943755E+003   0.1441952871E+003   0.2398376694E+003
    101500   0.5690876057E+003   0.2590974501E+003   0.1437570913E+003   0.2396945415E+003
    101600   0.5683394218E+003   0.2591326024E+003   0.1434972970E+003   0.2397352110E+003
    101700   0.5683996683E+003   0.2594262557E+003   0.1434261141E+003   0.2403207687E+003
    101800   0.5687171359E+003   0.2597391044E+003   0.1436063403E+003   0.2412928495E+003
    101900   0.5687379803E+003   0.2601963389E+003   0.1437033354E+003   0.2417419453E+003
    102000   0.5680972532E+003   0.2602643044E+003   0.1438677688E+003   0.2422647462E+003
    102100   0.5675764747E+003   0.2604782149E+003   0.1436953104E+003   0.2420956281E+003
    102200   0.5674141991E+003   0.2609222707E+003   0.1435094939E+003   0.2420265522E+003
    102300   0.5668163391E+003   0.2610757706E+003   0.1431529117E+003   0.2415638249E+003
    102400   0.5663747136E+003   0.2612204733E+003   0.1429710924E+003   0.2414813871E+003
    102500   0.5657901797E+003   0.2608668229E+003   0.1425458945E+003   0.2413395603E+003
    102600   0.5649462743E+003   0.2603241469E+003   0.1424134254E+003   0.2417251547E+003
    102700   0.5637900858E+003   0.2598492725E+003   0.1421985951E+003   0.2419645916E+003
    102800   0.5628312895E+003   0.2595927521E+003   0.1422475290E+003   0.2425269080E+003
    102900   0.5620601285E+003   0.2592345703E+003   0.1423690781E+003   0.2434134366E+003
    103000   0.5612383955E+003   0.2588666480E+003   0.1422412004E+003   0.2437258850E+003
    103100   0.5603017437E+003   0.2585305792E+003   0.1421356103E+003   0.2438840404E+003
    103200   0.5589777318E+003   0.2580333477E+003   0.1418975111E+003   0.2437595299E+003
    103300   0.5581824521E+003   0.2580118040E+003   0.1418593261E+003   0.2437257403E+003
    103400   0.5573492560E+003   0.2581656970E+003   0.1419861706E+003   0.2437576382E+003
    103500   0.5564735249E+003   0.2584052816E+003   0.1419642663E+003   0.2434681535E+003
    103600   0.5555208953E+003   0.2585223939E+003   0.1418965417E+003   0.2432678250E+003
    103700   0.5548169880E+003   0.2585660105E+003   0.1418725814E+003   0.2433858806E+003
    103800   0.5539930607E+003   0.2585598438E+003   0.1417317157E+003   0.2433707204E+003
    103900   0.5534946912E+003   0.2585709810E+003   0.1416100846E+003   0.2433985937E+003
    104000   0.5530345089E+003   0.2583706226E+003   0.1412265688E+003   0.2432402406E+003
    104100   0.5527921046E+003   0.2581813252E+003   0.1408981998E+003   0.2430884894E+003
    104200   0.5525421614E+003   0.2579703467E+003   0.1406293399E+003   0.2429823066E+003
    104300   0.5522226818E+003   0.2576780952E+003   0.1403481004E+003   0.2429613552E+003
    104400   0.5520266984E+003   0.2574925250E+003   0.1400378520E+003   0.2427832660E+003
    104500   0.5518285946E+003   0.2573807645E+003   0.1397412541E+003   0.2425169273E+003
    104600   0.5516960489E+003   0.2574492619E+003   0.1395614530E+003   0.2422418217E+003
    104700   0.5516355440E+003   0.2576098413E+003   0.1394857671E+003   0.2420240782E+003
    104800   0.5516491747E+003   0.2578574645E+003   0.1394491718E+003   0.2418008889E+003
    104900   0.5514592841E+003   0.2580453098E+003   0.1393375616E+003   0.2414285334E+003
    105000   0.5512398079E+003   0.2582103853E+003   0.1394277250E+003   0.2413914807E+003
    105100   0.5511147221E+003   0.2583260744E+003   0.1394468193E+003   0.2414170264E+003
    105200   0.5507394324E+003   0.2583393366E+003   0.1394210053E+003   0.2412755848E+003
    105300   0.5502621796E+003   0.2583410530E+003   0.1392016568E+003   0.2407548454E+003
    105400   0.5497001516E+003   0.2583725146E+003   0.1392528862E+003   0.2406519172E+003
    105500   0.5495385888E+003   0.2584878886E+003   0.1393157773E+003   0.2407082624E+003
    105600   0.5497712553E+003   0.2587313826E+003   0.1393090865E+003   0.2407664642E+003
    105700   0.5499383858E+003   0.2588875825E+003   0.1393324919E+003   0.2409564129E+003
    105800   0.5499659132E+003   0.2589190242E+003   0.1392107911E+003   0.2409487967E+003
    105900   0.5501402895E+003   0.2589072770E+003   0.1389199696E+003   0.2407674031E+003
    106000   0.5503258063E+003   0.2590534839E+003   0.1386744991E+003   0.2405440082E+003
    106100   0.5501896342E+003   0.2590766191E+003   0.1383933071E+003   0.2401878260E+003
    106200   0.5499457381E+003   0.2591033086E+003   0.1382638928E+003   0.2399704800E+003
    106300   0.5497222670E+003   0.2591425738E+003   0.1381570020E+003   0.2397609437E+003
    106400   0.5493982392E+003   0.2591806654E+003   0.1382446188E+003   0.2398655331E+003
    106500   0.5492708775E+003   0.2591883630E+003   0.1382999520E+003   0.2400142163E+003
    106600   0.5490412439E+003   0.2591460707E+003   0.1383558119E+003   0.2401935438E+003
    106700   0.5488790641E+003   0.2591188579E+003   0.1382482199E+003   0.2401379030E+003
    106800   0.5488445377E+003   0.2592544388E+003   0.1382284786E+003   0.2401657008E+003
    106900   0.5488402068E+003   0.2594235821E+003   0.1381668887E+003   0.2400654213E+003
    107000   0.5488071714E+003   0.2594493007E+003   0.1380992482E+003   0.2400508204E+003
    107100   0.5487927904E+003   0.2595010323E+003   0.1380560685E+003   0.2400105356E+003
    107200   0.5488016636E+003   0.2595144998E+003   0.1380119718E+003   0.2399945674E+003
    107300   0.5489795853E+003   0.2595076858E+003   0.1379564548E+003   0.2400331533E+003
    107400   0.5490373060E+003   0.2593558248E+003   0.1378357468E+003   0.2399923292E+003
    107500   0.5491641058E+003   0.2592834425E+003   0.1378155301E+003   0.2401444182E+003
    107600   0.5494041109E+003   0.2593156647E+003   0.1377815423E+003   0.2402378633E+003
    107700   0.5495100937E+003   0.2593367264E+003   0.1377329713E+003   0.2402836460E+003
    107800   0.5497127916E+003   0.2593703240E+003   0.1375988688E+003   0.2401905873E+003
    107900   0.5498583331E+003   0.2594669988E+003   0.1375971442E+003   0.2402380280E+003
    108000   0.5499119284E+003   0.2595803517E+003   0.1375861410E+003   0.2402154626E+003
    108100   0.5498767381E+003   0.2597576028E+003   0.1375937499E+003   0.2401741552E+003
    108200   0.5500209047E+003   0.2599364292E+003   0.1376366313E+003   0.2402352108E+003
    108300   0.5503276204E+003   0.2601606030E+003   0.1376538986E+003   0.2402680404E+003
    108400   0.5506668021E+003   0.2603288561E+003   0.1377440637E+003   0.2404532301E+003
    108500   0.5509396826E+003   0.2604749023E+003   0.1376847572E+003   0.2404028540E+003
    108600   0.5510443023E+003   0.2605956053E+003   0.1377702249E+003   0.2405042151E+003
    108700   0.5511237304E+003   0.2607661350E+003   0.1378616373E+003   0.2405517573E+003
    108800   0.5512387499E+003   0.2609704207E+003   0.1378594846E+003   0.2404937494E+003
    108900   0.5514168784E+003   0.2612106262E+003   0.1377299164E+003   0.2402755023E+003
    109000   0.5514608111E+003   0.2613765736E+003   0.1376308871E+003   0.2401063903E+003
    109100   0.5515655974E+003   0.2614976098E+003   0.1375834413E+003   0.2400878912E+003
    109200   0.5515783293E+003   0.2615871658E+003   0.1376367871E+003   0.2401837330E+003
    109300   0.5515163261E+003   0.2617010614E+003   0.1376746226E+003   0.2401492376E+003
    109400   0.5514359865E+003   0.2618297909E+003   0.1377636898E+003   0.2401438447E+003
    109500   0.5513896501E+003   0.2619094635E+003   0.1377906362E+003   0.2401100999E+003
    109600   0.5513413773E+003   0.2619596307E+003   0.1377460546E+003   0.2399900060E+003
    109700   0.5512487514E+003   0.2619262333E+003   0.1376652021E+003   0.2398610173E+003
    109800   0.5512691980E+003   0.2619395816E+003   0.1375650426E+003   0.2397186690E+003
    109900   0.5514419894E+003   0.2619564855E+003   0.1374329121E+003   0.2395920106E+003
    110000   0.5515167938E+003   0.2619447880E+003   0.1373446583E+003   0.2395626583E+003
    110100   0.5516392402E+003   0.2619826022E+003   0.1372492536E+003   0.2395515875E+003
    110200   0.5518319857E+003   0.2621384928E+003   0.1372566219E+003   0.2396240893E+003
    110300   0.5519261989E+003   0.2622452673E+003   0.1372542455E+003   0.2396960504E+003
    110400   0.5519742196E+003   0.2623324964E+003   0.1372354420E+003   0.2397573492E+003
    110500   0.5519090496E+003   0.2623217079E+003   0.1371607928E+003   0.2397362123E+003
    110600   0.5517519154E+003   0.2622284513E+003   0.1369741693E+003   0.2396085463E+003
    110700   0.5516412180E+003   0.2622075224E+003   0.1368404465E+003   0.2394926954E+003
    110800   0.5516217169E+003   0.2622028021E+003   0.1367432655E+003   0.2395191543E+003
    110900   0.5516708950E+003   0.2621370821E+003   0.1365825711E+003   0.2395485693E+003
    111000   0.5516974486E+003   0.2620883932E+003   0.1363658339E+003   0.2394391092E+003
    111100   0.5515713535E+003   0.2619885717E+003   0.1361124181E+003   0.2392950562E+003
    111200   0.5513183583E+003   0.2618604080E+003   0.1358328366E+003   0.2391250249E+003
    111300   0.5512426115E+003   0.2618248369E+003   0.1357185394E+003   0.2391410763E+003
    111400   0.5511347837E+003   0.2617830952E+003   0.1355706903E+003   0.2391620583E+003
    111500   0.5510217995E+003   0.2617358096E+003   0.1354720459E+003   0.2392872009E+003
    111600   0.5508872479E+003   0.2617331353E+003   0.1353461124E+003   0.2393145113E+003
    111700   0.5507327018E+003   0.2617453002E+003   0.1352458109E+003   0.2393315241E+003
    111800   0.5505493944E+003   0.2617575038E+003   0.1350900590E+003   0.2392525731E+003
    111900   0.5503537058E+003   0.2617496940E+003   0.1349101788E+003   0.2391346205E+003
    112000   0.5501348392E+003   0.2617150803E+003   0.1347062303E+003   0.2390067546E+003
    112100   0.5499215614E+003   0.2617061052E+003   0.1345278520E+003   0.2388964239E+003
    112200   0.5497652270E+003   0.2617025543E+003   0.1343763332E+003   0.2388017565E+003
    112300   0.5495856986E+003   0.2616754786E+003   0.1342176449E+003   0.2387335201E+003
    112400   0.5494667771E+003   0.2616273497E+003   0.1340189340E+003   0.2386969514E+003
    112500   0.5495289409E+003   0.2616355840E+003   0.1338278639E+003   0.2386597756E+003
    112600   0.5494982935E+003   0.2616329833E+003   0.1336556546E+003   0.2386329641E+003
    112700   0.5494212643E+003   0.2615934700E+003   0.1334838667E+003   0.2385817296E+003
    112800   0.5493616086E+003   0.2615988554E+003   0.1333618869E+003   0.2385564388E+003
    112900   0.5492409797E+003   0.2616526005E+003   0.1333190612E+003   0.2385991442E+003
    113000   0.5491493860E+003   0.2617720490E+003   0.1332002927E+003   0.2384475941E+003
    113100   0.5491008237E+003   0.2618779960E+003   0.1331722207E+003   0.2384406085E+003
    113200   0.5490856103E+003   0.2619598996E+003   0.1332210292E+003   0.2385985990E+003
    113300   0.5490017753E+003   0.2619886111E+003   0.1332544941E+003   0.2387522456E+003
    113400   0.5490550168E+003   0.2620696102E+003   0.1332837106E+003   0.2390076918E+003
    113500   0.5490962198E+003   0.2621599046E+003   0.1333065330E+003   0.2391714125E+003
    113600   0.5491623208E+003   0.2622259400E+003   0.1332411283E+003   0.2392129142E+003
    113700   0.5492357517E+003   0.2622734531E+003   0.1331475675E+003   0.2392482450E+003
    113800   0.5491781835E+003   0.2622571847E+003   0.1330154805E+003   0.2391568876E+003
    113900   0.5490158359E+003   0.2621741909E+003   0.1329028188E+003   0.2391023104E+003
    114000   0.5489710101E+003   0.2621389248E+003   0.1327700015E+003   0.2390327965E+003
    114100   0.5490303188E+003   0.2621784342E+003   0.1326834859E+003   0.2390516865E+003
    114200   0.5490462167E+003   0.2622213325E+003   0.1326218887E+003   0.2390683783E+003
    114300   0.5490071294E+003   0.2622481899E+003   0.1326047633E+003   0.2391122493E+003
    114400   0.5488313034E+003   0.2621915696E+003   0.1325402748E+003   0.2390986461E+003
    114500   0.5487285132E+003   0.2621287888E+003   0.1325116795E+003   0.2391769165E+003
    114600   0.5485630830E+003   0.2620795141E+003   0.1325189777E+003   0.2392480094E+003
    114700   0.5482992651E+003   0.2620335900E+003   0.1325411190E+003   0.2392761303E+003
    114800   0.5481875020E+003   0.2620642652E+003   0.1324658837E+003   0.2391445275E+003
    114900   0.5480601409E+003   0.2621299043E+003   0.1323885615E+003   0.2389842306E+003
    115000   0.5478260045E+003   0.2621930466E+003   0.1323142438E+003   0.2388091893E+003
    115100   0.5476406881E+003   0.2622127496E+003   0.1322310512E+003   0.2386740774E+003
    115200   0.5474338768E+003   0.2622443676E+003   0.1321879826E+003   0.2386010396E+003
    115300   0.5472704687E+003   0.2622625178E+003   0.1321665349E+003   0.2385864093E+003
    115400   0.5470424348E+003   0.2622984819E+003   0.1321813172E+003   0.2386174755E+003
    115500   0.5467804976E+003   0.2623661819E+003   0.1321608879E+003   0.2385463212E+003
    115600   0.5466018096E+003   0.2624006177E+003   0.1321130748E+003   0.2384997799E+003
    115700   0.5464501085E+003   0.2624585135E+003   0.1320629533E+003   0.2384692431E+003
    115800   0.5463354060E+003   0.2625227328E+003   0.1319941641E+003   0.2384005339E+003
    115900   0.5461522823E+003   0.2625465626E+003   0.1319654454E+003   0.2384307634E+003
    116000   0.5459881684E+003   0.2625758325E+003   0.1319871790E+003   0.2385395682E+003
    116100   0.5458542996E+003   0.2626537925E+003   0.1319948769E+003   0.2385954690E+003
    116200   0.5456888404E+003   0.2627131843E+003   0.1320282355E+003   0.2386563224E+003
    116300   0.5454897765E+003   0.2628006047E+003   0.1320614903E+003   0.2386937532E+003
    116400   0.5452737556E+003   0.2628683922E+003   0.1320993670E+003   0.2387320318E+003
    116500   0.5449772882E+003   0.2629210232E+003   0.1320656074E+003   0.2386366545E+003
    116600   0.5446193208E+003   0.2629453819E+003   0.1320636549E+003   0.2385815612E+003
    116700   0.5443196559E+003   0.2629589279E+003   0.1321119867E+003   0.2386289825E+003
    116800   0.5440326222E+003   0.2629911568E+003   0.1321161514E+003   0.2385730115E+003
    116900   0.5436821242E+003   0.2630303682E+003   0.1321809453E+003   0.2385655136E+003
    117000   0.5432863864E+003   0.2630739907E+003   0.1322705819E+003   0.2385501508E+003
    117100   0.5429399492E+003   0.2631105180E+003   0.1323313395E+003   0.2385117029E+003
    117200   0.5425895081E+003   0.2631126414E+003   0.1323809371E+003   0.2385105820E+003
    117300   0.5420474043E+003   0.2631253492E+003   0.1324588101E+003   0.2384713124E+003
    117400   0.5416455641E+003   0.2631299281E+003   0.1325329260E+003   0.2384491702E+003
    117500   0.5412482426E+003   0.2631247504E+003   0.1325806375E+003   0.2383982671E+003
    117600   0.5408568474E+003   0.2630635126E+003   0.1326150103E+003   0.2383876950E+003
    117700   0.5403957656E+003   0.2630005415E+003   0.1326137747E+003   0.2383099711E+003
    117800   0.5400281467E+003   0.2629679565E+003   0.1326189636E+003   0.2382502461E+003
    117900   0.5395798531E+003   0.2629226354E+003   0.1326063245E+003   0.2381496819E+003
    118000   0.5391987197E+003   0.2628691153E+003   0.1325615634E+003   0.2380423758E+003
    118100   0.5388702927E+003   0.2628362266E+003   0.1325197059E+003   0.2379588234E+003
    118200   0.5385493057E+003   0.2628446393E+003   0.1324930493E+003   0.2378803813E+003
    118300   0.5382059448E+003   0.2628838956E+003   0.1325274479E+003   0.2378377340E+003
    118400   0.5378296811E+003   0.2628420023E+003   0.1325506903E+003   0.2378201250E+003
    118500   0.5375210397E+003   0.2628170820E+003   0.1325424625E+003   0.2377821278E+003
    118600   0.5372334771E+003   0.2627982211E+003   0.1325187259E+003   0.2377642694E+003
    118700   0.5369390370E+003   0.2628092690E+003   0.1325022574E+003   0.2376979247E+003
    118800   0.5366416281E+003   0.2628026118E+003   0.1325351305E+003   0.2377058899E+003
    118900   0.5363133648E+003   0.2627761005E+003   0.1325662206E+003   0.2377196364E+003
    119000   0.5360236583E+003   0.2627705766E+003   0.1326145853E+003   0.2378088321E+003
    119100   0.5357705955E+003   0.2627708179E+003   0.1326729047E+003   0.2379547885E+003
    119200   0.5354851478E+003   0.2627957460E+003   0.1326673926E+003   0.2379305766E+003
    119300   0.5352481371E+003   0.2628375345E+003   0.1326639081E+003   0.2378579214E+003
    119400   0.5349606104E+003   0.2628705468E+003   0.1326931617E+003   0.2378371360E+003
    119500   0.5346546026E+003   0.2629009622E+003   0.1327111140E+003   0.2377887252E+003
    119600   0.5344140021E+003   0.2629110624E+003   0.1327246987E+003   0.2377785283E+003
    119700   0.5340707467E+003   0.2629359134E+003   0.1327665997E+003   0.2377929023E+003
    119800   0.5338067735E+003   0.2629589801E+003   0.1328010849E+003   0.2377994973E+003
    119900   0.5336046183E+003   0.2629878182E+003   0.1328519980E+003   0.2378403602E+003
    120000   0.5334221586E+003   0.2630346164E+003   0.1329032409E+003   0.2378950345E+003
    120100   0.5332512344E+003   0.2630786088E+003   0.1329442838E+003   0.2379317934E+003
    120200   0.5331014093E+003   0.2631455379E+003   0.1329642471E+003   0.2379190404E+003
    120300   0.5328407959E+003   0.2632101306E+003   0.1329906380E+003   0.2378256122E+003
    120400   0.5325350166E+003   0.2632707674E+003   0.1330566391E+003   0.2377326415E+003
    120500   0.5321356793E+003   0.2632733052E+003   0.1331506140E+003   0.2376511951E+003
    120600   0.5318181466E+003   0.2632886320E+003   0.1332325166E+003   0.2375821501E+003
    120700   0.5314949993E+003   0.2632966102E+003   0.1333074867E+003   0.2375147202E+003
    120800   0.5311844649E+003   0.2632774760E+003   0.1333272271E+003   0.2374155851E+003
    120900   0.5308189599E+003   0.2632603241E+003   0.1333841515E+003   0.2373373481E+003
    121000   0.5305744719E+003   0.2632768505E+003   0.1334471619E+003   0.2372860057E+003
    121100   0.5302582599E+003   0.2632540106E+003   0.1335441094E+003   0.2372759172E+003
    121200   0.5298768394E+003   0.2631753423E+003   0.1336199109E+003   0.2372481766E+003
    121300   0.5294858372E+003   0.2631034042E+003   0.1337372039E+003   0.2372694669E+003
    121400   0.5291560958E+003   0.2630659670E+003   0.1338899915E+003   0.2373432576E+003
    121500   0.5288603441E+003   0.2630406181E+003   0.1340364680E+003   0.2374452789E+003
    121600   0.5285626602E+003   0.2630342614E+003   0.1341713992E+003   0.2375419317E+003
    121700   0.5282449913E+003   0.2630237360E+003   0.1342600716E+003   0.2375582886E+003
    121800   0.5279160153E+003   0.2630096269E+003   0.1343300584E+003   0.2375354187E+003
    121900   0.5276534273E+003   0.2629927923E+003   0.1343681676E+003   0.2374810951E+003
    122000   0.5273404147E+003   0.2629711792E+003   0.1344176261E+003   0.2374188713E+003
    122100   0.5269795298E+003   0.2629621996E+003   0.1344912801E+003   0.2373477627E+003
    122200   0.5265791306E+003   0.2629777951E+003   0.1345591425E+003   0.2372192734E+003
    122300   0.5262922939E+003   0.2630282244E+003   0.1346745064E+003   0.2371686256E+003
    122400   0.5259333018E+003   0.2630811687E+003   0.1348735519E+003   0.2371900484E+003
    122500   0.5255819616E+003   0.2631048237E+003   0.1350701850E+003   0.2372324783E+003
    122600   0.5252090022E+003   0.2631098026E+003   0.1352619764E+003   0.2372813700E+003
    122700   0.5248167361E+003   0.2631278808E+003   0.1354306023E+003   0.2372727059E+003
    122800   0.5244465652E+003   0.2631579917E+003   0.1356252291E+003   0.2373091046E+003
    122900   0.5241425185E+003   0.2631864693E+003   0.1357901232E+003   0.2373666161E+003
    123000   0.5238531802E+003   0.2632234194E+003   0.1359191676E+003   0.2373895489E+003
    123100   0.5236113165E+003   0.2632681155E+003   0.1359912794E+003   0.2373474920E+003
    123200   0.5233746131E+003   0.2633118669E+003   0.1360109274E+003   0.2372415299E+003
    123300   0.5230730815E+003   0.2633498538E+003   0.1360618161E+003   0.2371804120E+003
    123400   0.5228288741E+003   0.2633928203E+003   0.1361512487E+003   0.2372082997E+003
    123500   0.5226347524E+003   0.2634517422E+003   0.1362465126E+003   0.2372317790E+003
    123600   0.5224179277E+003   0.2635517884E+003   0.1364074210E+003   0.2372972788E+003
    123700   0.5221844971E+003   0.2636292464E+003   0.1365584899E+003   0.2373671648E+003
    123800   0.5219482463E+003   0.2636743405E+003   0.1366955909E+003   0.2374106676E+003
    123900   0.5216512984E+003   0.2637416506E+003   0.1368515328E+003   0.2374186397E+003
    124000   0.5213695449E+003   0.2638351009E+003   0.1369950074E+003   0.2373971485E+003
    124100   0.5210812354E+003   0.2638865469E+003   0.1371366963E+003   0.2374262814E+003
    124200   0.5208401673E+003   0.2639201712E+003   0.1372139467E+003   0.2374273295E+003
    124300   0.5205967130E+003   0.2639884553E+003   0.1373282919E+003   0.2374545516E+003
    124400   0.5203466123E+003   0.2640681167E+003   0.1374986198E+003   0.2375260236E+003
    124500   0.5201342850E+003   0.2641424959E+003   0.1376191452E+003   0.2375451423E+003
    124600   0.5198788404E+003   0.2642088167E+003   0.1377093636E+003   0.2374935077E+003
    124700   0.5196183021E+003   0.2642449067E+003   0.1378273129E+003   0.2374982714E+003
    124800   0.5193444961E+003   0.2642771327E+003   0.1379115582E+003   0.2374686277E+003
    124900   0.5190834775E+003   0.2642958957E+003   0.1379845237E+003   0.2374448867E+003
    125000   0.5187548772E+003   0.2642871696E+003   0.1380250559E+003   0.2373824101E+003
    125100   0.5184554152E+003   0.2642752287E+003   0.1380852795E+003   0.2373589316E+003
    125200   0.5181533236E+003   0.2642620137E+003   0.1381850456E+003   0.2373929300E+003
    125300   0.5178873711E+003   0.2642515697E+003   0.1382689970E+003   0.2374184175E+003
    125400   0.5176299493E+003   0.2642621445E+003   0.1383444677E+003   0.2374195586E+003
    125500   0.5173580353E+003   0.2642777093E+003   0.1384165563E+003   0.2373979266E+003
    125600   0.5171416819E+003   0.2643084175E+003   0.1385061066E+003   0.2374129135E+003
    125700   0.5169179299E+003   0.2643362935E+003   0.1386145361E+003   0.2374386615E+003
    125800   0.5166471360E+003   0.2643921923E+003   0.1388008585E+003   0.2375168657E+003
    125900   0.5162862151E+003   0.2644251402E+003   0.1390521988E+003   0.2376154685E+003
    126000   0.5159921635E+003   0.2644378536E+003   0.1392756043E+003   0.2377319641E+003
    126100   0.5156443892E+003   0.2644569443E+003   0.1395628972E+003   0.2378872706E+003
    126200   0.5153316758E+003   0.2644844460E+003   0.1397838185E+003   0.2379692021E+003
    126300   0.5150622087E+003   0.2644950417E+003   0.1398897145E+003   0.2379558911E+003
    126400   0.5147908227E+003   0.2644834620E+003   0.1400006005E+003   0.2379788094E+003
    126500   0.5145358166E+003   0.2644736010E+003   0.1400912935E+003   0.2379820516E+003
    126600   0.5142993237E+003   0.2644571937E+003   0.1401643698E+003   0.2379732202E+003
    126700   0.5140764998E+003   0.2644592878E+003   0.1402631966E+003   0.2379957531E+003
    126800   0.5138499212E+003   0.2644669408E+003   0.1403616500E+003   0.2379973984E+003
    126900   0.5135643150E+003   0.2644772233E+003   0.1404822176E+003   0.2379858264E+003
    127000   0.5133201308E+003   0.2644894180E+003   0.1405845547E+003   0.2379693834E+003
    127100   0.5131202637E+003   0.2645511223E+003   0.1406945041E+003   0.2379416947E+003
    127200   0.5128664286E+003   0.2646103873E+003   0.1408342653E+003   0.2379290469E+003
    127300   0.5126385634E+003   0.2646726301E+003   0.1409932036E+003   0.2379514357E+003
    127400   0.5124151139E+003   0.2647166193E+003   0.1411500242E+003   0.2380095984E+003
    127500   0.5121181062E+003   0.2647370581E+003   0.1413388145E+003   0.2380825019E+003
    127600   0.5118394602E+003   0.2647807553E+003   0.1415368849E+003   0.2381542021E+003
    127700   0.5116040808E+003   0.2648565685E+003   0.1417382678E+003   0.2382325641E+003
    127800   0.5113224632E+003   0.2649047506E+003   0.1419061257E+003   0.2382587063E+003
    127900   0.5110358336E+003   0.2649327556E+003   0.1420373108E+003   0.2382676438E+003
    128000   0.5107394354E+003   0.2649376796E+003   0.1421718720E+003   0.2382877497E+003
    128100   0.5104093520E+003   0.2649343805E+003   0.1422964162E+003   0.2382838420E+003
    128200   0.5101069485E+003   0.2649273981E+003   0.1424001096E+003   0.2382780929E+003
    128300   0.5097761885E+003   0.2648970697E+003   0.1424671695E+003   0.2382256680E+003
    128400   0.5094265852E+003   0.2648905172E+003   0.1425432144E+003   0.2381559544E+003
    128500   0.5091308221E+003   0.2648957789E+003   0.1426108760E+003   0.2381235548E+003
    128600   0.5088523812E+003   0.2648853999E+003   0.1426362588E+003   0.2380775011E+003
    128700   0.5086519290E+003   0.2648908275E+003   0.1426608152E+003   0.2380522093E+003
    128800   0.5084851159E+003   0.2649143735E+003   0.1426933313E+003   0.2380456687E+003
    128900   0.5082740235E+003   0.2649502694E+003   0.1427391847E+003   0.2380441008E+003
    129000   0.5080910950E+003   0.2649851189E+003   0.1427888131E+003   0.2380566647E+003
    129100   0.5079698677E+003   0.2650458454E+003   0.1428042743E+003   0.2380267642E+003
    129200   0.5078560305E+003   0.2650939778E+003   0.1427833415E+003   0.2380117291E+003
    129300   0.5077489451E+003   0.2651079083E+003   0.1427620188E+003   0.2380145730E+003
    129400   0.5076415827E+003   0.2651128181E+003   0.1427235716E+003   0.2380182185E+003
    129500   0.5074880180E+003   0.2651197745E+003   0.1426531800E+003   0.2379505630E+003
    129600   0.5073196053E+003   0.2651170379E+003   0.1425872977E+003   0.2378759251E+003
    129700   0.5071181886E+003   0.2651156086E+003   0.1425391229E+003   0.2378171702E+003
    129800   0.5069528975E+003   0.2651242074E+003   0.1425367606E+003   0.2378119742E+003
    129900   0.5067925216E+003   0.2651509337E+003   0.1425113686E+003   0.2377727704E+003
    130000   0.5066120043E+003   0.2651713096E+003   0.1424857344E+003   0.2377296764E+003
    130100   0.5064209071E+003   0.2652053952E+003   0.1425073187E+003   0.2377547771E+003
    130200   0.5062514942E+003   0.2652351243E+003   0.1425138364E+003   0.2377686852E+003
    130300   0.5060736732E+003   0.2652569172E+003   0.1425210795E+003   0.2377749971E+003
    130400   0.5058832010E+003   0.2652708024E+003   0.1425420997E+003   0.2377720189E+003
    130500   0.5056699808E+003   0.2652933900E+003   0.1425497377E+003   0.2377172225E+003
    130600   0.5054751570E+003   0.2653203839E+003   0.1425475750E+003   0.2376484326E+003
    130700   0.5052451747E+003   0.2653207578E+003   0.1425281825E+003   0.2375705569E+003
    130800   0.5049834481E+003   0.2653162768E+003   0.1425436317E+003   0.2375200929E+003
    130900   0.5047781688E+003   0.2653303075E+003   0.1425614708E+003   0.2374829254E+003
    131000   0.5045360168E+003   0.2653475807E+003   0.1426006736E+003   0.2374740162E+003
    131100   0.5042861132E+003   0.2653575102E+003   0.1426108378E+003   0.2374570147E+003
    131200   0.5040601333E+003   0.2653428764E+003   0.1426269143E+003   0.2374675392E+003
    131300   0.5038753894E+003   0.2653444352E+003   0.1426507943E+003   0.2374924920E+003
    131400   0.5036412145E+003   0.2653149505E+003   0.1426688539E+003   0.2375445716E+003
    131500   0.5034274898E+003   0.2652959940E+003   0.1426693126E+003   0.2375951374E+003
    131600   0.5032889312E+003   0.2652926364E+003   0.1426507033E+003   0.2376261603E+003
    131700   0.5031687783E+003   0.2653030293E+003   0.1426409946E+003   0.2376519918E+003
    131800   0.5030251899E+003   0.2653201122E+003   0.1426071315E+003   0.2376238696E+003
    131900   0.5028331847E+003   0.2653530195E+003   0.1425419684E+003   0.2375201983E+003
    132000   0.5026511061E+003   0.2653652693E+003   0.1425003329E+003   0.2374524430E+003
    132100   0.5024124045E+003   0.2653642095E+003   0.1424120635E+003   0.2373173712E+003
    132200   0.5022052719E+003   0.2653533720E+003   0.1423567460E+003   0.2372571471E+003
    132300   0.5019607376E+003   0.2653301194E+003   0.1423047435E+003   0.2371866563E+003
    132400   0.5017659197E+003   0.2653176934E+003   0.1422939266E+003   0.2371575531E+003
    132500   0.5015417528E+003   0.2652891913E+003   0.1422558281E+003   0.2371188802E+003
    132600   0.5013010275E+003   0.2652413593E+003   0.1422044820E+003   0.2370998189E+003
    132700   0.5010406231E+003   0.2651956021E+003   0.1421416427E+003   0.2370537845E+003
    132800   0.5007962949E+003   0.2651481804E+003   0.1421029864E+003   0.2370501067E+003
    132900   0.5005773788E+003   0.2651149981E+003   0.1420702316E+003   0.2370338057E+003
    133000   0.5003664145E+003   0.2650983616E+003   0.1420584404E+003   0.2370297879E+003
    133100   0.5001405803E+003   0.2650775638E+003   0.1420224795E+003   0.2370061436E+003
    133200   0.4998587897E+003   0.2650467578E+003   0.1420120430E+003   0.2369839656E+003
    133300   0.4995905827E+003   0.2650401578E+003   0.1420307162E+003   0.2369801148E+003
    133400   0.4993574076E+003   0.2650289815E+003   0.1420725235E+003   0.2369982476E+003
    133500   0.4991740831E+003   0.2650361253E+003   0.1420778098E+003   0.2369862837E+003
    133600   0.4989453164E+003   0.2650501981E+003   0.1420703343E+003   0.2369410058E+003
    133700   0.4987049709E+003   0.2650682731E+003   0.1420644025E+003   0.2368621214E+003
    133800   0.4984977729E+003   0.2650864915E+003   0.1420821806E+003   0.2368274868E+003
    133900   0.4983001018E+003   0.2651121844E+003   0.1420958165E+003   0.2367847624E+003
    134000   0.4980741386E+003   0.2651472956E+003   0.1421201394E+003   0.2367644944E+003
    134100   0.4978690307E+003   0.2651679610E+003   0.1421538429E+003   0.2367646703E+003
    134200   0.4976416376E+003   0.2651855915E+003   0.1421756940E+003   0.2367741750E+003
    134300   0.4974398137E+003   0.2652042929E+003   0.1421835368E+003   0.2367802841E+003
    134400   0.4972627480E+003   0.2652007943E+003   0.1421807096E+003   0.2368034660E+003
    134500   0.4970739215E+003   0.2651960385E+003   0.1421529182E+003   0.2368104608E+003
    134600   0.4968542184E+003   0.2652020591E+003   0.1421000306E+003   0.2368147318E+003
    134700   0.4966518015E+003   0.2652014025E+003   0.1420853997E+003   0.2368508989E+003
    134800   0.4964679457E+003   0.2651973394E+003   0.1420771577E+003   0.2368653061E+003
    134900   0.4962654504E+003   0.2651914772E+003   0.1420400604E+003   0.2368368756E+003
    135000   0.4960314332E+003   0.2651852650E+003   0.1420169260E+003   0.2368297828E+003
    135100   0.4958306481E+003   0.2651930210E+003   0.1420425419E+003   0.2368919845E+003
    135200   0.4956341050E+003   0.2651922720E+003   0.1420271852E+003   0.2369038372E+003
    135300   0.4953976780E+003   0.2651927994E+003   0.1420145878E+003   0.2368958612E+003
    135400   0.4951650414E+003   0.2652024118E+003   0.1420062058E+003   0.2368893800E+003
    135500   0.4949931012E+003   0.2652132261E+003   0.1420008263E+003   0.2368768640E+003
    135600   0.4947587264E+003   0.2652154174E+003   0.1420014485E+003   0.2368555653E+003
    135700   0.4945227986E+003   0.2652114015E+003   0.1420280892E+003   0.2369023853E+003
    135800   0.4943181191E+003   0.2652238236E+003   0.1420798380E+003   0.2369648987E+003
    135900   0.4940505289E+003   0.2652308236E+003   0.1421417988E+003   0.2370282540E+003
    136000   0.4938351690E+003   0.2652420807E+003   0.1421691528E+003   0.2370430137E+003
    136100   0.4936383024E+003   0.2652550129E+003   0.1421816832E+003   0.2370343227E+003
    136200   0.4934105907E+003   0.2652911530E+003   0.1422193632E+003   0.2370267798E+003
    136300   0.4932371604E+003   0.2653218513E+003   0.1422353425E+003   0.2369962228E+003
    136400   0.4930456518E+003   0.2653545304E+003   0.1422689146E+003   0.2369819672E+003
    136500   0.4928372773E+003   0.2654136529E+003   0.1423500433E+003   0.2370078796E+003
    136600   0.4926453818E+003   0.2654425179E+003   0.1424205679E+003   0.2370532902E+003
    136700   0.4924078658E+003   0.2654680763E+003   0.1425110515E+003   0.2371229262E+003
    136800   0.4922228444E+003   0.2654808823E+003   0.1425673041E+003   0.2371781296E+003
    136900   0.4919745027E+003   0.2654828913E+003   0.1426152216E+003   0.2372089054E+003
    137000   0.4917335143E+003   0.2654822131E+003   0.1426717302E+003   0.2372451868E+003
    137100   0.4914458077E+003   0.2654739603E+003   0.1427318738E+003   0.2372830870E+003
    137200   0.4912196145E+003   0.2654778135E+003   0.1427423257E+003   0.2372461475E+003
    137300   0.4909866663E+003   0.2654788735E+003   0.1427609957E+003   0.2372515192E+003
    137400   0.4908063050E+003   0.2654809334E+003   0.1427557695E+003   0.2372668933E+003
    137500   0.4906332463E+003   0.2654834570E+003   0.1427416897E+003   0.2372939006E+003
    137600   0.4904396373E+003   0.2654760974E+003   0.1427220394E+003   0.2373085534E+003
    137700   0.4902292416E+003   0.2654671666E+003   0.1426950997E+003   0.2373049128E+003
    137800   0.4899588070E+003   0.2654440941E+003   0.1426857340E+003   0.2373265235E+003
    137900   0.4896625623E+003   0.2654177175E+003   0.1427026231E+003   0.2373262039E+003
    138000   0.4894085967E+003   0.2653935702E+003   0.1427360173E+003   0.2373290442E+003
    138100   0.4891430104E+003   0.2653808863E+003   0.1427988944E+003   0.2373600875E+003
    138200   0.4889089073E+003   0.2653833837E+003   0.1428501658E+003   0.2374037388E+003
    138300   0.4887150237E+003   0.2653869145E+003   0.1428993895E+003   0.2374463912E+003
    138400   0.4885000504E+003   0.2653793479E+003   0.1429560068E+003   0.2374705034E+003
    138500   0.4882492190E+003   0.2653603582E+003   0.1430236817E+003   0.2375109947E+003
    138600   0.4880347958E+003   0.2653426108E+003   0.1430743345E+003   0.2375357209E+003
    138700   0.4878096537E+003   0.2653179041E+003   0.1430941344E+003   0.2375194974E+003
    138800   0.4875679880E+003   0.2652797117E+003   0.1431061020E+003   0.2375089778E+003
    138900   0.4873513078E+003   0.2652454721E+003   0.1431117008E+003   0.2375009670E+003
    139000   0.4871139139E+003   0.2652182103E+003   0.1431073222E+003   0.2374693469E+003
    139100   0.4868468462E+003   0.2651822080E+003   0.1431217460E+003   0.2374605046E+003
    139200   0.4865857287E+003   0.2651497493E+003   0.1431098430E+003   0.2374286565E+003
    139300   0.4863500546E+003   0.2651287954E+003   0.1430934921E+003   0.2374175924E+003
    139400   0.4861189036E+003   0.2651059347E+003   0.1430960805E+003   0.2374514708E+003
    139500   0.4858572106E+003   0.2650778720E+003   0.1431221498E+003   0.2375135198E+003
    139600   0.4856118851E+003   0.2650603704E+003   0.1431274600E+003   0.2375126633E+003
    139700   0.4854030721E+003   0.2650667730E+003   0.1431434914E+003   0.2375121543E+003
    139800   0.4852231661E+003   0.2650823580E+003   0.1431556927E+003   0.2374899030E+003
    139900   0.4850112169E+003   0.2651058202E+003   0.1432030588E+003   0.2374860970E+003
    140000   0.4847850629E+003   0.2651288452E+003   0.1432504101E+003   0.2374991178E+003
    140100   0.4845993392E+003   0.2651477389E+003   0.1432977393E+003   0.2375174632E+003
    140200   0.4843572196E+003   0.2651609305E+003   0.1433832302E+003   0.2375546724E+003
    140300   0.4840688546E+003   0.2651645425E+003   0.1434924734E+003   0.2375939594E+003
    140400   0.4838069273E+003   0.2651612719E+003   0.1435572868E+003   0.2376004350E+003
    140500   0.4835680179E+003   0.2651436028E+003   0.1435882221E+003   0.2375931735E+003
    140600   0.4832879044E+003   0.2651090621E+003   0.1435824965E+003   0.2375696759E+003
    140700   0.4830809808E+003   0.2650843086E+003   0.1435603462E+003   0.2375373574E+003
    140800   0.4828316805E+003   0.2650562346E+003   0.1435588675E+003   0.2375392412E+003
    140900   0.4826216683E+003   0.2650251505E+003   0.1435557782E+003   0.2375285912E+003
    141000   0.4823660582E+003   0.2650108299E+003   0.1435675168E+003   0.2375146602E+003
    141100   0.4821818720E+003   0.2650019735E+003   0.1435556532E+003   0.2374752215E+003
    141200   0.4819716335E+003   0.2649834272E+003   0.1435304196E+003   0.2374380039E+003
    141300   0.4817637924E+003   0.2649715428E+003   0.1434966091E+003   0.2373990542E+003
    141400   0.4815752461E+003   0.2649566805E+003   0.1434504718E+003   0.2373542781E+003
    141500   0.4813723079E+003   0.2649371302E+003   0.1434190204E+003   0.2373462513E+003
    141600   0.4811743322E+003   0.2649246258E+003   0.1433992638E+003   0.2373292932E+003
    141700   0.4809723326E+003   0.2649110782E+003   0.1433780873E+003   0.2372926957E+003
    141800   0.4807289730E+003   0.2648934026E+003   0.1433526028E+003   0.2372680292E+003
    141900   0.4805299411E+003   0.2648676631E+003   0.1433357323E+003   0.2372546666E+003
    142000   0.4801955166E+003   0.2648159478E+003   0.1433131229E+003   0.2372387716E+003
    142100   0.4799531341E+003   0.2647759138E+003   0.1433152979E+003   0.2372538170E+003
    142200   0.4797320437E+003   0.2647456613E+003   0.1433208815E+003   0.2372529999E+003
    142300   0.4794848288E+003   0.2647139650E+003   0.1433285866E+003   0.2372453902E+003
    142400   0.4792294405E+003   0.2646887939E+003   0.1433497706E+003   0.2372485434E+003
    142500   0.4789772049E+003   0.2646740109E+003   0.1434160713E+003   0.2373019905E+003
    142600   0.4787534457E+003   0.2646556719E+003   0.1434386584E+003   0.2373140947E+003
    142700   0.4785242431E+003   0.2646334465E+003   0.1434509521E+003   0.2373147865E+003
    142800   0.4783214063E+003   0.2646155881E+003   0.1434653402E+003   0.2373285228E+003
    142900   0.4780564188E+003   0.2645827925E+003   0.1435068999E+003   0.2373904937E+003
    143000   0.4778206905E+003   0.2645673289E+003   0.1435838193E+003   0.2374493018E+003
    143100   0.4775923551E+003   0.2645454467E+003   0.1436183882E+003   0.2374709633E+003
    143200   0.4773573473E+003   0.2645120552E+003   0.1436330943E+003   0.2374712882E+003
    143300   0.4771130695E+003   0.2644717861E+003   0.1436536562E+003   0.2374723014E+003
    143400   0.4768707567E+003   0.2644316324E+003   0.1436613847E+003   0.2374856062E+003
    143500   0.4766511026E+003   0.2644065275E+003   0.1437038279E+003   0.2375239347E+003
    143600   0.4764170393E+003   0.2643842120E+003   0.1437653730E+003   0.2375563580E+003
    143700   0.4761904817E+003   0.2643494282E+003   0.1437986678E+003   0.2375588142E+003
    143800   0.4759917301E+003   0.2643085897E+003   0.1438157509E+003   0.2375639939E+003
    143900   0.4757631928E+003   0.2642674953E+003   0.1438295517E+003   0.2375583808E+003
    144000   0.4755820916E+003   0.2642369580E+003   0.1438346540E+003   0.2375350812E+003
    144100   0.4753443976E+003   0.2641964995E+003   0.1438425643E+003   0.2375106946E+003
    144200   0.4750795088E+003   0.2641616142E+003   0.1438566949E+003   0.2374890316E+003
    144300   0.4748849705E+003   0.2641396809E+003   0.1438702690E+003   0.2374732290E+003
    144400   0.4746469351E+003   0.2641058447E+003   0.1438907585E+003   0.2374401343E+003
    144500   0.4744237468E+003   0.2640784387E+003   0.1439042774E+003   0.2374042255E+003
    144600   0.4741708033E+003   0.2640423736E+003   0.1439311258E+003   0.2374154281E+003
    144700   0.4739624929E+003   0.2640175311E+003   0.1439618960E+003   0.2374623761E+003
    144800   0.4737040931E+003   0.2639880924E+003   0.1439979363E+003   0.2375022629E+003
    144900   0.4734957269E+003   0.2639647686E+003   0.1440446494E+003   0.2375472751E+003
    145000   0.4733129560E+003   0.2639455049E+003   0.1440950494E+003   0.2375986679E+003
    145100   0.4730606007E+003   0.2639207169E+003   0.1441884363E+003   0.2376646233E+003
    145200   0.4728812644E+003   0.2638915671E+003   0.1442468510E+003   0.2376947382E+003
    145300   0.4726293897E+003   0.2638526910E+003   0.1442972706E+003   0.2377014917E+003
    145400   0.4724232778E+003   0.2638300977E+003   0.1443291182E+003   0.2376863080E+003
    145500   0.4722458092E+003   0.2638188812E+003   0.1443907523E+003   0.2377079656E+003
    145600   0.4720236157E+003   0.2638049771E+003   0.1444533602E+003   0.2377225860E+003
    145700   0.4718283696E+003   0.2638070448E+003   0.1445297029E+003   0.2377371058E+003
    145800   0.4716184502E+003   0.2638122224E+003   0.1446179972E+003   0.2377828105E+003
    145900   0.4714186293E+003   0.2638165161E+003   0.1446961164E+003   0.2378037408E+003
    146000   0.4712180758E+003   0.2638180250E+003   0.1447499383E+003   0.2377977022E+003
    146100   0.4710410044E+003   0.2638155048E+003   0.1447973759E+003   0.2377923720E+003
    146200   0.4708596243E+003   0.2638078983E+003   0.1448480516E+003   0.2377923777E+003
    146300   0.4706447315E+003   0.2638116233E+003   0.1449350687E+003   0.2378025792E+003
    146400   0.4704604620E+003   0.2638159403E+003   0.1449974601E+003   0.2378011441E+003
    146500   0.4702757663E+003   0.2638262445E+003   0.1450639085E+003   0.2377966403E+003
    146600   0.4700753399E+003   0.2638282144E+003   0.1451434796E+003   0.2378084136E+003
    146700   0.4698276786E+003   0.2638204703E+003   0.1452533873E+003   0.2378272291E+003
    146800   0.4695521413E+003   0.2637947665E+003   0.1453972776E+003   0.2378853722E+003
    146900   0.4693311084E+003   0.2637692232E+003   0.1454892444E+003   0.2379343717E+003
    147000   0.4691202157E+003   0.2637446933E+003   0.1455767108E+003   0.2379807202E+003
    147100   0.4689137755E+003   0.2637240380E+003   0.1456551911E+003   0.2380048426E+003
    147200   0.4686545362E+003   0.2636953876E+003   0.1457280453E+003   0.2379888117E+003
    147300   0.4684159089E+003   0.2636778931E+003   0.1458332380E+003   0.2380193834E+003
    147400   0.4681865014E+003   0.2636809424E+003   0.1459787424E+003   0.2380846901E+003
    147500   0.4679910113E+003   0.2636772254E+003   0.1460813268E+003   0.2381185840E+003
    147600   0.4677829943E+003   0.2636732712E+003   0.1461721980E+003   0.2381302212E+003
    147700   0.4675963724E+003   0.2636650475E+003   0.1462454682E+003   0.2381360253E+003
    147800   0.4674052387E+003   0.2636541709E+003   0.1463271849E+003   0.2381503358E+003
    147900   0.4672139663E+003   0.2636396913E+003   0.1463997395E+003   0.2381610365E+003
    148000   0.4670142411E+003   0.2636210487E+003   0.1464593443E+003   0.2381763671E+003
    148100   0.4668127787E+003   0.2635935740E+003   0.1465239237E+003   0.2382046506E+003
    148200   0.4665484956E+003   0.2635481951E+003   0.1465974268E+003   0.2382367235E+003
    148300   0.4663568246E+003   0.2635164523E+003   0.1466469093E+003   0.2382602796E+003
    148400   0.4660915372E+003   0.2634805789E+003   0.1467213770E+003   0.2382831824E+003
    148500   0.4658560083E+003   0.2634403315E+003   0.1467791566E+003   0.2383080282E+003
    148600   0.4656103722E+003   0.2633923584E+003   0.1468273461E+003   0.2383528467E+003
    148700   0.4654114597E+003   0.2633551366E+003   0.1468649277E+003   0.2383772894E+003
    148800   0.4651631619E+003   0.2633161239E+003   0.1469057620E+003   0.2384052613E+003
    148900   0.4649559488E+003   0.2632902409E+003   0.1469159226E+003   0.2383805932E+003
    149000   0.4647611494E+003   0.2632705606E+003   0.1469279878E+003   0.2383701631E+003
    149100   0.4645461845E+003   0.2632540060E+003   0.1469494224E+003   0.2383651508E+003
    149200   0.4643543244E+003   0.2632331196E+003   0.1469795282E+003   0.2383880029E+003
    149300   0.4641917061E+003   0.2632168342E+003   0.1469777900E+003   0.2383845276E+003
    149400   0.4640230968E+003   0.2632176827E+003   0.1469602074E+003   0.2383569091E+003
    149500   0.4638577886E+003   0.2632233419E+003   0.1469646667E+003   0.2383500696E+003
    149600   0.4636842714E+003   0.2632222039E+003   0.1469716085E+003   0.2383417072E+003
    149700   0.4635233182E+003   0.2632151602E+003   0.1469744082E+003   0.2383272406E+003
    149800   0.4633214008E+003   0.2632180636E+003   0.1469850657E+003   0.2382944358E+003
    149900   0.4631465202E+003   0.2632169198E+003   0.1469984155E+003   0.2382818063E+003
    150000   0.4629711989E+003   0.2632148258E+003   0.1470459401E+003   0.2383074726E+003
    150100   0.4628129834E+003   0.2632180147E+003   0.1470955382E+003   0.2383271059E+003
    150200   0.4625929094E+003   0.2632315780E+003   0.1471765309E+003   0.2383325364E+003
    150300   0.4624082770E+003   0.2632348849E+003   0.1472652580E+003   0.2383493116E+003
    150400   0.4622377181E+003   0.2632379243E+003   0.1473624953E+003   0.2383664373E+003
    150500   0.4620800457E+003   0.2632458356E+003   0.1474430969E+003   0.2383832696E+003
    150600   0.4618912858E+003   0.2632538077E+003   0.1475412782E+003   0.2384103723E+003
    150700   0.4617092211E+003   0.2632536267E+003   0.1476630770E+003   0.2384488962E+003
    150800   0.4615050222E+003   0.2632498305E+003   0.1478066373E+003   0.2384803927E+003
