# Evolution of the weightfunction during equilibration phase for fractional: cd
# Weightfunction after cycle         90
 0.0000000    0.1600000000E+001    0.1400000000E+001
 0.0101010    0.2000000000E+001    0.1400000000E+001
 0.0202020    0.2200000000E+001    0.1800000000E+001
 0.0303030    0.1500000000E+001    0.1100000000E+001
 0.0404040    0.2100000000E+001    0.1900000000E+001
 0.0505051    0.2000000000E+001    0.2000000000E+001
 0.0606061    0.2600000000E+001    0.2000000000E+001
 0.0707071    0.2400000000E+001    0.1500000000E+001
 0.0808081    0.2300000000E+001    0.1600000000E+001
 0.0909091    0.1600000000E+001    0.1200000000E+001
 0.1010101    0.2700000000E+001    0.1800000000E+001
 0.1111111    0.2300000000E+001    0.1700000000E+001
 0.1212121    0.2700000000E+001    0.8000000000E+000
 0.1313131    0.1700000000E+001    0.1100000000E+001
 0.1414141    0.2600000000E+001    0.1500000000E+001
 0.1515152    0.3100000000E+001    0.1400000000E+001
 0.1616162    0.2800000000E+001    0.2500000000E+001
 0.1717172    0.3800000000E+001    0.2100000000E+001
 0.1818182    0.1800000000E+001    0.1100000000E+001
 0.1919192    0.2700000000E+001    0.1800000000E+001
 0.2020202    0.3000000000E+001    0.1400000000E+001
 0.2121212    0.2900000000E+001    0.5000000000E+000
 0.2222222    0.2500000000E+001    0.2000000000E+001
 0.2323232    0.2100000000E+001    0.1300000000E+001
 0.2424242    0.2900000000E+001    0.1400000000E+001
 0.2525253    0.3500000000E+001    0.1300000000E+001
 0.2626263    0.2200000000E+001    0.1300000000E+001
 0.2727273    0.2700000000E+001    0.1800000000E+001
 0.2828283    0.3300000000E+001    0.1200000000E+001
 0.2929293    0.1400000000E+001    0.1400000000E+001
 0.3030303    0.2100000000E+001    0.1400000000E+001
 0.3131313    0.3500000000E+001    0.1000000000E+001
 0.3232323    0.2800000000E+001    0.1500000000E+001
 0.3333333    0.7000000000E+000    0.5000000000E+000
 0.3434343    0.3100000000E+001    0.1100000000E+001
 0.3535354    0.2300000000E+001    0.9000000000E+000
 0.3636364    0.3300000000E+001    0.1700000000E+001
 0.3737374    0.2000000000E+001    0.1900000000E+001
 0.3838384    0.1800000000E+001    0.2000000000E+001
 0.3939394    0.3000000000E+001    0.1600000000E+001
 0.4040404    0.2300000000E+001    0.1600000000E+001
 0.4141414    0.2200000000E+001    0.2900000000E+001
 0.4242424    0.2300000000E+001    0.1600000000E+001
 0.4343434    0.2100000000E+001    0.8000000000E+000
 0.4444444    0.1900000000E+001    0.5000000000E+000
 0.4545455    0.1300000000E+001    0.3000000000E+000
 0.4646465    0.1700000000E+001    0.1500000000E+001
 0.4747475    0.2200000000E+001    0.1600000000E+001
 0.4848485    0.1400000000E+001    0.1700000000E+001
 0.4949495    0.9000000000E+000    0.8000000000E+000
 0.5050505    0.8000000000E+000    0.1500000000E+001
 0.5151515    0.1800000000E+001    0.1800000000E+001
 0.5252525    0.1500000000E+001    0.7000000000E+000
 0.5353535    0.1500000000E+001    0.1800000000E+001
 0.5454545    0.1300000000E+001    0.2600000000E+001
 0.5555556    0.8000000000E+000    0.1400000000E+001
 0.5656566    0.1500000000E+001    0.8000000000E+000
 0.5757576    0.1200000000E+001    0.1500000000E+001
 0.5858586    0.1400000000E+001    0.9000000000E+000
 0.5959596    0.1800000000E+001    0.1400000000E+001
 0.6060606    0.1100000000E+001    0.2300000000E+001
 0.6161616    0.1200000000E+001    0.1600000000E+001
 0.6262626    0.1100000000E+001    0.1400000000E+001
 0.6363636    0.1800000000E+001    0.2000000000E+001
 0.6464646    0.1800000000E+001    0.2200000000E+001
 0.6565657    0.1700000000E+001    0.2700000000E+001
 0.6666667    0.9000000000E+000    0.2400000000E+001
 0.6767677    0.1400000000E+001    0.1400000000E+001
 0.6868687    0.1200000000E+001    0.3200000000E+001
 0.6969697    0.8000000000E+000    0.1600000000E+001
 0.7070707    0.1400000000E+001    0.2200000000E+001
 0.7171717    0.7000000000E+000    0.1600000000E+001
 0.7272727    0.1400000000E+001    0.2100000000E+001
 0.7373737    0.1100000000E+001    0.1900000000E+001
 0.7474747    0.1300000000E+001    0.1500000000E+001
 0.7575758    0.8000000000E+000    0.1500000000E+001
 0.7676768    0.1200000000E+001    0.1600000000E+001
 0.7777778    0.1200000000E+001    0.1800000000E+001
 0.7878788    0.6000000000E+000    0.1200000000E+001
 0.7979798    0.1200000000E+001    0.1900000000E+001
 0.8080808    0.7000000000E+000    0.1500000000E+001
 0.8181818    0.1700000000E+001    0.2300000000E+001
 0.8282828    0.1000000000E+001    0.2300000000E+001
 0.8383838    0.1800000000E+001    0.1900000000E+001
 0.8484848    0.1000000000E+001    0.2100000000E+001
 0.8585859    0.1400000000E+001    0.2300000000E+001
 0.8686869    0.9000000000E+000    0.2000000000E+001
 0.8787879    0.6000000000E+000    0.1400000000E+001
 0.8888889    0.1900000000E+001    0.2300000000E+001
 0.8989899    0.4000000000E+000    0.1300000000E+001
 0.9090909    0.1100000000E+001    0.1600000000E+001
 0.9191919    0.7000000000E+000    0.2300000000E+001
 0.9292929    0.0000000000E+000    0.1300000000E+001
 0.9393939    0.2000000000E+000    0.1200000000E+001
 0.9494949    0.9000000000E+000    0.1800000000E+001
 0.9595960    0.3000000000E+000    0.1300000000E+001
 0.9696970    0.4000000000E+000    0.1300000000E+001
 0.9797980    0.1900000000E+001    0.2800000000E+001
 0.9898990    0.6000000000E+000    0.1200000000E+001
 1.0000000    0.7000000000E+000    0.1500000000E+001


# Weightfunction after cycle        417
 0.0000000    0.2575000000E+001    0.2650000000E+001
 0.0101010    0.2800000000E+001    0.2350000000E+001
 0.0202020    0.2800000000E+001    0.2375000000E+001
 0.0303030    0.3025000000E+001    0.2625000000E+001
 0.0404040    0.2775000000E+001    0.2400000000E+001
 0.0505051    0.3100000000E+001    0.2725000000E+001
 0.0606061    0.2900000000E+001    0.2425000000E+001
 0.0707071    0.2800000000E+001    0.2175000000E+001
 0.0808081    0.2950000000E+001    0.2550000000E+001
 0.0909091    0.3025000000E+001    0.2650000000E+001
 0.1010101    0.3450000000E+001    0.2850000000E+001
 0.1111111    0.3625000000E+001    0.3000000000E+001
 0.1212121    0.3075000000E+001    0.2525000000E+001
 0.1313131    0.2850000000E+001    0.2350000000E+001
 0.1414141    0.3025000000E+001    0.2350000000E+001
 0.1515152    0.2450000000E+001    0.2075000000E+001
 0.1616162    0.3025000000E+001    0.2475000000E+001
 0.1717172    0.2750000000E+001    0.2100000000E+001
 0.1818182    0.3450000000E+001    0.2525000000E+001
 0.1919192    0.2950000000E+001    0.2650000000E+001
 0.2020202    0.3225000000E+001    0.2825000000E+001
 0.2121212    0.3150000000E+001    0.2425000000E+001
 0.2222222    0.2850000000E+001    0.2375000000E+001
 0.2323232    0.2800000000E+001    0.2425000000E+001
 0.2424242    0.3425000000E+001    0.2825000000E+001
 0.2525253    0.2950000000E+001    0.2500000000E+001
 0.2626263    0.2325000000E+001    0.2325000000E+001
 0.2727273    0.2750000000E+001    0.2300000000E+001
 0.2828283    0.2925000000E+001    0.2450000000E+001
 0.2929293    0.2350000000E+001    0.2500000000E+001
 0.3030303    0.2625000000E+001    0.2350000000E+001
 0.3131313    0.2575000000E+001    0.2425000000E+001
 0.3232323    0.2500000000E+001    0.2450000000E+001
 0.3333333    0.2275000000E+001    0.2450000000E+001
 0.3434343    0.2225000000E+001    0.2450000000E+001
 0.3535354    0.2525000000E+001    0.2025000000E+001
 0.3636364    0.2125000000E+001    0.2100000000E+001
 0.3737374    0.2000000000E+001    0.1925000000E+001
 0.3838384    0.2000000000E+001    0.2450000000E+001
 0.3939394    0.1575000000E+001    0.2075000000E+001
 0.4040404    0.2050000000E+001    0.1575000000E+001
 0.4141414    0.1650000000E+001    0.2325000000E+001
 0.4242424    0.1425000000E+001    0.2500000000E+001
 0.4343434    0.1600000000E+001    0.1700000000E+001
 0.4444444    0.1725000000E+001    0.2075000000E+001
 0.4545455    0.1375000000E+001    0.1700000000E+001
 0.4646465    0.1475000000E+001    0.1800000000E+001
 0.4747475    0.1225000000E+001    0.1875000000E+001
 0.4848485    0.1000000000E+001    0.1625000000E+001
 0.4949495    0.9500000000E+000    0.1425000000E+001
 0.5050505    0.1200000000E+001    0.1975000000E+001
 0.5151515    0.1500000000E+001    0.1375000000E+001
 0.5252525    0.1475000000E+001    0.1800000000E+001
 0.5353535    0.1275000000E+001    0.1800000000E+001
 0.5454545    0.9500000000E+000    0.1875000000E+001
 0.5555556    0.1100000000E+001    0.1650000000E+001
 0.5656566    0.1000000000E+001    0.1475000000E+001
 0.5757576    0.8250000000E+000    0.1550000000E+001
 0.5858586    0.1200000000E+001    0.1775000000E+001
 0.5959596    0.1125000000E+001    0.1925000000E+001
 0.6060606    0.1225000000E+001    0.1625000000E+001
 0.6161616    0.1150000000E+001    0.1400000000E+001
 0.6262626    0.1075000000E+001    0.1500000000E+001
 0.6363636    0.1250000000E+001    0.1725000000E+001
 0.6464646    0.1225000000E+001    0.1875000000E+001
 0.6565657    0.9250000000E+000    0.1375000000E+001
 0.6666667    0.1175000000E+001    0.1700000000E+001
 0.6767677    0.1250000000E+001    0.1750000000E+001
 0.6868687    0.1100000000E+001    0.1775000000E+001
 0.6969697    0.1175000000E+001    0.1650000000E+001
 0.7070707    0.1200000000E+001    0.1850000000E+001
 0.7171717    0.8750000000E+000    0.1700000000E+001
 0.7272727    0.1400000000E+001    0.1725000000E+001
 0.7373737    0.1325000000E+001    0.1775000000E+001
 0.7474747    0.1100000000E+001    0.2000000000E+001
 0.7575758    0.1225000000E+001    0.1725000000E+001
 0.7676768    0.9250000000E+000    0.1750000000E+001
 0.7777778    0.1225000000E+001    0.1700000000E+001
 0.7878788    0.1200000000E+001    0.1875000000E+001
 0.7979798    0.9000000000E+000    0.1675000000E+001
 0.8080808    0.9250000000E+000    0.1750000000E+001
 0.8181818    0.8250000000E+000    0.1450000000E+001
 0.8282828    0.7000000000E+000    0.1550000000E+001
 0.8383838    0.7500000000E+000    0.1600000000E+001
 0.8484848    0.9500000000E+000    0.1625000000E+001
 0.8585859    0.9000000000E+000    0.1650000000E+001
 0.8686869    0.4250000000E+000    0.1200000000E+001
 0.8787879    0.1000000000E+001    0.1675000000E+001
 0.8888889    0.8000000000E+000    0.1725000000E+001
 0.8989899    0.9000000000E+000    0.1425000000E+001
 0.9090909    0.5250000000E+000    0.1625000000E+001
 0.9191919    0.3500000000E+000    0.1375000000E+001
 0.9292929    0.8250000000E+000    0.1675000000E+001
 0.9393939    0.0000000000E+000    0.1075000000E+001
 0.9494949    0.3000000000E+000    0.1375000000E+001
 0.9595960    0.2500000000E+000    0.1250000000E+001
 0.9696970    0.8750000000E+000    0.1875000000E+001
 0.9797980    0.5250000000E+000    0.1375000000E+001
 0.9898990    0.2500000000E-001    0.1150000000E+001
 1.0000000    0.3000000000E+000    0.1275000000E+001


# Weightfunction after cycle        921
 0.0000000    0.3156250000E+001    0.2743750000E+001
 0.0101010    0.2975000000E+001    0.2706250000E+001
 0.0202020    0.2875000000E+001    0.2668750000E+001
 0.0303030    0.2981250000E+001    0.2762500000E+001
 0.0404040    0.2718750000E+001    0.2562500000E+001
 0.0505051    0.2925000000E+001    0.2643750000E+001
 0.0606061    0.2968750000E+001    0.2768750000E+001
 0.0707071    0.2962500000E+001    0.2550000000E+001
 0.0808081    0.2981250000E+001    0.2537500000E+001
 0.0909091    0.3106250000E+001    0.2756250000E+001
 0.1010101    0.3143750000E+001    0.2587500000E+001
 0.1111111    0.3075000000E+001    0.2706250000E+001
 0.1212121    0.3050000000E+001    0.2650000000E+001
 0.1313131    0.3093750000E+001    0.2787500000E+001
 0.1414141    0.3237500000E+001    0.2687500000E+001
 0.1515152    0.3056250000E+001    0.2612500000E+001
 0.1616162    0.3225000000E+001    0.2668750000E+001
 0.1717172    0.2993750000E+001    0.2725000000E+001
 0.1818182    0.2868750000E+001    0.2562500000E+001
 0.1919192    0.3037500000E+001    0.2781250000E+001
 0.2020202    0.2831250000E+001    0.2731250000E+001
 0.2121212    0.2881250000E+001    0.2631250000E+001
 0.2222222    0.2762500000E+001    0.2562500000E+001
 0.2323232    0.2787500000E+001    0.2537500000E+001
 0.2424242    0.2725000000E+001    0.2525000000E+001
 0.2525253    0.2475000000E+001    0.2206250000E+001
 0.2626263    0.2500000000E+001    0.2506250000E+001
 0.2727273    0.2418750000E+001    0.2450000000E+001
 0.2828283    0.2725000000E+001    0.2275000000E+001
 0.2929293    0.2500000000E+001    0.2350000000E+001
 0.3030303    0.2362500000E+001    0.2262500000E+001
 0.3131313    0.2556250000E+001    0.2087500000E+001
 0.3232323    0.2318750000E+001    0.2025000000E+001
 0.3333333    0.2237500000E+001    0.2181250000E+001
 0.3434343    0.2075000000E+001    0.2287500000E+001
 0.3535354    0.2006250000E+001    0.2131250000E+001
 0.3636364    0.2031250000E+001    0.2512500000E+001
 0.3737374    0.1856250000E+001    0.1893750000E+001
 0.3838384    0.1900000000E+001    0.2050000000E+001
 0.3939394    0.1900000000E+001    0.2062500000E+001
 0.4040404    0.1618750000E+001    0.1812500000E+001
 0.4141414    0.1606250000E+001    0.1787500000E+001
 0.4242424    0.1693750000E+001    0.2050000000E+001
 0.4343434    0.1525000000E+001    0.1868750000E+001
 0.4444444    0.1418750000E+001    0.1825000000E+001
 0.4545455    0.1181250000E+001    0.1843750000E+001
 0.4646465    0.1287500000E+001    0.1831250000E+001
 0.4747475    0.1262500000E+001    0.1668750000E+001
 0.4848485    0.1068750000E+001    0.1587500000E+001
 0.4949495    0.9625000000E+000    0.1643750000E+001
 0.5050505    0.8437500000E+000    0.1600000000E+001
 0.5151515    0.9375000000E+000    0.1762500000E+001
 0.5252525    0.8062500000E+000    0.1575000000E+001
 0.5353535    0.8375000000E+000    0.1512500000E+001
 0.5454545    0.9437500000E+000    0.1556250000E+001
 0.5555556    0.7875000000E+000    0.1743750000E+001
 0.5656566    0.9687500000E+000    0.1618750000E+001
 0.5757576    0.7062500000E+000    0.1500000000E+001
 0.5858586    0.9312500000E+000    0.1581250000E+001
 0.5959596    0.9000000000E+000    0.1262500000E+001
 0.6060606    0.9187500000E+000    0.1525000000E+001
 0.6161616    0.9312500000E+000    0.1562500000E+001
 0.6262626    0.1106250000E+001    0.1418750000E+001
 0.6363636    0.9062500000E+000    0.1625000000E+001
 0.6464646    0.8687500000E+000    0.1643750000E+001
 0.6565657    0.7375000000E+000    0.1768750000E+001
 0.6666667    0.9250000000E+000    0.1512500000E+001
 0.6767677    0.6375000000E+000    0.1437500000E+001
 0.6868687    0.7937500000E+000    0.1268750000E+001
 0.6969697    0.9750000000E+000    0.1306250000E+001
 0.7070707    0.7875000000E+000    0.1393750000E+001
 0.7171717    0.7437500000E+000    0.1425000000E+001
 0.7272727    0.7000000000E+000    0.1268750000E+001
 0.7373737    0.7062500000E+000    0.1406250000E+001
 0.7474747    0.8062500000E+000    0.1481250000E+001
 0.7575758    0.7187500000E+000    0.1393750000E+001
 0.7676768    0.5125000000E+000    0.1312500000E+001
 0.7777778    0.6625000000E+000    0.1412500000E+001
 0.7878788    0.7187500000E+000    0.1443750000E+001
 0.7979798    0.6375000000E+000    0.1468750000E+001
 0.8080808    0.6437500000E+000    0.1331250000E+001
 0.8181818    0.5812500000E+000    0.1387500000E+001
 0.8282828    0.6625000000E+000    0.1368750000E+001
 0.8383838    0.3500000000E+000    0.1281250000E+001
 0.8484848    0.3687500000E+000    0.1218750000E+001
 0.8585859    0.5750000000E+000    0.1318750000E+001
 0.8686869    0.2750000000E+000    0.1137500000E+001
 0.8787879    0.3250000000E+000    0.1218750000E+001
 0.8888889    0.4375000000E+000    0.1268750000E+001
 0.8989899    0.2500000000E+000    0.1181250000E+001
 0.9090909    0.3625000000E+000    0.1312500000E+001
 0.9191919    0.3875000000E+000    0.1425000000E+001
 0.9292929    0.3812500000E+000    0.1462500000E+001
 0.9393939    0.1437500000E+000    0.1193750000E+001
 0.9494949    0.3687500000E+000    0.1412500000E+001
 0.9595960    0.2687500000E+000    0.1250000000E+001
 0.9696970    0.3125000000E+000    0.1350000000E+001
 0.9797980    0.0000000000E+000    0.1031250000E+001
 0.9898990    0.6250000000E-002    0.1143750000E+001
 1.0000000    0.1687500000E+000    0.1368750000E+001


# Weightfunction after cycle       2273
 0.0000000    0.2462500000E+001    0.2362500000E+001
 0.0101010    0.2329687500E+001    0.2228125000E+001
 0.0202020    0.2359375000E+001    0.2334375000E+001
 0.0303030    0.2423437500E+001    0.2265625000E+001
 0.0404040    0.2520312500E+001    0.2373437500E+001
 0.0505051    0.2487500000E+001    0.2346875000E+001
 0.0606061    0.2576562500E+001    0.2379687500E+001
 0.0707071    0.2528125000E+001    0.2362500000E+001
 0.0808081    0.2637500000E+001    0.2428125000E+001
 0.0909091    0.2723437500E+001    0.2382812500E+001
 0.1010101    0.2696875000E+001    0.2406250000E+001
 0.1111111    0.2640625000E+001    0.2398437500E+001
 0.1212121    0.2700000000E+001    0.2362500000E+001
 0.1313131    0.2626562500E+001    0.2328125000E+001
 0.1414141    0.2760937500E+001    0.2362500000E+001
 0.1515152    0.2725000000E+001    0.2290625000E+001
 0.1616162    0.2676562500E+001    0.2373437500E+001
 0.1717172    0.2609375000E+001    0.2326562500E+001
 0.1818182    0.2650000000E+001    0.2271875000E+001
 0.1919192    0.2581250000E+001    0.2223437500E+001
 0.2020202    0.2598437500E+001    0.2303125000E+001
 0.2121212    0.2590625000E+001    0.2345312500E+001
 0.2222222    0.2556250000E+001    0.2285937500E+001
 0.2323232    0.2382812500E+001    0.2164062500E+001
 0.2424242    0.2460937500E+001    0.2201562500E+001
 0.2525253    0.2328125000E+001    0.2153125000E+001
 0.2626263    0.2339062500E+001    0.2054687500E+001
 0.2727273    0.2262500000E+001    0.1982812500E+001
 0.2828283    0.2168750000E+001    0.1995312500E+001
 0.2929293    0.2159375000E+001    0.1976562500E+001
 0.3030303    0.2090625000E+001    0.2020312500E+001
 0.3131313    0.2031250000E+001    0.1954687500E+001
 0.3232323    0.2056250000E+001    0.1895312500E+001
 0.3333333    0.1937500000E+001    0.1840625000E+001
 0.3434343    0.1803125000E+001    0.1859375000E+001
 0.3535354    0.1804687500E+001    0.1690625000E+001
 0.3636364    0.1693750000E+001    0.1700000000E+001
 0.3737374    0.1612500000E+001    0.1664062500E+001
 0.3838384    0.1631250000E+001    0.1564062500E+001
 0.3939394    0.1523437500E+001    0.1534375000E+001
 0.4040404    0.1470312500E+001    0.1559375000E+001
 0.4141414    0.1389062500E+001    0.1560937500E+001
 0.4242424    0.1406250000E+001    0.1489062500E+001
 0.4343434    0.1265625000E+001    0.1467187500E+001
 0.4444444    0.1148437500E+001    0.1425000000E+001
 0.4545455    0.1156250000E+001    0.1360937500E+001
 0.4646465    0.1018750000E+001    0.1310937500E+001
 0.4747475    0.8781250000E+000    0.1318750000E+001
 0.4848485    0.8468750000E+000    0.1217187500E+001
 0.4949495    0.8671875000E+000    0.1145312500E+001
 0.5050505    0.7218750000E+000    0.1181250000E+001
 0.5151515    0.8453125000E+000    0.1181250000E+001
 0.5252525    0.7312500000E+000    0.1221875000E+001
 0.5353535    0.7781250000E+000    0.1126562500E+001
 0.5454545    0.7125000000E+000    0.1193750000E+001
 0.5555556    0.7078125000E+000    0.1181250000E+001
 0.5656566    0.7281250000E+000    0.1187500000E+001
 0.5757576    0.6843750000E+000    0.1209375000E+001
 0.5858586    0.8281250000E+000    0.1082812500E+001
 0.5959596    0.8000000000E+000    0.1117187500E+001
 0.6060606    0.6906250000E+000    0.1165625000E+001
 0.6161616    0.7109375000E+000    0.1167187500E+001
 0.6262626    0.7296875000E+000    0.1151562500E+001
 0.6363636    0.7437500000E+000    0.1134375000E+001
 0.6464646    0.7031250000E+000    0.1123437500E+001
 0.6565657    0.6734375000E+000    0.1118750000E+001
 0.6666667    0.5859375000E+000    0.1143750000E+001
 0.6767677    0.5656250000E+000    0.1193750000E+001
 0.6868687    0.6015625000E+000    0.1120312500E+001
 0.6969697    0.6093750000E+000    0.1210937500E+001
 0.7070707    0.6437500000E+000    0.1168750000E+001
 0.7171717    0.5296875000E+000    0.1048437500E+001
 0.7272727    0.5906250000E+000    0.1101562500E+001
 0.7373737    0.5828125000E+000    0.1168750000E+001
 0.7474747    0.5125000000E+000    0.1101562500E+001
 0.7575758    0.5296875000E+000    0.1096875000E+001
 0.7676768    0.5171875000E+000    0.1073437500E+001
 0.7777778    0.5859375000E+000    0.1132812500E+001
 0.7878788    0.4343750000E+000    0.1054687500E+001
 0.7979798    0.4953125000E+000    0.1096875000E+001
 0.8080808    0.4187500000E+000    0.1064062500E+001
 0.8181818    0.4859375000E+000    0.1050000000E+001
 0.8282828    0.4437500000E+000    0.1060937500E+001
 0.8383838    0.3906250000E+000    0.1068750000E+001
 0.8484848    0.3578125000E+000    0.1068750000E+001
 0.8585859    0.3546875000E+000    0.1056250000E+001
 0.8686869    0.3640625000E+000    0.1059375000E+001
 0.8787879    0.2406250000E+000    0.9140625000E+000
 0.8888889    0.3296875000E+000    0.1000000000E+001
 0.8989899    0.2953125000E+000    0.9562500000E+000
 0.9090909    0.3015625000E+000    0.1054687500E+001
 0.9191919    0.1687500000E+000    0.8937500000E+000
 0.9292929    0.2296875000E+000    0.9625000000E+000
 0.9393939    0.2218750000E+000    0.9703125000E+000
 0.9494949    0.1625000000E+000    0.9468750000E+000
 0.9595960    0.1375000000E+000    0.9671875000E+000
 0.9696970    0.6718750000E-001    0.9015625000E+000
 0.9797980    0.5781250000E-001    0.9125000000E+000
 0.9898990    0.0000000000E+000    0.8890625000E+000
 1.0000000    0.6718750000E-001    0.9406250000E+000


# Weightfunction after cycle       4177
 0.0000000    0.2591796875E+001    0.2385937500E+001
 0.0101010    0.2549609375E+001    0.2362109375E+001
 0.0202020    0.2544140625E+001    0.2394531250E+001
 0.0303030    0.2591796875E+001    0.2392578125E+001
 0.0404040    0.2641796875E+001    0.2426953125E+001
 0.0505051    0.2658593750E+001    0.2412109375E+001
 0.0606061    0.2671875000E+001    0.2348828125E+001
 0.0707071    0.2684375000E+001    0.2420703125E+001
 0.0808081    0.2705078125E+001    0.2397656250E+001
 0.0909091    0.2791796875E+001    0.2419921875E+001
 0.1010101    0.2817187500E+001    0.2422265625E+001
 0.1111111    0.2819140625E+001    0.2449218750E+001
 0.1212121    0.2842187500E+001    0.2405468750E+001
 0.1313131    0.2833203125E+001    0.2438671875E+001
 0.1414141    0.2841406250E+001    0.2431640625E+001
 0.1515152    0.2785937500E+001    0.2396875000E+001
 0.1616162    0.2804687500E+001    0.2417968750E+001
 0.1717172    0.2712500000E+001    0.2365234375E+001
 0.1818182    0.2762109375E+001    0.2360937500E+001
 0.1919192    0.2700390625E+001    0.2333203125E+001
 0.2020202    0.2666796875E+001    0.2266015625E+001
 0.2121212    0.2673437500E+001    0.2335156250E+001
 0.2222222    0.2583984375E+001    0.2238281250E+001
 0.2323232    0.2539843750E+001    0.2164843750E+001
 0.2424242    0.2553515625E+001    0.2186718750E+001
 0.2525253    0.2416015625E+001    0.2168359375E+001
 0.2626263    0.2402734375E+001    0.2108593750E+001
 0.2727273    0.2369921875E+001    0.2083593750E+001
 0.2828283    0.2260156250E+001    0.2059375000E+001
 0.2929293    0.2220703125E+001    0.1996875000E+001
 0.3030303    0.2210156250E+001    0.2018359375E+001
 0.3131313    0.2104687500E+001    0.1965625000E+001
 0.3232323    0.2040234375E+001    0.1880078125E+001
 0.3333333    0.1980859375E+001    0.1908593750E+001
 0.3434343    0.1902734375E+001    0.1872265625E+001
 0.3535354    0.1830859375E+001    0.1771484375E+001
 0.3636364    0.1756640625E+001    0.1797265625E+001
 0.3737374    0.1703125000E+001    0.1699218750E+001
 0.3838384    0.1663281250E+001    0.1707421875E+001
 0.3939394    0.1585156250E+001    0.1642578125E+001
 0.4040404    0.1519140625E+001    0.1642187500E+001
 0.4141414    0.1417578125E+001    0.1607031250E+001
 0.4242424    0.1356640625E+001    0.1576562500E+001
 0.4343434    0.1294921875E+001    0.1477734375E+001
 0.4444444    0.1176562500E+001    0.1512890625E+001
 0.4545455    0.1185546875E+001    0.1448046875E+001
 0.4646465    0.1012890625E+001    0.1414843750E+001
 0.4747475    0.9453125000E+000    0.1380078125E+001
 0.4848485    0.8261718750E+000    0.1299218750E+001
 0.4949495    0.7957031250E+000    0.1283203125E+001
 0.5050505    0.7449218750E+000    0.1228125000E+001
 0.5151515    0.7847656250E+000    0.1282812500E+001
 0.5252525    0.7550781250E+000    0.1264843750E+001
 0.5353535    0.7160156250E+000    0.1255859375E+001
 0.5454545    0.7625000000E+000    0.1260156250E+001
 0.5555556    0.7371093750E+000    0.1210156250E+001
 0.5656566    0.7375000000E+000    0.1250390625E+001
 0.5757576    0.7308593750E+000    0.1248828125E+001
 0.5858586    0.7320312500E+000    0.1232031250E+001
 0.5959596    0.7671875000E+000    0.1258593750E+001
 0.6060606    0.7628906250E+000    0.1187890625E+001
 0.6161616    0.7000000000E+000    0.1237109375E+001
 0.6262626    0.6558593750E+000    0.1226953125E+001
 0.6363636    0.6832031250E+000    0.1262890625E+001
 0.6464646    0.6519531250E+000    0.1180468750E+001
 0.6565657    0.6500000000E+000    0.1222656250E+001
 0.6666667    0.7148437500E+000    0.1204296875E+001
 0.6767677    0.5847656250E+000    0.1291796875E+001
 0.6868687    0.5777343750E+000    0.1226171875E+001
 0.6969697    0.5914062500E+000    0.1239453125E+001
 0.7070707    0.6046875000E+000    0.1227734375E+001
 0.7171717    0.5917968750E+000    0.1225390625E+001
 0.7272727    0.5789062500E+000    0.1207031250E+001
 0.7373737    0.5480468750E+000    0.1205859375E+001
 0.7474747    0.5097656250E+000    0.1187500000E+001
 0.7575758    0.5035156250E+000    0.1185937500E+001
 0.7676768    0.5078125000E+000    0.1212890625E+001
 0.7777778    0.5472656250E+000    0.1217578125E+001
 0.7878788    0.4660156250E+000    0.1169921875E+001
 0.7979798    0.4433593750E+000    0.1158984375E+001
 0.8080808    0.4328125000E+000    0.1160156250E+001
 0.8181818    0.4402343750E+000    0.1155859375E+001
 0.8282828    0.3847656250E+000    0.1146875000E+001
 0.8383838    0.3421875000E+000    0.1141015625E+001
 0.8484848    0.3246093750E+000    0.1130078125E+001
 0.8585859    0.3589843750E+000    0.1135937500E+001
 0.8686869    0.3164062500E+000    0.1118359375E+001
 0.8787879    0.2726562500E+000    0.1118750000E+001
 0.8888889    0.2613281250E+000    0.1112890625E+001
 0.8989899    0.2414062500E+000    0.1073828125E+001
 0.9090909    0.2035156250E+000    0.1063281250E+001
 0.9191919    0.2000000000E+000    0.1073437500E+001
 0.9292929    0.1402343750E+000    0.1042578125E+001
 0.9393939    0.1531250000E+000    0.1090234375E+001
 0.9494949    0.1464843750E+000    0.1071484375E+001
 0.9595960    0.5351562500E-001    0.9964843750E+000
 0.9696970    0.6875000000E-001    0.1036328125E+001
 0.9797980    0.4960937500E-001    0.1031250000E+001
 0.9898990    0.0000000000E+000    0.1024218750E+001
 1.0000000    0.1289062500E-001    0.1035937500E+001


# Weightfunction after cycle      13482
 0.0000000    0.2826953125E+001    0.2423046875E+001
 0.0101010    0.2811230469E+001    0.2397753906E+001
 0.0202020    0.2824804688E+001    0.2419628906E+001
 0.0303030    0.2820800781E+001    0.2421777344E+001
 0.0404040    0.2879296875E+001    0.2412500000E+001
 0.0505051    0.2873339844E+001    0.2399609375E+001
 0.0606061    0.2936816406E+001    0.2408300781E+001
 0.0707071    0.2971679688E+001    0.2425683594E+001
 0.0808081    0.3015527344E+001    0.2438671875E+001
 0.0909091    0.3045800781E+001    0.2451464844E+001
 0.1010101    0.3107812500E+001    0.2446582031E+001
 0.1111111    0.3122753906E+001    0.2474218750E+001
 0.1212121    0.3138671875E+001    0.2451269531E+001
 0.1313131    0.3126269531E+001    0.2433886719E+001
 0.1414141    0.3131542969E+001    0.2421484375E+001
 0.1515152    0.3107617188E+001    0.2380566406E+001
 0.1616162    0.3094628906E+001    0.2396777344E+001
 0.1717172    0.3080175781E+001    0.2362011719E+001
 0.1818182    0.3094433594E+001    0.2374218750E+001
 0.1919192    0.3027734375E+001    0.2326074219E+001
 0.2020202    0.2979296875E+001    0.2302734375E+001
 0.2121212    0.2959082031E+001    0.2314355469E+001
 0.2222222    0.2916210938E+001    0.2287011719E+001
 0.2323232    0.2836425781E+001    0.2225097656E+001
 0.2424242    0.2793164063E+001    0.2229589844E+001
 0.2525253    0.2752148438E+001    0.2237890625E+001
 0.2626263    0.2679882812E+001    0.2179687500E+001
 0.2727273    0.2623046875E+001    0.2142480469E+001
 0.2828283    0.2534960937E+001    0.2113281250E+001
 0.2929293    0.2473437500E+001    0.2093066406E+001
 0.3030303    0.2400585937E+001    0.2038085937E+001
 0.3131313    0.2370800781E+001    0.2029492187E+001
 0.3232323    0.2303906250E+001    0.1974023437E+001
 0.3333333    0.2198144531E+001    0.1981445312E+001
 0.3434343    0.2128613281E+001    0.1918847656E+001
 0.3535354    0.2039941406E+001    0.1881933594E+001
 0.3636364    0.1980078125E+001    0.1858300781E+001
 0.3737374    0.1893652344E+001    0.1818457031E+001
 0.3838384    0.1832617187E+001    0.1808007812E+001
 0.3939394    0.1761230469E+001    0.1745117187E+001
 0.4040404    0.1672558594E+001    0.1720117187E+001
 0.4141414    0.1552832031E+001    0.1678417969E+001
 0.4242424    0.1451171875E+001    0.1687109375E+001
 0.4343434    0.1421386719E+001    0.1638085937E+001
 0.4444444    0.1316992187E+001    0.1595019531E+001
 0.4545455    0.1233886719E+001    0.1524218750E+001
 0.4646465    0.1146386719E+001    0.1508398437E+001
 0.4747475    0.1068750000E+001    0.1466015625E+001
 0.4848485    0.9819335937E+000    0.1419335937E+001
 0.4949495    0.8943359375E+000    0.1374316406E+001
 0.5050505    0.8013671875E+000    0.1358105469E+001
 0.5151515    0.8290039062E+000    0.1362792969E+001
 0.5252525    0.8352539062E+000    0.1384179687E+001
 0.5353535    0.8076171875E+000    0.1368652344E+001
 0.5454545    0.8395507812E+000    0.1367089844E+001
 0.5555556    0.8061523437E+000    0.1359375000E+001
 0.5656566    0.8051757812E+000    0.1387500000E+001
 0.5757576    0.7965820312E+000    0.1359179687E+001
 0.5858586    0.8152343750E+000    0.1376855469E+001
 0.5959596    0.7769531250E+000    0.1354980469E+001
 0.6060606    0.7900390625E+000    0.1367871094E+001
 0.6161616    0.7830078125E+000    0.1358496094E+001
 0.6262626    0.7745117187E+000    0.1356347656E+001
 0.6363636    0.7660156250E+000    0.1389550781E+001
 0.6464646    0.7552734375E+000    0.1343261719E+001
 0.6565657    0.7273437500E+000    0.1347656250E+001
 0.6666667    0.7509765625E+000    0.1340625000E+001
 0.6767677    0.7140625000E+000    0.1390332031E+001
 0.6868687    0.7116210937E+000    0.1356933594E+001
 0.6969697    0.6907226562E+000    0.1366113281E+001
 0.7070707    0.6680664062E+000    0.1321093750E+001
 0.7171717    0.6554687500E+000    0.1329394531E+001
 0.7272727    0.6586914062E+000    0.1348046875E+001
 0.7373737    0.6266601562E+000    0.1323925781E+001
 0.7474747    0.6009765625E+000    0.1325585937E+001
 0.7575758    0.5796875000E+000    0.1308886719E+001
 0.7676768    0.5713867187E+000    0.1313183594E+001
 0.7777778    0.5416015625E+000    0.1288574219E+001
 0.7878788    0.5290039062E+000    0.1290429687E+001
 0.7979798    0.5182617187E+000    0.1311132812E+001
 0.8080808    0.5139648437E+000    0.1310351562E+001
 0.8181818    0.4787109375E+000    0.1297265625E+001
 0.8282828    0.4531250000E+000    0.1278125000E+001
 0.8383838    0.4032226562E+000    0.1244531250E+001
 0.8484848    0.4064453125E+000    0.1267285156E+001
 0.8585859    0.4005859375E+000    0.1279296875E+001
 0.8686869    0.3563476562E+000    0.1262695312E+001
 0.8787879    0.3207031250E+000    0.1240429687E+001
 0.8888889    0.2939453125E+000    0.1229296875E+001
 0.8989899    0.2949218750E+000    0.1232324219E+001
 0.9090909    0.2529296875E+000    0.1233593750E+001
 0.9191919    0.2199218750E+000    0.1213085937E+001
 0.9292929    0.1868164062E+000    0.1199316406E+001
 0.9393939    0.1710937500E+000    0.1208984375E+001
 0.9494949    0.1363281250E+000    0.1188476562E+001
 0.9595960    0.9453125000E-001    0.1180175781E+001
 0.9696970    0.7763671875E-001    0.1190332031E+001
 0.9797980    0.8437500000E-001    0.1204394531E+001
 0.9898990    0.0000000000E+000    0.1172558594E+001
 1.0000000    0.6542968750E-002    0.1175097656E+001


# Weightfunction after cycle      15353
 0.0000000    0.2832934570E+001    0.2422460937E+001
 0.0101010    0.2813525391E+001    0.2395898437E+001
 0.0202020    0.2823217773E+001    0.2407861328E+001
 0.0303030    0.2821093750E+001    0.2416040039E+001
 0.0404040    0.2876855469E+001    0.2406250000E+001
 0.0505051    0.2870629883E+001    0.2393774414E+001
 0.0606061    0.2935278320E+001    0.2404589844E+001
 0.0707071    0.2967651367E+001    0.2417700195E+001
 0.0808081    0.3022924805E+001    0.2430541992E+001
 0.0909091    0.3044750977E+001    0.2442211914E+001
 0.1010101    0.3112451172E+001    0.2444116211E+001
 0.1111111    0.3124853516E+001    0.2466381836E+001
 0.1212121    0.3141772461E+001    0.2441748047E+001
 0.1313131    0.3128149414E+001    0.2428735352E+001
 0.1414141    0.3138208008E+001    0.2419018555E+001
 0.1515152    0.3109155273E+001    0.2377465820E+001
 0.1616162    0.3100732422E+001    0.2395825195E+001
 0.1717172    0.3082666016E+001    0.2361303711E+001
 0.1818182    0.3097460937E+001    0.2370898437E+001
 0.1919192    0.3028759766E+001    0.2324853516E+001
 0.2020202    0.2980346680E+001    0.2300439453E+001
 0.2121212    0.2958593750E+001    0.2309204102E+001
 0.2222222    0.2920117187E+001    0.2288867187E+001
 0.2323232    0.2844213867E+001    0.2227343750E+001
 0.2424242    0.2795629883E+001    0.2224096680E+001
 0.2525253    0.2753320312E+001    0.2229272461E+001
 0.2626263    0.2684252930E+001    0.2175488281E+001
 0.2727273    0.2622241211E+001    0.2142285156E+001
 0.2828283    0.2535717773E+001    0.2107641602E+001
 0.2929293    0.2476416016E+001    0.2085400391E+001
 0.3030303    0.2401879883E+001    0.2036499023E+001
 0.3131313    0.2366967773E+001    0.2030688477E+001
 0.3232323    0.2298974609E+001    0.1976977539E+001
 0.3333333    0.2188500977E+001    0.1980419922E+001
 0.3434343    0.2130078125E+001    0.1920727539E+001
 0.3535354    0.2037084961E+001    0.1885424805E+001
 0.3636364    0.1979077148E+001    0.1862353516E+001
 0.3737374    0.1891821289E+001    0.1817456055E+001
 0.3838384    0.1829370117E+001    0.1811743164E+001
 0.3939394    0.1758520508E+001    0.1747778320E+001
 0.4040404    0.1672436523E+001    0.1722363281E+001
 0.4141414    0.1555444336E+001    0.1680004883E+001
 0.4242424    0.1455493164E+001    0.1686035156E+001
 0.4343434    0.1419628906E+001    0.1633740234E+001
 0.4444444    0.1317333984E+001    0.1593505859E+001
 0.4545455    0.1238720703E+001    0.1529003906E+001
 0.4646465    0.1141406250E+001    0.1507299805E+001
 0.4747475    0.1061596680E+001    0.1468066406E+001
 0.4848485    0.9790283203E+000    0.1425097656E+001
 0.4949495    0.8927246094E+000    0.1381005859E+001
 0.5050505    0.8056152344E+000    0.1361108398E+001
 0.5151515    0.8259033203E+000    0.1367016602E+001
 0.5252525    0.8328613281E+000    0.1379321289E+001
 0.5353535    0.8092773437E+000    0.1366699219E+001
 0.5454545    0.8358642578E+000    0.1364770508E+001
 0.5555556    0.8074951172E+000    0.1359326172E+001
 0.5656566    0.8022705078E+000    0.1388378906E+001
 0.5757576    0.7906738281E+000    0.1360961914E+001
 0.5858586    0.8120117187E+000    0.1374780273E+001
 0.5959596    0.7774414062E+000    0.1356787109E+001
 0.6060606    0.7881103516E+000    0.1368066406E+001
 0.6161616    0.7795898437E+000    0.1358959961E+001
 0.6262626    0.7760742187E+000    0.1355932617E+001
 0.6363636    0.7629150391E+000    0.1386376953E+001
 0.6464646    0.7460205078E+000    0.1346582031E+001
 0.6565657    0.7228027344E+000    0.1347998047E+001
 0.6666667    0.7502685547E+000    0.1340209961E+001
 0.6767677    0.7122070312E+000    0.1389990234E+001
 0.6868687    0.7069091797E+000    0.1362158203E+001
 0.6969697    0.6890136719E+000    0.1365234375E+001
 0.7070707    0.6710205078E+000    0.1324682617E+001
 0.7171717    0.6557373047E+000    0.1330859375E+001
 0.7272727    0.6570800781E+000    0.1348657227E+001
 0.7373737    0.6259277344E+000    0.1324047852E+001
 0.7474747    0.5971923828E+000    0.1325366211E+001
 0.7575758    0.5760498047E+000    0.1309863281E+001
 0.7676768    0.5711181641E+000    0.1316333008E+001
 0.7777778    0.5388916016E+000    0.1291040039E+001
 0.7878788    0.5239990234E+000    0.1291210937E+001
 0.7979798    0.5198974609E+000    0.1316186523E+001
 0.8080808    0.5131347656E+000    0.1313818359E+001
 0.8181818    0.4785644531E+000    0.1299267578E+001
 0.8282828    0.4517578125E+000    0.1283300781E+001
 0.8383838    0.4033447266E+000    0.1250000000E+001
 0.8484848    0.4077880859E+000    0.1271508789E+001
 0.8585859    0.3979248047E+000    0.1277636719E+001
 0.8686869    0.3555664062E+000    0.1266601562E+001
 0.8787879    0.3234130859E+000    0.1245751953E+001
 0.8888889    0.2882812500E+000    0.1230419922E+001
 0.8989899    0.2938476562E+000    0.1235180664E+001
 0.9090909    0.2490234375E+000    0.1233496094E+001
 0.9191919    0.2224365234E+000    0.1218994141E+001
 0.9292929    0.1891357422E+000    0.1205981445E+001
 0.9393939    0.1659912109E+000    0.1210742187E+001
 0.9494949    0.1372802734E+000    0.1195068359E+001
 0.9595960    0.9467773437E-001    0.1187939453E+001
 0.9696970    0.7673339844E-001    0.1195800781E+001
 0.9797980    0.7480468750E-001    0.1204833984E+001
 0.9898990    0.0000000000E+000    0.1178149414E+001
 1.0000000    0.1611328125E-002    0.1175805664E+001


