# Lambda, (Probability, Probability_biased(/observed)) per Fractional
 0.0000000   0.1452484733E+000   0.1044882192E+001   0.7318951391E+000   0.1048805154E+001
 0.0101010   0.1421603276E+000   0.9969028070E+000   0.7082592066E+000   0.9817457437E+000
 0.0202020   0.1430927145E+000   0.1037284632E+001   0.7283493376E+000   0.1035715480E+001
 0.0303030   0.1384632895E+000   0.1026917128E+001   0.7261569410E+000   0.1013724826E+001
 0.0404040   0.1322685156E+000   0.1034910394E+001   0.7270957070E+000   0.1015215035E+001
 0.0505051   0.1237075723E+000   0.1036414078E+001   0.7105158492E+000   0.9932042436E+000
 0.0606061   0.1125608893E+000   0.1013304832E+001   0.7406042396E+000   0.1053114678E+001
 0.0707071   0.1067064704E+000   0.1039401660E+001   0.7429674832E+000   0.1042099213E+001
 0.0808081   0.9198976298E-001   0.9813515506E+000   0.7071492326E+000   0.9860351295E+000
 0.0909091   0.8429248257E-001   0.1009842402E+001   0.7393159878E+000   0.1036017549E+001
 0.1010101   0.7704805713E-001   0.1007032888E+001   0.7296828315E+000   0.1019645387E+001
 0.1111111   0.7150988096E-001   0.1028816518E+001   0.7424413525E+000   0.1040508314E+001
 0.1212121   0.7010414272E-001   0.1047276215E+001   0.7334998450E+000   0.1025102774E+001
 0.1313131   0.6476675008E-001   0.1045871458E+001   0.7371294195E+000   0.1023552151E+001
 0.1414141   0.5764166999E-001   0.9725668714E+000   0.7288083469E+000   0.1022343873E+001
 0.1515152   0.5936525092E-001   0.1046326520E+001   0.7324031866E+000   0.9970908701E+000
 0.1616162   0.5500433862E-001   0.9800259346E+000   0.7477687186E+000   0.1019000972E+001
 0.1717172   0.5411131005E-001   0.9594887792E+000   0.7452241623E+000   0.1020954354E+001
 0.1818182   0.5597038720E-001   0.9952210554E+000   0.7593631701E+000   0.1034829409E+001
 0.1919192   0.5726075003E-001   0.9881972691E+000   0.7604519084E+000   0.1022082080E+001
 0.2020202   0.5935883290E-001   0.9945483547E+000   0.7829244166E+000   0.1018638489E+001
 0.2121212   0.6049896987E-001   0.9670467689E+000   0.7940951386E+000   0.1032876027E+001
 0.2222222   0.6271258766E-001   0.9728438658E+000   0.7802862385E+000   0.1009656958E+001
 0.2323232   0.6562359854E-001   0.9526232754E+000   0.8072227916E+000   0.1025364568E+001
 0.2424242   0.7077533507E-001   0.9505062468E+000   0.8031022908E+000   0.1011046477E+001
 0.2525253   0.7399516107E-001   0.9371709455E+000   0.8016573253E+000   0.1000051150E+001
 0.2626263   0.8456396847E-001   0.1005806198E+001   0.8223720434E+000   0.1018920420E+001
 0.2727273   0.9289261413E-001   0.1020328618E+001   0.8078506235E+000   0.9882503052E+000
 0.2828283   0.9293344566E-001   0.9445904381E+000   0.8566275250E+000   0.1026452017E+001
 0.2929293   0.1031719436E+000   0.9633073447E+000   0.8803277449E+000   0.1053436885E+001
 0.3030303   0.1139234457E+000   0.9629512090E+000   0.8549476644E+000   0.1017289245E+001
 0.3131313   0.1283164006E+000   0.9867331559E+000   0.8793009176E+000   0.1029714367E+001
 0.3232323   0.1470908816E+000   0.1050145086E+001   0.8550716321E+000   0.9829741594E+000
 0.3333333   0.1497909276E+000   0.9660772886E+000   0.8563446963E+000   0.9829741594E+000
 0.3434343   0.1656908138E+000   0.9734176399E+000   0.8783699992E+000   0.9705691753E+000
 0.3535354   0.1825000786E+000   0.9579059541E+000   0.9295822814E+000   0.1033741959E+001
 0.3636364   0.2021542157E+000   0.9728042952E+000   0.8658816428E+000   0.9348645702E+000
 0.3737374   0.2206918244E+000   0.9438385962E+000   0.9131377812E+000   0.9761675285E+000
 0.3838384   0.2527301050E+000   0.9619817287E+000   0.9651499740E+000   0.1032896165E+001
 0.3939394   0.2822430048E+000   0.9826375960E+000   0.9661495437E+000   0.1013402619E+001
 0.4040404   0.3095482425E+000   0.9660970739E+000   0.9678700198E+000   0.9928618983E+000
 0.4141414   0.3364994385E+000   0.9376260077E+000   0.9569290866E+000   0.9655749609E+000
 0.4242424   0.3702985924E+000   0.9265066615E+000   0.9794306625E+000   0.9847664379E+000
 0.4343434   0.4475597791E+000   0.9915409871E+000   0.1021499414E+001   0.1014651172E+001
 0.4444444   0.4706007612E+000   0.9457973422E+000   0.1019028766E+001   0.9905057568E+000
 0.4545455   0.5478248761E+000   0.9678777521E+000   0.1030268169E+001   0.9791882227E+000
 0.4646465   0.6014590733E+000   0.9490421336E+000   0.1018051882E+001   0.9663603414E+000
 0.4747475   0.7038962485E+000   0.9770383522E+000   0.1043690640E+001   0.9700053124E+000
 0.4848485   0.7774114100E+000   0.9701728485E+000   0.1064832954E+001   0.9730058686E+000
 0.4949495   0.8937220824E+000   0.9782650417E+000   0.1093840311E+001   0.9859545776E+000
 0.5050505   0.9635016913E+000   0.9856647489E+000   0.1111262259E+001   0.9941104519E+000
 0.5151515   0.9498200343E+000   0.9850711895E+000   0.1102769363E+001   0.9888141681E+000
 0.5252525   0.9295347185E+000   0.9559472080E+000   0.1116308180E+001   0.9953187296E+000
 0.5353535   0.9924851208E+000   0.1014274312E+001   0.1088025524E+001   0.9635410269E+000
 0.5454545   0.9707649881E+000   0.9928072471E+000   0.1123319371E+001   0.1010824960E+001
 0.5555556   0.9795390562E+000   0.9913233486E+000   0.1130100344E+001   0.1001883705E+001
 0.5656566   0.9911909589E+000   0.9917586255E+000   0.1112430911E+001   0.9976950090E+000
 0.5757576   0.1018692490E+001   0.1021357455E+001   0.1094714836E+001   0.9779396691E+000
 0.5858586   0.1032858325E+001   0.1026818201E+001   0.1105225382E+001   0.9877871321E+000
 0.5959596   0.1021955611E+001   0.1000820299E+001   0.1081317293E+001   0.9512971465E+000
 0.6060606   0.1024262285E+001   0.9741496965E+000   0.1075755621E+001   0.9500083170E+000
 0.6161616   0.1016340924E+001   0.9769987816E+000   0.1126747833E+001   0.1002971155E+001
 0.6262626   0.1054621291E+001   0.9803820702E+000   0.1084550645E+001   0.9613258511E+000
 0.6363636   0.1070239254E+001   0.9897207382E+000   0.1127429995E+001   0.1001380256E+001
 0.6464646   0.1098088228E+001   0.9930051003E+000   0.1129774168E+001   0.1005669642E+001
 0.6565657   0.1107472256E+001   0.9889688963E+000   0.1059413794E+001   0.9235671740E+000
 0.6666667   0.1166700827E+001   0.1018884290E+001   0.1108878470E+001   0.9795104301E+000
 0.6767677   0.1130219635E+001   0.9713995379E+000   0.1141818837E+001   0.1010140269E+001
 0.6868687   0.1224149200E+001   0.1016628765E+001   0.1119426145E+001   0.9802555346E+000
 0.6969697   0.1252105636E+001   0.1029924495E+001   0.1112994855E+001   0.9627959223E+000
 0.7070707   0.1273863284E+001   0.1014254527E+001   0.1114389659E+001   0.9732072482E+000
 0.7171717   0.1320114443E+001   0.1023454698E+001   0.1179433152E+001   0.1023149392E+001
 0.7272727   0.1372585330E+001   0.1038115615E+001   0.1159164273E+001   0.1006112677E+001
 0.7373737   0.1377284995E+001   0.1015718640E+001   0.1180060556E+001   0.1025646499E+001
 0.7474747   0.1441762053E+001   0.1027075410E+001   0.1178546696E+001   0.1013684550E+001
 0.7575758   0.1416945877E+001   0.9820638219E+000   0.1117178309E+001   0.9628160603E+000
 0.7676768   0.1539649219E+001   0.1049591097E+001   0.1180233285E+001   0.1020390491E+001
 0.7777778   0.1575487053E+001   0.1014373239E+001   0.1146681551E+001   0.9729051788E+000
 0.7878788   0.1584560895E+001   0.1000879655E+001   0.1199967083E+001   0.1025163188E+001
 0.7979798   0.1692806374E+001   0.1021792731E+001   0.1174009175E+001   0.1001662187E+001
 0.8080808   0.1730556342E+001   0.1023692122E+001   0.1167386728E+001   0.9919154141E+000
 0.8181818   0.1886833954E+001   0.1077567530E+001   0.1218322987E+001   0.1040629142E+001
 0.8282828   0.1787046722E+001   0.9752576740E+000   0.1155878086E+001   0.9686762070E+000
 0.8383838   0.1951336146E+001   0.1023514054E+001   0.1179932866E+001   0.9886933403E+000
 0.8484848   0.1983933347E+001   0.1007309882E+001   0.1164895510E+001   0.9847865759E+000
 0.8585859   0.2086505710E+001   0.1021357455E+001   0.1160425045E+001   0.9807992596E+000
 0.8686869   0.2211826531E+001   0.1033426496E+001   0.1200985567E+001   0.1002064947E+001
 0.8787879   0.2380281861E+001   0.1059562895E+001   0.1210449572E+001   0.9988227348E+000
 0.8888889   0.2392825155E+001   0.1021238743E+001   0.1198669097E+001   0.9854712666E+000
 0.8989899   0.2544054865E+001   0.1026837986E+001   0.1206708516E+001   0.9923987252E+000
 0.9090909   0.2642411381E+001   0.1029113297E+001   0.1222304487E+001   0.1009898613E+001
 0.9191919   0.2652337838E+001   0.9841412798E+000   0.1193031851E+001   0.9810207771E+000
 0.9292929   0.2877324697E+001   0.1006597611E+001   0.1209945411E+001   0.9874045108E+000
 0.9393939   0.3026123122E+001   0.1013324617E+001   0.1212332593E+001   0.9763890461E+000
 0.9494949   0.3265089853E+001   0.1042112248E+001   0.1253606665E+001   0.1015637932E+001
 0.9595960   0.3522488409E+001   0.1061719494E+001   0.1281233996E+001   0.1027781123E+001
 0.9696970   0.3603396006E+001   0.1035187389E+001   0.1247867897E+001   0.1003474604E+001
 0.9797980   0.3695473720E+001   0.9913629192E+000   0.1215660834E+001   0.9563719127E+000
 0.9898990   0.4058211719E+001   0.1048977752E+001   0.1267513899E+001   0.1009153509E+001
 1.0000000   0.4198588875E+001   0.1055210126E+001   0.1275994584E+001   0.1014087309E+001


 0.0000000   0.1482665288E+000   0.1051964718E+001   0.7410541403E+000   0.1060483039E+001
 0.0101010   0.1469975605E+000   0.1016685978E+001   0.7330777511E+000   0.1014763122E+001
 0.0202020   0.1471603475E+000   0.1052139992E+001   0.7489897273E+000   0.1063614960E+001
 0.0303030   0.1387278261E+000   0.1014767702E+001   0.7238913212E+000   0.1009185026E+001
 0.0404040   0.1300793904E+000   0.1003822821E+001   0.7222143942E+000   0.1007025433E+001
 0.0505051   0.1230591919E+000   0.1016841777E+001   0.7137316476E+000   0.9963400526E+000
 0.0606061   0.1166203233E+000   0.1035450022E+001   0.7475243856E+000   0.1061506542E+001
 0.0707071   0.1064928008E+000   0.1023093212E+001   0.7413957255E+000   0.1038477706E+001
 0.0808081   0.9585907386E-001   0.1008603903E+001   0.7362421167E+000   0.1025202861E+001
 0.0909091   0.8810654960E-001   0.1041058787E+001   0.7298028167E+000   0.1021293076E+001
 0.1010101   0.7870742211E-001   0.1014611903E+001   0.7290574159E+000   0.1017383292E+001
 0.1111111   0.7275562144E-001   0.1032382729E+001   0.7385370886E+000   0.1033626298E+001
 0.1212121   0.6945356375E-001   0.1023326911E+001   0.7363984235E+000   0.1027751386E+001
 0.1313131   0.6493908596E-001   0.1034271792E+001   0.7383808246E+000   0.1023892776E+001
 0.1414141   0.6089548200E-001   0.1013375248E+001   0.7395664197E+000   0.1036021297E+001
 0.1515152   0.5854282406E-001   0.1017679196E+001   0.7446019250E+000   0.1012316948E+001
 0.1616162   0.5768140830E-001   0.1013628422E+001   0.7656581529E+000   0.1041957619E+001
 0.1717172   0.5730527232E-001   0.1002186931E+001   0.7507751893E+000   0.1027157753E+001
 0.1818182   0.5723586363E-001   0.1003764396E+001   0.7550854810E+000   0.1027597860E+001
 0.1919192   0.5919413270E-001   0.1007552260E+001   0.7593841843E+000   0.1019256304E+001
 0.2020202   0.6079088662E-001   0.1004572604E+001   0.7820183009E+000   0.1016073207E+001
 0.2121212   0.6232342608E-001   0.9825465174E+000   0.8042426018E+000   0.1044649434E+001
 0.2222222   0.6569790558E-001   0.1005176325E+001   0.8001932856E+000   0.1034004994E+001
 0.2323232   0.6833030640E-001   0.9783107316E+000   0.8138769902E+000   0.1032408328E+001
 0.2424242   0.7419903771E-001   0.9828191657E+000   0.8079602974E+000   0.1015776391E+001
 0.2525253   0.7845161394E-001   0.9799855711E+000   0.8203773442E+000   0.1022009529E+001
 0.2626263   0.8812413099E-001   0.1033775183E+001   0.8309787469E+000   0.1028181257E+001
 0.2727273   0.9768978770E-001   0.1058303791E+001   0.8179878063E+000   0.9992877437E+000
 0.2828283   0.9770215661E-001   0.9794402745E+000   0.8478227548E+000   0.1014517481E+001
 0.2929293   0.1080873955E+000   0.9953609868E+000   0.8789032182E+000   0.1050299175E+001
 0.3030303   0.1181548352E+000   0.9850198269E+000   0.8597076130E+000   0.1021559187E+001
 0.3131313   0.1311266516E+000   0.9945138296E+000   0.8620972513E+000   0.1008192227E+001
 0.3232323   0.1458573826E+000   0.1027056350E+001   0.8631646751E+000   0.9909257173E+000
 0.3333333   0.1549987736E+000   0.9859546210E+000   0.8815482458E+000   0.1010525816E+001
 0.3434343   0.1747245277E+000   0.1012411242E+001   0.8941021666E+000   0.9866065310E+000
 0.3535354   0.1883418511E+000   0.9750097399E+000   0.9281382666E+000   0.1030729782E+001
 0.3636364   0.2076847963E+000   0.9857111850E+000   0.9058444753E+000   0.9766785437E+000
 0.3737374   0.2321202460E+000   0.9790994641E+000   0.9318797187E+000   0.9948457370E+000
 0.3838384   0.2628455525E+000   0.9867628284E+000   0.9534360735E+000   0.1018969723E+001
 0.3939394   0.2944388413E+000   0.1011038263E+001   0.9724796469E+000   0.1018652436E+001
 0.4040404   0.3239132856E+000   0.9970650386E+000   0.9854442857E+000   0.1009512547E+001
 0.4141414   0.3569502598E+000   0.9809690524E+000   0.9829154039E+000   0.9904446705E+000
 0.4242424   0.3936665464E+000   0.9714653122E+000   0.9904588155E+000   0.9944977457E+000
 0.4343434   0.4434594412E+000   0.9689822653E+000   0.1002668912E+001   0.9945898610E+000
 0.4444444   0.4889151795E+000   0.9691283269E+000   0.1023424574E+001   0.9934230666E+000
 0.4545455   0.5717402157E+000   0.9962763061E+000   0.1029288507E+001   0.9769241847E+000
 0.4646465   0.6351497455E+000   0.9884571428E+000   0.1036696276E+001   0.9827172164E+000
 0.4747475   0.7097133487E+000   0.9716016363E+000   0.1071040457E+001   0.9940678741E+000
 0.4848485   0.7875949881E+000   0.9694009752E+000   0.1083624302E+001   0.9888275344E+000
 0.4949495   0.8845363971E+000   0.9549311412E+000   0.1124426399E+001   0.1012142952E+001
 0.5050505   0.9517767544E+000   0.9603159448E+000   0.1124955253E+001   0.1004988660E+001
 0.5151515   0.9722215049E+000   0.9944748799E+000   0.1115604786E+001   0.9989602224E+000
 0.5252525   0.9442623239E+000   0.9577744733E+000   0.1100517603E+001   0.9799025809E+000
 0.5353535   0.9635345991E+000   0.9711829265E+000   0.1082295175E+001   0.9571603254E+000
 0.5454545   0.9782237789E+000   0.9867141412E+000   0.1144018191E+001   0.1028048202E+001
 0.5555556   0.9862307365E+000   0.9844063682E+000   0.1123126331E+001   0.9943442201E+000
 0.5656566   0.9869860732E+000   0.9740067837E+000   0.1109487575E+001   0.9936994127E+000
 0.5757576   0.1015510392E+001   0.1004202581E+001   0.1104064906E+001   0.9849484548E+000
 0.5858586   0.1023371723E+001   0.1003433324E+001   0.1087395164E+001   0.9705272856E+000
 0.5959596   0.1022046486E+001   0.9871815383E+000   0.1097970666E+001   0.9646319035E+000
 0.6060606   0.1038249525E+001   0.9739094093E+000   0.1091077922E+001   0.9622266695E+000
 0.6161616   0.1025346489E+001   0.9721371954E+000   0.1121873352E+001   0.9972714411E+000
 0.6262626   0.1055621308E+001   0.9678527224E+000   0.1099547439E+001   0.9732907460E+000
 0.6363636   0.1082113856E+001   0.9869770521E+000   0.1125005238E+001   0.9978650733E+000
 0.6464646   0.1108007974E+001   0.9882331817E+000   0.1124170973E+001   0.9993184488E+000
 0.6565657   0.1143950169E+001   0.1007532785E+001   0.1085926209E+001   0.9453900312E+000
 0.6666667   0.1146344178E+001   0.9873762871E+000   0.1106032519E+001   0.9756652749E+000
 0.6767677   0.1140454354E+001   0.9667523918E+000   0.1130386122E+001   0.9986634063E+000
 0.6868687   0.1217976964E+001   0.9976298100E+000   0.1113328487E+001   0.9735875621E+000
 0.6969697   0.1238291893E+001   0.1004592079E+001   0.1124055528E+001   0.9710390376E+000
 0.7070707   0.1277177647E+001   0.1002946452E+001   0.1123927587E+001   0.9801993970E+000
 0.7171717   0.1319610451E+001   0.1009032351E+001   0.1158519586E+001   0.1003637635E+001
 0.7272727   0.1346470603E+001   0.1004397330E+001   0.1141488984E+001   0.9894211666E+000
 0.7373737   0.1376521818E+001   0.1001232662E+001   0.1144321271E+001   0.9932286009E+000
 0.7474747   0.1426429627E+001   0.1002216144E+001   0.1156935253E+001   0.9937403528E+000
 0.7575758   0.1423424667E+001   0.9730233024E+000   0.1115353962E+001   0.9599340208E+000
 0.7676768   0.1522880237E+001   0.1023920895E+001   0.1165782994E+001   0.1006523916E+001
 0.7777778   0.1557304829E+001   0.9889148024E+000   0.1144424983E+001   0.9696675424E+000
 0.7878788   0.1577636670E+001   0.9828386406E+000   0.1167256623E+001   0.9958590058E+000
 0.7979798   0.1666877612E+001   0.9923423808E+000   0.1135705749E+001   0.9676614749E+000
 0.8080808   0.1727024305E+001   0.1007591210E+001   0.1158670136E+001   0.9831675581E+000
 0.8181818   0.1864886608E+001   0.1050426203E+001   0.1186385435E+001   0.1011968956E+001
 0.8282828   0.1822870200E+001   0.9811638011E+000   0.1150604835E+001   0.9629431222E+000
 0.8383838   0.1947127617E+001   0.1007299087E+001   0.1166279337E+001   0.9759211509E+000
 0.8484848   0.1976402285E+001   0.9897230098E+000   0.1162215245E+001   0.9811819607E+000
 0.8585859   0.2138155456E+001   0.1032285354E+001   0.1158011521E+001   0.9774257016E+000
 0.8686869   0.2222569400E+001   0.1024203280E+001   0.1194082961E+001   0.9949480874E+000
 0.8787879   0.2336879564E+001   0.1025975494E+001   0.1203586047E+001   0.9918059306E+000
 0.8888889   0.2427544381E+001   0.1021846820E+001   0.1208207219E+001   0.9919594561E+000
 0.8989899   0.2559165085E+001   0.1018769790E+001   0.1198286478E+001   0.9841296517E+000
 0.9090909   0.2597193793E+001   0.9976298100E+000   0.1194341088E+001   0.9854499717E+000
 0.9191919   0.2683586307E+001   0.9820791204E+000   0.1177792809E+001   0.9671701930E+000
 0.9292929   0.2850961653E+001   0.9836955352E+000   0.1187546401E+001   0.9678047654E+000
 0.9393939   0.3042913382E+001   0.1004971839E+001   0.1206685833E+001   0.9705170506E+000
 0.9494949   0.3205965593E+001   0.1009207625E+001   0.1213223296E+001   0.9815811272E+000
 0.9595960   0.3447336590E+001   0.1024816739E+001   0.1256983330E+001   0.1006953787E+001
 0.9696970   0.3604256675E+001   0.1021233362E+001   0.1233854889E+001   0.9908540720E+000
 0.9797980   0.3690355650E+001   0.9764119310E+000   0.1202741942E+001   0.9449192194E+000
 0.9898990   0.4021668168E+001   0.1025274399E+001   0.1230368133E+001   0.9782445046E+000
 1.0000000   0.4112872263E+001   0.1019490360E+001   0.1263460095E+001   0.1002757422E+001


 0.0000000   0.1452410915E+000   0.1033850886E+001   0.7369349745E+000   0.1055068921E+001
 0.0101010   0.1458879593E+000   0.1012293624E+001   0.7382027908E+000   0.1022323144E+001
 0.0202020   0.1416828248E+000   0.1016272740E+001   0.7369543956E+000   0.1047000919E+001
 0.0303030   0.1365953482E+000   0.1002419048E+001   0.7244193393E+000   0.1010381387E+001
 0.0404040   0.1279073222E+000   0.9902716011E+000   0.7213444178E+000   0.1006270747E+001
 0.0505051   0.1222452059E+000   0.1013401410E+001   0.7206069744E+000   0.1006396156E+001
 0.0606061   0.1150413492E+000   0.1024753034E+001   0.7410782719E+000   0.1052832454E+001
 0.0707071   0.1045792098E+000   0.1007977078E+001   0.7337610981E+000   0.1028252220E+001
 0.0808081   0.9411075535E-001   0.9934294280E+000   0.7339746719E+000   0.1022511258E+001
 0.0909091   0.8568113608E-001   0.1015693381E+001   0.7252794883E+000   0.1015425630E+001
 0.1010101   0.7675233164E-001   0.9926272381E+000   0.7205361310E+000   0.1005950256E+001
 0.1111111   0.7270247109E-001   0.1034984138E+001   0.7402987894E+000   0.1036564073E+001
 0.1212121   0.6695384881E-001   0.9897049749E+000   0.7268162821E+000   0.1014840386E+001
 0.1313131   0.6329210535E-001   0.1011319536E+001   0.7346229768E+000   0.1019146107E+001
 0.1414141   0.5964826397E-001   0.9958487309E+000   0.7307828602E+000   0.1024183383E+001
 0.1515152   0.5693298366E-001   0.9929137345E+000   0.7529767915E+000   0.1024169449E+001
 0.1616162   0.5725112318E-001   0.1009339528E+001   0.7616549086E+000   0.1036982105E+001
 0.1717172   0.5593163309E-001   0.9813456468E+000   0.7488862391E+000   0.1025040347E+001
 0.1818182   0.5663947772E-001   0.9965363223E+000   0.7587376536E+000   0.1033038677E+001
 0.1919192   0.5874448948E-001   0.1003151206E+001   0.7624013409E+000   0.1023772319E+001
 0.2020202   0.6028993295E-001   0.9995349845E+000   0.7796309870E+000   0.1013433014E+001
 0.2121212   0.6159420559E-001   0.9742087033E+000   0.8002278874E+000   0.1039908323E+001
 0.2222222   0.6516964212E-001   0.1000337174E+001   0.7877045160E+000   0.1018330946E+001
 0.2323232   0.6831650878E-001   0.9812947141E+000   0.8077279616E+000   0.1025075183E+001
 0.2424242   0.7422319712E-001   0.9863370507E+000   0.8049093490E+000   0.1012401871E+001
 0.2525253   0.7683355231E-001   0.9628952791E+000   0.8206018618E+000   0.1022755110E+001
 0.2626263   0.8760033577E-001   0.1030973189E+001   0.8136824962E+000   0.1007239185E+001
 0.2727273   0.9506050408E-001   0.1033169661E+001   0.8236992135E+000   0.1006723614E+001
 0.2828283   0.9724503243E-001   0.9780286552E+000   0.8374751452E+000   0.1002592072E+001
 0.2929293   0.1066961273E+000   0.9857449581E+000   0.8721368330E+000   0.1042688230E+001
 0.3030303   0.1165446120E+000   0.9747562298E+000   0.8609608019E+000   0.1023514533E+001
 0.3131313   0.1299113856E+000   0.9885016901E+000   0.8599550700E+000   0.1006145337E+001
 0.3232323   0.1481541307E+000   0.1046622258E+001   0.8619675536E+000   0.9900023661E+000
 0.3333333   0.1588369782E+000   0.1013656073E+001   0.8882562729E+000   0.1018679306E+001
 0.3434343   0.1722113515E+000   0.1001094798E+001   0.9004692127E+000   0.9940851373E+000
 0.3535354   0.1888224347E+000   0.9806771552E+000   0.9254729964E+000   0.1028238286E+001
 0.3636364   0.2081617262E+000   0.9911883896E+000   0.9059573980E+000   0.9772454476E+000
 0.3737374   0.2330689345E+000   0.9862988511E+000   0.9342852195E+000   0.9978683196E+000
 0.3838384   0.2592991050E+000   0.9766152730E+000   0.9386813725E+000   0.1003658052E+001
 0.3939394   0.2935732596E+000   0.1011345003E+001   0.9708323613E+000   0.1017390376E+001
 0.4040404   0.3241288227E+000   0.1000973833E+001   0.9787256533E+000   0.1003086742E+001
 0.4141414   0.3567146588E+000   0.9835102862E+000   0.9837152300E+000   0.9917023596E+000
 0.4242424   0.3948458101E+000   0.9775447947E+000   0.9935641379E+000   0.9980703680E+000
 0.4343434   0.4454832960E+000   0.9765707069E+000   0.1001064715E+001   0.9934511234E+000
 0.4444444   0.4946645037E+000   0.9837140170E+000   0.1034265321E+001   0.1004403541E+001
 0.4545455   0.5698895963E+000   0.9962816588E+000   0.1034433492E+001   0.9822548547E+000
 0.4646465   0.6376411735E+000   0.9955622345E+000   0.1045632291E+001   0.9916396549E+000
 0.4747475   0.7173020109E+000   0.9851846985E+000   0.1073805073E+001   0.9970879947E+000
 0.4848485   0.7933482304E+000   0.9796585014E+000   0.1080792539E+001   0.9866929525E+000
 0.4949495   0.8978389139E+000   0.9724451589E+000   0.1115761113E+001   0.1004800670E+001
 0.5050505   0.9766738432E+000   0.9886417550E+000   0.1123070982E+001   0.1003762559E+001
 0.5151515   0.9755760308E+000   0.1001152097E+001   0.1115285434E+001   0.9991293804E+000
 0.5252525   0.9641076390E+000   0.9810846168E+000   0.1106723935E+001   0.9858777916E+000
 0.5353535   0.9747796833E+000   0.9857131252E+000   0.1101557741E+001   0.9746397198E+000
 0.5454545   0.9888728367E+000   0.1000700070E+001   0.1143909992E+001   0.1028419432E+001
 0.5555556   0.9892081416E+000   0.9905899305E+000   0.1120292809E+001   0.9922876032E+000
 0.5656566   0.9890186975E+000   0.9791873740E+000   0.1110299064E+001   0.9948793966E+000
 0.5757576   0.1019770319E+001   0.1011695165E+001   0.1119669241E+001   0.9993244616E+000
 0.5858586   0.1028562486E+001   0.1011803397E+001   0.1098036154E+001   0.9804712549E+000
 0.5959596   0.1027939840E+001   0.9961033944E+000   0.1107112648E+001   0.9731069388E+000
 0.6060606   0.1049475905E+001   0.9876422009E+000   0.1107074027E+001   0.9767786461E+000
 0.6161616   0.1043135250E+001   0.9922197766E+000   0.1113901657E+001   0.9906363800E+000
 0.6262626   0.1076156146E+001   0.9898896059E+000   0.1109247585E+001   0.9823245265E+000
 0.6363636   0.1082254564E+001   0.9903161672E+000   0.1125046030E+001   0.9983560227E+000
 0.6464646   0.1112663239E+001   0.9956131672E+000   0.1124519571E+001   0.1000083885E+001
 0.6565657   0.1150125228E+001   0.1016266374E+001   0.1101991637E+001   0.9598135469E+000
 0.6666667   0.1156270692E+001   0.9991657225E+000   0.1117361051E+001   0.9861077088E+000
 0.6767677   0.1167840550E+001   0.9931874978E+000   0.1135474776E+001   0.1003616248E+001
 0.6868687   0.1203950377E+001   0.9893484461E+000   0.1120171853E+001   0.9800183878E+000
 0.6969697   0.1241009572E+001   0.1010071685E+001   0.1121994148E+001   0.9696999846E+000
 0.7070707   0.1280739391E+001   0.1009014832E+001   0.1126873351E+001   0.9832163264E+000
 0.7171717   0.1317060342E+001   0.1010358182E+001   0.1153513744E+001   0.9997564272E+000
 0.7272727   0.1344251237E+001   0.1006003436E+001   0.1143302346E+001   0.9914445737E+000
 0.7373737   0.1369366016E+001   0.9992675879E+000   0.1137573365E+001   0.9878216367E+000
 0.7474747   0.1428604839E+001   0.1007009357E+001   0.1145029039E+001   0.9839618154E+000
 0.7575758   0.1424734266E+001   0.9770864004E+000   0.1120604713E+001   0.9648926259E+000
 0.7676768   0.1518704507E+001   0.1024434704E+001   0.1154973275E+001   0.9976453696E+000
 0.7777778   0.1557453441E+001   0.9922261432E+000   0.1138821455E+001   0.9653594274E+000
 0.7878788   0.1576163292E+001   0.9851146660E+000   0.1161414310E+001   0.9913261315E+000
 0.7979798   0.1664103467E+001   0.9939132886E+000   0.1129005964E+001   0.9623914059E+000
 0.8080808   0.1740553430E+001   0.1018787542E+001   0.1166800874E+001   0.9905179379E+000
 0.8181818   0.1840786159E+001   0.1040223839E+001   0.1174432458E+001   0.1002229778E+001
 0.8282828   0.1837162887E+001   0.9920733451E+000   0.1163118448E+001   0.9738593949E+000
 0.8383838   0.1924370911E+001   0.9987646276E+000   0.1158857785E+001   0.9701528517E+000
 0.8484848   0.1982086009E+001   0.9957977982E+000   0.1159268844E+001   0.9791405223E+000
 0.8585859   0.2144931297E+001   0.1038925055E+001   0.1168004677E+001   0.9863097572E+000
 0.8686869   0.2208468989E+001   0.1021015847E+001   0.1189478308E+001   0.9915630158E+000
 0.8787879   0.2315990455E+001   0.1020111792E+001   0.1205320711E+001   0.9936880077E+000
 0.8888889   0.2415158370E+001   0.1019939894E+001   0.1209379581E+001   0.9933744843E+000
 0.8989899   0.2521979163E+001   0.1007232188E+001   0.1200054771E+001   0.9860310698E+000
 0.9090909   0.2579410003E+001   0.9940215206E+000   0.1190449700E+001   0.9826868202E+000
 0.9191919   0.2690419292E+001   0.9877822658E+000   0.1179572359E+001   0.9690729378E+000
 0.9292929   0.2848595130E+001   0.9860760206E+000   0.1178246798E+001   0.9606635437E+000
 0.9393939   0.3040023273E+001   0.1007283120E+001   0.1216454922E+001   0.9788200317E+000
 0.9494949   0.3213668628E+001   0.1014923024E+001   0.1226448587E+001   0.9927335032E+000
 0.9595960   0.3446939751E+001   0.1028031826E+001   0.1246474109E+001   0.9989900366E+000
 0.9696970   0.3592836116E+001   0.1021308710E+001   0.1238970811E+001   0.9954158700E+000
 0.9797980   0.3706211480E+001   0.9837967826E+000   0.1222030122E+001   0.9605102656E+000
 0.9898990   0.3983441082E+001   0.1018832108E+001   0.1224478842E+001   0.9740057058E+000
 1.0000000   0.4091104832E+001   0.1017393260E+001   0.1261640927E+001   0.1001769944E+001


 0.0000000   0.1449410364E+000   0.1030807631E+001   0.7351403537E+000   0.1053429407E+001
 0.0101010   0.1458068874E+000   0.1010841244E+001   0.7357273888E+000   0.1019795161E+001
 0.0202020   0.1401165394E+000   0.1004154028E+001   0.7258640894E+000   0.1032155838E+001
 0.0303030   0.1338581667E+000   0.9814679820E+000   0.7126642862E+000   0.9948642146E+000
 0.0404040   0.1264674104E+000   0.9782625004E+000   0.7188504107E+000   0.1003677550E+001
 0.0505051   0.1223226186E+000   0.1013151286E+001   0.7153570819E+000   0.9999468161E+000
 0.0606061   0.1131507973E+000   0.1007026101E+001   0.7359834601E+000   0.1046518117E+001
 0.0707071   0.1034740088E+000   0.9964475357E+000   0.7264599060E+000   0.1018920115E+001
 0.0808081   0.9319087479E-001   0.9828540075E+000   0.7283537700E+000   0.1015577125E+001
 0.0909091   0.8557530547E-001   0.1013546613E+001   0.7174932051E+000   0.1005411923E+001
 0.1010101   0.7725967675E-001   0.9983098586E+000   0.7189111529E+000   0.1004568316E+001
 0.1111111   0.7220393303E-001   0.1026982963E+001   0.7283901897E+000   0.1020790722E+001
 0.1212121   0.6612772420E-001   0.9766335632E+000   0.7227988242E+000   0.1010122499E+001
 0.1313131   0.6259198319E-001   0.9992529275E+000   0.7233135546E+000   0.1004343004E+001
 0.1414141   0.5987801153E-001   0.9988052079E+000   0.7336435954E+000   0.1029101037E+001
 0.1515152   0.5709898129E-001   0.9949329099E+000   0.7505885214E+000   0.1021822961E+001
 0.1616162   0.5723994786E-001   0.1008254949E+001   0.7556528721E+000   0.1029719333E+001
 0.1717172   0.5608593292E-001   0.9831874157E+000   0.7504778924E+000   0.1028126435E+001
 0.1818182   0.5631091941E-001   0.9898841573E+000   0.7525983463E+000   0.1025585134E+001
 0.1919192   0.5876480833E-001   0.1002615587E+001   0.7510265530E+000   0.1009388927E+001
 0.2020202   0.6055716445E-001   0.1003082359E+001   0.7745819417E+000   0.1007759351E+001
 0.2121212   0.6233987795E-001   0.9851354721E+000   0.7913172264E+000   0.1029237272E+001
 0.2222222   0.6525693666E-001   0.1000796131E+001   0.7850145894E+000   0.1015750039E+001
 0.2323232   0.6896752653E-001   0.9897746089E+000   0.8006594640E+000   0.1017002350E+001
 0.2424242   0.7436735841E-001   0.9873835959E+000   0.7929774819E+000   0.9982753214E+000
 0.2525253   0.7806800181E-001   0.9775051875E+000   0.8170720873E+000   0.1019255462E+001
 0.2626263   0.8715380522E-001   0.1024815810E+001   0.8133164441E+000   0.1007675514E+001
 0.2727273   0.9435251250E-001   0.1024572898E+001   0.8193041302E+000   0.1002236607E+001
 0.2828283   0.9901669181E-001   0.9949710137E+000   0.8338635689E+000   0.9991503672E+000
 0.2929293   0.1087492982E+000   0.1003830146E+001   0.8633008181E+000   0.1033036123E+001
 0.3030303   0.1161189238E+000   0.9703416743E+000   0.8556437342E+000   0.1018092227E+001
 0.3131313   0.1319048167E+000   0.1002787054E+001   0.8578314109E+000   0.1004547356E+001
 0.3232323   0.1476412316E+000   0.1042081591E+001   0.8625142978E+000   0.9915055058E+000
 0.3333333   0.1588468365E+000   0.1012827404E+001   0.8915347970E+000   0.1023342502E+001
 0.3434343   0.1733111809E+000   0.1006602197E+001   0.8960072014E+000   0.9900331234E+000
 0.3535354   0.1895485961E+000   0.9835827425E+000   0.9249183362E+000   0.1028529899E+001
 0.3636364   0.2080838383E+000   0.9899460760E+000   0.9089699328E+000   0.9813612621E+000
 0.3737374   0.2333109910E+000   0.9864548159E+000   0.9291994687E+000   0.9933132352E+000
 0.3838384   0.2600018065E+000   0.9784006266E+000   0.9383606610E+000   0.1004201530E+001
 0.3939394   0.2929463733E+000   0.1008297815E+001   0.9677221430E+000   0.1015026947E+001
 0.4040404   0.3264821952E+000   0.1007354747E+001   0.9790353406E+000   0.1004290606E+001
 0.4141414   0.3597436152E+000   0.9909891673E+000   0.9793854260E+000   0.9882096746E+000
 0.4242424   0.4011908205E+000   0.9923799558E+000   0.9945482531E+000   0.9999415763E+000
 0.4343434   0.4526064010E+000   0.9913130496E+000   0.1003930162E+001   0.9971749644E+000
 0.4444444   0.4997827135E+000   0.9930181943E+000   0.1027764527E+001   0.9989722142E+000
 0.4545455   0.5721005567E+000   0.9992672164E+000   0.1033897857E+001   0.9826135732E+000
 0.4646465   0.6402325300E+000   0.9987290003E+000   0.1049138739E+001   0.9958440564E+000
 0.4747475   0.7235759998E+000   0.9929276978E+000   0.1075053787E+001   0.9991294080E+000
 0.4848485   0.8037825578E+000   0.9916702726E+000   0.1070671822E+001   0.9783169411E+000
 0.4949495   0.8978958521E+000   0.9716514922E+000   0.1118576143E+001   0.1008225693E+001
 0.5050505   0.9814181780E+000   0.9925704748E+000   0.1116466941E+001   0.9987416632E+000
 0.5151515   0.9789491989E+000   0.1003730123E+001   0.1110420742E+001   0.9956501839E+000
 0.5252525   0.9687016783E+000   0.9848925604E+000   0.1107768894E+001   0.9876804553E+000
 0.5353535   0.9812794587E+000   0.9914130720E+000   0.1100761665E+001   0.9747957986E+000
 0.5454545   0.9878880610E+000   0.9988242598E+000   0.1136425504E+001   0.1022593211E+001
 0.5555556   0.9890878926E+000   0.9895983789E+000   0.1114296204E+001   0.9878481287E+000
 0.5656566   0.1005161733E+001   0.9942946714E+000   0.1108244599E+001   0.9939158117E+000
 0.5757576   0.1019258724E+001   0.1010298265E+001   0.1124463110E+001   0.1004489719E+001
 0.5858586   0.1028973582E+001   0.1011317541E+001   0.1107461014E+001   0.9897606540E+000
 0.5959596   0.1038945769E+001   0.1005882988E+001   0.1120646353E+001   0.9858727259E+000
 0.6060606   0.1051684925E+001   0.9888505919E+000   0.1111387023E+001   0.9814503387E+000
 0.6161616   0.1042708498E+001   0.9909415376E+000   0.1115719687E+001   0.9931298424E+000
 0.6262626   0.1072961821E+001   0.9860833039E+000   0.1119093562E+001   0.9919194497E+000
 0.6363636   0.1080708143E+001   0.9880313604E+000   0.1116806010E+001   0.9919194497E+000
 0.6464646   0.1115487013E+001   0.9972620043E+000   0.1129877637E+001   0.1005736790E+001
 0.6565657   0.1141458782E+001   0.1007721496E+001   0.1117682405E+001   0.9743399364E+000
 0.6666667   0.1156683410E+001   0.9986432668E+000   0.1113273264E+001   0.9833681037E+000
 0.6767677   0.1170356587E+001   0.9944518495E+000   0.1134660269E+001   0.1003782346E+001
 0.6868687   0.1191983404E+001   0.9786530642E+000   0.1132451008E+001   0.9916365007E+000
 0.6969697   0.1232400137E+001   0.1002182157E+001   0.1134266524E+001   0.9811726295E+000
 0.7070707   0.1280992213E+001   0.1008326393E+001   0.1142918698E+001   0.9980971683E+000
 0.7171717   0.1308801505E+001   0.1003139514E+001   0.1153095575E+001   0.1000276923E+001
 0.7272727   0.1344878539E+001   0.1005587683E+001   0.1147247336E+001   0.9957445002E+000
 0.7373737   0.1382525937E+001   0.1007983459E+001   0.1143743873E+001   0.9940572862E+000
 0.7474747   0.1405424454E+001   0.9897984238E+000   0.1133276043E+001   0.9747224415E+000
 0.7575758   0.1438020497E+001   0.9853307540E+000   0.1128741624E+001   0.9727575183E+000
 0.7676768   0.1525490345E+001   0.1028107025E+001   0.1162343244E+001   0.1004898423E+001
 0.7777778   0.1551613219E+001   0.9876360335E+000   0.1136981908E+001   0.9646515549E+000
 0.7878788   0.1582313062E+001   0.9880885161E+000   0.1160243379E+001   0.9912015977E+000
 0.7979798   0.1666917837E+001   0.9947185761E+000   0.1148775970E+001   0.9801089511E+000
 0.8080808   0.1738987882E+001   0.1016975954E+001   0.1168820323E+001   0.9931088832E+000
 0.8181818   0.1836906651E+001   0.1037118572E+001   0.1173501958E+001   0.1002320443E+001
 0.8282828   0.1856360051E+001   0.1001558207E+001   0.1165109963E+001   0.9763886964E+000
 0.8383838   0.1929312050E+001   0.1000448434E+001   0.1167015553E+001   0.9778453595E+000
 0.8484848   0.2002034288E+001   0.1004935156E+001   0.1176709099E+001   0.9947489391E+000
 0.8585859   0.2137171445E+001   0.1034256025E+001   0.1178285411E+001   0.9958702553E+000
 0.8686869   0.2217639473E+001   0.1024353801E+001   0.1192422678E+001   0.9948956534E+000
 0.8787879   0.2316001200E+001   0.1019219315E+001   0.1211727584E+001   0.9998524998E+000
 0.8888889   0.2411524095E+001   0.1017509407E+001   0.1205547951E+001   0.9911020416E+000
 0.8989899   0.2519564724E+001   0.1005382875E+001   0.1205805234E+001   0.9916312609E+000
 0.9090909   0.2600228231E+001   0.1001162880E+001   0.1198905715E+001   0.9905413835E+000
 0.9191919   0.2706464001E+001   0.9927990975E+000   0.1189887904E+001   0.9784112574E+000
 0.9292929   0.2834226173E+001   0.9802391346E+000   0.1184597881E+001   0.9666950751E+000
 0.9393939   0.3026729788E+001   0.1001996401E+001   0.1220273716E+001   0.9827602875E+000
 0.9494949   0.3205403168E+001   0.1011422326E+001   0.1223940810E+001   0.9915788630E+000
 0.9595960   0.3397095359E+001   0.1012274899E+001   0.1245998330E+001   0.9994909539E+000
 0.9696970   0.3575729028E+001   0.1015551825E+001   0.1239054771E+001   0.9963627961E+000
 0.9797980   0.3713390222E+001   0.9848354047E+000   0.1231297661E+001   0.9686495187E+000
 0.9898990   0.3967904397E+001   0.1013965755E+001   0.1237007023E+001   0.9848404862E+000
 1.0000000   0.4063850596E+001   0.1009726708E+001   0.1259143125E+001   0.1000669908E+001


 0.0000000   0.1463001634E+000   0.1042012648E+001   0.7414357658E+000   0.1062180043E+001
 0.0101010   0.1468815302E+000   0.1019797680E+001   0.7358729405E+000   0.1019737258E+001
 0.0202020   0.1411878042E+000   0.1013327976E+001   0.7253797064E+000   0.1031204488E+001
 0.0303030   0.1355429214E+000   0.9952908750E+000   0.7172161829E+000   0.1000963693E+001
 0.0404040   0.1284233792E+000   0.9948618803E+000   0.7252836555E+000   0.1012402028E+001
 0.0505051   0.1231463618E+000   0.1021482740E+001   0.7182784313E+000   0.1003774774E+001
 0.0606061   0.1152192090E+000   0.1026951456E+001   0.7387905851E+000   0.1050242236E+001
 0.0707071   0.1042463792E+000   0.1005370318E+001   0.7358912342E+000   0.1031885587E+001
 0.0808081   0.9417253457E-001   0.9946763691E+000   0.7288496061E+000   0.1016009789E+001
 0.0909091   0.8713229297E-001   0.1033513916E+001   0.7239619976E+000   0.1014218292E+001
 0.1010101   0.7799012824E-001   0.1009239000E+001   0.7235316545E+000   0.1010767391E+001
 0.1111111   0.7274787783E-001   0.1036250206E+001   0.7348003955E+000   0.1029512060E+001
 0.1212121   0.6685170585E-001   0.9887863879E+000   0.7232435378E+000   0.1010486695E+001
 0.1313131   0.6247363275E-001   0.9988387771E+000   0.7287649820E+000   0.1011654883E+001
 0.1414141   0.6042294271E-001   0.1009385863E+001   0.7340293008E+000   0.1029379968E+001
 0.1515152   0.5730668704E-001   0.1000029141E+001   0.7483797612E+000   0.1018556686E+001
 0.1616162   0.5758188376E-001   0.1015778270E+001   0.7576262670E+000   0.1032145643E+001
 0.1717172   0.5640611158E-001   0.9902627480E+000   0.7521689259E+000   0.1030180775E+001
 0.1818182   0.5629074566E-001   0.9909931985E+000   0.7593325018E+000   0.1034498530E+001
 0.1919192   0.5858793947E-001   0.1001076506E+001   0.7543111940E+000   0.1013545449E+001
 0.2020202   0.6070512735E-001   0.1007020595E+001   0.7708493913E+000   0.1002647865E+001
 0.2121212   0.6167383399E-001   0.9760518158E+000   0.7866667506E+000   0.1022928103E+001
 0.2222222   0.6514911584E-001   0.1000620458E+001   0.7844196783E+000   0.1014721892E+001
 0.2323232   0.6830750242E-001   0.9817524209E+000   0.7996818943E+000   0.1015502060E+001
 0.2424242   0.7319137284E-001   0.9732073104E+000   0.7946922787E+000   0.1000179397E+001
 0.2525253   0.7726075888E-001   0.9688284727E+000   0.8149854448E+000   0.1016393681E+001
 0.2626263   0.8564325851E-001   0.1008543333E+001   0.8178592551E+000   0.1013045976E+001
 0.2727273   0.9276476762E-001   0.1008821600E+001   0.8222724886E+000   0.1005611678E+001
 0.2828283   0.9737794641E-001   0.9799514162E+000   0.8355482802E+000   0.1000914159E+001
 0.2929293   0.1077255687E+000   0.9958512735E+000   0.8587495332E+000   0.1027328415E+001
 0.3030303   0.1153948456E+000   0.9657172950E+000   0.8521885591E+000   0.1013722947E+001
 0.3131313   0.1296411418E+000   0.9870356258E+000   0.8563497886E+000   0.1002557052E+001
 0.3232323   0.1457419849E+000   0.1030197903E+001   0.8589744099E+000   0.9871848545E+000
 0.3333333   0.1561613022E+000   0.9971769057E+000   0.8855517837E+000   0.1016216182E+001
 0.3434343   0.1709118927E+000   0.9941352947E+000   0.8944304467E+000   0.9880393241E+000
 0.3535354   0.1875591835E+000   0.9746991298E+000   0.9166063059E+000   0.1019027264E+001
 0.3636364   0.2061192247E+000   0.9820500118E+000   0.9166160187E+000   0.9893643712E+000
 0.3737374   0.2307487053E+000   0.9770643978E+000   0.9318476317E+000   0.9958905377E+000
 0.3838384   0.2580448979E+000   0.9724729952E+000   0.9358124851E+000   0.1001219621E+001
 0.3939394   0.2873163666E+000   0.9903825574E+000   0.9568286532E+000   0.1003345476E+001
 0.4040404   0.3213854649E+000   0.9930956589E+000   0.9712909451E+000   0.9960928035E+000
 0.4141414   0.3556456178E+000   0.9811495094E+000   0.9811354901E+000   0.9897234961E+000
 0.4242424   0.3996515613E+000   0.9900347238E+000   0.9859623861E+000   0.9910567989E+000
 0.4343434   0.4476479545E+000   0.9819031488E+000   0.1006143024E+001   0.9991185341E+000
 0.4444444   0.4922350096E+000   0.9794683140E+000   0.1029162318E+001   0.1000076201E+001
 0.4545455   0.5720844267E+000   0.1000717078E+001   0.1033689391E+001   0.9821653614E+000
 0.4646465   0.6355325848E+000   0.9928637699E+000   0.1053239266E+001   0.9994817869E+000
 0.4747475   0.7191563869E+000   0.9883226099E+000   0.1073863065E+001   0.9977687198E+000
 0.4848485   0.7961887786E+000   0.9837543961E+000   0.1071655241E+001   0.9789662602E+000
 0.4949495   0.9005943195E+000   0.9760131676E+000   0.1110330259E+001   0.1000538522E+001
 0.5050505   0.9785106051E+000   0.9910936837E+000   0.1115063289E+001   0.9972320963E+000
 0.5151515   0.9729279672E+000   0.9990320179E+000   0.1118984092E+001   0.1003073036E+001
 0.5252525   0.9706547907E+000   0.9883380692E+000   0.1109120423E+001   0.9886337377E+000
 0.5353535   0.9826465993E+000   0.9942628337E+000   0.1094469339E+001   0.9689768085E+000
 0.5454545   0.9855387161E+000   0.9979228154E+000   0.1133576898E+001   0.1019770281E+001
 0.5555556   0.9817908349E+000   0.9837505313E+000   0.1112541457E+001   0.9860414338E+000
 0.5656566   0.1002958369E+001   0.9935826259E+000   0.1111631583E+001   0.9966996008E+000
 0.5757576   0.1012337366E+001   0.1004921999E+001   0.1119987776E+001   0.1000237188E+001
 0.5858586   0.1030599667E+001   0.1014413990E+001   0.1110482613E+001   0.9922084754E+000
 0.5959596   0.1036117229E+001   0.1004628273E+001   0.1127328152E+001   0.9914984813E+000
 0.6060606   0.1052365956E+001   0.9909545503E+000   0.1114990682E+001   0.9843820290E+000
 0.6161616   0.1036504178E+001   0.9865022811E+000   0.1117032589E+001   0.9940453787E+000
 0.6262626   0.1072970260E+001   0.9875496465E+000   0.1116569647E+001   0.9894304172E+000
 0.6363636   0.1082313066E+001   0.9909622799E+000   0.1111883839E+001   0.9872963070E+000
 0.6464646   0.1112086842E+001   0.9956928160E+000   0.1131221494E+001   0.1006676669E+001
 0.6565657   0.1131938027E+001   0.1000794374E+001   0.1114854037E+001   0.9716269027E+000
 0.6666667   0.1162665751E+001   0.1005293022E+001   0.1114793706E+001   0.9844604586E+000
 0.6767677   0.1177621050E+001   0.1002104547E+001   0.1123879187E+001   0.9939917164E+000
 0.6868687   0.1199665562E+001   0.9864172551E+000   0.1140625901E+001   0.9985406319E+000
 0.6969697   0.1231267640E+001   0.1002742242E+001   0.1135755766E+001   0.9822107680E+000
 0.7070707   0.1283214201E+001   0.1011569484E+001   0.1136516879E+001   0.9922538820E+000
 0.7171717   0.1305238143E+001   0.1001888118E+001   0.1154956914E+001   0.1001636536E+001
 0.7272727   0.1348609538E+001   0.1009868965E+001   0.1148625885E+001   0.9966872171E+000
 0.7373737   0.1382023541E+001   0.1009107596E+001   0.1143242289E+001   0.9933684076E+000
 0.7474747   0.1406511171E+001   0.9920289694E+000   0.1132216075E+001   0.9735628750E+000
 0.7575758   0.1443038783E+001   0.9902318295E+000   0.1133533068E+001   0.9766381400E+000
 0.7676768   0.1516961455E+001   0.1023871197E+001   0.1152694922E+001   0.9963033250E+000
 0.7777778   0.1554988110E+001   0.9912482764E+000   0.1140365639E+001   0.9672761250E+000
 0.7878788   0.1586140939E+001   0.9919439435E+000   0.1163800759E+001   0.9939875885E+000
 0.7979798   0.1674499559E+001   0.1000720943E+001   0.1155133192E+001   0.9852819052E+000
 0.8080808   0.1734301883E+001   0.1015735757E+001   0.1165317216E+001   0.9898803553E+000
 0.8181818   0.1824018254E+001   0.1031365077E+001   0.1166739714E+001   0.9962909414E+000
 0.8282828   0.1858763671E+001   0.1004338412E+001   0.1166004911E+001   0.9768899403E+000
 0.8383838   0.1922060582E+001   0.9981624341E+000   0.1168202374E+001   0.9785906238E+000
 0.8484848   0.2004232956E+001   0.1007526886E+001   0.1179194682E+001   0.9965964039E+000
 0.8585859   0.2136917444E+001   0.1035662754E+001   0.1184422857E+001   0.1000802706E+001
 0.8686869   0.2217197373E+001   0.1025664472E+001   0.1189222715E+001   0.9919731867E+000
 0.8787879   0.2312209135E+001   0.1019055635E+001   0.1203190247E+001   0.9925552167E+000
 0.8888889   0.2422176221E+001   0.1023515634E+001   0.1204574428E+001   0.9900495980E+000
 0.8989899   0.2525599233E+001   0.1009281513E+001   0.1202988557E+001   0.9890630365E+000
 0.9090909   0.2614074693E+001   0.1007982934E+001   0.1199370219E+001   0.9906729068E+000
 0.9191919   0.2712794744E+001   0.9965933184E+000   0.1187561961E+001   0.9762501200E+000
 0.9292929   0.2828048978E+001   0.9795494752E+000   0.1178508005E+001   0.9614805919E+000
 0.9393939   0.3016104169E+001   0.9999557092E+000   0.1210996676E+001   0.9750406534E+000
 0.9494949   0.3221265624E+001   0.1017930973E+001   0.1230406592E+001   0.9965633810E+000
 0.9595960   0.3403545569E+001   0.1015697109E+001   0.1244533510E+001   0.9980617987E+000
 0.9696970   0.3587888960E+001   0.1020512671E+001   0.1242623538E+001   0.9989781864E+000
 0.9797980   0.3714647055E+001   0.9866259552E+000   0.1227770808E+001   0.9656291039E+000
 0.9898990   0.3984937699E+001   0.1019824734E+001   0.1236134045E+001   0.9838949400E+000
 1.0000000   0.4078036706E+001   0.1014750229E+001   0.1261807763E+001   0.1002532285E+001


 0.0000000   0.1464198879E+000   0.1042197588E+001   0.7327152225E+000   0.1050252512E+001
 0.0101010   0.1463121183E+000   0.1015193769E+001   0.7292959932E+000   0.1011167704E+001
 0.0202020   0.1421119865E+000   0.1019307861E+001   0.7232973726E+000   0.1028798185E+001
 0.0303030   0.1362534639E+000   0.9998677171E+000   0.7159782561E+000   0.9997743421E+000
 0.0404040   0.1283503068E+000   0.9936591188E+000   0.7206800189E+000   0.1006517907E+001
 0.0505051   0.1223337882E+000   0.1014092769E+001   0.7129716085E+000   0.9968954107E+000
 0.0606061   0.1156267235E+000   0.1029923717E+001   0.7343972373E+000   0.1044559229E+001
 0.0707071   0.1042292686E+000   0.1004561626E+001   0.7324973306E+000   0.1027679922E+001
 0.0808081   0.9412508623E-001   0.9935385952E+000   0.7229116070E+000   0.1008275177E+001
 0.0909091   0.8709162331E-001   0.1032370022E+001   0.7222712022E+000   0.1012394734E+001
 0.1010101   0.7743031715E-001   0.1001353090E+001   0.7139300232E+000   0.9978913102E+000
 0.1111111   0.7320930806E-001   0.1042155242E+001   0.7327898501E+000   0.1027248252E+001
 0.1212121   0.6696481761E-001   0.9898251628E+000   0.7252232225E+000   0.1013798511E+001
 0.1313131   0.6252301592E-001   0.9989882200E+000   0.7234773722E+000   0.1004855809E+001
 0.1414141   0.6049560711E-001   0.1009952618E+001   0.7339849173E+000   0.1029872261E+001
 0.1515152   0.5749665285E-001   0.1002701652E+001   0.7444177344E+000   0.1013710137E+001
 0.1616162   0.5749139069E-001   0.1013532497E+001   0.7501967157E+000   0.1022574663E+001
 0.1717172   0.5638890635E-001   0.9893267811E+000   0.7516007943E+000   0.1029957235E+001
 0.1818182   0.5623654048E-001   0.9894049586E+000   0.7565196735E+000   0.1031221654E+001
 0.1919192   0.5899439448E-001   0.1007376017E+001   0.7556026397E+000   0.1015827698E+001
 0.2020202   0.6075131638E-001   0.1007141484E+001   0.7684378665E+000   0.1000049659E+001
 0.2121212   0.6207693388E-001   0.9818021945E+000   0.7798007353E+000   0.1014546285E+001
 0.2222222   0.6488609276E-001   0.9959425540E+000   0.7770363295E+000   0.1005712350E+001
 0.2323232   0.6906003878E-001   0.9919326985E+000   0.7923328086E+000   0.1006711649E+001
 0.2424242   0.7325385460E-001   0.9734143978E+000   0.7932652140E+000   0.9989211995E+000
 0.2525253   0.7782463159E-001   0.9752743713E+000   0.8102794784E+000   0.1011069134E+001
 0.2626263   0.8548739955E-001   0.1006063286E+001   0.8137887667E+000   0.1008547095E+001
 0.2727273   0.9221553746E-001   0.1002206528E+001   0.8261564735E+000   0.1010905983E+001
 0.2828283   0.9733448503E-001   0.9788868244E+000   0.8346209824E+000   0.1000341971E+001
 0.2929293   0.1078714672E+000   0.9965614594E+000   0.8513253953E+000   0.1018995543E+001
 0.3030303   0.1155303079E+000   0.9662318379E+000   0.8567537409E+000   0.1019702529E+001
 0.3131313   0.1296884065E+000   0.9867632098E+000   0.8548565698E+000   0.1001348067E+001
 0.3232323   0.1449942087E+000   0.1024255847E+001   0.8558630993E+000   0.9841390597E+000
 0.3333333   0.1552920568E+000   0.9909913109E+000   0.8897011007E+000   0.1021527779E+001
 0.3434343   0.1708470269E+000   0.9931216484E+000   0.8934214811E+000   0.9874564587E+000
 0.3535354   0.1883169866E+000   0.9780105847E+000   0.9127076908E+000   0.1015239676E+001
 0.3636364   0.2076229075E+000   0.9885808372E+000   0.9168862657E+000   0.9901892342E+000
 0.3737374   0.2308214841E+000   0.9767467147E+000   0.9349779693E+000   0.9997743421E+000
 0.3838384   0.2598968022E+000   0.9788249338E+000   0.9403120716E+000   0.1006575690E+001
 0.3939394   0.2885282191E+000   0.9939229680E+000   0.9571633691E+000   0.1004237196E+001
 0.4040404   0.3211209148E+000   0.9916427902E+000   0.9693771167E+000   0.9946656835E+000
 0.4141414   0.3587697747E+000   0.9891345947E+000   0.9804456274E+000   0.9895604239E+000
 0.4242424   0.4008979741E+000   0.9924864560E+000   0.9861809623E+000   0.9918105450E+000
 0.4343434   0.4477490479E+000   0.9814959992E+000   0.1003462928E+001   0.9969939810E+000
 0.4444444   0.4940959014E+000   0.9825416236E+000   0.1026598665E+001   0.9981224405E+000
 0.4545455   0.5706123194E+000   0.9975028470E+000   0.1038147864E+001   0.9869330166E+000
 0.4646465   0.6339539016E+000   0.9897632723E+000   0.1061246172E+001   0.1007622574E+001
 0.4747475   0.7186359229E+000   0.9869749406E+000   0.1076846251E+001   0.1001079548E+001
 0.4848485   0.8014412725E+000   0.9896101746E+000   0.1084309173E+001   0.9910593716E+000
 0.4949495   0.9028261499E+000   0.9778053687E+000   0.1105446654E+001   0.9966744774E+000
 0.5050505   0.9770283544E+000   0.9889586953E+000   0.1115423706E+001   0.9980918497E+000
 0.5151515   0.9754132810E+000   0.1000942658E+001   0.1126933055E+001   0.1010742833E+001
 0.5252525   0.9700939991E+000   0.9871345531E+000   0.1104771651E+001   0.9852879130E+000
 0.5353535   0.9830657562E+000   0.9940500064E+000   0.1100141537E+001   0.9745233610E+000
 0.5454545   0.9918970965E+000   0.1003717960E+001   0.1129209392E+001   0.1016388529E+001
 0.5555556   0.9836231126E+000   0.9849553546E+000   0.1111847771E+001   0.9859575110E+000
 0.5656566   0.1002414827E+001   0.9924082785E+000   0.1112418271E+001   0.9979422949E+000
 0.5757576   0.1012527535E+001   0.1004467161E+001   0.1123541680E+001   0.1003951682E+001
 0.5858586   0.1031744786E+001   0.1014890831E+001   0.1119781243E+001   0.1001055755E+001
 0.5959596   0.1035683678E+001   0.1003564862E+001   0.1121880658E+001   0.9872389243E+000
 0.6060606   0.1058143471E+001   0.9957568824E+000   0.1123523324E+001   0.9924495522E+000
 0.6161616   0.1040644738E+001   0.9898088758E+000   0.1118834200E+001   0.9961850251E+000
 0.6262626   0.1077233076E+001   0.9908382132E+000   0.1114263401E+001   0.9879187192E+000
 0.6363636   0.1077965350E+001   0.9863495204E+000   0.1108863844E+001   0.9851451561E+000
 0.6464646   0.1111516745E+001   0.9945451308E+000   0.1127181626E+001   0.1003621981E+001
 0.6565657   0.1125435810E+001   0.9944083201E+000   0.1121691577E+001   0.9781126780E+000
 0.6666667   0.1162760323E+001   0.1004731011E+001   0.1121342676E+001   0.9907772567E+000
 0.6767677   0.1179874467E+001   0.1003379191E+001   0.1126874202E+001   0.9971775256E+000
 0.6868687   0.1205651867E+001   0.9907046599E+000   0.1138036405E+001   0.9968104364E+000
 0.6969697   0.1240911871E+001   0.1009949360E+001   0.1141120259E+001   0.9873816813E+000
 0.7070707   0.1279399815E+001   0.1007916745E+001   0.1134000513E+001   0.9905903131E+000
 0.7171717   0.1305703979E+001   0.1001603910E+001   0.1150257791E+001   0.9980986477E+000
 0.7272727   0.1350077314E+001   0.1010320703E+001   0.1148286359E+001   0.9969294005E+000
 0.7373737   0.1383955515E+001   0.1009871183E+001   0.1147129366E+001   0.9972828938E+000
 0.7474747   0.1412026549E+001   0.9952813024E+000   0.1132458140E+001   0.9742956297E+000
 0.7575758   0.1446989878E+001   0.9923072992E+000   0.1136719003E+001   0.9799107355E+000
 0.7676768   0.1517687570E+001   0.1023705347E+001   0.1154661225E+001   0.9985405144E+000
 0.7777778   0.1544137746E+001   0.9837012568E+000   0.1138050197E+001   0.9658321833E+000
 0.7878788   0.1589974591E+001   0.9937047224E+000   0.1161656689E+001   0.9926908794E+000
 0.7979798   0.1668068049E+001   0.9962389771E+000   0.1157819969E+001   0.9881056628E+000
 0.8080808   0.1734314612E+001   0.1015092790E+001   0.1165741043E+001   0.9907738578E+000
 0.8181818   0.1814462114E+001   0.1025304729E+001   0.1163624380E+001   0.9941660343E+000
 0.8282828   0.1853792693E+001   0.1001011063E+001   0.1168011626E+001   0.9790983806E+000
 0.8383838   0.1916384972E+001   0.9945777047E+000   0.1165409347E+001   0.9767768810E+000
 0.8484848   0.2009016462E+001   0.1009284851E+001   0.1181791361E+001   0.9993290764E+000
 0.8585859   0.2124433375E+001   0.1028953013E+001   0.1184964894E+001   0.1001800131E+001
 0.8686869   0.2212238246E+001   0.1022715098E+001   0.1192012161E+001   0.9948356322E+000
 0.8787879   0.2300093226E+001   0.1013066689E+001   0.1207813159E+001   0.9969056077E+000
 0.8888889   0.2416548680E+001   0.1020483781E+001   0.1208865385E+001   0.9941116507E+000
 0.8989899   0.2526663080E+001   0.1009060091E+001   0.1211283656E+001   0.9964195543E+000
 0.9090909   0.2621207635E+001   0.1010086171E+001   0.1206961112E+001   0.9974800343E+000
 0.9191919   0.2710914924E+001   0.9952650155E+000   0.1189579595E+001   0.9784355805E+000
 0.9292929   0.2837582975E+001   0.9822223987E+000   0.1181393087E+001   0.9643536294E+000
 0.9393939   0.3032144644E+001   0.1004630031E+001   0.1216622039E+001   0.9800976790E+000
 0.9494949   0.3201871919E+001   0.1011154597E+001   0.1231114290E+001   0.9976737759E+000
 0.9595960   0.3383974289E+001   0.1009209931E+001   0.1238482908E+001   0.9937445614E+000
 0.9696970   0.3576220156E+001   0.1016542331E+001   0.1240738438E+001   0.9980000774E+000
 0.9797980   0.3727447787E+001   0.9893919290E+000   0.1238015046E+001   0.9742106553E+000
 0.9898990   0.4002498589E+001   0.1023663001E+001   0.1245668357E+001   0.9920178824E+000
 1.0000000   0.4074049926E+001   0.1013109035E+001   0.1266680768E+001   0.1006946178E+001


 0.0000000   0.1465016772E+000   0.1039995111E+001   0.7295766488E+000   0.1046355886E+001
 0.0101010   0.1463763026E+000   0.1012926949E+001   0.7288100063E+000   0.1011075696E+001
 0.0202020   0.1417731474E+000   0.1014162041E+001   0.7164564154E+000   0.1019654545E+001
 0.0303030   0.1365171634E+000   0.9991276041E+000   0.7144665408E+000   0.9982378448E+000
 0.0404040   0.1284340827E+000   0.9916524909E+000   0.7188329254E+000   0.1004516252E+001
 0.0505051   0.1221186672E+000   0.1009606236E+001   0.7097518089E+000   0.9929647936E+000
 0.0606061   0.1156819308E+000   0.1027663841E+001   0.7280995114E+000   0.1036198019E+001
 0.0707071   0.1043235356E+000   0.1002785160E+001   0.7248315967E+000   0.1017510557E+001
 0.0808081   0.9452698469E-001   0.9951163624E+000   0.7175993641E+000   0.1001442237E+001
 0.0909091   0.8746239376E-001   0.1033996494E+001   0.7182563803E+000   0.1007346896E+001
 0.1010101   0.7833498596E-001   0.1010347291E+001   0.7150741829E+000   0.1000066029E+001
 0.1111111   0.7325634219E-001   0.1040040024E+001   0.7270555174E+000   0.1019796512E+001
 0.1212121   0.6775096187E-001   0.9987711116E+000   0.7200463102E+000   0.1007141189E+001
 0.1313131   0.6282688169E-001   0.1001162699E+001   0.7241885121E+000   0.1006422663E+001
 0.1414141   0.6069359841E-001   0.1010552204E+001   0.7291428387E+000   0.1023667279E+001
 0.1515152   0.5777806152E-001   0.1004918501E+001   0.7394234054E+000   0.1007488863E+001
 0.1616162   0.5764744624E-001   0.1013569758E+001   0.7460200908E+000   0.1017467098E+001
 0.1717172   0.5715888094E-001   0.1000157783E+001   0.7499850189E+000   0.1028334799E+001
 0.1818182   0.5663854660E-001   0.9938167088E+000   0.7529926835E+000   0.1027004947E+001
 0.1919192   0.5924606112E-001   0.1008971848E+001   0.7531127276E+000   0.1013063231E+001
 0.2020202   0.6108546479E-001   0.1009976764E+001   0.7655607616E+000   0.9968790201E+000
 0.2121212   0.6291958910E-001   0.9924721429E+000   0.7788359342E+000   0.1013874470E+001
 0.2222222   0.6532125206E-001   0.9999444489E+000   0.7718690343E+000   0.9995995668E+000
 0.2323232   0.6963610800E-001   0.9975360197E+000   0.7895141370E+000   0.1003707911E+001
 0.2424242   0.7383448893E-001   0.9785099902E+000   0.7921330147E+000   0.9980698025E+000
 0.2525253   0.7871593088E-001   0.9838096573E+000   0.8074700519E+000   0.1008143648E+001
 0.2626263   0.8625013811E-001   0.1012329052E+001   0.8137568124E+000   0.1009088162E+001
 0.2727273   0.9296696472E-001   0.1007675002E+001   0.8220476119E+000   0.1006457431E+001
 0.2828283   0.9856839030E-001   0.9886489720E+000   0.8314971159E+000   0.9971716454E+000
 0.2929293   0.1088778214E+000   0.1003172530E+001   0.8482045697E+000   0.1015844621E+001
 0.3030303   0.1158928439E+000   0.9666755640E+000   0.8523740337E+000   0.1015073944E+001
 0.3131313   0.1303574021E+000   0.9892047633E+000   0.8523784061E+000   0.9990201106E+000
 0.3232323   0.1455808931E+000   0.1025654010E+001   0.8534547960E+000   0.9819348453E+000
 0.3333333   0.1560428564E+000   0.9931233731E+000   0.8868549548E+000   0.1018846204E+001
 0.3434343   0.1726028810E+000   0.1000649013E+001   0.8919935848E+000   0.9864459116E+000
 0.3535354   0.1891690956E+000   0.9798124507E+000   0.9145013873E+000   0.1017820566E+001
 0.3636364   0.2092613193E+000   0.9937212699E+000   0.9123581906E+000   0.9858664555E+000
 0.3737374   0.2327838447E+000   0.9824201789E+000   0.9323214560E+000   0.9975077300E+000
 0.3838384   0.2613974001E+000   0.9818475454E+000   0.9415838193E+000   0.1008517397E+001
 0.3939394   0.2894038346E+000   0.9942770613E+000   0.9558213689E+000   0.1003406594E+001
 0.4040404   0.3216749097E+000   0.9907009088E+000   0.9669170939E+000   0.9927127302E+000
 0.4141414   0.3596181023E+000   0.9888258147E+000   0.9752309498E+000   0.9848639963E+000
 0.4242424   0.4022793835E+000   0.9932468823E+000   0.9866107950E+000   0.9928141350E+000
 0.4343434   0.4509101277E+000   0.9857858044E+000   0.1001064932E+001   0.9951841108E+000
 0.4444444   0.4974792654E+000   0.9866279125E+000   0.1025247973E+001   0.9973831469E+000
 0.4545455   0.5761021632E+000   0.1004410429E+001   0.1037662790E+001   0.9870398542E+000
 0.4646465   0.6350384713E+000   0.9888089725E+000   0.1060025088E+001   0.1007042681E+001
 0.4747475   0.7243951564E+000   0.9922279315E+000   0.1073031409E+001   0.9981074672E+000
 0.4848485   0.8025262918E+000   0.9883037076E+000   0.1090796445E+001   0.9975627784E+000
 0.4949495   0.9017145059E+000   0.9739934836E+000   0.1097740456E+001   0.9902963979E+000
 0.5050505   0.9774606958E+000   0.9867542287E+000   0.1113559899E+001   0.9969978086E+000
 0.5151515   0.9784100557E+000   0.1001336734E+001   0.1126807228E+001   0.1011211869E+001
 0.5252525   0.9760230998E+000   0.9905156450E+000   0.1111358936E+001   0.9917334492E+000
 0.5353535   0.9836768764E+000   0.9920117904E+000   0.1100718224E+001   0.9755955948E+000
 0.5454545   0.9934228483E+000   0.1002577440E+001   0.1130973241E+001   0.1018562270E+001
 0.5555556   0.9824759452E+000   0.9811794729E+000   0.1114576399E+001   0.9889462650E+000
 0.5656566   0.1002675971E+001   0.9900159942E+000   0.1112391451E+001   0.9984928055E+000
 0.5757576   0.1011339819E+001   0.1000609714E+001   0.1127347203E+001   0.1007932147E+001
 0.5858586   0.1032651422E+001   0.1013070108E+001   0.1120994123E+001   0.1002717041E+001
 0.5959596   0.1035535401E+001   0.1000741645E+001   0.1117649370E+001   0.9840817304E+000
 0.6060606   0.1059035073E+001   0.9939346040E+000   0.1120745542E+001   0.9905658450E+000
 0.6161616   0.1046214995E+001   0.9924496866E+000   0.1116930292E+001   0.9950624250E+000
 0.6262626   0.1077311709E+001   0.9882644093E+000   0.1118849855E+001   0.9925562770E+000
 0.6363636   0.1084343428E+001   0.9895359925E+000   0.1109007843E+001   0.9858403799E+000
 0.6464646   0.1109936534E+001   0.9904791536E+000   0.1132206813E+001   0.1008676748E+001
 0.6565657   0.1129016987E+001   0.9949086424E+000   0.1123806336E+001   0.9805209722E+000
 0.6666667   0.1165436534E+001   0.1004354288E+001   0.1122155868E+001   0.9920666365E+000
 0.6767677   0.1180661893E+001   0.1001367612E+001   0.1125554852E+001   0.9965834974E+000
 0.6868687   0.1204217219E+001   0.9868833519E+000   0.1144474821E+001   0.1003027050E+001
 0.6969697   0.1239378354E+001   0.1006007627E+001   0.1143080615E+001   0.9896474070E+000
 0.7070707   0.1275761932E+001   0.1002366913E+001   0.1133021638E+001   0.9903050898E+000
 0.7171717   0.1307874872E+001   0.1000590065E+001   0.1154534865E+001   0.1002386751E+001
 0.7272727   0.1349609510E+001   0.1007273597E+001   0.1152073498E+001   0.1000793247E+001
 0.7373737   0.1382830514E+001   0.1006355699E+001   0.1150667944E+001   0.1000935213E+001
 0.7474747   0.1420420260E+001   0.9985240932E+000   0.1144507471E+001   0.9852290537E+000
 0.7575758   0.1443118541E+001   0.9870096682E+000   0.1135771397E+001   0.9796575825E+000
 0.7676768   0.1519039888E+001   0.1021881366E+001   0.1155729666E+001   0.1000039954E+001
 0.7777778   0.1546697742E+001   0.9827008816E+000   0.1146272666E+001   0.9733704830E+000
 0.7878788   0.1592452516E+001   0.9925956520E+000   0.1163575470E+001   0.9949030745E+000
 0.7979798   0.1674490437E+001   0.9974040894E+000   0.1163773830E+001   0.9937586486E+000
 0.8080808   0.1731107711E+001   0.1010510099E+001   0.1169077521E+001   0.9941816516E+000
 0.8181818   0.1816702657E+001   0.1023829442E+001   0.1168216114E+001   0.9986637451E+000
 0.8282828   0.1849926774E+001   0.9962560154E+000   0.1172731718E+001   0.9836210628E+000
 0.8383838   0.1919471103E+001   0.9935191640E+000   0.1168056299E+001   0.9795590750E+000
 0.8484848   0.2008056505E+001   0.1006108680E+001   0.1184869012E+001   0.1002508437E+001
 0.8585859   0.2116621018E+001   0.1022431543E+001   0.1187267843E+001   0.1004325032E+001
 0.8686869   0.2205966975E+001   0.1017092577E+001   0.1197829084E+001   0.1000265941E+001
 0.8787879   0.2294891444E+001   0.1008076406E+001   0.1212337742E+001   0.1001216250E+001
 0.8888889   0.2418619498E+001   0.1018630828E+001   0.1213673867E+001   0.9986405668E+000
 0.8989899   0.2525095075E+001   0.1005740960E+001   0.1214756392E+001   0.9998516302E+000
 0.9090909   0.2620403827E+001   0.1007079912E+001   0.1209537513E+001   0.1000184818E+001
 0.9191919   0.2705823482E+001   0.9907430142E+000   0.1189094942E+001   0.9786000750E+000
 0.9292929   0.2851412871E+001   0.9843738697E+000   0.1188684697E+001   0.9708643351E+000
 0.9393939   0.3021470961E+001   0.9984202332E+000   0.1217022195E+001   0.9809845372E+000
 0.9494949   0.3190146222E+001   0.1004761307E+001   0.1233048875E+001   0.9998168629E+000
 0.9595960   0.3373841070E+001   0.1003500952E+001   0.1242071361E+001   0.9971977210E+000
 0.9696970   0.3557388144E+001   0.1008489039E+001   0.1242710230E+001   0.1000161639E+001
 0.9797980   0.3727209829E+001   0.9866868600E+000   0.1247204796E+001   0.9820072773E+000
 0.9898990   0.3983340709E+001   0.1016042749E+001   0.1249979509E+001   0.9960243222E+000
 1.0000000   0.4073528508E+001   0.1010274309E+001   0.1266131477E+001   0.1007089038E+001


 0.0000000   0.1466356728E+000   0.1040006620E+001   0.7282203610E+000   0.1044475623E+001
 0.0101010   0.1464882618E+000   0.1012786597E+001   0.7272144739E+000   0.1008924930E+001
 0.0202020   0.1418399377E+000   0.1013723861E+001   0.7141974601E+000   0.1016502801E+001
 0.0303030   0.1361790700E+000   0.9957534795E+000   0.7097911659E+000   0.9917671519E+000
 0.0404040   0.1286684606E+000   0.9925653051E+000   0.7183877395E+000   0.1003956540E+001
 0.0505051   0.1219183258E+000   0.1007040011E+001   0.7072217777E+000   0.9894867038E+000
 0.0606061   0.1158333994E+000   0.1028080486E+001   0.7286028102E+000   0.1036978745E+001
 0.0707071   0.1037404220E+000   0.9962799219E+000   0.7187826643E+000   0.1009081853E+001
 0.0808081   0.9500860220E-001   0.9992835955E+000   0.7164564792E+000   0.9999094401E+000
 0.0909091   0.8774784603E-001   0.1036434684E+001   0.7215456021E+000   0.1012022897E+001
 0.1010101   0.7874244079E-001   0.1014685725E+001   0.7163365320E+000   0.1001893759E+001
 0.1111111   0.7325427522E-001   0.1039071816E+001   0.7253984264E+000   0.1017535457E+001
 0.1212121   0.6785816485E-001   0.9994484163E+000   0.7180197959E+000   0.1004369096E+001
 0.1313131   0.6290731192E-001   0.1001539426E+001   0.7234817759E+000   0.1005502992E+001
 0.1414141   0.6112276858E-001   0.1016779195E+001   0.7307728178E+000   0.1026019432E+001
 0.1515152   0.5836219028E-001   0.1014161743E+001   0.7394041695E+000   0.1007525276E+001
 0.1616162   0.5755230083E-001   0.1010983409E+001   0.7460312624E+000   0.1017545581E+001
 0.1717172   0.5735766609E-001   0.1002730071E+001   0.7481243506E+000   0.1025847323E+001
 0.1818182   0.5666436634E-001   0.9933721887E+000   0.7532550727E+000   0.1027426679E+001
 0.1919192   0.5950283079E-001   0.1012429895E+001   0.7552615022E+000   0.1016016845E+001
 0.2020202   0.6100963894E-001   0.1007812454E+001   0.7649132139E+000   0.9960977255E+000
 0.2121212   0.6334933816E-001   0.9983487913E+000   0.7773769415E+000   0.1012038083E+001
 0.2222222   0.6514726720E-001   0.9963807824E+000   0.7729573337E+000   0.1001071178E+001
 0.2323232   0.6972092519E-001   0.9978494090E+000   0.7875703146E+000   0.1001298970E+001
 0.2424242   0.7440887815E-001   0.9852320118E+000   0.7972296284E+000   0.1004553860E+001
 0.2525253   0.7917342284E-001   0.9886342072E+000   0.8065718974E+000   0.1007084879E+001
 0.2626263   0.8625002990E-001   0.1011413911E+001   0.8193688844E+000   0.1016110493E+001
 0.2727273   0.9354160934E-001   0.1012988318E+001   0.8186248114E+000   0.1002329094E+001
 0.2828283   0.9896455381E-001   0.9917264412E+000   0.8312105419E+000   0.9968899344E+000
 0.2929293   0.1092677894E+000   0.1005856745E+001   0.8457809286E+000   0.1013004933E+001
 0.3030303   0.1163347396E+000   0.9694854803E+000   0.8549872054E+000   0.1018249204E+001
 0.3131313   0.1305959136E+000   0.9901200540E+000   0.8566341682E+000   0.1004070435E+001
 0.3232323   0.1458278938E+000   0.1026466719E+001   0.8576927810E+000   0.9868721611E+000
 0.3333333   0.1568071606E+000   0.9970868056E+000   0.8848218266E+000   0.1016573669E+001
 0.3434343   0.1731151529E+000   0.1002712851E+001   0.8899526359E+000   0.9842500254E+000
 0.3535354   0.1890481708E+000   0.9783021603E+000   0.9095677204E+000   0.1012392426E+001
 0.3636364   0.2099010315E+000   0.9958592600E+000   0.9121149346E+000   0.9856648650E+000
 0.3737374   0.2324200981E+000   0.9799995680E+000   0.9302408162E+000   0.9953434818E+000
 0.3838384   0.2624135221E+000   0.9847744497E+000   0.9419199336E+000   0.1008940116E+001
 0.3939394   0.2916356051E+000   0.1001040044E+001   0.9596006954E+000   0.1007436691E+001
 0.4040404   0.3232406267E+000   0.9946243344E+000   0.9665695743E+000   0.9924176238E+000
 0.4141414   0.3596897198E+000   0.9881299049E+000   0.9737228600E+000   0.9834021340E+000
 0.4242424   0.4026178730E+000   0.9931852279E+000   0.9906825493E+000   0.9969734581E+000
 0.4343434   0.4517442693E+000   0.9867178585E+000   0.1000857515E+001   0.9950397595E+000
 0.4444444   0.4979443645E+000   0.9866588182E+000   0.1029284666E+001   0.1001372369E+001
 0.4545455   0.5766098971E+000   0.1004388119E+001   0.1038645916E+001   0.9880364299E+000
 0.4646465   0.6359347858E+000   0.9893107103E+000   0.1057478130E+001   0.1004685473E+001
 0.4747475   0.7261842336E+000   0.9937805506E+000   0.1077932853E+001   0.1002728995E+001
 0.4848485   0.8015246432E+000   0.9861791161E+000   0.1089195951E+001   0.9961610010E+000
 0.4949495   0.9016459156E+000   0.9730401964E+000   0.1093559689E+001   0.9865861560E+000
 0.5050505   0.9782785601E+000   0.9866883384E+000   0.1111518684E+001   0.9952321170E+000
 0.5151515   0.9725634638E+000   0.9944545936E+000   0.1126825844E+001   0.1011291433E+001
 0.5252525   0.9773106349E+000   0.9909269376E+000   0.1109424574E+001   0.9900688381E+000
 0.5353535   0.9819825423E+000   0.9894091107E+000   0.1103788937E+001   0.9783780612E+000
 0.5454545   0.9982583317E+000   0.1006548009E+001   0.1129094059E+001   0.1016933074E+001
 0.5555556   0.9803344882E+000   0.9781570197E+000   0.1118196734E+001   0.9922202043E+000
 0.5656566   0.1003587684E+001   0.9900216535E+000   0.1107085569E+001   0.9937919671E+000
 0.5757576   0.1012402767E+001   0.1000757142E+001   0.1127269337E+001   0.1007925177E+001
 0.5858586   0.1023662520E+001   0.1003345074E+001   0.1125527087E+001   0.1006834308E+001
 0.5959596   0.1036217048E+001   0.1000496381E+001   0.1113663551E+001   0.9806331992E+000
 0.6060606   0.1055548745E+001   0.9897682724E+000   0.1123973546E+001   0.9934806518E+000
 0.6161616   0.1042192286E+001   0.9877412232E+000   0.1120715993E+001   0.9984971315E+000
 0.6262626   0.1076651380E+001   0.9867670587E+000   0.1120261586E+001   0.9938704287E+000
 0.6363636   0.1088151986E+001   0.9921151230E+000   0.1108732940E+001   0.9856572720E+000
 0.6464646   0.1108387242E+001   0.9882037053E+000   0.1132230347E+001   0.1008760414E+001
 0.6565657   0.1128090808E+001   0.9931950679E+000   0.1129176288E+001   0.9852674950E+000
 0.6666667   0.1164417442E+001   0.1002570170E+001   0.1124558588E+001   0.9942526126E+000
 0.6767677   0.1180691829E+001   0.1000489001E+001   0.1126622738E+001   0.9975910267E+000
 0.6868687   0.1203588924E+001   0.9854780129E+000   0.1144213783E+001   0.1002860608E+001
 0.6969697   0.1237779252E+001   0.1003802636E+001   0.1145869977E+001   0.9921240256E+000
 0.7070707   0.1275675627E+001   0.1001394285E+001   0.1131021757E+001   0.9886185642E+000
 0.7171717   0.1308573588E+001   0.1000220860E+001   0.1152589393E+001   0.1000759863E+001
 0.7272727   0.1349252166E+001   0.1006097826E+001   0.1156715262E+001   0.1004887955E+001
 0.7373737   0.1379255917E+001   0.1002848152E+001   0.1151072758E+001   0.1001349590E+001
 0.7474747   0.1422291213E+001   0.9989367340E+000   0.1148461770E+001   0.9886944948E+000
 0.7575758   0.1443855037E+001   0.9866219181E+000   0.1138049499E+001   0.9816835721E+000
 0.7676768   0.1522055674E+001   0.1022985803E+001   0.1154454053E+001   0.9989982733E+000
 0.7777778   0.1546881934E+001   0.9819306768E+000   0.1144954060E+001   0.9723112086E+000
 0.7878788   0.1595391154E+001   0.9935296294E+000   0.1164841049E+001   0.9960471051E+000
 0.7979798   0.1677231248E+001   0.9981347703E+000   0.1164585208E+001   0.9945133076E+000
 0.8080808   0.1731939619E+001   0.1010083045E+001   0.1168421652E+001   0.9936856643E+000
 0.8181818   0.1812131643E+001   0.1020331451E+001   0.1171211139E+001   0.1001286314E+001
 0.8282828   0.1852703443E+001   0.9968506445E+000   0.1170361048E+001   0.9816936962E+000
 0.8383838   0.1920792806E+001   0.9933057684E+000   0.1168775541E+001   0.9802231741E+000
 0.8484848   0.2007937562E+001   0.1005140882E+001   0.1181705844E+001   0.9998942540E+000
 0.8585859   0.2116934535E+001   0.1021659857E+001   0.1189699469E+001   0.1006444531E+001
 0.8686869   0.2197806148E+001   0.1012415135E+001   0.1197409574E+001   0.9999777777E+000
 0.8787879   0.2284463553E+001   0.1002589851E+001   0.1209736241E+001   0.9991298863E+000
 0.8888889   0.2422817779E+001   0.1019477827E+001   0.1213651732E+001   0.9986844269E+000
 0.8989899   0.2523093014E+001   0.1004036337E+001   0.1211454894E+001   0.9971961877E+000
 0.9090909   0.2619195174E+001   0.1005706685E+001   0.1205976911E+001   0.9973024905E+000
 0.9191919   0.2704205104E+001   0.9892565900E+000   0.1187468904E+001   0.9773226263E+000
 0.9292929   0.2871205486E+001   0.9903119348E+000   0.1190654877E+001   0.9725339383E+000
 0.9393939   0.3013709243E+001   0.9949564359E+000   0.1213848135E+001   0.9784868951E+000
 0.9494949   0.3185244642E+001   0.1002311869E+001   0.1230664311E+001   0.9979453694E+000
 0.9595960   0.3376671280E+001   0.1003436094E+001   0.1241550921E+001   0.9968418451E+000
 0.9696970   0.3564015522E+001   0.1009455742E+001   0.1242275624E+001   0.9998740059E+000
 0.9797980   0.3739949367E+001   0.9891655696E+000   0.1249811583E+001   0.9841209434E+000
 0.9898990   0.3985292759E+001   0.1015622990E+001   0.1254208683E+001   0.9994563877E+000
 1.0000000   0.4055876447E+001   0.1004988361E+001   0.1262044788E+001   0.1003900857E+001


 0.0000000   0.1470156153E+000   0.1043347753E+001   0.7300871259E+000   0.1047386201E+001
 0.0101010   0.1465018075E+000   0.1013508170E+001   0.7256262674E+000   0.1006945584E+001
 0.0202020   0.1414988847E+000   0.1011913303E+001   0.7126757741E+000   0.1014562815E+001
 0.0303030   0.1363739204E+000   0.9977964295E+000   0.7121185059E+000   0.9952405643E+000
 0.0404040   0.1291294585E+000   0.9967390351E+000   0.7212468970E+000   0.1008176629E+001
 0.0505051   0.1219947286E+000   0.1008295786E+001   0.7072053942E+000   0.9896840436E+000
 0.0606061   0.1157839630E+000   0.1028278785E+001   0.7279780835E+000   0.1036320249E+001
 0.0707071   0.1034214416E+000   0.9938322973E+000   0.7172306866E+000   0.1007127213E+001
 0.0808081   0.9523824923E-001   0.1002319972E+001   0.7181954742E+000   0.1002559565E+001
 0.0909091   0.8776851428E-001   0.1037321482E+001   0.7214181158E+000   0.1012069332E+001
 0.1010101   0.7856932423E-001   0.1013082580E+001   0.7173775396E+000   0.1003573103E+001
 0.1111111   0.7279637960E-001   0.1033216949E+001   0.7248251473E+000   0.1016957635E+001
 0.1212121   0.6802213251E-001   0.1002484504E+001   0.7187447038E+000   0.1005606906E+001
 0.1313131   0.6281956226E-001   0.1000762399E+001   0.7181579209E+000   0.9983260253E+000
 0.1414141   0.6097774359E-001   0.1014995542E+001   0.7310457314E+000   0.1026631094E+001
 0.1515152   0.5811622613E-001   0.1010513682E+001   0.7378435824E+000   0.1005622602E+001
 0.1616162   0.5749316556E-001   0.1010570719E+001   0.7450118437E+000   0.1016381354E+001
 0.1717172   0.5726269390E-001   0.1001690361E+001   0.7466916581E+000   0.1024110703E+001
 0.1818182   0.5699677835E-001   0.9998190803E+000   0.7543171693E+000   0.1029104396E+001
 0.1919192   0.5926283174E-001   0.1008971465E+001   0.7563725349E+000   0.1017737970E+001
 0.2020202   0.6057212726E-001   0.1001205539E+001   0.7639161899E+000   0.9950208149E+000
 0.2121212   0.6296246583E-001   0.9928670410E+000   0.7735858423E+000   0.1007326781E+001
 0.2222222   0.6517475240E-001   0.9974191020E+000   0.7735586528E+000   0.1002072977E+001
 0.2323232   0.6957691010E-001   0.9964055829E+000   0.7831792563E+000   0.9959379323E+000
 0.2424242   0.7400832689E-001   0.9805358914E+000   0.7969269793E+000   0.1004396042E+001
 0.2525253   0.7925227497E-001   0.9902323300E+000   0.8043884094E+000   0.1004582156E+001
 0.2626263   0.8557768545E-001   0.1004151765E+001   0.8162557570E+000   0.1012475196E+001
 0.2727273   0.9334618434E-001   0.1011498682E+001   0.8198154412E+000   0.1004010359E+001
 0.2828283   0.9945914562E-001   0.9973006388E+000   0.8310899314E+000   0.9969671667E+000
 0.2929293   0.1088699502E+000   0.1002815762E+001   0.8429736398E+000   0.1009867354E+001
 0.3030303   0.1163303263E+000   0.9700496978E+000   0.8515893383E+000   0.1014428275E+001
 0.3131313   0.1303461756E+000   0.9888392896E+000   0.8501895405E+000   0.9967384480E+000
 0.3232323   0.1454650118E+000   0.1024547192E+001   0.8560094166E+000   0.9851545151E+000
 0.3333333   0.1575511146E+000   0.1002438435E+001   0.8802154431E+000   0.1011506505E+001
 0.3434343   0.1725199637E+000   0.9998848932E+000   0.8868099996E+000   0.9809927305E+000
 0.3535354   0.1892374463E+000   0.9798887310E+000   0.9069420935E+000   0.1009694693E+001
 0.3636364   0.2096919834E+000   0.9954842019E+000   0.9088465776E+000   0.9823515890E+000
 0.3737374   0.2320319689E+000   0.9789695437E+000   0.9289109664E+000   0.9941418173E+000
 0.3838384   0.2625137838E+000   0.9857614382E+000   0.9423832044E+000   0.1009661058E+001
 0.3939394   0.2923724029E+000   0.1004191253E+001   0.9546550652E+000   0.1002467629E+001
 0.4040404   0.3243748548E+000   0.9987331669E+000   0.9624197138E+000   0.9883767589E+000
 0.4141414   0.3599787194E+000   0.9895369067E+000   0.9709678276E+000   0.9808380090E+000
 0.4242424   0.4044916367E+000   0.9984260399E+000   0.9911263508E+000   0.9976421113E+000
 0.4343434   0.4515035638E+000   0.9868034762E+000   0.9979796786E+000   0.9923995184E+000
 0.4444444   0.4981724279E+000   0.9877226635E+000   0.1025710726E+001   0.9981174876E+000
 0.4545455   0.5723839280E+000   0.9976450598E+000   0.1032798270E+001   0.9826924249E+000
 0.4646465   0.6369798305E+000   0.9915507823E+000   0.1056539428E+001   0.1004017086E+001
 0.4747475   0.7239746094E+000   0.9913708937E+000   0.1074999656E+001   0.1000223046E+001
 0.4848485   0.8016064718E+000   0.9868912268E+000   0.1085726565E+001   0.9932090035E+000
 0.4949495   0.9001585152E+000   0.9720372483E+000   0.1092937462E+001   0.9862442928E+000
 0.5050505   0.9748933316E+000   0.9838835759E+000   0.1111102969E+001   0.9950813581E+000
 0.5151515   0.9753986879E+000   0.9979719307E+000   0.1126572347E+001   0.1011288998E+001
 0.5252525   0.9771492112E+000   0.9913774750E+000   0.1111175779E+001   0.9918523872E+000
 0.5353535   0.9814465123E+000   0.9894820625E+000   0.1105308779E+001   0.9799433150E+000
 0.5454545   0.9931339600E+000   0.1002001876E+001   0.1129069163E+001   0.1017137023E+001
 0.5555556   0.9787545549E+000   0.9771860133E+000   0.1118455610E+001   0.9926708417E+000
 0.5656566   0.1004192776E+001   0.9912326865E+000   0.1105762842E+001   0.9928255632E+000
 0.5757576   0.1008409610E+001   0.9974278771E+000   0.1124233202E+001   0.1005434246E+001
 0.5858586   0.1021126401E+001   0.1001479760E+001   0.1123035174E+001   0.1004828814E+001
 0.5959596   0.1035886733E+001   0.1000797499E+001   0.1109867481E+001   0.9775081328E+000
 0.6060606   0.1051907919E+001   0.9869658148E+000   0.1124260725E+001   0.9939557030E+000
 0.6161616   0.1043366069E+001   0.9894667062E+000   0.1120495991E+001   0.9985233513E+000
 0.6262626   0.1076681879E+001   0.9874067614E+000   0.1115605355E+001   0.9899598516E+000
 0.6363636   0.1089138823E+001   0.9936304710E+000   0.1107603031E+001   0.9848719802E+000
 0.6464646   0.1105958857E+001   0.9866499127E+000   0.1131046480E+001   0.1007929971E+001
 0.6565657   0.1126885079E+001   0.9927485777E+000   0.1127508314E+001   0.9840311023E+000
 0.6666667   0.1168027205E+001   0.1006301654E+001   0.1123389360E+001   0.9934399646E+000
 0.6767677   0.1179744613E+001   0.1000306096E+001   0.1130678054E+001   0.1001404759E+001
 0.6868687   0.1198524730E+001   0.9819399006E+000   0.1141352051E+001   0.1000575093E+001
 0.6969697   0.1236312588E+001   0.1003234771E+001   0.1146500115E+001   0.9928905911E+000
 0.7070707   0.1270709784E+001   0.9981145253E+000   0.1133655817E+001   0.9911415652E+000
 0.7171717   0.1308135316E+001   0.1000505729E+001   0.1155993062E+001   0.1003938604E+001
 0.7272727   0.1345613985E+001   0.1004006976E+001   0.1156735559E+001   0.1005129287E+001
 0.7373737   0.1375290317E+001   0.1000584704E+001   0.1151964918E+001   0.1002348785E+001
 0.7474747   0.1421270204E+001   0.9988384676E+000   0.1149503802E+001   0.9898118571E+000
 0.7575758   0.1445086921E+001   0.9880758596E+000   0.1140366326E+001   0.9839010466E+000
 0.7676768   0.1520720394E+001   0.1022721980E+001   0.1156350515E+001   0.1000862113E+001
 0.7777778   0.1548162329E+001   0.9833526849E+000   0.1150516616E+001   0.9772525059E+000
 0.7878788   0.1594839156E+001   0.9938015846E+000   0.1163840669E+001   0.9954132245E+000
 0.7979798   0.1677267015E+001   0.9987748484E+000   0.1166975731E+001   0.9967765678E+000
 0.8080808   0.1732600717E+001   0.1011095029E+001   0.1167849044E+001   0.9934197835E+000
 0.8181818   0.1810158897E+001   0.1019852536E+001   0.1172691215E+001   0.1002774830E+001
 0.8282828   0.1849180547E+001   0.9955719524E+000   0.1172434891E+001   0.9836521467E+000
 0.8383838   0.1923791486E+001   0.9954732330E+000   0.1170854877E+001   0.9821856558E+000
 0.8484848   0.2010596390E+001   0.1007095797E+001   0.1186089046E+001   0.1003826487E+001
 0.8585859   0.2112466456E+001   0.1020135532E+001   0.1192221077E+001   0.1008802242E+001
 0.8686869   0.2198644504E+001   0.1013429194E+001   0.1199399050E+001   0.1001862197E+001
 0.8787879   0.2279651142E+001   0.1001098045E+001   0.1207546589E+001   0.9975434483E+000
 0.8888889   0.2418356251E+001   0.1018231345E+001   0.1213847949E+001   0.9990682401E+000
 0.8989899   0.2520921678E+001   0.1003794181E+001   0.1212914347E+001   0.9986197719E+000
 0.9090909   0.2632247708E+001   0.1011345118E+001   0.1216306748E+001   0.1006068828E+001
 0.9191919   0.2707047179E+001   0.9909102031E+000   0.1194506629E+001   0.9833337343E+000
 0.9292929   0.2873772597E+001   0.9918118403E+000   0.1195693375E+001   0.9768668233E+000
 0.9393939   0.3018015185E+001   0.9969957055E+000   0.1221352532E+001   0.9847553784E+000
 0.9494949   0.3197712169E+001   0.1006858870E+001   0.1237270925E+001   0.1003526014E+001
 0.9595960   0.3364355482E+001   0.1000396040E+001   0.1240528782E+001   0.9962428906E+000
 0.9696970   0.3583219779E+001   0.1015524239E+001   0.1249928047E+001   0.1006257185E+001
 0.9797980   0.3749156625E+001   0.9922154929E+000   0.1256966989E+001   0.9899755479E+000
 0.9898990   0.3990376951E+001   0.1017549084E+001   0.1259015656E+001   0.1003510317E+001
 1.0000000   0.4056165317E+001   0.1005683012E+001   0.1266038819E+001   0.1007302116E+001


 0.0000000   0.1471516939E+000   0.1044157761E+001   0.7289744005E+000   0.1045703520E+001
 0.0101010   0.1464517334E+000   0.1013010679E+001   0.7260040699E+000   0.1007386661E+001
 0.0202020   0.1413379759E+000   0.1010611864E+001   0.7133573379E+000   0.1015449226E+001
 0.0303030   0.1362668791E+000   0.9968645810E+000   0.7115424477E+000   0.9943533592E+000
 0.0404040   0.1296093373E+000   0.1000293998E+001   0.7212798521E+000   0.1008139436E+001
 0.0505051   0.1222408670E+000   0.1010179485E+001   0.7069950289E+000   0.9893079496E+000
 0.0606061   0.1158334041E+000   0.1028564477E+001   0.7288129071E+000   0.1037422994E+001
 0.0707071   0.1035833466E+000   0.9952397047E+000   0.7170161829E+000   0.1006742867E+001
 0.0808081   0.9541265497E-001   0.1004005745E+001   0.7196208681E+000   0.1004466378E+001
 0.0909091   0.8775713992E-001   0.1037032392E+001   0.7212931629E+000   0.1011810476E+001
 0.1010101   0.7867470044E-001   0.1014290047E+001   0.7186827692E+000   0.1005316025E+001
 0.1111111   0.7318071884E-001   0.1038517091E+001   0.7270825006E+000   0.1020040549E+001
 0.1212121   0.6801224733E-001   0.1002189358E+001   0.7214380159E+000   0.1009291808E+001
 0.1313131   0.6271052754E-001   0.9988764267E+000   0.7188888034E+000   0.9992595155E+000
 0.1414141   0.6096995259E-001   0.1014714528E+001   0.7328873713E+000   0.1029132377E+001
 0.1515152   0.5812849663E-001   0.1010576326E+001   0.7377239844E+000   0.1005376570E+001
 0.1616162   0.5760192917E-001   0.1012331508E+001   0.7439003645E+000   0.1014781214E+001
 0.1717172   0.5733430553E-001   0.1002793504E+001   0.7459707901E+000   0.1023037522E+001
 0.1818182   0.5713929570E-001   0.1002169615E+001   0.7553837800E+000   0.1030474456E+001
 0.1919192   0.5926747860E-001   0.1008900117E+001   0.7557448903E+000   0.1016809468E+001
 0.2020202   0.6058501989E-001   0.1001269319E+001   0.7635644261E+000   0.9944805035E+000
 0.2121212   0.6291247044E-001   0.9919307221E+000   0.7736073686E+000   0.1007271626E+001
 0.2222222   0.6560912376E-001   0.1003916900E+001   0.7738280936E+000   0.1002339234E+001
 0.2323232   0.6981886045E-001   0.9997214413E+000   0.7857545783E+000   0.9991303530E+000
 0.2424242   0.7405028735E-001   0.9809455315E+000   0.7985411316E+000   0.1006347307E+001
 0.2525253   0.7926934679E-001   0.9902979484E+000   0.8068105433E+000   0.1007523896E+001
 0.2626263   0.8556504388E-001   0.1003853721E+001   0.8170873403E+000   0.1013422989E+001
 0.2727273   0.9315324454E-001   0.1009257471E+001   0.8214800355E+000   0.1005965874E+001
 0.2828283   0.9970283387E-001   0.9995950840E+000   0.8330982716E+000   0.9992938243E+000
 0.2929293   0.1090818513E+000   0.1004617788E+001   0.8428492001E+000   0.1009634896E+001
 0.3030303   0.1170210770E+000   0.9756641899E+000   0.8517018244E+000   0.1014478489E+001
 0.3131313   0.1295688174E+000   0.9827954818E+000   0.8510761070E+000   0.9976954385E+000
 0.3232323   0.1451185280E+000   0.1021954409E+001   0.8558872451E+000   0.9849325704E+000
 0.3333333   0.1575826312E+000   0.1002489457E+001   0.8806844016E+000   0.1011961839E+001
 0.3434343   0.1725491717E+000   0.9999050543E+000   0.8876298278E+000   0.9818185436E+000
 0.3535354   0.1890922601E+000   0.9789909415E+000   0.9073294896E+000   0.1010042565E+001
 0.3636364   0.2095303263E+000   0.9945684314E+000   0.9076945825E+000   0.9810254052E+000
 0.3737374   0.2333498066E+000   0.9843828458E+000   0.9303734742E+000   0.9956248024E+000
 0.3838384   0.2619638418E+000   0.9835496772E+000   0.9414664324E+000   0.1008595541E+001
 0.3939394   0.2921182220E+000   0.1003168627E+001   0.9558974868E+000   0.1003689385E+001
 0.4040404   0.3241773189E+000   0.9979761307E+000   0.9623054244E+000   0.9881777779E+000
 0.4141414   0.3601196602E+000   0.9897767244E+000   0.9710637097E+000   0.9808538613E+000
 0.4242424   0.4037384783E+000   0.9964183817E+000   0.9916541960E+000   0.9980909986E+000
 0.4343434   0.4522439426E+000   0.9882742568E+000   0.9980298821E+000   0.9923674860E+000
 0.4444444   0.4982610467E+000   0.9877510584E+000   0.1025409387E+001   0.9977418563E+000
 0.4545455   0.5705248578E+000   0.9942564867E+000   0.1034637814E+001   0.9843614301E+000
 0.4646465   0.6366288667E+000   0.9908566847E+000   0.1058216696E+001   0.1005527932E+001
 0.4747475   0.7218237262E+000   0.9882782054E+000   0.1071657967E+001   0.9970314626E+000
 0.4848485   0.8027469095E+000   0.9881478994E+000   0.1083166480E+001   0.9907852456E+000
 0.4949495   0.8975865011E+000   0.9691153263E+000   0.1094336272E+001   0.9874250028E+000
 0.5050505   0.9741854176E+000   0.9830225302E+000   0.1112092310E+001   0.9958851456E+000
 0.5151515   0.9771578496E+000   0.9996227246E+000   0.1121463441E+001   0.1006619759E+001
 0.5252525   0.9732626580E+000   0.9872870901E+000   0.1108848647E+001   0.9896934189E+000
 0.5353535   0.9858768035E+000   0.9938004157E+000   0.1105764707E+001   0.9802665756E+000
 0.5454545   0.9929942914E+000   0.1001711569E+001   0.1123643524E+001   0.1012165673E+001
 0.5555556   0.9777557656E+000   0.9760432619E+000   0.1115747874E+001   0.9901858509E+000
 0.5656566   0.1004149604E+001   0.9910422721E+000   0.1102931914E+001   0.9902019962E+000
 0.5757576   0.1009721269E+001   0.9985763280E+000   0.1125868400E+001   0.1006813503E+001
 0.5858586   0.1016322610E+001   0.9966197637E+000   0.1121931042E+001   0.1003758003E+001
 0.5959596   0.1039096744E+001   0.1003749081E+001   0.1105991902E+001   0.9740143041E+000
 0.6060606   0.1052152611E+001   0.9870481958E+000   0.1122691689E+001   0.9924865577E+000
 0.6161616   0.1043717448E+001   0.9896523414E+000   0.1121688735E+001   0.9995037133E+000
 0.6262626   0.1078473226E+001   0.9889020948E+000   0.1114523809E+001   0.9889184440E+000
 0.6363636   0.1087567711E+001   0.9920491821E+000   0.1106800234E+001   0.9840768690E+000
 0.6464646   0.1101231570E+001   0.9822861038E+000   0.1138198998E+001   0.1014220164E+001
 0.6565657   0.1126507922E+001   0.9922683331E+000   0.1126499880E+001   0.9830698052E+000
 0.6666667   0.1167225297E+001   0.1005460828E+001   0.1125215774E+001   0.9949729355E+000
 0.6767677   0.1179689702E+001   0.1000110385E+001   0.1130689465E+001   0.1001332170E+001
 0.6868687   0.1200413130E+001   0.9833403978E+000   0.1135930298E+001   0.9957398378E+000
 0.6969697   0.1238610357E+001   0.1004949476E+001   0.1141231660E+001   0.9882463954E+000
 0.7070707   0.1270692907E+001   0.9979524387E+000   0.1131684319E+001   0.9893362039E+000
 0.7171717   0.1305799643E+001   0.9985704050E+000   0.1154381564E+001   0.1002456287E+001
 0.7272727   0.1345323413E+001   0.1003640493E+001   0.1156198203E+001   0.1004579395E+001
 0.7373737   0.1374802668E+001   0.1000080770E+001   0.1149889530E+001   0.1000460323E+001
 0.7474747   0.1418850072E+001   0.9969889640E+000   0.1149022857E+001   0.9893160223E+000
 0.7575758   0.1440634038E+001   0.9848843265E+000   0.1141225734E+001   0.9845612283E+000
 0.7676768   0.1515671601E+001   0.1019174547E+001   0.1153994997E+001   0.9987408474E+000
 0.7777778   0.1548526198E+001   0.9834371402E+000   0.1152504187E+001   0.9788599154E+000
 0.7878788   0.1596272954E+001   0.9945467137E+000   0.1163532868E+001   0.9950677892E+000
 0.7979798   0.1676490672E+001   0.9981636923E+000   0.1167280757E+001   0.9969547724E+000
 0.8080808   0.1736399395E+001   0.1013160728E+001   0.1168409564E+001   0.9938145095E+000
 0.8181818   0.1802748408E+001   0.1015525979E+001   0.1171740459E+001   0.1001879092E+001
 0.8282828   0.1847181322E+001   0.9943473060E+000   0.1173519132E+001   0.9844805017E+000
 0.8383838   0.1923909409E+001   0.9953858054E+000   0.1173502200E+001   0.9843251031E+000
 0.8484848   0.2011408288E+001   0.1007352240E+001   0.1184958988E+001   0.1002787266E+001
 0.8585859   0.2107937102E+001   0.1017796463E+001   0.1188048848E+001   0.1005188881E+001
 0.8686869   0.2195035521E+001   0.1011614825E+001   0.1197611883E+001   0.1000286761E+001
 0.8787879   0.2286136745E+001   0.1003796465E+001   0.1207141326E+001   0.9971263163E+000
 0.8888889   0.2413083148E+001   0.1015859642E+001   0.1211360544E+001   0.9969386271E+000
 0.8989899   0.2523247328E+001   0.1004570404E+001   0.1212386929E+001   0.9981031076E+000
 0.9090909   0.2637366497E+001   0.1013160728E+001   0.1218864345E+001   0.1008101091E+001
 0.9191919   0.2709171146E+001   0.9915398041E+000   0.1193801644E+001   0.9826722269E+000
 0.9292929   0.2876628308E+001   0.9926493794E+000   0.1201885687E+001   0.9818447797E+000
 0.9393939   0.3023519693E+001   0.9986651730E+000   0.1223160113E+001   0.9861313597E+000
 0.9494949   0.3197435828E+001   0.1006621736E+001   0.1237104230E+001   0.1003307952E+001
 0.9595960   0.3374269222E+001   0.1003194294E+001   0.1246250175E+001   0.1000754975E+001
 0.9696970   0.3579022498E+001   0.1014183433E+001   0.1249285806E+001   0.1005657095E+001
 0.9797980   0.3747736756E+001   0.9916918277E+000   0.1257524914E+001   0.9903331769E+000
 0.9898990   0.3986281730E+001   0.1016353225E+001   0.1258161764E+001   0.1002746903E+001
 1.0000000   0.4068146743E+001   0.1008503276E+001   0.1268372915E+001   0.1009075864E+001


