# Evolution of the weightfunction during equilibration phase for fractional: Ar
# Weightfunction after cycle        250
 0.0000000    0.4000000000E+001    0.2000000000E+001
 0.0101010    0.2100000000E+001    0.6000000000E+000
 0.0202020    0.3300000000E+001    0.1600000000E+001
 0.0303030    0.3700000000E+001    0.2000000000E+001
 0.0404040    0.2900000000E+001    0.1200000000E+001
 0.0505051    0.2700000000E+001    0.7000000000E+000
 0.0606061    0.3700000000E+001    0.1400000000E+001
 0.0707071    0.3700000000E+001    0.9000000000E+000
 0.0808081    0.3300000000E+001    0.1500000000E+001
 0.0909091    0.2600000000E+001    0.6000000000E+000
 0.1010101    0.3300000000E+001    0.1300000000E+001
 0.1111111    0.4000000000E+001    0.8000000000E+000
 0.1212121    0.4200000000E+001    0.1600000000E+001
 0.1313131    0.3100000000E+001    0.9000000000E+000
 0.1414141    0.3900000000E+001    0.1300000000E+001
 0.1515152    0.4200000000E+001    0.1800000000E+001
 0.1616162    0.4200000000E+001    0.1200000000E+001
 0.1717172    0.4500000000E+001    0.1400000000E+001
 0.1818182    0.3600000000E+001    0.1500000000E+001
 0.1919192    0.3600000000E+001    0.3000000000E+000
 0.2020202    0.4200000000E+001    0.1900000000E+001
 0.2121212    0.4800000000E+001    0.1000000000E+001
 0.2222222    0.4700000000E+001    0.1400000000E+001
 0.2323232    0.4600000000E+001    0.1900000000E+001
 0.2424242    0.3500000000E+001    0.3000000000E+000
 0.2525253    0.5000000000E+001    0.1100000000E+001
 0.2626263    0.4000000000E+001    0.1000000000E+001
 0.2727273    0.4100000000E+001    0.1000000000E+001
 0.2828283    0.3900000000E+001    0.2700000000E+001
 0.2929293    0.3200000000E+001    0.6000000000E+000
 0.3030303    0.3800000000E+001    0.7000000000E+000
 0.3131313    0.4300000000E+001    0.1100000000E+001
 0.3232323    0.4200000000E+001    0.2500000000E+001
 0.3333333    0.3700000000E+001    0.0000000000E+000
 0.3434343    0.4300000000E+001    0.1500000000E+001
 0.3535354    0.4500000000E+001    0.1500000000E+001
 0.3636364    0.4100000000E+001    0.6000000000E+000
 0.3737374    0.4200000000E+001    0.1000000000E+001
 0.3838384    0.3600000000E+001    0.1000000000E+001
 0.3939394    0.4200000000E+001    0.1100000000E+001
 0.4040404    0.3800000000E+001    0.6000000000E+000
 0.4141414    0.3600000000E+001    0.7000000000E+000
 0.4242424    0.3900000000E+001    0.1100000000E+001
 0.4343434    0.3900000000E+001    0.1000000000E+000
 0.4444444    0.3800000000E+001    0.2200000000E+001
 0.4545455    0.3300000000E+001    0.7000000000E+000
 0.4646465    0.4000000000E+001    0.5000000000E+000
 0.4747475    0.3100000000E+001    0.7000000000E+000
 0.4848485    0.3500000000E+001    0.1300000000E+001
 0.4949495    0.3200000000E+001    0.7000000000E+000
 0.5050505    0.3100000000E+001    0.1000000000E+001
 0.5151515    0.3100000000E+001    0.1200000000E+001
 0.5252525    0.2100000000E+001    0.8000000000E+000
 0.5353535    0.3800000000E+001    0.1500000000E+001
 0.5454545    0.2900000000E+001    0.1500000000E+001
 0.5555556    0.3100000000E+001    0.1100000000E+001
 0.5656566    0.3000000000E+001    0.4000000000E+000
 0.5757576    0.3200000000E+001    0.4000000000E+000
 0.5858586    0.3200000000E+001    0.9000000000E+000
 0.5959596    0.2800000000E+001    0.2000000000E+000
 0.6060606    0.3500000000E+001    0.8000000000E+000
 0.6161616    0.2600000000E+001    0.6000000000E+000
 0.6262626    0.2700000000E+001    0.2000000000E+000
 0.6363636    0.2600000000E+001    0.9000000000E+000
 0.6464646    0.2900000000E+001    0.7000000000E+000
 0.6565657    0.2700000000E+001    0.9000000000E+000
 0.6666667    0.3100000000E+001    0.6000000000E+000
 0.6767677    0.3100000000E+001    0.8000000000E+000
 0.6868687    0.2600000000E+001    0.1700000000E+001
 0.6969697    0.2400000000E+001    0.2400000000E+001
 0.7070707    0.2700000000E+001    0.1100000000E+001
 0.7171717    0.2800000000E+001    0.1000000000E+001
 0.7272727    0.3400000000E+001    0.1800000000E+001
 0.7373737    0.2900000000E+001    0.8000000000E+000
 0.7474747    0.3300000000E+001    0.1700000000E+001
 0.7575758    0.2800000000E+001    0.9000000000E+000
 0.7676768    0.2900000000E+001    0.1400000000E+001
 0.7777778    0.2700000000E+001    0.6000000000E+000
 0.7878788    0.2500000000E+001    0.4000000000E+000
 0.7979798    0.2800000000E+001    0.7000000000E+000
 0.8080808    0.3100000000E+001    0.1300000000E+001
 0.8181818    0.2700000000E+001    0.9000000000E+000
 0.8282828    0.3000000000E+001    0.9000000000E+000
 0.8383838    0.2800000000E+001    0.1300000000E+001
 0.8484848    0.3000000000E+001    0.8000000000E+000
 0.8585859    0.2500000000E+001    0.7000000000E+000
 0.8686869    0.3100000000E+001    0.1000000000E+001
 0.8787879    0.3500000000E+001    0.1800000000E+001
 0.8888889    0.2500000000E+001    0.1000000000E+001
 0.8989899    0.2800000000E+001    0.8000000000E+000
 0.9090909    0.2800000000E+001    0.1100000000E+001
 0.9191919    0.2600000000E+001    0.8000000000E+000
 0.9292929    0.3200000000E+001    0.1100000000E+001
 0.9393939    0.2000000000E+001    0.1000000000E+000
 0.9494949    0.3200000000E+001    0.1400000000E+001
 0.9595960    0.2400000000E+001    0.2000000000E+000
 0.9696970    0.2800000000E+001    0.1100000000E+001
 0.9797980    0.2400000000E+001    0.4000000000E+000
 0.9898990    0.2300000000E+001    0.7000000000E+000
 1.0000000    0.3100000000E+001    0.1000000000E+001


# Weightfunction after cycle        828
 0.0000000    0.2825000000E+001    0.1150000000E+001
 0.0101010    0.2850000000E+001    0.1075000000E+001
 0.0202020    0.2600000000E+001    0.1050000000E+001
 0.0303030    0.2875000000E+001    0.9000000000E+000
 0.0404040    0.2675000000E+001    0.8750000000E+000
 0.0505051    0.2375000000E+001    0.4000000000E+000
 0.0606061    0.3225000000E+001    0.1225000000E+001
 0.0707071    0.3350000000E+001    0.1375000000E+001
 0.0808081    0.2975000000E+001    0.9500000000E+000
 0.0909091    0.3175000000E+001    0.1000000000E+001
 0.1010101    0.3200000000E+001    0.1025000000E+001
 0.1111111    0.3075000000E+001    0.8000000000E+000
 0.1212121    0.3050000000E+001    0.5500000000E+000
 0.1313131    0.3400000000E+001    0.1000000000E+001
 0.1414141    0.3000000000E+001    0.5250000000E+000
 0.1515152    0.3300000000E+001    0.5000000000E+000
 0.1616162    0.3225000000E+001    0.9500000000E+000
 0.1717172    0.3850000000E+001    0.1275000000E+001
 0.1818182    0.3475000000E+001    0.8000000000E+000
 0.1919192    0.3800000000E+001    0.7750000000E+000
 0.2020202    0.3625000000E+001    0.7750000000E+000
 0.2121212    0.3475000000E+001    0.6500000000E+000
 0.2222222    0.3375000000E+001    0.6750000000E+000
 0.2323232    0.3850000000E+001    0.6750000000E+000
 0.2424242    0.3425000000E+001    0.1050000000E+001
 0.2525253    0.4125000000E+001    0.1025000000E+001
 0.2626263    0.3675000000E+001    0.7250000000E+000
 0.2727273    0.4000000000E+001    0.6250000000E+000
 0.2828283    0.3650000000E+001    0.9750000000E+000
 0.2929293    0.3100000000E+001    0.4500000000E+000
 0.3030303    0.3625000000E+001    0.8250000000E+000
 0.3131313    0.4075000000E+001    0.9000000000E+000
 0.3232323    0.3350000000E+001    0.7000000000E+000
 0.3333333    0.4175000000E+001    0.1000000000E+001
 0.3434343    0.3175000000E+001    0.7750000000E+000
 0.3535354    0.3450000000E+001    0.9750000000E+000
 0.3636364    0.3750000000E+001    0.7500000000E+000
 0.3737374    0.3475000000E+001    0.9750000000E+000
 0.3838384    0.3500000000E+001    0.5250000000E+000
 0.3939394    0.3675000000E+001    0.1100000000E+001
 0.4040404    0.3625000000E+001    0.4500000000E+000
 0.4141414    0.3150000000E+001    0.1025000000E+001
 0.4242424    0.3325000000E+001    0.9000000000E+000
 0.4343434    0.3750000000E+001    0.9500000000E+000
 0.4444444    0.3325000000E+001    0.7000000000E+000
 0.4545455    0.3475000000E+001    0.8000000000E+000
 0.4646465    0.3075000000E+001    0.9750000000E+000
 0.4747475    0.3175000000E+001    0.7750000000E+000
 0.4848485    0.3250000000E+001    0.7000000000E+000
 0.4949495    0.3275000000E+001    0.9750000000E+000
 0.5050505    0.3025000000E+001    0.8500000000E+000
 0.5151515    0.2925000000E+001    0.4750000000E+000
 0.5252525    0.3100000000E+001    0.1075000000E+001
 0.5353535    0.2750000000E+001    0.7250000000E+000
 0.5454545    0.2975000000E+001    0.1025000000E+001
 0.5555556    0.3300000000E+001    0.6500000000E+000
 0.5656566    0.3300000000E+001    0.1225000000E+001
 0.5757576    0.3200000000E+001    0.8250000000E+000
 0.5858586    0.3025000000E+001    0.7500000000E+000
 0.5959596    0.2975000000E+001    0.6250000000E+000
 0.6060606    0.3200000000E+001    0.9500000000E+000
 0.6161616    0.3250000000E+001    0.1025000000E+001
 0.6262626    0.3050000000E+001    0.9250000000E+000
 0.6363636    0.3375000000E+001    0.5000000000E+000
 0.6464646    0.2700000000E+001    0.9500000000E+000
 0.6565657    0.3225000000E+001    0.6500000000E+000
 0.6666667    0.2750000000E+001    0.8000000000E+000
 0.6767677    0.3025000000E+001    0.7000000000E+000
 0.6868687    0.2975000000E+001    0.9500000000E+000
 0.6969697    0.3125000000E+001    0.3500000000E+000
 0.7070707    0.3200000000E+001    0.7750000000E+000
 0.7171717    0.3050000000E+001    0.8500000000E+000
 0.7272727    0.3075000000E+001    0.7500000000E+000
 0.7373737    0.3000000000E+001    0.6000000000E+000
 0.7474747    0.2825000000E+001    0.5500000000E+000
 0.7575758    0.3225000000E+001    0.6750000000E+000
 0.7676768    0.2875000000E+001    0.6500000000E+000
 0.7777778    0.2900000000E+001    0.7250000000E+000
 0.7878788    0.2925000000E+001    0.4500000000E+000
 0.7979798    0.2700000000E+001    0.3500000000E+000
 0.8080808    0.2575000000E+001    0.2500000000E+000
 0.8181818    0.3075000000E+001    0.6250000000E+000
 0.8282828    0.2825000000E+001    0.7000000000E+000
 0.8383838    0.3275000000E+001    0.7750000000E+000
 0.8484848    0.2750000000E+001    0.4000000000E+000
 0.8585859    0.3150000000E+001    0.8250000000E+000
 0.8686869    0.3025000000E+001    0.7000000000E+000
 0.8787879    0.2925000000E+001    0.7250000000E+000
 0.8888889    0.2700000000E+001    0.4500000000E+000
 0.8989899    0.2875000000E+001    0.5750000000E+000
 0.9090909    0.2875000000E+001    0.7000000000E+000
 0.9191919    0.3275000000E+001    0.1150000000E+001
 0.9292929    0.3025000000E+001    0.5500000000E+000
 0.9393939    0.2700000000E+001    0.2750000000E+000
 0.9494949    0.2925000000E+001    0.5500000000E+000
 0.9595960    0.3275000000E+001    0.1000000000E+001
 0.9696970    0.2775000000E+001    0.4750000000E+000
 0.9797980    0.2775000000E+001    0.4250000000E+000
 0.9898990    0.2450000000E+001    0.0000000000E+000
 1.0000000    0.2850000000E+001    0.4500000000E+000


# Weightfunction after cycle       2000
 0.0000000    0.2125000000E+001    0.3562500000E+000
 0.0101010    0.2181250000E+001    0.3875000000E+000
 0.0202020    0.2343750000E+001    0.6562500000E+000
 0.0303030    0.2275000000E+001    0.5375000000E+000
 0.0404040    0.2000000000E+001    0.2937500000E+000
 0.0505051    0.2237500000E+001    0.4750000000E+000
 0.0606061    0.2325000000E+001    0.3937500000E+000
 0.0707071    0.2668750000E+001    0.6250000000E+000
 0.0808081    0.2468750000E+001    0.4750000000E+000
 0.0909091    0.2612500000E+001    0.3250000000E+000
 0.1010101    0.2393750000E+001    0.3250000000E+000
 0.1111111    0.2725000000E+001    0.3687500000E+000
 0.1212121    0.2837500000E+001    0.4437500000E+000
 0.1313131    0.3118750000E+001    0.4312500000E+000
 0.1414141    0.3137500000E+001    0.4625000000E+000
 0.1515152    0.3137500000E+001    0.4875000000E+000
 0.1616162    0.3037500000E+001    0.2562500000E+000
 0.1717172    0.3050000000E+001    0.3312500000E+000
 0.1818182    0.3381250000E+001    0.3187500000E+000
 0.1919192    0.3368750000E+001    0.4437500000E+000
 0.2020202    0.3268750000E+001    0.2437500000E+000
 0.2121212    0.3300000000E+001    0.4437500000E+000
 0.2222222    0.3262500000E+001    0.4250000000E+000
 0.2323232    0.3162500000E+001    0.2312500000E+000
 0.2424242    0.3287500000E+001    0.3125000000E+000
 0.2525253    0.3512500000E+001    0.5187500000E+000
 0.2626263    0.3437500000E+001    0.4812500000E+000
 0.2727273    0.3243750000E+001    0.4500000000E+000
 0.2828283    0.3037500000E+001    0.1187500000E+000
 0.2929293    0.3243750000E+001    0.2125000000E+000
 0.3030303    0.3287500000E+001    0.4312500000E+000
 0.3131313    0.3150000000E+001    0.3062500000E+000
 0.3232323    0.3343750000E+001    0.4937500000E+000
 0.3333333    0.3431250000E+001    0.2000000000E+000
 0.3434343    0.3156250000E+001    0.2375000000E+000
 0.3535354    0.3118750000E+001    0.1812500000E+000
 0.3636364    0.3100000000E+001    0.1500000000E+000
 0.3737374    0.3131250000E+001    0.4062500000E+000
 0.3838384    0.3012500000E+001    0.2687500000E+000
 0.3939394    0.3156250000E+001    0.1500000000E+000
 0.4040404    0.2593750000E+001    0.2125000000E+000
 0.4141414    0.2943750000E+001    0.1500000000E+000
 0.4242424    0.2781250000E+001    0.1125000000E+000
 0.4343434    0.2637500000E+001    0.1625000000E+000
 0.4444444    0.2656250000E+001    0.3812500000E+000
 0.4545455    0.2550000000E+001    0.0000000000E+000
 0.4646465    0.2437500000E+001    0.2250000000E+000
 0.4747475    0.2475000000E+001    0.1125000000E+000
 0.4848485    0.2331250000E+001    0.2312500000E+000
 0.4949495    0.2306250000E+001    0.2375000000E+000
 0.5050505    0.2118750000E+001    0.2437500000E+000
 0.5151515    0.2475000000E+001    0.3750000000E-001
 0.5252525    0.2437500000E+001    0.2937500000E+000
 0.5353535    0.2350000000E+001    0.1875000000E-001
 0.5454545    0.2243750000E+001    0.1687500000E+000
 0.5555556    0.2350000000E+001    0.1437500000E+000
 0.5656566    0.2331250000E+001    0.2312500000E+000
 0.5757576    0.2475000000E+001    0.2125000000E+000
 0.5858586    0.2387500000E+001    0.1062500000E+000
 0.5959596    0.2081250000E+001    0.1250000000E-001
 0.6060606    0.2306250000E+001    0.1687500000E+000
 0.6161616    0.2168750000E+001    0.1687500000E+000
 0.6262626    0.2156250000E+001    0.1687500000E+000
 0.6363636    0.2100000000E+001    0.8750000000E-001
 0.6464646    0.2337500000E+001    0.1000000000E+000
 0.6565657    0.2337500000E+001    0.2812500000E+000
 0.6666667    0.2250000000E+001    0.1375000000E+000
 0.6767677    0.2175000000E+001    0.1000000000E+000
 0.6868687    0.2137500000E+001    0.3187500000E+000
 0.6969697    0.2337500000E+001    0.1875000000E+000
 0.7070707    0.2131250000E+001    0.1875000000E+000
 0.7171717    0.2237500000E+001    0.1437500000E+000
 0.7272727    0.2293750000E+001    0.2437500000E+000
 0.7373737    0.2125000000E+001    0.2125000000E+000
 0.7474747    0.2281250000E+001    0.3250000000E+000
 0.7575758    0.2118750000E+001    0.1187500000E+000
 0.7676768    0.2031250000E+001    0.8125000000E-001
 0.7777778    0.2212500000E+001    0.2187500000E+000
 0.7878788    0.2087500000E+001    0.9375000000E-001
 0.7979798    0.2156250000E+001    0.2875000000E+000
 0.8080808    0.2162500000E+001    0.3125000000E+000
 0.8181818    0.2131250000E+001    0.1750000000E+000
 0.8282828    0.2250000000E+001    0.2750000000E+000
 0.8383838    0.2237500000E+001    0.2250000000E+000
 0.8484848    0.2168750000E+001    0.2375000000E+000
 0.8585859    0.2225000000E+001    0.3312500000E+000
 0.8686869    0.2243750000E+001    0.3375000000E+000
 0.8787879    0.2143750000E+001    0.1375000000E+000
 0.8888889    0.2281250000E+001    0.3250000000E+000
 0.8989899    0.2175000000E+001    0.2375000000E+000
 0.9090909    0.2075000000E+001    0.2250000000E+000
 0.9191919    0.2337500000E+001    0.3625000000E+000
 0.9292929    0.2012500000E+001    0.1375000000E+000
 0.9393939    0.2087500000E+001    0.2625000000E+000
 0.9494949    0.1987500000E+001    0.8125000000E-001
 0.9595960    0.2087500000E+001    0.1500000000E+000
 0.9696970    0.2168750000E+001    0.2062500000E+000
 0.9797980    0.2118750000E+001    0.2750000000E+000
 0.9898990    0.2268750000E+001    0.2875000000E+000
 1.0000000    0.2025000000E+001    0.1062500000E+000


# Weightfunction after cycle       4434
 0.0000000    0.2298437500E+001    0.5578125000E+000
 0.0101010    0.2226562500E+001    0.5296875000E+000
 0.0202020    0.2160937500E+001    0.4187500000E+000
 0.0303030    0.2282812500E+001    0.5109375000E+000
 0.0404040    0.2290625000E+001    0.4796875000E+000
 0.0505051    0.2417187500E+001    0.5343750000E+000
 0.0606061    0.2464062500E+001    0.5171875000E+000
 0.0707071    0.2346875000E+001    0.3718750000E+000
 0.0808081    0.2489062500E+001    0.4671875000E+000
 0.0909091    0.2606250000E+001    0.5046875000E+000
 0.1010101    0.2621875000E+001    0.4421875000E+000
 0.1111111    0.2782812500E+001    0.4890625000E+000
 0.1212121    0.2834375000E+001    0.3906250000E+000
 0.1313131    0.2968750000E+001    0.4453125000E+000
 0.1414141    0.3126562500E+001    0.5609375000E+000
 0.1515152    0.3071875000E+001    0.5281250000E+000
 0.1616162    0.3123437500E+001    0.5078125000E+000
 0.1717172    0.3204687500E+001    0.5765625000E+000
 0.1818182    0.3425000000E+001    0.4875000000E+000
 0.1919192    0.3182812500E+001    0.4265625000E+000
 0.2020202    0.3234375000E+001    0.4500000000E+000
 0.2121212    0.3275000000E+001    0.5718750000E+000
 0.2222222    0.3335937500E+001    0.4250000000E+000
 0.2323232    0.3259375000E+001    0.4218750000E+000
 0.2424242    0.3271875000E+001    0.4765625000E+000
 0.2525253    0.3240625000E+001    0.4031250000E+000
 0.2626263    0.3217187500E+001    0.4109375000E+000
 0.2727273    0.3207812500E+001    0.4828125000E+000
 0.2828283    0.3151562500E+001    0.4156250000E+000
 0.2929293    0.3332812500E+001    0.4468750000E+000
 0.3030303    0.2973437500E+001    0.4031250000E+000
 0.3131313    0.2985937500E+001    0.4281250000E+000
 0.3232323    0.2956250000E+001    0.3796875000E+000
 0.3333333    0.2917187500E+001    0.3953125000E+000
 0.3434343    0.2862500000E+001    0.3343750000E+000
 0.3535354    0.2818750000E+001    0.3656250000E+000
 0.3636364    0.2809375000E+001    0.3968750000E+000
 0.3737374    0.2746875000E+001    0.2875000000E+000
 0.3838384    0.2803125000E+001    0.2640625000E+000
 0.3939394    0.2690625000E+001    0.3828125000E+000
 0.4040404    0.2618750000E+001    0.2750000000E+000
 0.4141414    0.2546875000E+001    0.3531250000E+000
 0.4242424    0.2456250000E+001    0.2859375000E+000
 0.4343434    0.2432812500E+001    0.2343750000E+000
 0.4444444    0.2329687500E+001    0.2468750000E+000
 0.4545455    0.2339062500E+001    0.2000000000E+000
 0.4646465    0.2198437500E+001    0.2312500000E+000
 0.4747475    0.2198437500E+001    0.1828125000E+000
 0.4848485    0.2139062500E+001    0.1250000000E+000
 0.4949495    0.1989062500E+001    0.2265625000E+000
 0.5050505    0.1965625000E+001    0.1687500000E+000
 0.5151515    0.2007812500E+001    0.2109375000E+000
 0.5252525    0.2000000000E+001    0.1265625000E+000
 0.5353535    0.1993750000E+001    0.1500000000E+000
 0.5454545    0.2050000000E+001    0.1343750000E+000
 0.5555556    0.2035937500E+001    0.7187500000E-001
 0.5656566    0.2023437500E+001    0.1656250000E+000
 0.5757576    0.1964062500E+001    0.2015625000E+000
 0.5858586    0.1967187500E+001    0.2562500000E+000
 0.5959596    0.2026562500E+001    0.2046875000E+000
 0.6060606    0.2015625000E+001    0.1156250000E+000
 0.6161616    0.1992187500E+001    0.1953125000E+000
 0.6262626    0.2087500000E+001    0.8125000000E-001
 0.6363636    0.1862500000E+001    0.1593750000E+000
 0.6464646    0.1960937500E+001    0.1484375000E+000
 0.6565657    0.1923437500E+001    0.1984375000E+000
 0.6666667    0.1979687500E+001    0.1546875000E+000
 0.6767677    0.2010937500E+001    0.0000000000E+000
 0.6868687    0.2064062500E+001    0.1750000000E+000
 0.6969697    0.1884375000E+001    0.6562500000E-001
 0.7070707    0.2040625000E+001    0.1437500000E+000
 0.7171717    0.1970312500E+001    0.1046875000E+000
 0.7272727    0.1967187500E+001    0.9843750000E-001
 0.7373737    0.1985937500E+001    0.7343750000E-001
 0.7474747    0.1973437500E+001    0.1046875000E+000
 0.7575758    0.2025000000E+001    0.1062500000E+000
 0.7676768    0.2025000000E+001    0.1453125000E+000
 0.7777778    0.1998437500E+001    0.1296875000E+000
 0.7878788    0.2004687500E+001    0.1312500000E+000
 0.7979798    0.2010937500E+001    0.1453125000E+000
 0.8080808    0.2059375000E+001    0.1953125000E+000
 0.8181818    0.2023437500E+001    0.1671875000E+000
 0.8282828    0.2056250000E+001    0.1531250000E+000
 0.8383838    0.1982812500E+001    0.6875000000E-001
 0.8484848    0.2028125000E+001    0.1343750000E+000
 0.8585859    0.1992187500E+001    0.6875000000E-001
 0.8686869    0.2007812500E+001    0.1359375000E+000
 0.8787879    0.2056250000E+001    0.1703125000E+000
 0.8888889    0.2004687500E+001    0.1328125000E+000
 0.8989899    0.2042187500E+001    0.1578125000E+000
 0.9090909    0.2026562500E+001    0.1390625000E+000
 0.9191919    0.2032812500E+001    0.1937500000E+000
 0.9292929    0.2081250000E+001    0.2062500000E+000
 0.9393939    0.2023437500E+001    0.1078125000E+000
 0.9494949    0.2025000000E+001    0.1703125000E+000
 0.9595960    0.1985937500E+001    0.9843750000E-001
 0.9696970    0.2048437500E+001    0.2015625000E+000
 0.9797980    0.1982812500E+001    0.9218750000E-001
 0.9898990    0.2025000000E+001    0.2015625000E+000
 1.0000000    0.2120312500E+001    0.1656250000E+000


# Weightfunction after cycle       9472
 0.0000000    0.2052343750E+001    0.2753906250E+000
 0.0101010    0.2005468750E+001    0.2554687500E+000
 0.0202020    0.2118750000E+001    0.3480468750E+000
 0.0303030    0.2057421875E+001    0.2734375000E+000
 0.0404040    0.2134765625E+001    0.3054687500E+000
 0.0505051    0.2161718750E+001    0.3300781250E+000
 0.0606061    0.2233203125E+001    0.2703125000E+000
 0.0707071    0.2261718750E+001    0.3074218750E+000
 0.0808081    0.2309375000E+001    0.2824218750E+000
 0.0909091    0.2422265625E+001    0.2902343750E+000
 0.1010101    0.2514062500E+001    0.3273437500E+000
 0.1111111    0.2622656250E+001    0.3292968750E+000
 0.1212121    0.2721093750E+001    0.3035156250E+000
 0.1313131    0.2746093750E+001    0.2675781250E+000
 0.1414141    0.2888281250E+001    0.3222656250E+000
 0.1515152    0.2940625000E+001    0.3070312500E+000
 0.1616162    0.2970703125E+001    0.2882812500E+000
 0.1717172    0.3050000000E+001    0.2960937500E+000
 0.1818182    0.3076562500E+001    0.2773437500E+000
 0.1919192    0.3051953125E+001    0.2687500000E+000
 0.2020202    0.3117578125E+001    0.2839843750E+000
 0.2121212    0.3072265625E+001    0.3351562500E+000
 0.2222222    0.3105859375E+001    0.2757812500E+000
 0.2323232    0.3144921875E+001    0.3140625000E+000
 0.2424242    0.3032031250E+001    0.3421875000E+000
 0.2525253    0.3081250000E+001    0.3105468750E+000
 0.2626263    0.3004296875E+001    0.2398437500E+000
 0.2727273    0.2977343750E+001    0.2867187500E+000
 0.2828283    0.2992578125E+001    0.2910156250E+000
 0.2929293    0.2982031250E+001    0.2234375000E+000
 0.3030303    0.2873046875E+001    0.2488281250E+000
 0.3131313    0.2852343750E+001    0.1964843750E+000
 0.3232323    0.2765234375E+001    0.2203125000E+000
 0.3333333    0.2760156250E+001    0.1453125000E+000
 0.3434343    0.2680859375E+001    0.1730468750E+000
 0.3535354    0.2632812500E+001    0.1910156250E+000
 0.3636364    0.2600390625E+001    0.2035156250E+000
 0.3737374    0.2547265625E+001    0.2222656250E+000
 0.3838384    0.2483203125E+001    0.1449218750E+000
 0.3939394    0.2421484375E+001    0.2000000000E+000
 0.4040404    0.2340234375E+001    0.1183593750E+000
 0.4141414    0.2329296875E+001    0.2035156250E+000
 0.4242424    0.2253515625E+001    0.1515625000E+000
 0.4343434    0.2246093750E+001    0.1296875000E+000
 0.4444444    0.2101953125E+001    0.1562500000E+000
 0.4545455    0.2139453125E+001    0.1285156250E+000
 0.4646465    0.2041796875E+001    0.1195312500E+000
 0.4747475    0.1945703125E+001    0.1039062500E+000
 0.4848485    0.1883203125E+001    0.1203125000E+000
 0.4949495    0.1843359375E+001    0.2734375000E-001
 0.5050505    0.1839062500E+001    0.6210937500E-001
 0.5151515    0.1792578125E+001    0.8710937500E-001
 0.5252525    0.1833203125E+001    0.5664062500E-001
 0.5353535    0.1791015625E+001    0.4960937500E-001
 0.5454545    0.1800000000E+001    0.8203125000E-001
 0.5555556    0.1799218750E+001    0.4218750000E-001
 0.5656566    0.1836328125E+001    0.2382812500E-001
 0.5757576    0.1828515625E+001    0.3671875000E-001
 0.5858586    0.1794921875E+001    0.7031250000E-001
 0.5959596    0.1818359375E+001    0.3867187500E-001
 0.6060606    0.1840234375E+001    0.4257812500E-001
 0.6161616    0.1815234375E+001    0.6601562500E-001
 0.6262626    0.1810937500E+001    0.5703125000E-001
 0.6363636    0.1769531250E+001    0.9335937500E-001
 0.6464646    0.1818750000E+001    0.8203125000E-002
 0.6565657    0.1771875000E+001    0.4531250000E-001
 0.6666667    0.1844140625E+001    0.7304687500E-001
 0.6767677    0.1833593750E+001    0.6992187500E-001
 0.6868687    0.1801171875E+001    0.8046875000E-001
 0.6969697    0.1736718750E+001    0.5195312500E-001
 0.7070707    0.1822656250E+001    0.7265625000E-001
 0.7171717    0.1787500000E+001    0.3867187500E-001
 0.7272727    0.1776562500E+001    0.2500000000E-001
 0.7373737    0.1796484375E+001    0.2656250000E-001
 0.7474747    0.1787109375E+001    0.3984375000E-001
 0.7575758    0.1803906250E+001    0.3789062500E-001
 0.7676768    0.1812500000E+001    0.5898437500E-001
 0.7777778    0.1754687500E+001    0.1875000000E-001
 0.7878788    0.1792578125E+001    0.4335937500E-001
 0.7979798    0.1771484375E+001    0.4960937500E-001
 0.8080808    0.1803515625E+001    0.6093750000E-001
 0.8181818    0.1805468750E+001    0.5820312500E-001
 0.8282828    0.1773437500E+001    0.1757812500E-001
 0.8383838    0.1791406250E+001    0.1796875000E-001
 0.8484848    0.1762500000E+001    0.2460937500E-001
 0.8585859    0.1773828125E+001    0.3710937500E-001
 0.8686869    0.1773046875E+001    0.0000000000E+000
 0.8787879    0.1800390625E+001    0.4414062500E-001
 0.8888889    0.1800781250E+001    0.4453125000E-001
 0.8989899    0.1788671875E+001    0.2578125000E-001
 0.9090909    0.1764062500E+001    0.3281250000E-001
 0.9191919    0.1778515625E+001    0.2734375000E-001
 0.9292929    0.1803515625E+001    0.5312500000E-001
 0.9393939    0.1799218750E+001    0.5000000000E-001
 0.9494949    0.1750000000E+001    0.1796875000E-001
 0.9595960    0.1768750000E+001    0.7812500000E-002
 0.9696970    0.1809765625E+001    0.5703125000E-001
 0.9797980    0.1881250000E+001    0.1343750000E+000
 0.9898990    0.1861718750E+001    0.1125000000E+000
 1.0000000    0.1821875000E+001    0.8632812500E-001


# Weightfunction after cycle      14916
 0.0000000    0.2004882813E+001    0.2360351563E+000
 0.0101010    0.1992187500E+001    0.2486328125E+000
 0.0202020    0.2080566406E+001    0.3149414063E+000
 0.0303030    0.2038769531E+001    0.2660156250E+000
 0.0404040    0.2093847656E+001    0.2897460938E+000
 0.0505051    0.2137304688E+001    0.2994140625E+000
 0.0606061    0.2202343750E+001    0.2669921875E+000
 0.0707071    0.2234277344E+001    0.2819335938E+000
 0.0808081    0.2302148438E+001    0.2651367188E+000
 0.0909091    0.2370703125E+001    0.2679687500E+000
 0.1010101    0.2476367188E+001    0.2968750000E+000
 0.1111111    0.2579199219E+001    0.2945312500E+000
 0.1212121    0.2689062500E+001    0.3226562500E+000
 0.1313131    0.2716503906E+001    0.2697265625E+000
 0.1414141    0.2862402344E+001    0.3063476563E+000
 0.1515152    0.2887695313E+001    0.2878906250E+000
 0.1616162    0.2933398438E+001    0.2771484375E+000
 0.1717172    0.2985156250E+001    0.2714843750E+000
 0.1818182    0.3028027344E+001    0.2772460938E+000
 0.1919192    0.3023730469E+001    0.2482421875E+000
 0.2020202    0.3039746094E+001    0.2574218750E+000
 0.2121212    0.3016113281E+001    0.2962890625E+000
 0.2222222    0.3048535156E+001    0.2771484375E+000
 0.2323232    0.3060253906E+001    0.2704101563E+000
 0.2424242    0.3000781250E+001    0.2956054688E+000
 0.2525253    0.3008203125E+001    0.2711914063E+000
 0.2626263    0.2946484375E+001    0.2341796875E+000
 0.2727273    0.2912597656E+001    0.2464843750E+000
 0.2828283    0.2931933594E+001    0.2560546875E+000
 0.2929293    0.2887304688E+001    0.2092773438E+000
 0.3030303    0.2816113281E+001    0.2359375000E+000
 0.3131313    0.2765234375E+001    0.1904296875E+000
 0.3232323    0.2735351563E+001    0.2057617188E+000
 0.3333333    0.2699511719E+001    0.1541992188E+000
 0.3434343    0.2618554688E+001    0.1732421875E+000
 0.3535354    0.2571777344E+001    0.1672851563E+000
 0.3636364    0.2549902344E+001    0.1617187500E+000
 0.3737374    0.2486230469E+001    0.1967773438E+000
 0.3838384    0.2411816406E+001    0.1496093750E+000
 0.3939394    0.2364355469E+001    0.1679687500E+000
 0.4040404    0.2296972656E+001    0.1134765625E+000
 0.4141414    0.2284277344E+001    0.1564453125E+000
 0.4242424    0.2201464844E+001    0.1183593750E+000
 0.4343434    0.2174414063E+001    0.9072265625E-001
 0.4444444    0.2063378906E+001    0.9990234375E-001
 0.4545455    0.2061718750E+001    0.9638671875E-001
 0.4646465    0.1982421875E+001    0.1058593750E+000
 0.4747475    0.1894726563E+001    0.8476562500E-001
 0.4848485    0.1851660156E+001    0.8134765625E-001
 0.4949495    0.1795898438E+001    0.3662109375E-001
 0.5050505    0.1778027344E+001    0.1269531250E-001
 0.5151515    0.1762988281E+001    0.7363281250E-001
 0.5252525    0.1770410156E+001    0.4863281250E-001
 0.5353535    0.1757617188E+001    0.3798828125E-001
 0.5454545    0.1759570313E+001    0.3583984375E-001
 0.5555556    0.1750292969E+001    0.4824218750E-001
 0.5656566    0.1795019531E+001    0.2343750000E-001
 0.5757576    0.1777832031E+001    0.1162109375E-001
 0.5858586    0.1752343750E+001    0.5595703125E-001
 0.5959596    0.1763281250E+001    0.2148437500E-001
 0.6060606    0.1781054688E+001    0.4931640625E-001
 0.6161616    0.1761425781E+001    0.2314453125E-001
 0.6262626    0.1774121094E+001    0.3837890625E-001
 0.6363636    0.1742089844E+001    0.6123046875E-001
 0.6464646    0.1756152344E+001    0.1660156250E-001
 0.6565657    0.1743554688E+001    0.2939453125E-001
 0.6666667    0.1775488281E+001    0.5332031250E-001
 0.6767677    0.1774121094E+001    0.3730468750E-001
 0.6868687    0.1751562500E+001    0.4550781250E-001
 0.6969697    0.1733105469E+001    0.4091796875E-001
 0.7070707    0.1778222656E+001    0.4218750000E-001
 0.7171717    0.1765625000E+001    0.3144531250E-001
 0.7272727    0.1744921875E+001    0.1806640625E-001
 0.7373737    0.1767089844E+001    0.1396484375E-001
 0.7474747    0.1747167969E+001    0.2246093750E-001
 0.7575758    0.1763085938E+001    0.2656250000E-001
 0.7676768    0.1770996094E+001    0.3935546875E-001
 0.7777778    0.1727832031E+001    0.7324218750E-002
 0.7878788    0.1768652344E+001    0.2871093750E-001
 0.7979798    0.1751269531E+001    0.3798828125E-001
 0.8080808    0.1760351563E+001    0.2919921875E-001
 0.8181818    0.1762402344E+001    0.3105468750E-001
 0.8282828    0.1737890625E+001    0.2441406250E-002
 0.8383838    0.1770703125E+001    0.2529296875E-001
 0.8484848    0.1742187500E+001    0.1025390625E-001
 0.8585859    0.1748242188E+001    0.2060546875E-001
 0.8686869    0.1754003906E+001    0.0000000000E+000
 0.8787879    0.1775390625E+001    0.3701171875E-001
 0.8888889    0.1759375000E+001    0.1367187500E-001
 0.8989899    0.1743359375E+001    0.6054687500E-002
 0.9090909    0.1761132813E+001    0.3281250000E-001
 0.9191919    0.1764355469E+001    0.3144531250E-001
 0.9292929    0.1761816406E+001    0.3603515625E-001
 0.9393939    0.1755468750E+001    0.1386718750E-001
 0.9494949    0.1726269531E+001    0.4980468750E-002
 0.9595960    0.1749414063E+001    0.4492187500E-002
 0.9696970    0.1761230469E+001    0.1523437500E-001
 0.9797980    0.1820507813E+001    0.9111328125E-001
 0.9898990    0.1814453125E+001    0.8798828125E-001
 1.0000000    0.1784082031E+001    0.5517578125E-001


# Weightfunction after cycle      23996
 0.0000000    0.1977368164E+001    0.2284423828E+000
 0.0101010    0.1976391602E+001    0.2437255859E+000
 0.0202020    0.2048461914E+001    0.2959716797E+000
 0.0303030    0.2017382812E+001    0.2550048828E+000
 0.0404040    0.2070336914E+001    0.2753417969E+000
 0.0505051    0.2100268555E+001    0.2751953125E+000
 0.0606061    0.2171411133E+001    0.2565673828E+000
 0.0707071    0.2211328125E+001    0.2708251953E+000
 0.0808081    0.2279663086E+001    0.2565917969E+000
 0.0909091    0.2350585937E+001    0.2567871094E+000
 0.1010101    0.2453027344E+001    0.2860839844E+000
 0.1111111    0.2554248047E+001    0.2813964844E+000
 0.1212121    0.2654589844E+001    0.3019042969E+000
 0.1313131    0.2688452148E+001    0.2585937500E+000
 0.1414141    0.2820190430E+001    0.2922851563E+000
 0.1515152    0.2857470703E+001    0.2702636719E+000
 0.1616162    0.2905175781E+001    0.2690673828E+000
 0.1717172    0.2956958008E+001    0.2583984375E+000
 0.1818182    0.2996240234E+001    0.2709716797E+000
 0.1919192    0.3002563477E+001    0.2433593750E+000
 0.2020202    0.3015136719E+001    0.2458251953E+000
 0.2121212    0.2992504883E+001    0.2735595703E+000
 0.2222222    0.3022705078E+001    0.2626953125E+000
 0.2323232    0.3018774414E+001    0.2538574219E+000
 0.2424242    0.2980517578E+001    0.2739257813E+000
 0.2525253    0.2972998047E+001    0.2559570313E+000
 0.2626263    0.2927880859E+001    0.2218505859E+000
 0.2727273    0.2890771484E+001    0.2362060547E+000
 0.2828283    0.2903784180E+001    0.2337646484E+000
 0.2929293    0.2860937500E+001    0.1956054688E+000
 0.3030303    0.2795654297E+001    0.2168945313E+000
 0.3131313    0.2755224609E+001    0.1863281250E+000
 0.3232323    0.2720239258E+001    0.1908935547E+000
 0.3333333    0.2675292969E+001    0.1493896484E+000
 0.3434343    0.2601635742E+001    0.1658691406E+000
 0.3535354    0.2555834961E+001    0.1592041016E+000
 0.3636364    0.2517407227E+001    0.1487548828E+000
 0.3737374    0.2476147461E+001    0.1832519531E+000
 0.3838384    0.2398144531E+001    0.1405517578E+000
 0.3939394    0.2342651367E+001    0.1490966797E+000
 0.4040404    0.2279370117E+001    0.1123535156E+000
 0.4141414    0.2265991211E+001    0.1387451172E+000
 0.4242424    0.2176342773E+001    0.1068115234E+000
 0.4343434    0.2148364258E+001    0.9252929688E-001
 0.4444444    0.2048315430E+001    0.8955078125E-001
 0.4545455    0.2039892578E+001    0.9255371094E-001
 0.4646465    0.1964038086E+001    0.9680175781E-001
 0.4747475    0.1873144531E+001    0.7080078125E-001
 0.4848485    0.1826879883E+001    0.7304687500E-001
 0.4949495    0.1775585937E+001    0.2983398438E-001
 0.5050505    0.1754663086E+001    0.7592773438E-002
 0.5151515    0.1744824219E+001    0.6401367188E-001
 0.5252525    0.1748461914E+001    0.4335937500E-001
 0.5353535    0.1738330078E+001    0.3288574219E-001
 0.5454545    0.1733496094E+001    0.2963867188E-001
 0.5555556    0.1732788086E+001    0.3894042969E-001
 0.5656566    0.1763818359E+001    0.2548828125E-001
 0.5757576    0.1752490234E+001    0.1125488281E-001
 0.5858586    0.1728247070E+001    0.4316406250E-001
 0.5959596    0.1744189453E+001    0.2663574219E-001
 0.6060606    0.1757348633E+001    0.4226074219E-001
 0.6161616    0.1742529297E+001    0.2082519531E-001
 0.6262626    0.1745214844E+001    0.3020019531E-001
 0.6363636    0.1720214844E+001    0.5085449219E-001
 0.6464646    0.1739868164E+001    0.1425781250E-001
 0.6565657    0.1724609375E+001    0.2265625000E-001
 0.6666667    0.1748925781E+001    0.4213867188E-001
 0.6767677    0.1744555664E+001    0.3063964844E-001
 0.6868687    0.1734204102E+001    0.2902832031E-001
 0.6969697    0.1713476562E+001    0.3574218750E-001
 0.7070707    0.1754663086E+001    0.3564453125E-001
 0.7171717    0.1742822266E+001    0.2590332031E-001
 0.7272727    0.1726733398E+001    0.1499023438E-001
 0.7373737    0.1742846680E+001    0.9545898438E-002
 0.7474747    0.1735644531E+001    0.2282714844E-001
 0.7575758    0.1739990234E+001    0.2121582031E-001
 0.7676768    0.1744262695E+001    0.2822265625E-001
 0.7777778    0.1713330078E+001    0.6225585937E-002
 0.7878788    0.1751538086E+001    0.2695312500E-001
 0.7979798    0.1735644531E+001    0.3251953125E-001
 0.8080808    0.1734228516E+001    0.2385253906E-001
 0.8181818    0.1745507812E+001    0.2636718750E-001
 0.8282828    0.1723632812E+001    0.4858398437E-002
 0.8383838    0.1750976562E+001    0.2324218750E-001
 0.8484848    0.1723339844E+001    0.8740234375E-002
 0.8585859    0.1734057617E+001    0.1765136719E-001
 0.8686869    0.1737426758E+001    0.2978515625E-002
 0.8787879    0.1748583984E+001    0.2961425781E-001
 0.8888889    0.1735473633E+001    0.1071777344E-001
 0.8989899    0.1723657227E+001    0.3833007812E-002
 0.9090909    0.1744213867E+001    0.2595214844E-001
 0.9191919    0.1742187500E+001    0.2324218750E-001
 0.9292929    0.1745043945E+001    0.3171386719E-001
 0.9393939    0.1736523437E+001    0.1098632812E-001
 0.9494949    0.1712231445E+001    0.5737304688E-002
 0.9595960    0.1727563477E+001    0.0000000000E+000
 0.9696970    0.1736450195E+001    0.9082031250E-002
 0.9797980    0.1789746094E+001    0.7341308594E-001
 0.9898990    0.1785156250E+001    0.6943359375E-001
 1.0000000    0.1759545898E+001    0.4382324219E-001


# Weightfunction after cycle      28101
 0.0000000    0.1979785156E+001    0.2308349609E+000
 0.0101010    0.1977526855E+001    0.2443908691E+000
 0.0202020    0.2050048828E+001    0.2969787598E+000
 0.0303030    0.2018762207E+001    0.2554077148E+000
 0.0404040    0.2070788574E+001    0.2749938965E+000
 0.0505051    0.2101684570E+001    0.2757690430E+000
 0.0606061    0.2172155762E+001    0.2580139160E+000
 0.0707071    0.2212915039E+001    0.2702209473E+000
 0.0808081    0.2279858398E+001    0.2568908691E+000
 0.0909091    0.2352362061E+001    0.2562194824E+000
 0.1010101    0.2453625488E+001    0.2861816406E+000
 0.1111111    0.2553991699E+001    0.2808776855E+000
 0.1212121    0.2655749512E+001    0.3022338867E+000
 0.1313131    0.2689422607E+001    0.2588928223E+000
 0.1414141    0.2819421387E+001    0.2928588867E+000
 0.1515152    0.2858007812E+001    0.2710937500E+000
 0.1616162    0.2905871582E+001    0.2695129395E+000
 0.1717172    0.2957867432E+001    0.2585693359E+000
 0.1818182    0.2995635986E+001    0.2703979492E+000
 0.1919192    0.3003942871E+001    0.2442871094E+000
 0.2020202    0.3016864014E+001    0.2469482422E+000
 0.2121212    0.2994201660E+001    0.2729064941E+000
 0.2222222    0.3023345947E+001    0.2617736816E+000
 0.2323232    0.3019116211E+001    0.2540588379E+000
 0.2424242    0.2982196045E+001    0.2738464355E+000
 0.2525253    0.2973822021E+001    0.2562866211E+000
 0.2626263    0.2931408691E+001    0.2238525391E+000
 0.2727273    0.2892657471E+001    0.2363220215E+000
 0.2828283    0.2905181885E+001    0.2330627441E+000
 0.2929293    0.2861035156E+001    0.1959655762E+000
 0.3030303    0.2796398926E+001    0.2154357910E+000
 0.3131313    0.2756085205E+001    0.1880859375E+000
 0.3232323    0.2722491455E+001    0.1904724121E+000
 0.3333333    0.2678356934E+001    0.1498107910E+000
 0.3434343    0.2602685547E+001    0.1661010742E+000
 0.3535354    0.2557812500E+001    0.1590393066E+000
 0.3636364    0.2518688965E+001    0.1488586426E+000
 0.3737374    0.2479553223E+001    0.1825256348E+000
 0.3838384    0.2400036621E+001    0.1415283203E+000
 0.3939394    0.2345495605E+001    0.1506713867E+000
 0.4040404    0.2282287598E+001    0.1127807617E+000
 0.4141414    0.2267816162E+001    0.1380737305E+000
 0.4242424    0.2178167725E+001    0.1073486328E+000
 0.4343434    0.2150714111E+001    0.9337768555E-001
 0.4444444    0.2051721191E+001    0.8882446289E-001
 0.4545455    0.2041992187E+001    0.9263305664E-001
 0.4646465    0.1965264893E+001    0.9626464844E-001
 0.4747475    0.1875323486E+001    0.6942138672E-001
 0.4848485    0.1829943848E+001    0.7285766602E-001
 0.4949495    0.1777575684E+001    0.2971801758E-001
 0.5050505    0.1755010986E+001    0.9832763672E-002
 0.5151515    0.1746917725E+001    0.6330566406E-001
 0.5252525    0.1748645020E+001    0.4331665039E-001
 0.5353535    0.1740716553E+001    0.3197021484E-001
 0.5454545    0.1734692383E+001    0.2955932617E-001
 0.5555556    0.1734411621E+001    0.3897705078E-001
 0.5656566    0.1765954590E+001    0.2572021484E-001
 0.5757576    0.1753875732E+001    0.1195678711E-001
 0.5858586    0.1731304932E+001    0.4251708984E-001
 0.5959596    0.1746636963E+001    0.2678833008E-001
 0.6060606    0.1760162354E+001    0.4174804688E-001
 0.6161616    0.1745440674E+001    0.2130126953E-001
 0.6262626    0.1746179199E+001    0.3048095703E-001
 0.6363636    0.1722003174E+001    0.4993896484E-001
 0.6464646    0.1740527344E+001    0.1389770508E-001
 0.6565657    0.1726190186E+001    0.2191772461E-001
 0.6666667    0.1751342773E+001    0.4298706055E-001
 0.6767677    0.1745910645E+001    0.3098144531E-001
 0.6868687    0.1736657715E+001    0.3035888672E-001
 0.6969697    0.1716540527E+001    0.3416137695E-001
 0.7070707    0.1756787109E+001    0.3552856445E-001
 0.7171717    0.1744439697E+001    0.2550048828E-001
 0.7272727    0.1728912354E+001    0.1545410156E-001
 0.7373737    0.1745617676E+001    0.1044921875E-001
 0.7474747    0.1739080811E+001    0.2356567383E-001
 0.7575758    0.1742163086E+001    0.2185058594E-001
 0.7676768    0.1745922852E+001    0.2781372070E-001
 0.7777778    0.1716815186E+001    0.7714843750E-002
 0.7878788    0.1753186035E+001    0.2664184570E-001
 0.7979798    0.1737976074E+001    0.3259277344E-001
 0.8080808    0.1735437012E+001    0.2338867188E-001
 0.8181818    0.1747326660E+001    0.2604370117E-001
 0.8282828    0.1726214600E+001    0.5151367187E-002
 0.8383838    0.1752716064E+001    0.2310791016E-001
 0.8484848    0.1725482178E+001    0.9313964844E-002
 0.8585859    0.1736431885E+001    0.1818237305E-001
 0.8686869    0.1740222168E+001    0.4278564453E-002
 0.8787879    0.1750195312E+001    0.2957763672E-001
 0.8888889    0.1737225342E+001    0.1051025391E-001
 0.8989899    0.1726129150E+001    0.4290771484E-002
 0.9090909    0.1746057129E+001    0.2498168945E-001
 0.9191919    0.1743792725E+001    0.2259521484E-001
 0.9292929    0.1747436523E+001    0.3212280273E-001
 0.9393939    0.1738781738E+001    0.1185302734E-001
 0.9494949    0.1715411377E+001    0.6628417969E-002
 0.9595960    0.1728912354E+001    0.0000000000E+000
 0.9696970    0.1738604736E+001    0.9716796875E-002
 0.9797980    0.1789172363E+001    0.7157592773E-001
 0.9898990    0.1785668945E+001    0.6793212891E-001
 1.0000000    0.1761730957E+001    0.4366455078E-001


# Weightfunction after cycle      32681
 0.0000000    0.1979809570E+001    0.2306640625E+000
 0.0101010    0.1977323914E+001    0.2438064575E+000
 0.0202020    0.2049732971E+001    0.2964050293E+000
 0.0303030    0.2018850708E+001    0.2551147461E+000
 0.0404040    0.2070671082E+001    0.2744415283E+000
 0.0505051    0.2101306152E+001    0.2749206543E+000
 0.0606061    0.2171990967E+001    0.2574188232E+000
 0.0707071    0.2212524414E+001    0.2693206787E+000
 0.0808081    0.2280047607E+001    0.2567443848E+000
 0.0909091    0.2351988220E+001    0.2556411743E+000
 0.1010101    0.2453562927E+001    0.2857269287E+000
 0.1111111    0.2553251648E+001    0.2801620483E+000
 0.1212121    0.2655485535E+001    0.3016052246E+000
 0.1313131    0.2689315796E+001    0.2582443237E+000
 0.1414141    0.2819029236E+001    0.2922882080E+000
 0.1515152    0.2857731628E+001    0.2706558228E+000
 0.1616162    0.2905970764E+001    0.2695266724E+000
 0.1717172    0.2957807922E+001    0.2580627441E+000
 0.1818182    0.2995213318E+001    0.2700561523E+000
 0.1919192    0.3003915405E+001    0.2436355591E+000
 0.2020202    0.3016879272E+001    0.2464645386E+000
 0.2121212    0.2994769287E+001    0.2723052979E+000
 0.2222222    0.3023110962E+001    0.2613830566E+000
 0.2323232    0.3019114685E+001    0.2535018921E+000
 0.2424242    0.2982069397E+001    0.2729476929E+000
 0.2525253    0.2974148560E+001    0.2556900024E+000
 0.2626263    0.2931446838E+001    0.2231323242E+000
 0.2727273    0.2892837524E+001    0.2357604980E+000
 0.2828283    0.2905125427E+001    0.2327774048E+000
 0.2929293    0.2860925293E+001    0.1954391479E+000
 0.3030303    0.2796368408E+001    0.2149459839E+000
 0.3131313    0.2756047058E+001    0.1876663208E+000
 0.3232323    0.2722717285E+001    0.1899765015E+000
 0.3333333    0.2678561401E+001    0.1497512817E+000
 0.3434343    0.2603158569E+001    0.1655944824E+000
 0.3535354    0.2557893372E+001    0.1584808350E+000
 0.3636364    0.2519038391E+001    0.1486618042E+000
 0.3737374    0.2479728699E+001    0.1819732666E+000
 0.3838384    0.2400296021E+001    0.1407516479E+000
 0.3939394    0.2345462036E+001    0.1502716064E+000
 0.4040404    0.2282586670E+001    0.1121505737E+000
 0.4141414    0.2267720032E+001    0.1379486084E+000
 0.4242424    0.2178166199E+001    0.1069778442E+000
 0.4343434    0.2150827026E+001    0.9294433594E-001
 0.4444444    0.2051481628E+001    0.8852844238E-001
 0.4545455    0.2041752625E+001    0.9241485596E-001
 0.4646465    0.1965275574E+001    0.9569549561E-001
 0.4747475    0.1875553894E+001    0.6884765625E-001
 0.4848485    0.1829815674E+001    0.7248687744E-001
 0.4949495    0.1777406311E+001    0.2959289551E-001
 0.5050505    0.1754786682E+001    0.9585571289E-002
 0.5151515    0.1746987915E+001    0.6260223389E-001
 0.5252525    0.1748759460E+001    0.4324951172E-001
 0.5353535    0.1740405273E+001    0.3181610107E-001
 0.5454545    0.1734407043E+001    0.2929534912E-001
 0.5555556    0.1734626770E+001    0.3882751465E-001
 0.5656566    0.1765437317E+001    0.2556610107E-001
 0.5757576    0.1753784180E+001    0.1184539795E-001
 0.5858586    0.1731089783E+001    0.4190368652E-001
 0.5959596    0.1746681213E+001    0.2654876709E-001
 0.6060606    0.1759518433E+001    0.4166107178E-001
 0.6161616    0.1745620728E+001    0.2154846191E-001
 0.6262626    0.1746003723E+001    0.3059844971E-001
 0.6363636    0.1722082520E+001    0.4984893799E-001
 0.6464646    0.1740559387E+001    0.1391296387E-001
 0.6565657    0.1726416016E+001    0.2183074951E-001
 0.6666667    0.1751133728E+001    0.4290161133E-001
 0.6767677    0.1745828247E+001    0.3156280518E-001
 0.6868687    0.1736759949E+001    0.3002319336E-001
 0.6969697    0.1716635132E+001    0.3400268555E-001
 0.7070707    0.1756611633E+001    0.3548431396E-001
 0.7171717    0.1744300842E+001    0.2560424805E-001
 0.7272727    0.1728819275E+001    0.1548309326E-001
 0.7373737    0.1745567322E+001    0.1063995361E-001
 0.7474747    0.1738981628E+001    0.2360687256E-001
 0.7575758    0.1742066956E+001    0.2187805176E-001
 0.7676768    0.1745826721E+001    0.2777252197E-001
 0.7777778    0.1717028809E+001    0.7824707031E-002
 0.7878788    0.1753170776E+001    0.2664642334E-001
 0.7979798    0.1738027954E+001    0.3257446289E-001
 0.8080808    0.1735673523E+001    0.2343597412E-001
 0.8181818    0.1747247314E+001    0.2612609863E-001
 0.8282828    0.1726292419E+001    0.5198669434E-002
 0.8383838    0.1752558899E+001    0.2309722900E-001
 0.8484848    0.1725584412E+001    0.9552001953E-002
 0.8585859    0.1736448669E+001    0.1825866699E-001
 0.8686869    0.1740283203E+001    0.4412841797E-002
 0.8787879    0.1750088501E+001    0.2953491211E-001
 0.8888889    0.1737535095E+001    0.1073760986E-001
 0.8989899    0.1726155090E+001    0.4414367676E-002
 0.9090909    0.1746049500E+001    0.2499084473E-001
 0.9191919    0.1743861389E+001    0.2266693115E-001
 0.9292929    0.1747262573E+001    0.3201599121E-001
 0.9393939    0.1738331604E+001    0.1153869629E-001
 0.9494949    0.1715112305E+001    0.6407165527E-002
 0.9595960    0.1728976440E+001    0.0000000000E+000
 0.9696970    0.1738461304E+001    0.9681701660E-002
 0.9797980    0.1788783264E+001    0.7124786377E-001
 0.9898990    0.1784759521E+001    0.6714935303E-001
 1.0000000    0.1761273193E+001    0.4321136475E-001


