# Lambda, (Probability, Probability_biased(/observed)) per Fractional
 0.0000000   0.1557461136E+000   0.1061717597E+001   0.5043978743E+000   0.1010496788E+001
 0.0101010   0.1534920429E+000   0.1052696562E+001   0.5011189265E+000   0.1005428658E+001
 0.0202020   0.1514082347E+000   0.1036171855E+001   0.5065644005E+000   0.1001166822E+001
 0.0303030   0.1479538773E+000   0.1042948024E+001   0.5094029586E+000   0.1004622365E+001
 0.0404040   0.1353947584E+000   0.9789485631E+000   0.4877759545E+000   0.9577421635E+000
 0.0505051   0.1350409656E+000   0.1045795678E+001   0.4940162958E+000   0.9729849480E+000
 0.0606061   0.1197844448E+000   0.9920851852E+000   0.4904369473E+000   0.9934302447E+000
 0.0707071   0.1173544430E+000   0.1054297068E+001   0.4998362200E+000   0.1016639976E+001
 0.0808081   0.1068879654E+000   0.1039809369E+001   0.4934453807E+000   0.9877285986E+000
 0.0909091   0.9442019312E-001   0.9922098999E+000   0.4727407207E+000   0.9600074640E+000
 0.1010101   0.9215158552E-001   0.1028377182E+001   0.4806660378E+000   0.9657091101E+000
 0.1111111   0.8428498747E-001   0.1036733072E+001   0.4724666395E+000   0.9535763143E+000
 0.1212121   0.7909685215E-001   0.1005450451E+001   0.4920881928E+000   0.9703165009E+000
 0.1313131   0.7350061565E-001   0.9849764435E+000   0.4986520658E+000   0.9642884979E+000
 0.1414141   0.7602833867E-001   0.1056521148E+001   0.4971015564E+000   0.9659010847E+000
 0.1515152   0.7215380705E-001   0.1017069710E+001   0.5086502188E+000   0.9860392219E+000
 0.1616162   0.7040235203E-001   0.9871589519E+000   0.5058459769E+000   0.9684543471E+000
 0.1717172   0.7203847288E-001   0.1040557658E+001   0.5314414858E+000   0.9994390502E+000
 0.1818182   0.6843313809E-001   0.9692831686E+000   0.5119178633E+000   0.9495832423E+000
 0.1919192   0.7677984336E-001   0.1047167541E+001   0.5280445289E+000   0.9665921933E+000
 0.2020202   0.7770383387E-001   0.1052509490E+001   0.5605135681E+000   0.1013549184E+001
 0.2121212   0.8052189382E-001   0.1039996441E+001   0.5665161792E+000   0.1000955650E+001
 0.2222222   0.8275017554E-001   0.9957226992E+000   0.5831325729E+000   0.1011552648E+001
 0.2323232   0.8876343120E-001   0.9978636360E+000   0.5701189956E+000   0.9691646532E+000
 0.2424242   0.9150134520E-001   0.9818793601E+000   0.5776663998E+000   0.9625223314E+000
 0.2525253   0.1015401003E+000   0.1016092778E+001   0.6043536040E+000   0.9891108158E+000
 0.2626263   0.1073878933E+000   0.1016092778E+001   0.6181545535E+000   0.9918560528E+000
 0.2727273   0.1119947515E+000   0.9892167455E+000   0.6377254825E+000   0.9828140484E+000
 0.2828283   0.1294889036E+000   0.1042303665E+001   0.6242884858E+000   0.9516373707E+000
 0.2929293   0.1325927937E+000   0.9983832809E+000   0.6760021852E+000   0.1011475859E+001
 0.3030303   0.1448853401E+000   0.9888426012E+000   0.6729326655E+000   0.9965018385E+000
 0.3131313   0.1570217569E+000   0.9944339800E+000   0.6873267436E+000   0.9872294646E+000
 0.3232323   0.1755819091E+000   0.1012476050E+001   0.7239389588E+000   0.9936030218E+000
 0.3333333   0.1854598824E+000   0.9735234707E+000   0.7168488232E+000   0.9723322343E+000
 0.3434343   0.2071327935E+000   0.1000877576E+001   0.7584015462E+000   0.9804911555E+000
 0.3535354   0.2294932769E+000   0.9931452607E+000   0.7779831491E+000   0.9975960939E+000
 0.3636364   0.2531806181E+000   0.1018005071E+001   0.8207297859E+000   0.1018367747E+001
 0.3737374   0.2800834939E+000   0.9963462730E+000   0.8192373703E+000   0.9784946195E+000
 0.3838384   0.3122256873E+000   0.1008734607E+001   0.8342087662E+000   0.9687999014E+000
 0.3939394   0.3331899560E+000   0.9642737921E+000   0.9232734969E+000   0.1053019166E+001
 0.4040404   0.3594512407E+000   0.9533820358E+000   0.9115532088E+000   0.1014125108E+001
 0.4141414   0.4100647516E+000   0.9765581967E+000   0.9757831571E+000   0.1048949304E+001
 0.4242424   0.4642200402E+000   0.9956811276E+000   0.9543424274E+000   0.9852137311E+000
 0.4343434   0.5203427122E+000   0.9983001377E+000   0.1001976938E+001   0.1023877419E+001
 0.4444444   0.5902298609E+000   0.1023118376E+001   0.1050108085E+001   0.1035107934E+001
 0.4545455   0.6215037358E+000   0.9673708755E+000   0.1023488500E+001   0.9842538580E+000
 0.4646465   0.7178798977E+000   0.1005304950E+001   0.1062515229E+001   0.9798960342E+000
 0.4747475   0.8131382574E+000   0.1017132068E+001   0.1098676423E+001   0.9839850936E+000
 0.4848485   0.8794418935E+000   0.9941014072E+000   0.1165712596E+001   0.1019519595E+001
 0.4949495   0.9680147631E+000   0.9766205541E+000   0.1245439222E+001   0.1046453634E+001
 0.5050505   0.1035939581E+001   0.9691792396E+000   0.1227556582E+001   0.9989015212E+000
 0.5151515   0.1025258226E+001   0.9694286692E+000   0.1248693882E+001   0.1044437900E+001
 0.5252525   0.1073443943E+001   0.1024822811E+001   0.1241430968E+001   0.1037373234E+001
 0.5353535   0.1051623091E+001   0.9958474140E+000   0.1213247647E+001   0.9825644814E+000
 0.5454545   0.1055625073E+001   0.9910666812E+000   0.1227016423E+001   0.1007981921E+001
 0.5555556   0.1074977847E+001   0.1006947028E+001   0.1275811650E+001   0.1041423899E+001
 0.5656566   0.1078791283E+001   0.9990068547E+000   0.1253089980E+001   0.1030174186E+001
 0.5757576   0.1074216364E+001   0.9669135880E+000   0.1200120775E+001   0.9967130106E+000
 0.5858586   0.1083938088E+001   0.9788030625E+000   0.1214483539E+001   0.9890148285E+000
 0.5959596   0.1079730393E+001   0.9441323573E+000   0.1240646407E+001   0.1010611973E+001
 0.6060606   0.1097284522E+001   0.9718813929E+000   0.1217755320E+001   0.9999573816E+000
 0.6161616   0.1125772243E+001   0.9764542677E+000   0.1224850131E+001   0.1003854466E+001
 0.6262626   0.1134615998E+001   0.9771401989E+000   0.1237914896E+001   0.1005332671E+001
 0.6363636   0.1143559890E+001   0.9560218317E+000   0.1232950966E+001   0.9996694197E+000
 0.6464646   0.1166657865E+001   0.9821703612E+000   0.1219442602E+001   0.9909537721E+000
 0.6565657   0.1254825223E+001   0.1034197205E+001   0.1262574212E+001   0.1026833828E+001
 0.6666667   0.1203036927E+001   0.9792395642E+000   0.1282686040E+001   0.1041135937E+001
 0.6767677   0.1259844715E+001   0.1010709257E+001   0.1243601592E+001   0.9955227680E+000
 0.6868687   0.1318585205E+001   0.1043550812E+001   0.1255083664E+001   0.9864231712E+000
 0.6969697   0.1271949013E+001   0.9637333615E+000   0.1259646469E+001   0.9965978258E+000
 0.7070707   0.1331074307E+001   0.1010251970E+001   0.1287802751E+001   0.1025662783E+001
 0.7171717   0.1353401498E+001   0.9921683284E+000   0.1262154948E+001   0.9960410995E+000
 0.7272727   0.1385648297E+001   0.1001916866E+001   0.1305958860E+001   0.1040943962E+001
 0.7373737   0.1438203474E+001   0.9987158536E+000   0.1305259295E+001   0.1028504007E+001
 0.7474747   0.1442622323E+001   0.9814012868E+000   0.1262008846E+001   0.9784946195E+000
 0.7575758   0.1498417072E+001   0.9928542596E+000   0.1249599280E+001   0.9731385277E+000
 0.7676768   0.1567568103E+001   0.1014492272E+001   0.1306293352E+001   0.1021688908E+001
 0.7777778   0.1573002500E+001   0.9900273915E+000   0.1309993705E+001   0.1012224560E+001
 0.7878788   0.1583619871E+001   0.9568532635E+000   0.1311305370E+001   0.1003124963E+001
 0.7979798   0.1678621479E+001   0.1003413443E+001   0.1278691911E+001   0.9905890204E+000
 0.8080808   0.1745220507E+001   0.1008838536E+001   0.1325700229E+001   0.1017331084E+001
 0.8181818   0.1722974877E+001   0.9638996478E+000   0.1318356415E+001   0.9967130106E+000
 0.8282828   0.1848242961E+001   0.9864314491E+000   0.1325349338E+001   0.9941597482E+000
 0.8383838   0.1893827218E+001   0.9923969721E+000   0.1334959629E+001   0.1011226292E+001
 0.8484848   0.1975259586E+001   0.9891959597E+000   0.1369824084E+001   0.1018098983E+001
 0.8585859   0.2063656577E+001   0.9990899979E+000   0.1359390255E+001   0.1017465467E+001
 0.8686869   0.2130397113E+001   0.1004161732E+001   0.1345240505E+001   0.9994966426E+000
 0.8787879   0.2170279717E+001   0.9683893795E+000   0.1364526144E+001   0.9908769823E+000
 0.8888889   0.2306839305E+001   0.1013972627E+001   0.1400291715E+001   0.1032343499E+001
 0.8989899   0.2364711061E+001   0.9589942003E+000   0.1354708819E+001   0.9527700209E+000
 0.9090909   0.2536187698E+001   0.1001127006E+001   0.1415820364E+001   0.1007367602E+001
 0.9191919   0.2581566988E+001   0.9909419665E+000   0.1432643511E+001   0.1021439341E+001
 0.9292929   0.2692635300E+001   0.9894661751E+000   0.1390908689E+001   0.9866919356E+000
 0.9393939   0.2781851317E+001   0.9749992621E+000   0.1455236477E+001   0.1018540524E+001
 0.9494949   0.3037803296E+001   0.1037024073E+001   0.1509778560E+001   0.1060199016E+001
 0.9595960   0.3168631651E+001   0.1018961217E+001   0.1456510384E+001   0.1014969797E+001
 0.9696970   0.3203534606E+001   0.9921475426E+000   0.1451194542E+001   0.1001589166E+001
 0.9797980   0.3388764938E+001   0.9888426012E+000   0.1484654289E+001   0.1010419998E+001
 0.9898990   0.3549261311E+001   0.9885516001E+000   0.1495790422E+001   0.1012358942E+001
 1.0000000   0.3667359541E+001   0.9909627523E+000   0.1521884202E+001   0.1027448147E+001


 0.0000000   0.1548030072E+000   0.1053655525E+001   0.5308405897E+000   0.1057142405E+001
 0.0101010   0.1470774737E+000   0.1007142582E+001   0.5114620679E+000   0.1020073735E+001
 0.0202020   0.1474418663E+000   0.1007466407E+001   0.5113139073E+000   0.1004539617E+001
 0.0303030   0.1446616086E+000   0.1018162421E+001   0.5201427370E+000   0.1019698074E+001
 0.0404040   0.1337194978E+000   0.9653398114E+000   0.5026148146E+000   0.9810049214E+000
 0.0505051   0.1329531946E+000   0.1028034155E+001   0.5162908600E+000   0.1010804030E+001
 0.0606061   0.1195019025E+000   0.9882135812E+000   0.5021578955E+000   0.1011118773E+001
 0.0707071   0.1140001996E+000   0.1022578207E+001   0.5161722633E+000   0.1043618584E+001
 0.0808081   0.1062696609E+000   0.1032194806E+001   0.5065218840E+000   0.1007869807E+001
 0.0909091   0.9697362953E-001   0.1017465708E+001   0.5038631272E+000   0.1017119207E+001
 0.1010101   0.9022219717E-001   0.1005287952E+001   0.5015988300E+000   0.1001767844E+001
 0.1111111   0.8337811341E-001   0.1023991258E+001   0.4949178859E+000   0.9929448707E+000
 0.1212121   0.7833528624E-001   0.9942288625E+000   0.5097799139E+000   0.9992194360E+000
 0.1313131   0.7449450736E-001   0.9967507668E+000   0.5166716784E+000   0.9931885432E+000
 0.1414141   0.7376841404E-001   0.1023530054E+001   0.5088435590E+000   0.9828324646E+000
 0.1515152   0.7165022256E-001   0.1008408441E+001   0.5214277695E+000   0.1004793443E+001
 0.1616162   0.7081599185E-001   0.9914223854E+000   0.5259255313E+000   0.1000904837E+001
 0.1717172   0.7187507471E-001   0.1036590966E+001   0.5453569966E+000   0.1019505166E+001
 0.1818182   0.7023791042E-001   0.9933064540E+000   0.5364889727E+000   0.9892390191E+000
 0.1919192   0.7602342059E-001   0.1035246605E+001   0.5468489853E+000   0.9950566985E+000
 0.2020202   0.7636351534E-001   0.1032754139E+001   0.5626696921E+000   0.1011392905E+001
 0.2121212   0.8154227905E-001   0.1051545760E+001   0.5781107183E+000   0.1015362735E+001
 0.2222222   0.8258582759E-001   0.9922074140E+000   0.5949979960E+000   0.1025992945E+001
 0.2323232   0.8888052993E-001   0.9976339239E+000   0.5925137133E+000   0.1001239887E+001
 0.2424242   0.9240837010E-001   0.9900780240E+000   0.6003874585E+000   0.9944272114E+000
 0.2525253   0.1007388124E+000   0.1006514560E+001   0.6293438868E+000   0.1023881117E+001
 0.2626263   0.1074513979E+000   0.1015120435E+001   0.6366759062E+000   0.1015494724E+001
 0.2727273   0.1158521805E+000   0.1021704862E+001   0.6396003799E+000   0.9798373243E+000
 0.2828283   0.1257663939E+000   0.1010773339E+001   0.6344215338E+000   0.9613283722E+000
 0.2929293   0.1340599754E+000   0.1007868734E+001   0.6844852104E+000   0.1018073591E+001
 0.3030303   0.1474972700E+000   0.1005111321E+001   0.6883397126E+000   0.1013250907E+001
 0.3131313   0.1616818442E+000   0.1022362324E+001   0.7053219034E+000   0.1007047413E+001
 0.3232323   0.1731449011E+000   0.9968783339E+000   0.7375245401E+000   0.1006225018E+001
 0.3333333   0.1905535066E+000   0.9987133382E+000   0.7326931687E+000   0.9879089737E+000
 0.3434343   0.2134710808E+000   0.1029908411E+001   0.7728300295E+000   0.9931986962E+000
 0.3535354   0.2298658082E+000   0.9932181382E+000   0.7964916319E+000   0.1015251052E+001
 0.3636364   0.2548025449E+000   0.1022941282E+001   0.8150413575E+000   0.1005290941E+001
 0.3737374   0.2813939717E+000   0.9994591153E+000   0.8343973271E+000   0.9906705947E+000
 0.3838384   0.3053289429E+000   0.9849262740E+000   0.8501536052E+000   0.9814415012E+000
 0.3939394   0.3402966012E+000   0.9833169655E+000   0.8885657155E+000   0.1007402769E+001
 0.4040404   0.3727201663E+000   0.9870458512E+000   0.9300554712E+000   0.1028551505E+001
 0.4141414   0.4132332072E+000   0.9825810012E+000   0.9445218428E+000   0.1009301383E+001
 0.4242424   0.4731736658E+000   0.1013314869E+001   0.9695783334E+000   0.9949856274E+000
 0.4343434   0.5262108820E+000   0.1007996301E+001   0.1014546233E+001   0.1030551650E+001
 0.4444444   0.5872095210E+000   0.1016307791E+001   0.1023602287E+001   0.1002976053E+001
 0.4545455   0.6408666553E+000   0.9959657382E+000   0.1039334207E+001   0.9935438988E+000
 0.4646465   0.7142430550E+000   0.9986642739E+000   0.1099545393E+001   0.1008011950E+001
 0.4747475   0.8186333547E+000   0.1022421201E+001   0.1116629571E+001   0.9941124678E+000
 0.4848485   0.8899078774E+000   0.1004375357E+001   0.1140652810E+001   0.9916655904E+000
 0.4949495   0.1002600994E+001   0.1009949059E+001   0.1200476109E+001   0.1002671462E+001
 0.5050505   0.1046566121E+001   0.9776058827E+000   0.1203668290E+001   0.9736338302E+000
 0.5151515   0.1034656384E+001   0.9768012284E+000   0.1238027424E+001   0.1029353594E+001
 0.5252525   0.1055036245E+001   0.1005690280E+001   0.1237106319E+001   0.1027607275E+001
 0.5353535   0.1060912827E+001   0.1003089872E+001   0.1217464149E+001   0.9801114558E+000
 0.5454545   0.1061293951E+001   0.9948470725E+000   0.1223644430E+001   0.9992295890E+000
 0.5555556   0.1073673825E+001   0.1004169287E+001   0.1219424982E+001   0.9894725385E+000
 0.5656566   0.1071549220E+001   0.9907649240E+000   0.1240641456E+001   0.1013870241E+001
 0.5757576   0.1106001803E+001   0.9939835411E+000   0.1203823704E+001   0.9938383363E+000
 0.5858586   0.1104196446E+001   0.9955535982E+000   0.1206378702E+001   0.9765680524E+000
 0.5959596   0.1085879240E+001   0.9480397444E+000   0.1220512993E+001   0.9882947884E+000
 0.6060606   0.1122912531E+001   0.9930415068E+000   0.1206815074E+001   0.9850762817E+000
 0.6161616   0.1141514734E+001   0.9885766569E+000   0.1238382965E+001   0.1008905415E+001
 0.6262626   0.1147791571E+001   0.9869575354E+000   0.1247676618E+001   0.1007230167E+001
 0.6363636   0.1149089003E+001   0.9591577115E+000   0.1254349244E+001   0.1010966478E+001
 0.6464646   0.1176180751E+001   0.9886551597E+000   0.1220460211E+001   0.9858783701E+000
 0.6565657   0.1226063098E+001   0.1008928522E+001   0.1262838750E+001   0.1020936742E+001
 0.6666667   0.1241359587E+001   0.1008869645E+001   0.1263946629E+001   0.1019819910E+001
 0.6767677   0.1266103674E+001   0.1014158775E+001   0.1229306728E+001   0.9782229944E+000
 0.6868687   0.1307784989E+001   0.1033401788E+001   0.1252205644E+001   0.9783042185E+000
 0.6969697   0.1288366418E+001   0.9746620256E+000   0.1269811208E+001   0.9986610200E+000
 0.7070707   0.1324721950E+001   0.1003874901E+001   0.1270332487E+001   0.1005727521E+001
 0.7171717   0.1369977567E+001   0.1002766048E+001   0.1265751440E+001   0.9929347177E+000
 0.7272727   0.1400729230E+001   0.1011254169E+001   0.1262436733E+001   0.1000265197E+001
 0.7373737   0.1454567528E+001   0.1008516382E+001   0.1293276302E+001   0.1012997082E+001
 0.7474747   0.1478248010E+001   0.1004080971E+001   0.1276312281E+001   0.9836954712E+000
 0.7575758   0.1502119932E+001   0.9937676582E+000   0.1264409195E+001   0.9788118694E+000
 0.7676768   0.1553080419E+001   0.1003560890E+001   0.1306120795E+001   0.1015474418E+001
 0.7777778   0.1555330308E+001   0.9773899998E+000   0.1279702483E+001   0.9829339948E+000
 0.7878788   0.1614699218E+001   0.9741223184E+000   0.1295527963E+001   0.9851575058E+000
 0.7979798   0.1699818716E+001   0.1014512038E+001   0.1290487644E+001   0.9937774182E+000
 0.8080808   0.1702278098E+001   0.9824926855E+000   0.1285843417E+001   0.9808729321E+000
 0.8181818   0.1748531675E+001   0.9766834741E+000   0.1321735154E+001   0.9933205324E+000
 0.8282828   0.1798692496E+001   0.9585002500E+000   0.1300759193E+001   0.9699076725E+000
 0.8383838   0.1900826178E+001   0.9945232482E+000   0.1327370318E+001   0.9994935675E+000
 0.8484848   0.1989151630E+001   0.9946115639E+000   0.1351811441E+001   0.9987320911E+000
 0.8585859   0.2070785239E+001   0.1000989921E+001   0.1342868652E+001   0.9991179058E+000
 0.8686869   0.2150604054E+001   0.1012117701E+001   0.1353276395E+001   0.9994834144E+000
 0.8787879   0.2188471619E+001   0.9749956627E+000   0.1367599150E+001   0.9871982625E+000
 0.8888889   0.2288591009E+001   0.1004394982E+001   0.1385490296E+001   0.1015352582E+001
 0.8989899   0.2389306100E+001   0.9674692014E+000   0.1373434430E+001   0.9601912341E+000
 0.9090909   0.2496647504E+001   0.9839940526E+000   0.1393210124E+001   0.9853808722E+000
 0.9191919   0.2582699167E+001   0.9898425154E+000   0.1404367923E+001   0.9953206770E+000
 0.9292929   0.2677855417E+001   0.9825123112E+000   0.1383237757E+001   0.9754106084E+000
 0.9393939   0.2732621518E+001   0.9562629186E+000   0.1413822219E+001   0.9836650121E+000
 0.9494949   0.2972634426E+001   0.1013206928E+001   0.1467429199E+001   0.1024327850E+001
 0.9595960   0.3094955061E+001   0.9937284068E+000   0.1425373326E+001   0.9873607107E+000
 0.9696970   0.3210723967E+001   0.9928354368E+000   0.1433165086E+001   0.9832588914E+000
 0.9797980   0.3328773673E+001   0.9698340999E+000   0.1438177117E+001   0.9729637310E+000
 0.9898990   0.3515507727E+001   0.9776353213E+000   0.1482287615E+001   0.9972497504E+000
 1.0000000   0.3639429835E+001   0.9818941012E+000   0.1505150331E+001   0.1010103471E+001


 0.0000000   0.1548662660E+000   0.1038296171E+001   0.5312645093E+000   0.1053857140E+001
 0.0101010   0.1509421869E+000   0.1018123835E+001   0.5254347329E+000   0.1043850925E+001
 0.0202020   0.1510784945E+000   0.1016851591E+001   0.5288333524E+000   0.1034903531E+001
 0.0303030   0.1458854821E+000   0.1011395503E+001   0.5264233520E+000   0.1027982624E+001
 0.0404040   0.1378503850E+000   0.9802540233E+000   0.5182952961E+000   0.1007661662E+001
 0.0505051   0.1320309556E+000   0.1005610277E+001   0.5209633821E+000   0.1015970958E+001
 0.0606061   0.1209396234E+000   0.9851214619E+000   0.5073733572E+000   0.1017632817E+001
 0.0707071   0.1183244450E+000   0.1045467573E+001   0.5280347388E+000   0.1063435620E+001
 0.0808081   0.1090328889E+000   0.1043169939E+001   0.5187922778E+000   0.1028256094E+001
 0.0909091   0.1006843593E+000   0.1040574816E+001   0.5168441566E+000   0.1039251011E+001
 0.1010101   0.9353827422E-001   0.1026624446E+001   0.5164281418E+000   0.1027358550E+001
 0.1111111   0.8706023533E-001   0.1053195977E+001   0.5112387900E+000   0.1021685790E+001
 0.1212121   0.8142928118E-001   0.1018016232E+001   0.5179725030E+000   0.1011314947E+001
 0.1313131   0.7858365567E-001   0.1035713707E+001   0.5256835805E+000   0.1006567780E+001
 0.1414141   0.7731511907E-001   0.1056670910E+001   0.5269353318E+000   0.1013804230E+001
 0.1515152   0.7419582044E-001   0.1028592942E+001   0.5310257156E+000   0.1019294676E+001
 0.1616162   0.7454428569E-001   0.1027985303E+001   0.5370176409E+000   0.1018025492E+001
 0.1717172   0.7470595523E-001   0.1061278836E+001   0.5474223314E+000   0.1019371809E+001
 0.1818182   0.7461931821E-001   0.1039460812E+001   0.5515648425E+000   0.1013067963E+001
 0.1919192   0.7826525148E-001   0.1049809657E+001   0.5581552026E+000   0.1011665550E+001
 0.2020202   0.8086719706E-001   0.1077279987E+001   0.5708268237E+000   0.1022050417E+001
 0.2121212   0.8624432447E-001   0.1095521805E+001   0.5905754783E+000   0.1033206611E+001
 0.2222222   0.8594612150E-001   0.1017111104E+001   0.5994063854E+000   0.1029560338E+001
 0.2323232   0.9272602863E-001   0.1025206622E+001   0.5995212782E+000   0.1009127183E+001
 0.2424242   0.9770540799E-001   0.1031150088E+001   0.6094653869E+000   0.1005522982E+001
 0.2525253   0.1038478668E+000   0.1022035508E+001   0.6361408810E+000   0.1030899642E+001
 0.2626263   0.1118772666E+000   0.1041100170E+001   0.6503232791E+000   0.1033213623E+001
 0.2727273   0.1205789797E+000   0.1047461387E+001   0.6482322494E+000   0.9891848728E+000
 0.2828283   0.1321478507E+000   0.1046151166E+001   0.6517116907E+000   0.9836733904E+000
 0.2929293   0.1407143492E+000   0.1042049606E+001   0.6987920451E+000   0.1035296206E+001
 0.3030303   0.1519948242E+000   0.1020244240E+001   0.6959526315E+000   0.1020458679E+001
 0.3131313   0.1667171022E+000   0.1038410103E+001   0.7077237704E+000   0.1006532719E+001
 0.3232323   0.1764058573E+000   0.1000439019E+001   0.7413168274E+000   0.1007451300E+001
 0.3333333   0.1978389123E+000   0.1021364574E+001   0.7433797262E+000   0.9984057371E+000
 0.3434343   0.2145360351E+000   0.1019541658E+001   0.7821060050E+000   0.1001196539E+001
 0.3535354   0.2370806231E+000   0.1009047233E+001   0.8006214543E+000   0.1016531923E+001
 0.3636364   0.2642473768E+000   0.1044967537E+001   0.8124597668E+000   0.9981953752E+000
 0.3737374   0.2921063405E+000   0.1021965883E+001   0.8461995306E+000   0.1000761791E+001
 0.3838384   0.3144519661E+000   0.9991604460E+000   0.8588040009E+000   0.9875580739E+000
 0.3939394   0.3489409784E+000   0.9931916624E+000   0.8903022543E+000   0.1005431825E+001
 0.4040404   0.3809457395E+000   0.9937170166E+000   0.9318466818E+000   0.1026510090E+001
 0.4141414   0.4248990021E+000   0.9951854766E+000   0.9470249670E+000   0.1008026289E+001
 0.4242424   0.4776862359E+000   0.1007654728E+001   0.9641562830E+000   0.9855596356E+000
 0.4343434   0.5328380164E+000   0.1005401401E+001   0.1013633296E+001   0.1025605534E+001
 0.4444444   0.5848227184E+000   0.9970147221E+000   0.1030538816E+001   0.1005831513E+001
 0.4545455   0.6478329562E+000   0.9917105432E+000   0.1045648030E+001   0.9956780442E+000
 0.4646465   0.7320646685E+000   0.1008249707E+001   0.1115357045E+001   0.1018516337E+001
 0.4747475   0.8245077219E+000   0.1014332423E+001   0.1137580455E+001   0.1008811640E+001
 0.4848485   0.8873918397E+000   0.9865329558E+000   0.1140605973E+001   0.9877544117E+000
 0.4949495   0.9946443351E+000   0.9869253891E+000   0.1205050809E+001   0.1002563891E+001
 0.5050505   0.1053245758E+001   0.9691076523E+000   0.1209809914E+001   0.9747820931E+000
 0.5151515   0.1047079643E+001   0.9737219081E+000   0.1235923102E+001   0.1023593071E+001
 0.5252525   0.1083291340E+001   0.1017155411E+001   0.1229992061E+001   0.1017709950E+001
 0.5353535   0.1060845777E+001   0.9880014158E+000   0.1223161366E+001   0.9808545406E+000
 0.5454545   0.1078019467E+001   0.9953880228E+000   0.1218279990E+001   0.9909659371E+000
 0.5555556   0.1074430645E+001   0.9898243317E+000   0.1209220390E+001   0.9773625327E+000
 0.5656566   0.1076137232E+001   0.9801021137E+000   0.1230390200E+001   0.1001568178E+001
 0.5757576   0.1113346846E+001   0.9855961796E+000   0.1217693286E+001   0.1001364828E+001
 0.5858586   0.1104908756E+001   0.9812730839E+000   0.1226091866E+001   0.9886519559E+000
 0.5959596   0.1095742854E+001   0.9423209162E+000   0.1209611674E+001   0.9756445770E+000
 0.6060606   0.1125854479E+001   0.9807287410E+000   0.1200633800E+001   0.9762055421E+000
 0.6161616   0.1152189870E+001   0.9828744649E+000   0.1230452679E+001   0.9985319543E+000
 0.6262626   0.1154470027E+001   0.9778297984E+000   0.1221701360E+001   0.9824112189E+000
 0.6363636   0.1160520501E+001   0.9541888581E+000   0.1245094715E+001   0.9995907759E+000
 0.6464646   0.1185763281E+001   0.9817794495E+000   0.1221552297E+001   0.9829090754E+000
 0.6565657   0.1238623560E+001   0.1003996237E+001   0.1233904694E+001   0.9936515576E+000
 0.6666667   0.1227765512E+001   0.9828744649E+000   0.1251023296E+001   0.1005452862E+001
 0.6767677   0.1264672271E+001   0.9978375660E+000   0.1223510564E+001   0.9698105396E+000
 0.6868687   0.1291731922E+001   0.1005426719E+001   0.1262966468E+001   0.9828599910E+000
 0.6969697   0.1290125814E+001   0.9613729190E+000   0.1262269935E+001   0.9888553058E+000
 0.7070707   0.1329733094E+001   0.9925776942E+000   0.1247824677E+001   0.9840520419E+000
 0.7171717   0.1365145002E+001   0.9842606405E+000   0.1258177001E+001   0.9831404735E+000
 0.7272727   0.1395402977E+001   0.9923181819E+000   0.1251522876E+001   0.9877473996E+000
 0.7373737   0.1444768145E+001   0.9867165133E+000   0.1279840133E+001   0.9985600025E+000
 0.7474747   0.1488927783E+001   0.9961855485E+000   0.1279147421E+001   0.9820325674E+000
 0.7575758   0.1507052878E+001   0.9820959279E+000   0.1257608572E+001   0.9697474311E+000
 0.7676768   0.1563948008E+001   0.9954449890E+000   0.1297827519E+001   0.1005088234E+001
 0.7777778   0.1564631406E+001   0.9685063432E+000   0.1278681328E+001   0.9783161734E+000
 0.7878788   0.1612133542E+001   0.9580055882E+000   0.1291063339E+001   0.9779305099E+000
 0.7979798   0.1692622324E+001   0.9950842035E+000   0.1274711737E+001   0.9777972807E+000
 0.8080808   0.1730206493E+001   0.9836530019E+000   0.1293903041E+001   0.9831685218E+000
 0.8181818   0.1746915952E+001   0.9611640432E+000   0.1302000094E+001   0.9746699001E+000
 0.8282828   0.1808318335E+001   0.9491948282E+000   0.1294471881E+001   0.9614521592E+000
 0.8383838   0.1904821268E+001   0.9816845059E+000   0.1311806552E+001   0.9839188126E+000
 0.8484848   0.1992294332E+001   0.9812604248E+000   0.1341429366E+001   0.9871934466E+000
 0.8585859   0.2074985044E+001   0.9879950862E+000   0.1343706744E+001   0.9958393216E+000
 0.8686869   0.2140776011E+001   0.9924004663E+000   0.1344799738E+001   0.9893461503E+000
 0.8787879   0.2191330503E+001   0.9616450904E+000   0.1368016743E+001   0.9836453421E+000
 0.8888889   0.2284638184E+001   0.9876406304E+000   0.1375196461E+001   0.1003875147E+001
 0.8989899   0.2345355400E+001   0.9354470043E+000   0.1365361928E+001   0.9508218700E+000
 0.9090909   0.2484661861E+001   0.9646009992E+000   0.1387586539E+001   0.9775728946E+000
 0.9191919   0.2571695703E+001   0.9708609429E+000   0.1398696352E+001   0.9874318568E+000
 0.9292929   0.2688459191E+001   0.9716268208E+000   0.1382282527E+001   0.9709324699E+000
 0.9393939   0.2737715985E+001   0.9436944327E+000   0.1397094597E+001   0.9682328252E+000
 0.9494949   0.2921236412E+001   0.9807730480E+000   0.1427043927E+001   0.9922491448E+000
 0.9595960   0.3017784012E+001   0.9544357113E+000   0.1400960595E+001   0.9666621228E+000
 0.9696970   0.3156298967E+001   0.9613855781E+000   0.1418896975E+001   0.9696702984E+000
 0.9797980   0.3290319225E+001   0.9442704235E+000   0.1423650129E+001   0.9593765882E+000
 0.9898990   0.3445526943E+001   0.9438210241E+000   0.1452330473E+001   0.9732815114E+000
 1.0000000   0.3603028539E+001   0.9575118819E+000   0.1480070020E+001   0.9893952347E+000


 0.0000000   0.1493850119E+000   0.1002979618E+001   0.5330479769E+000   0.1055728270E+001
 0.0101010   0.1472722728E+000   0.9947904607E+000   0.5290898647E+000   0.1049455573E+001
 0.0202020   0.1449520667E+000   0.9770122120E+000   0.5281336677E+000   0.1031905195E+001
 0.0303030   0.1413678611E+000   0.9814773615E+000   0.5285851455E+000   0.1030577117E+001
 0.0404040   0.1355780437E+000   0.9654741927E+000   0.5278315156E+000   0.1024584305E+001
 0.0505051   0.1286508213E+000   0.9812669139E+000   0.5248989016E+000   0.1022032421E+001
 0.0606061   0.1179326515E+000   0.9620018070E+000   0.5117114852E+000   0.1024716015E+001
 0.0707071   0.1144223460E+000   0.1012436036E+001   0.5270686282E+000   0.1059816773E+001
 0.0808081   0.1065308364E+000   0.1020689242E+001   0.5245446866E+000   0.1038018741E+001
 0.0909091   0.9914789497E-001   0.1026160881E+001   0.5254602705E+000   0.1054910569E+001
 0.1010101   0.9189360744E-001   0.1010015888E+001   0.5202564366E+000   0.1033343030E+001
 0.1111111   0.8585269565E-001   0.1040073298E+001   0.5211447379E+000   0.1039840732E+001
 0.1212121   0.7967966763E-001   0.9975674543E+000   0.5218276377E+000   0.1017235976E+001
 0.1313131   0.7734626559E-001   0.1020863091E+001   0.5301532500E+000   0.1013526139E+001
 0.1414141   0.7601708618E-001   0.1040416419E+001   0.5297451269E+000   0.1017603666E+001
 0.1515152   0.7311325089E-001   0.1015034607E+001   0.5324507066E+000   0.1020418971E+001
 0.1616162   0.7413875629E-001   0.1023855107E+001   0.5428471717E+000   0.1027454489E+001
 0.1717172   0.7370007998E-001   0.1048486628E+001   0.5486461170E+000   0.1020040304E+001
 0.1818182   0.7423953194E-001   0.1035649323E+001   0.5531762433E+000   0.1014426159E+001
 0.1919192   0.7719944155E-001   0.1036994358E+001   0.5621721513E+000   0.1017340246E+001
 0.2020202   0.8044385962E-001   0.1073173048E+001   0.5787203864E+000   0.1034550374E+001
 0.2121212   0.8526878837E-001   0.1084679043E+001   0.5934301768E+000   0.1036564441E+001
 0.2222222   0.8695334303E-001   0.1030502506E+001   0.6022352147E+000   0.1032788750E+001
 0.2323232   0.9227238203E-001   0.1021649982E+001   0.6071802491E+000   0.1020407995E+001
 0.2424242   0.9756130898E-001   0.1031101825E+001   0.6172716945E+000   0.1016796942E+001
 0.2525253   0.1041204591E+000   0.1026183755E+001   0.6400493259E+000   0.1035598567E+001
 0.2626263   0.1122926355E+000   0.1046459926E+001   0.6564480279E+000   0.1041300519E+001
 0.2727273   0.1209989916E+000   0.1052613231E+001   0.6564972135E+000   0.1000217925E+001
 0.2828283   0.1326351667E+000   0.1051510668E+001   0.6611917867E+000   0.9964093067E+000
 0.2929293   0.1404393773E+000   0.1041500682E+001   0.7011310306E+000   0.1037124210E+001
 0.3030303   0.1534617423E+000   0.1031563894E+001   0.6971404278E+000   0.1020589097E+001
 0.3131313   0.1686291866E+000   0.1051821765E+001   0.7090703604E+000   0.1006858313E+001
 0.3232323   0.1794166409E+000   0.1018969062E+001   0.7421714636E+000   0.1007022950E+001
 0.3333333   0.1998229611E+000   0.1033082777E+001   0.7509631603E+000   0.1007000999E+001
 0.3434343   0.2173883500E+000   0.1034574210E+001   0.7793633114E+000   0.9961129588E+000
 0.3535354   0.2374254982E+000   0.1011960241E+001   0.8039776319E+000   0.1019184188E+001
 0.3636364   0.2642433918E+000   0.1046446201E+001   0.8184736881E+000   0.1003999105E+001
 0.3737374   0.2951677185E+000   0.1034153315E+001   0.8495566995E+000   0.1003148476E+001
 0.3838384   0.3191555242E+000   0.1015556151E+001   0.8571381850E+000   0.9840889188E+000
 0.3939394   0.3519343600E+000   0.1003144316E+001   0.9031453449E+000   0.1018328072E+001
 0.4040404   0.3832995121E+000   0.1001286887E+001   0.9407478968E+000   0.1034682084E+001
 0.4141414   0.4303166491E+000   0.1009315921E+001   0.9452883069E+000   0.1004591800E+001
 0.4242424   0.4842918367E+000   0.1023049916E+001   0.9671571916E+000   0.9870688612E+000
 0.4343434   0.5338218560E+000   0.1008698303E+001   0.1005172215E+001   0.1015441425E+001
 0.4444444   0.5897671868E+000   0.1006882049E+001   0.1034447116E+001   0.1008054680E+001
 0.4545455   0.6542169980E+000   0.1002915569E+001   0.1045845594E+001   0.9942964562E+000
 0.4646465   0.7440651971E+000   0.1026243230E+001   0.1108556731E+001   0.1010710835E+001
 0.4747475   0.8285123382E+000   0.1020716692E+001   0.1132515391E+001   0.1002736882E+001
 0.4848485   0.9009425004E+000   0.1003029942E+001   0.1141537612E+001   0.9870030061E+000
 0.4949495   0.1018436930E+001   0.1011978541E+001   0.1197614777E+001   0.9948068331E+000
 0.5050505   0.1068452936E+001   0.9845059772E+000   0.1206957341E+001   0.9709508305E+000
 0.5151515   0.1065761296E+001   0.9925121365E+000   0.1225474256E+001   0.1013339550E+001
 0.5252525   0.1082184287E+001   0.1017569128E+001   0.1211875885E+001   0.1001139897E+001
 0.5353535   0.1070735281E+001   0.9986379922E+000   0.1219474232E+001   0.9763564349E+000
 0.5454545   0.1079871000E+001   0.9985236185E+000   0.1213370745E+001   0.9854169963E+000
 0.5555556   0.1089129259E+001   0.1004800447E+001   0.1220715914E+001   0.9850986967E+000
 0.5656566   0.1091763345E+001   0.9957557748E+000   0.1228544287E+001   0.9984892296E+000
 0.5757576   0.1117313269E+001   0.9905220341E+000   0.1210919836E+001   0.9942251132E+000
 0.5858586   0.1122773419E+001   0.9985647930E+000   0.1220662309E+001   0.9827224259E+000
 0.5959596   0.1107505746E+001   0.9537989249E+000   0.1204806864E+001   0.9702374004E+000
 0.6060606   0.1132882326E+001   0.9882620097E+000   0.1204290271E+001   0.9776351210E+000
 0.6161616   0.1152566733E+001   0.9846020511E+000   0.1215639688E+001   0.9849560107E+000
 0.6262626   0.1172569154E+001   0.9945800131E+000   0.1225719717E+001   0.9840889188E+000
 0.6363636   0.1166085041E+001   0.9601352281E+000   0.1243625289E+001   0.9968373647E+000
 0.6464646   0.1190442549E+001   0.9870633732E+000   0.1219949017E+001   0.9800717590E+000
 0.6565657   0.1240747975E+001   0.1007156546E+001   0.1227842925E+001   0.9872115472E+000
 0.6666667   0.1232909339E+001   0.9884038331E+000   0.1242569405E+001   0.9970843212E+000
 0.6767677   0.1259889866E+001   0.9954858529E+000   0.1232520731E+001   0.9754125121E+000
 0.6868687   0.1288009663E+001   0.1003963232E+001   0.1258687857E+001   0.9779863481E+000
 0.6969697   0.1308664478E+001   0.9765821669E+000   0.1243230963E+001   0.9724051301E+000
 0.7070707   0.1339815442E+001   0.1001533934E+001   0.1245966189E+001   0.9810376335E+000
 0.7171717   0.1368591587E+001   0.9881567859E+000   0.1253929700E+001   0.9782772081E+000
 0.7272727   0.1387637457E+001   0.9882071103E+000   0.1240463740E+001   0.9774759713E+000
 0.7373737   0.1447687080E+001   0.9901240136E+000   0.1277366723E+001   0.9950592775E+000
 0.7474747   0.1477488353E+001   0.9899455906E+000   0.1273489642E+001   0.9761478938E+000
 0.7575758   0.1501758574E+001   0.9800454027E+000   0.1254335370E+001   0.9656988879E+000
 0.7676768   0.1557220969E+001   0.9925807608E+000   0.1301562366E+001   0.1006391839E+001
 0.7777778   0.1560236211E+001   0.9671669235E+000   0.1280023970E+001   0.9777997587E+000
 0.7878788   0.1614147932E+001   0.9605744232E+000   0.1289351171E+001   0.9750942126E+000
 0.7979798   0.1689193290E+001   0.9944885142E+000   0.1278848415E+001   0.9794241840E+000
 0.8080808   0.1719671369E+001   0.9790617888E+000   0.1294576481E+001   0.9821297302E+000
 0.8181818   0.1763884643E+001   0.9718882701E+000   0.1314521038E+001   0.9824919332E+000
 0.8282828   0.1825843794E+001   0.9597646573E+000   0.1300569683E+001   0.9644586172E+000
 0.8383838   0.1907195554E+001   0.9843138294E+000   0.1315284529E+001   0.9849724745E+000
 0.8484848   0.1980891796E+001   0.9770396617E+000   0.1330359189E+001   0.9775034109E+000
 0.8585859   0.2076160340E+001   0.9899684653E+000   0.1344158300E+001   0.9946037799E+000
 0.8686869   0.2118180658E+001   0.9833302155E+000   0.1350793254E+001   0.9921890936E+000
 0.8787879   0.2183120612E+001   0.9594123863E+000   0.1362316645E+001   0.9780028119E+000
 0.8888889   0.2283592863E+001   0.9886005558E+000   0.1366973399E+001   0.9962995482E+000
 0.8989899   0.2347416790E+001   0.9376081832E+000   0.1367279588E+001   0.9506564901E+000
 0.9090909   0.2457871073E+001   0.9555648549E+000   0.1381408277E+001   0.9716862122E+000
 0.9191919   0.2581873558E+001   0.9760972224E+000   0.1406345722E+001   0.9912671225E+000
 0.9292929   0.2672815323E+001   0.9673544964E+000   0.1376524783E+001   0.9653641245E+000
 0.9393939   0.2699714358E+001   0.9319260976E+000   0.1384280654E+001   0.9578401817E+000
 0.9494949   0.2878011726E+001   0.9676427181E+000   0.1419052213E+001   0.9851371122E+000
 0.9595960   0.2999792510E+001   0.9501023668E+000   0.1393616855E+001   0.9600792544E+000
 0.9696970   0.3134688704E+001   0.9561687481E+000   0.1410772244E+001   0.9625982112E+000
 0.9797980   0.3288370393E+001   0.9450607738E+000   0.1431664673E+001   0.9632567620E+000
 0.9898990   0.3455265729E+001   0.9478423423E+000   0.1448154426E+001   0.9689532264E+000
 1.0000000   0.3565881470E+001   0.9489952293E+000   0.1462303296E+001   0.9759777682E+000


 0.0000000   0.1517478081E+000   0.1011455185E+001   0.5346982144E+000   0.1058545658E+001
 0.0101010   0.1501541037E+000   0.1006901449E+001   0.5326748708E+000   0.1056116518E+001
 0.0202020   0.1458922237E+000   0.9762181118E+000   0.5293522580E+000   0.1033845697E+001
 0.0303030   0.1430277523E+000   0.9858005363E+000   0.5296854250E+000   0.1032282521E+001
 0.0404040   0.1366424364E+000   0.9659975841E+000   0.5299503436E+000   0.1028259118E+001
 0.0505051   0.1308275643E+000   0.9906334429E+000   0.5273087428E+000   0.1026287384E+001
 0.0606061   0.1205773929E+000   0.9764428981E+000   0.5164261829E+000   0.1033716913E+001
 0.0707071   0.1163430545E+000   0.1021965760E+001   0.5288238272E+000   0.1062893242E+001
 0.0808081   0.1069324477E+000   0.1017107474E+001   0.5234779395E+000   0.1035466604E+001
 0.0909091   0.1006533509E+000   0.1034187611E+001   0.5242203944E+000   0.1051973212E+001
 0.1010101   0.9327393016E-001   0.1017752828E+001   0.5216796695E+000   0.1035728614E+001
 0.1111111   0.8779618530E-001   0.1055904873E+001   0.5214024462E+000   0.1039911887E+001
 0.1212121   0.8174662393E-001   0.1016023424E+001   0.5246235182E+000   0.1022250659E+001
 0.1313131   0.7873254384E-001   0.1031624321E+001   0.5290861263E+000   0.1011055298E+001
 0.1414141   0.7759220911E-001   0.1054273359E+001   0.5300805000E+000   0.1017814259E+001
 0.1515152   0.7500200908E-001   0.1033705408E+001   0.5344566920E+000   0.1023827158E+001
 0.1616162   0.7513858209E-001   0.1030137831E+001   0.5432267710E+000   0.1027735099E+001
 0.1717172   0.7601207343E-001   0.1073536099E+001   0.5512329848E+000   0.1024413349E+001
 0.1818182   0.7631093208E-001   0.1056825772E+001   0.5536831173E+000   0.1014923271E+001
 0.1919192   0.7847292628E-001   0.1046456595E+001   0.5614093784E+000   0.1015527225E+001
 0.2020202   0.8253388368E-001   0.1093070758E+001   0.5779686769E+000   0.1032766572E+001
 0.2121212   0.8687397605E-001   0.1097084282E+001   0.5976451606E+000   0.1043482323E+001
 0.2222222   0.8872328527E-001   0.1043853424E+001   0.6003312272E+000   0.1029085115E+001
 0.2323232   0.9304308106E-001   0.1022712630E+001   0.6044435792E+000   0.1015376237E+001
 0.2424242   0.9975262804E-001   0.1046616121E+001   0.6174081398E+000   0.1016588586E+001
 0.2525253   0.1058046695E+000   0.1035220903E+001   0.6381838023E+000   0.1032140414E+001
 0.2626263   0.1142023954E+000   0.1056539350E+001   0.6556222604E+000   0.1039547738E+001
 0.2727273   0.1225721353E+000   0.1058566053E+001   0.6577403226E+000   0.1001685122E+001
 0.2828283   0.1341973619E+000   0.1056180417E+001   0.6629682272E+000   0.9986609086E+000
 0.2929293   0.1433375321E+000   0.1055284897E+001   0.6999632748E+000   0.1034955907E+001
 0.3030303   0.1572284460E+000   0.1049219292E+001   0.7002814512E+000   0.1024750853E+001
 0.3131313   0.1710502441E+000   0.1059186028E+001   0.7128675487E+000   0.1011819122E+001
 0.3232323   0.1837376650E+000   0.1035942395E+001   0.7438760023E+000   0.1008905930E+001
 0.3333333   0.2030314614E+000   0.1042058759E+001   0.7527970665E+000   0.1009030274E+001
 0.3434343   0.2192566873E+000   0.1035898888E+001   0.7811822351E+000   0.9980125457E+000
 0.3535354   0.2420462777E+000   0.1024173742E+001   0.8113978092E+000   0.1028152538E+001
 0.3636364   0.2657714092E+000   0.1044864963E+001   0.8181376319E+000   0.1003159481E+001
 0.3737374   0.2982384719E+000   0.1037334620E+001   0.8454731645E+000   0.9979015247E+000
 0.3838384   0.3232863578E+000   0.1021240642E+001   0.8577369261E+000   0.9843569577E+000
 0.3939394   0.3552985997E+000   0.1005389579E+001   0.9000442088E+000   0.1014399251E+001
 0.4040404   0.3879148859E+000   0.1005995052E+001   0.9367645805E+000   0.1029862262E+001
 0.4141414   0.4312490594E+000   0.1004167756E+001   0.9440584318E+000   0.1002857504E+001
 0.4242424   0.4853537278E+000   0.1017857970E+001   0.9738565620E+000   0.9934828873E+000
 0.4343434   0.5368271735E+000   0.1007021093E+001   0.1007448954E+001   0.1017308003E+001
 0.4444444   0.5911132916E+000   0.1001861884E+001   0.1032757334E+001   0.1005979416E+001
 0.4545455   0.6579390139E+000   0.1001307169E+001   0.1057042957E+001   0.1004513938E+001
 0.4646465   0.7429738556E+000   0.1017306881E+001   0.1109787079E+001   0.1011401683E+001
 0.4747475   0.8309523324E+000   0.1016298968E+001   0.1127258423E+001   0.9976572784E+000
 0.4848485   0.9054236261E+000   0.1000708947E+001   0.1146731473E+001   0.9910715103E+000
 0.4949495   0.1024676851E+001   0.1010795328E+001   0.1201365490E+001   0.9974974081E+000
 0.5050505   0.1075814008E+001   0.9841001364E+000   0.1204825265E+001   0.9688228936E+000
 0.5151515   0.1064871100E+001   0.9844916997E+000   0.1222453691E+001   0.1010411376E+001
 0.5252525   0.1078894420E+001   0.1007118984E+001   0.1202092291E+001   0.9926346865E+000
 0.5353535   0.1080413551E+001   0.1000357265E+001   0.1220452010E+001   0.9767231509E+000
 0.5454545   0.1080396114E+001   0.9917646258E+000   0.1211230684E+001   0.9832600698E+000
 0.5555556   0.1097969741E+001   0.1005610740E+001   0.1226642106E+001   0.9894594847E+000
 0.5656566   0.1099606904E+001   0.9956367519E+000   0.1232651769E+001   0.1001400908E+001
 0.5757576   0.1118062724E+001   0.9839986200E+000   0.1210736982E+001   0.9936516392E+000
 0.5858586   0.1121137780E+001   0.9898793209E+000   0.1214488897E+001   0.9773359871E+000
 0.5959596   0.1108584341E+001   0.9478043921E+000   0.1207275761E+001   0.9718115801E+000
 0.6060606   0.1138524733E+001   0.9859818157E+000   0.1198978393E+001   0.9729084679E+000
 0.6161616   0.1143823848E+001   0.9700473639E+000   0.1215768864E+001   0.9846411716E+000
 0.6262626   0.1169834130E+001   0.9850645423E+000   0.1230172760E+001   0.9872435048E+000
 0.6363636   0.1176878067E+001   0.9619949368E+000   0.1239236773E+001   0.9928966962E+000
 0.6464646   0.1195238971E+001   0.9838535965E+000   0.1219909964E+001   0.9796230205E+000
 0.6565657   0.1246232869E+001   0.1004272898E+001   0.1232516886E+001   0.9905474909E+000
 0.6666667   0.1238398378E+001   0.9856047547E+000   0.1247256855E+001   0.1000419482E+001
 0.6767677   0.1259620616E+001   0.9880556510E+000   0.1241708667E+001   0.9822653213E+000
 0.6868687   0.1287482534E+001   0.9962748551E+000   0.1255293356E+001   0.9749334917E+000
 0.6969697   0.1307171351E+001   0.9683940966E+000   0.1243603543E+001   0.9722823093E+000
 0.7070707   0.1347269300E+001   0.9998025506E+000   0.1252819179E+001   0.9860133916E+000
 0.7171717   0.1370041096E+001   0.9820299266E+000   0.1249783293E+001   0.9746270737E+000
 0.7272727   0.1390810764E+001   0.9832843795E+000   0.1247298261E+001   0.9824429549E+000
 0.7373737   0.1451755526E+001   0.9857062711E+000   0.1276011921E+001   0.9935805858E+000
 0.7474747   0.1481891241E+001   0.9856953943E+000   0.1270337463E+001   0.9733170254E+000
 0.7575758   0.1498325917E+001   0.9707144718E+000   0.1249067256E+001   0.9612334953E+000
 0.7676768   0.1560207296E+001   0.9872725244E+000   0.1300882295E+001   0.1005437633E+001
 0.7777778   0.1572555161E+001   0.9677342399E+000   0.1279647884E+001   0.9770961816E+000
 0.7878788   0.1617892077E+001   0.9558205634E+000   0.1284659267E+001   0.9711321313E+000
 0.7979798   0.1683379832E+001   0.9838789756E+000   0.1283203175E+001   0.9823408156E+000
 0.8080808   0.1720120009E+001   0.9722154645E+000   0.1294293727E+001   0.9814970557E+000
 0.8181818   0.1755620477E+001   0.9603199159E+000   0.1305849667E+001   0.9755951771E+000
 0.8282828   0.1831254820E+001   0.9556284073E+000   0.1307856241E+001   0.9694490523E+000
 0.8383838   0.1901908493E+001   0.9744669536E+000   0.1319703451E+001   0.9878607817E+000
 0.8484848   0.1963859045E+001   0.9616142502E+000   0.1323472512E+001   0.9720291813E+000
 0.8585859   0.2055599466E+001   0.9730566006E+000   0.1340687755E+001   0.9916132929E+000
 0.8686869   0.2100017366E+001   0.9678285051E+000   0.1341197302E+001   0.9847211067E+000
 0.8787879   0.2178701963E+001   0.9505272074E+000   0.1353062490E+001   0.9709456159E+000
 0.8888889   0.2285710809E+001   0.9823417270E+000   0.1372887889E+001   0.1000184117E+001
 0.8989899   0.2357699958E+001   0.9348864281E+000   0.1374882896E+001   0.9555358955E+000
 0.9090909   0.2443262009E+001   0.9429968647E+000   0.1375909595E+001   0.9674062652E+000
 0.9191919   0.2573765744E+001   0.9659758305E+000   0.1403856084E+001   0.9890908949E+000
 0.9292929   0.2669905147E+001   0.9592938750E+000   0.1382710420E+001   0.9692891820E+000
 0.9393939   0.2724233012E+001   0.9335703403E+000   0.1386341497E+001   0.9588576450E+000
 0.9494949   0.2871610419E+001   0.9584889949E+000   0.1410097877E+001   0.9785039284E+000
 0.9595960   0.2985085311E+001   0.9385881517E+000   0.1392262480E+001   0.9587377423E+000
 0.9696970   0.3101385518E+001   0.9391501176E+000   0.1399618533E+001   0.9545811145E+000
 0.9797980   0.3297939216E+001   0.9409375317E+000   0.1432118766E+001   0.9631519389E+000
 0.9898990   0.3411083866E+001   0.9289368411E+000   0.1440455922E+001   0.9633917443E+000
 1.0000000   0.3520866427E+001   0.9302202986E+000   0.1451089980E+001   0.9680812731E+000


 0.0000000   0.1526308834E+000   0.1018231927E+001   0.5358526679E+000   0.1059914274E+001
 0.0101010   0.1498292927E+000   0.1005603007E+001   0.5354730694E+000   0.1060746828E+001
 0.0202020   0.1466431172E+000   0.9821017279E+000   0.5284891059E+000   0.1031267844E+001
 0.0303030   0.1436214618E+000   0.9907592899E+000   0.5339863607E+000   0.1039765007E+001
 0.0404040   0.1365719487E+000   0.9663445986E+000   0.5314427794E+000   0.1030263667E+001
 0.0505051   0.1320873325E+000   0.1001048164E+001   0.5320386208E+000   0.1034598060E+001
 0.0606061   0.1216502725E+000   0.9859936595E+000   0.5225572720E+000   0.1045085319E+001
 0.0707071   0.1164062443E+000   0.1023416078E+001   0.5300016883E+000   0.1064339956E+001
 0.0808081   0.1078189360E+000   0.1026437365E+001   0.5293372021E+000   0.1046151572E+001
 0.0909091   0.1010316883E+000   0.1038983804E+001   0.5292263813E+000   0.1061101029E+001
 0.1010101   0.9377719753E-001   0.1024140087E+001   0.5258906122E+000   0.1043186511E+001
 0.1111111   0.8769501825E-001   0.1055611577E+001   0.5203944457E+000   0.1037004433E+001
 0.1212121   0.8223869128E-001   0.1023034216E+001   0.5257983428E+000   0.1023654356E+001
 0.1313131   0.7871493727E-001   0.1032296647E+001   0.5314875481E+000   0.1014766477E+001
 0.1414141   0.7739450671E-001   0.1052507808E+001   0.5316969553E+000   0.1020035668E+001
 0.1515152   0.7474724116E-001   0.1031096075E+001   0.5349050454E+000   0.1023800418E+001
 0.1616162   0.7461126915E-001   0.1023804049E+001   0.5452159403E+000   0.1030606913E+001
 0.1717172   0.7570645464E-001   0.1070155915E+001   0.5514072520E+000   0.1023851540E+001
 0.1818182   0.7642479913E-001   0.1059329380E+001   0.5557632147E+000   0.1017855691E+001
 0.1919192   0.7821976098E-001   0.1043993826E+001   0.5674626111E+000   0.1025589679E+001
 0.2020202   0.8172235496E-001   0.1083270563E+001   0.5807380221E+000   0.1036818204E+001
 0.2121212   0.8629118904E-001   0.1090678674E+001   0.6001381080E+000   0.1046929353E+001
 0.2222222   0.8803834564E-001   0.1036701800E+001   0.6025129910E+000   0.1031932426E+001
 0.2323232   0.9310171572E-001   0.1024253118E+001   0.6033761003E+000   0.1012707001E+001
 0.2424242   0.9955121816E-001   0.1045417405E+001   0.6228919999E+000   0.1024731564E+001
 0.2525253   0.1055286130E+000   0.1033423902E+001   0.6424893894E+000   0.1038205794E+001
 0.2626263   0.1137964299E+000   0.1053705325E+001   0.6556350565E+000   0.1038669541E+001
 0.2727273   0.1223012342E+000   0.1057151242E+001   0.6619987766E+000   0.1007299052E+001
 0.2828283   0.1328737939E+000   0.1046679075E+001   0.6654987168E+000   0.1001606281E+001
 0.2929293   0.1431308612E+000   0.1054685945E+001   0.6998766778E+000   0.1033933477E+001
 0.3030303   0.1566108720E+000   0.1046013109E+001   0.7025673393E+000   0.1027207317E+001
 0.3131313   0.1704697748E+000   0.1056515825E+001   0.7138759772E+000   0.1012374710E+001
 0.3232323   0.1836746974E+000   0.1036494067E+001   0.7413719821E+000   0.1004640722E+001
 0.3333333   0.2020542615E+000   0.1037951251E+001   0.7534207083E+000   0.1008993372E+001
 0.3434343   0.2190893263E+000   0.1036014450E+001   0.7823762451E+000   0.9986740847E+000
 0.3535354   0.2411052553E+000   0.1021085196E+001   0.8132018914E+000   0.1029547962E+001
 0.3636364   0.2650698729E+000   0.1043019315E+001   0.8205939327E+000   0.1005301653E+001
 0.3737374   0.2956248006E+000   0.1029143999E+001   0.8483335616E+000   0.1000412224E+001
 0.3838384   0.3233611687E+000   0.1022371305E+001   0.8570261899E+000   0.9826912388E+000
 0.3939394   0.3546867092E+000   0.1004536850E+001   0.8974748993E+000   0.1010629268E+001
 0.4040404   0.3834888027E+000   0.9953874502E+000   0.9409089780E+000   0.1033524503E+001
 0.4141414   0.4314391580E+000   0.1005489976E+001   0.9424163557E+000   0.1000247904E+001
 0.4242424   0.4842267897E+000   0.1016383718E+001   0.9771409704E+000   0.9959719358E+000
 0.4343434   0.5328508654E+000   0.1000437185E+001   0.1006289966E+001   0.1015259437E+001
 0.4444444   0.5895672560E+000   0.1000116422E+001   0.1032068829E+001   0.1004439886E+001
 0.4545455   0.6585832779E+000   0.1003165203E+001   0.1058002412E+001   0.1004556736E+001
 0.4646465   0.7437278545E+000   0.1019230877E+001   0.1108719791E+001   0.1009555712E+001
 0.4747475   0.8286001789E+000   0.1014309447E+001   0.1125567793E+001   0.9953000501E+000
 0.4848485   0.9042726930E+000   0.1000311935E+001   0.1141663717E+001   0.9858388772E+000
 0.4949495   0.1017432334E+001   0.1004527685E+001   0.1209149114E+001   0.1003092463E+001
 0.5050505   0.1075142632E+001   0.9843470730E+000   0.1208539621E+001   0.9709697549E+000
 0.5151515   0.1070736073E+001   0.9907806741E+000   0.1217182280E+001   0.1005184803E+001
 0.5252525   0.1077413593E+001   0.1006617231E+001   0.1196085786E+001   0.9868211449E+000
 0.5353535   0.1079976627E+001   0.1000828212E+001   0.1220285684E+001   0.9757459857E+000
 0.5454545   0.1083171376E+001   0.9951827725E+000   0.1210843284E+001   0.9820960358E+000
 0.5555556   0.1095371219E+001   0.1004109165E+001   0.1223650297E+001   0.9861930778E+000
 0.5656566   0.1097624927E+001   0.9947123192E+000   0.1237570023E+001   0.1004527524E+001
 0.5757576   0.1116231753E+001   0.9832473122E+000   0.1211679340E+001   0.9935655626E+000
 0.5858586   0.1126362439E+001   0.9953630111E+000   0.1217676576E+001   0.9790542924E+000
 0.5959596   0.1108935560E+001   0.9489347732E+000   0.1214814715E+001   0.9770349838E+000
 0.6060606   0.1142811477E+001   0.9905607219E+000   0.1204438742E+001   0.9764945540E+000
 0.6161616   0.1146562347E+001   0.9732211589E+000   0.1221121044E+001   0.9881210976E+000
 0.6262626   0.1169978467E+001   0.9860486475E+000   0.1225983086E+001   0.9830308332E+000
 0.6363636   0.1177741092E+001   0.9635432633E+000   0.1238193032E+001   0.9912030080E+000
 0.6464646   0.1198107343E+001   0.9870781459E+000   0.1218290288E+001   0.9774768217E+000
 0.6565657   0.1236792588E+001   0.9975380937E+000   0.1232939667E+001   0.9900308596E+000
 0.6666667   0.1237726588E+001   0.9859325616E+000   0.1242754179E+001   0.9959463749E+000
 0.6767677   0.1256067411E+001   0.9861311296E+000   0.1244564455E+001   0.9836735065E+000
 0.6868687   0.1285214439E+001   0.9953905051E+000   0.1246391432E+001   0.9671830948E+000
 0.6969697   0.1302616976E+001   0.9658649807E+000   0.1238301068E+001   0.9672999445E+000
 0.7070707   0.1343058434E+001   0.9975503132E+000   0.1247876433E+001   0.9812744364E+000
 0.7171717   0.1364024504E+001   0.9785733285E+000   0.1241535536E+001   0.9673583693E+000
 0.7272727   0.1391752159E+001   0.9848114165E+000   0.1248998948E+001   0.9829322413E+000
 0.7373737   0.1446354700E+001   0.9828990546E+000   0.1272585871E+001   0.9900564205E+000
 0.7474747   0.1474150724E+001   0.9814052127E+000   0.1265589223E+001   0.9688408997E+000
 0.7575758   0.1494464347E+001   0.9690603970E+000   0.1250894937E+001   0.9618080093E+000
 0.7676768   0.1556162406E+001   0.9855751393E+000   0.1291102238E+001   0.9970162798E+000
 0.7777778   0.1567455258E+001   0.9654403508E+000   0.1273002058E+001   0.9711815449E+000
 0.7878788   0.1619251045E+001   0.9574609748E+000   0.1283607204E+001   0.9694981792E+000
 0.7979798   0.1678534894E+001   0.9819062149E+000   0.1280808879E+001   0.9796604502E+000
 0.8080808   0.1722023964E+001   0.9741437361E+000   0.1298700364E+001   0.9839875400E+000
 0.8181818   0.1752138108E+001   0.9592541959E+000   0.1302367689E+001   0.9721528579E+000
 0.8282828   0.1836202976E+001   0.9590495182E+000   0.1304759479E+001   0.9663176768E+000
 0.8383838   0.1900597403E+001   0.9746477932E+000   0.1313972028E+001   0.9827204513E+000
 0.8484848   0.1960847381E+001   0.9609802095E+000   0.1322422256E+001   0.9704183704E+000
 0.8585859   0.2049016115E+001   0.9707894655E+000   0.1335471489E+001   0.9869014790E+000
 0.8686869   0.2090764493E+001   0.9644077976E+000   0.1336051223E+001   0.9800949849E+000
 0.8787879   0.2184748622E+001   0.9539997829E+000   0.1353589233E+001   0.9704840984E+000
 0.8888889   0.2284857852E+001   0.9828349019E+000   0.1370561210E+001   0.9976260891E+000
 0.8989899   0.2364910136E+001   0.9385664721E+000   0.1373236018E+001   0.9535664550E+000
 0.9090909   0.2436891779E+001   0.9413616976E+000   0.1366833202E+001   0.9601940231E+000
 0.9191919   0.2568738818E+001   0.9649332389E+000   0.1395304980E+001   0.9822165370E+000
 0.9292929   0.2668775970E+001   0.9597277041E+000   0.1385993147E+001   0.9707506617E+000
 0.9393939   0.2745705897E+001   0.9417527237E+000   0.1391075649E+001   0.9613004435E+000
 0.9494949   0.2868618192E+001   0.9583285639E+000   0.1400482559E+001   0.9709916642E+000
 0.9595960   0.3004828965E+001   0.9456232710E+000   0.1394384000E+001   0.9593687722E+000
 0.9696970   0.3113367810E+001   0.9436039878E+000   0.1407994371E+001   0.9594637125E+000
 0.9797980   0.3302113250E+001   0.9429532960E+000   0.1428754579E+001   0.9600589156E+000
 0.9898990   0.3417303838E+001   0.9314455205E+000   0.1437730834E+001   0.9607381044E+000
 1.0000000   0.3547662276E+001   0.9381204580E+000   0.1447256159E+001   0.9646890844E+000


 0.0000000   0.1525719821E+000   0.1021098427E+001   0.5338537008E+000   0.1057059571E+001
 0.0101010   0.1502826883E+000   0.1011876046E+001   0.5340888819E+000   0.1059106192E+001
 0.0202020   0.1477339311E+000   0.9925755469E+000   0.5294316262E+000   0.1034182488E+001
 0.0303030   0.1430652152E+000   0.9900825105E+000   0.5292050981E+000   0.1031527746E+001
 0.0404040   0.1364199939E+000   0.9683605069E+000   0.5276364062E+000   0.1023949384E+001
 0.0505051   0.1326100318E+000   0.1008227894E+001   0.5316223225E+000   0.1034864694E+001
 0.0606061   0.1219277332E+000   0.9914071845E+000   0.5227370735E+000   0.1046533211E+001
 0.0707071   0.1158322668E+000   0.1021630945E+001   0.5276255581E+000   0.1060671255E+001
 0.0808081   0.1076980256E+000   0.1028569588E+001   0.5271759286E+000   0.1042964744E+001
 0.0909091   0.1001989550E+000   0.1033719920E+001   0.5250060172E+000   0.1053734970E+001
 0.1010101   0.9313130786E-001   0.1020343362E+001   0.5209850149E+000   0.1034531308E+001
 0.1111111   0.8778387798E-001   0.1060065036E+001   0.5211482647E+000   0.1039587665E+001
 0.1212121   0.8183316271E-001   0.1021249439E+001   0.5244937632E+000   0.1022177498E+001
 0.1313131   0.7798202911E-001   0.1025959980E+001   0.5264946047E+000   0.1006279915E+001
 0.1414141   0.7677217404E-001   0.1047387906E+001   0.5316131436E+000   0.1020936560E+001
 0.1515152   0.7423015851E-001   0.1027242264E+001   0.5345296546E+000   0.1024146946E+001
 0.1616162   0.7421677997E-001   0.1021652140E+001   0.5409952321E+000   0.1023693170E+001
 0.1717172   0.7545567244E-001   0.1070026584E+001   0.5468093071E+000   0.1016371022E+001
 0.1818182   0.7568598648E-001   0.1052448160E+001   0.5493478106E+000   0.1007153511E+001
 0.1919192   0.7768794049E-001   0.1040216121E+001   0.5643074156E+000   0.1020948908E+001
 0.2020202   0.8069705297E-001   0.1073105126E+001   0.5784900686E+000   0.1033879970E+001
 0.2121212   0.8546222591E-001   0.1083660128E+001   0.5948485055E+000   0.1038781982E+001
 0.2222222   0.8773634657E-001   0.1036454047E+001   0.5997058844E+000   0.1028193884E+001
 0.2323232   0.9232808978E-001   0.1018994844E+001   0.6005621920E+000   0.1009033438E+001
 0.2424242   0.9883729853E-001   0.1041244068E+001   0.6217786601E+000   0.1023964818E+001
 0.2525253   0.1044252646E+000   0.1025893746E+001   0.6426736270E+000   0.1039584579E+001
 0.2626263   0.1136400933E+000   0.1055627378E+001   0.6494357260E+000   0.1029919466E+001
 0.2727273   0.1218686186E+000   0.1056785143E+001   0.6596786351E+000   0.1004813634E+001
 0.2828283   0.1316116930E+000   0.1040057160E+001   0.6621984359E+000   0.9976766995E+000
 0.2929293   0.1414186440E+000   0.1045406194E+001   0.6922201692E+000   0.1023686996E+001
 0.3030303   0.1550010392E+000   0.1038576175E+001   0.7035885639E+000   0.1029771294E+001
 0.3131313   0.1695909756E+000   0.1054435171E+001   0.7146918356E+000   0.1014586788E+001
 0.3232323   0.1823624946E+000   0.1032384649E+001   0.7430996729E+000   0.1008030193E+001
 0.3333333   0.1995949894E+000   0.1028601380E+001   0.7533786134E+000   0.1009987293E+001
 0.3434343   0.2168630535E+000   0.1028770938E+001   0.7795476089E+000   0.9960992890E+000
 0.3535354   0.2384823285E+000   0.1013211318E+001   0.8131462499E+000   0.1030549195E+001
 0.3636364   0.2621706557E+000   0.1034914776E+001   0.8177040052E+000   0.1002804056E+001
 0.3737374   0.2920633381E+000   0.1020001596E+001   0.8471214481E+000   0.1000022751E+001
 0.3838384   0.3204266718E+000   0.1016337548E+001   0.8578978886E+000   0.9847147679E+000
 0.3939394   0.3520953955E+000   0.1000391123E+001   0.8904678490E+000   0.1003782606E+001
 0.4040404   0.3827679428E+000   0.9966979322E+000   0.9325307349E+000   0.1025387883E+001
 0.4141414   0.4304239312E+000   0.1006336260E+001   0.9385223837E+000   0.9971519250E+000
 0.4242424   0.4806586656E+000   0.1012125085E+001   0.9721139327E+000   0.9918794841E+000
 0.4343434   0.5273164650E+000   0.9932166891E+000   0.1007933491E+001   0.1017976214E+001
 0.4444444   0.5855753477E+000   0.9965257246E+000   0.1024474990E+001   0.9980872585E+000
 0.4545455   0.6543379529E+000   0.9998903965E+000   0.1058055861E+001   0.1005653273E+001
 0.4646465   0.7381142672E+000   0.1014777082E+001   0.1109046124E+001   0.1010904105E+001
 0.4747475   0.8222132687E+000   0.1009714179E+001   0.1122304617E+001   0.9934476340E+000
 0.4848485   0.8949615722E+000   0.9931822476E+000   0.1143589957E+001   0.9885301876E+000
 0.4949495   0.1011458017E+001   0.1001827070E+001   0.1203574494E+001   0.9995072367E+000
 0.5050505   0.1072304443E+001   0.9848924379E+000   0.1203823400E+001   0.9681874561E+000
 0.5151515   0.1067447976E+001   0.9909011590E+000   0.1207674547E+001   0.9983712541E+000
 0.5252525   0.1072346101E+001   0.1005091066E+001   0.1198783823E+001   0.9900767291E+000
 0.5353535   0.1075235517E+001   0.9996254617E+000   0.1217093927E+001   0.9742069290E+000
 0.5454545   0.1083197255E+001   0.9983935149E+000   0.1207619783E+001   0.9805011369E+000
 0.5555556   0.1086558303E+001   0.9992201115E+000   0.1213803700E+001   0.9792756339E+000
 0.5656566   0.1095646664E+001   0.9960991796E+000   0.1237216442E+001   0.1005285931E+001
 0.5757576   0.1113211153E+001   0.9837267248E+000   0.1211426396E+001   0.9943922282E+000
 0.5858586   0.1118806883E+001   0.9918522749E+000   0.1221218607E+001   0.9829243606E+000
 0.5959596   0.1115614889E+001   0.9577074790E+000   0.1218431768E+001   0.9809641732E+000
 0.6060606   0.1140785932E+001   0.9919714956E+000   0.1203999913E+001   0.9771549273E+000
 0.6161616   0.1146559204E+001   0.9763350442E+000   0.1225146441E+001   0.9924104325E+000
 0.6262626   0.1168476679E+001   0.9879365387E+000   0.1226656117E+001   0.9845943784E+000
 0.6363636   0.1177078140E+001   0.9660847171E+000   0.1231089304E+001   0.9865422181E+000
 0.6464646   0.1194311726E+001   0.9871019941E+000   0.1222445358E+001   0.9818315947E+000
 0.6565657   0.1232939191E+001   0.9976146066E+000   0.1228715313E+001   0.9876658531E+000
 0.6666667   0.1235292098E+001   0.9871443837E+000   0.1242895302E+001   0.9970963606E+000
 0.6767677   0.1248870582E+001   0.9836207509E+000   0.1246494140E+001   0.9862242665E+000
 0.6868687   0.1282235420E+001   0.9962634392E+000   0.1253676401E+001   0.9738488476E+000
 0.6969697   0.1295431287E+001   0.9636128755E+000   0.1241188004E+001   0.9705643762E+000
 0.7070707   0.1338615772E+001   0.9974344510E+000   0.1245243445E+001   0.9802233150E+000
 0.7171717   0.1366219688E+001   0.9832869331E+000   0.1241889203E+001   0.9686412318E+000
 0.7272727   0.1393540688E+001   0.9892347192E+000   0.1247921285E+001   0.9831064882E+000
 0.7373737   0.1447448088E+001   0.9867920204E+000   0.1276710896E+001   0.9942996209E+000
 0.7474747   0.1468168799E+001   0.9805528060E+000   0.1261615785E+001   0.9668045208E+000
 0.7575758   0.1490715421E+001   0.9697249211E+000   0.1252941382E+001   0.9643843840E+000
 0.7676768   0.1556537816E+001   0.9889697844E+000   0.1290789646E+001   0.9978125235E+000
 0.7777778   0.1564073459E+001   0.9664423791E+000   0.1277317177E+001   0.9754879964E+000
 0.7878788   0.1622822899E+001   0.9626458635E+000   0.1289835303E+001   0.9752163483E+000
 0.7979798   0.1677827496E+001   0.9846354512E+000   0.1284489639E+001   0.9834985257E+000
 0.8080808   0.1721214684E+001   0.9768039787E+000   0.1299452317E+001   0.9855821894E+000
 0.8181818   0.1761354956E+001   0.9673881963E+000   0.1311921291E+001   0.9803035747E+000
 0.8282828   0.1838105268E+001   0.9631174474E+000   0.1306141184E+001   0.9683479754E+000
 0.8383838   0.1916509247E+001   0.9859548264E+000   0.1326307043E+001   0.9929784238E+000
 0.8484848   0.1963122193E+001   0.9651759908E+000   0.1326914669E+001   0.9747286167E+000
 0.8585859   0.2046222263E+001   0.9725703208E+000   0.1334869794E+001   0.9874837254E+000
 0.8686869   0.2097762232E+001   0.9707343227E+000   0.1342008041E+001   0.9854895821E+000
 0.8787879   0.2179150442E+001   0.9546024432E+000   0.1354499893E+001   0.9721479606E+000
 0.8888889   0.2286384419E+001   0.9866410076E+000   0.1375280485E+001   0.1002103327E+001
 0.8989899   0.2370082739E+001   0.9436314935E+000   0.1372582698E+001   0.9541049765E+000
 0.9090909   0.2435284505E+001   0.9437533635E+000   0.1370514603E+001   0.9637824367E+000
 0.9191919   0.2579799531E+001   0.9721914640E+000   0.1402958190E+001   0.9886320556E+000
 0.9292929   0.2669315163E+001   0.9629955774E+000   0.1392193511E+001   0.9761084651E+000
 0.9393939   0.2751263695E+001   0.9466808930E+000   0.1397134900E+001   0.9664927430E+000
 0.9494949   0.2887884732E+001   0.9678544815E+000   0.1407732890E+001   0.9770345379E+000
 0.9595960   0.3017644903E+001   0.9526975621E+000   0.1399835305E+001   0.9641219967E+000
 0.9696970   0.3140404229E+001   0.9548461832E+000   0.1422006806E+001   0.9700210802E+000
 0.9797980   0.3321055395E+001   0.9513993816E+000   0.1443327274E+001   0.9708607195E+000
 0.9898990   0.3438248986E+001   0.9401555490E+000   0.1447408898E+001   0.9682121514E+000
 1.0000000   0.3553247238E+001   0.9426061959E+000   0.1455268715E+001   0.9710397602E+000


 0.0000000   0.1520103918E+000   0.1014394629E+001   0.5298858471E+000   0.1050421785E+001
 0.0101010   0.1506844586E+000   0.1011643897E+001   0.5331159676E+000   0.1058404933E+001
 0.0202020   0.1480575991E+000   0.9918702499E+000   0.5287862746E+000   0.1034121738E+001
 0.0303030   0.1428285287E+000   0.9855828624E+000   0.5251177892E+000   0.1024749749E+001
 0.0404040   0.1359914287E+000   0.9625236829E+000   0.5236084643E+000   0.1017312987E+001
 0.0505051   0.1320037868E+000   0.1000713051E+001   0.5278966393E+000   0.1028805920E+001
 0.0606061   0.1218573376E+000   0.9879662101E+000   0.5204623678E+000   0.1043189581E+001
 0.0707071   0.1160123016E+000   0.1020256502E+001   0.5245686798E+000   0.1055751061E+001
 0.0808081   0.1076424713E+000   0.1025062726E+001   0.5234735061E+000   0.1036842898E+001
 0.0909091   0.1004453152E+000   0.1033261442E+001   0.5236012798E+000   0.1052136305E+001
 0.1010101   0.9384351576E-001   0.1025169686E+001   0.5194027970E+000   0.1032587552E+001
 0.1111111   0.8807132825E-001   0.1060457183E+001   0.5190128894E+000   0.1036530678E+001
 0.1212121   0.8222679087E-001   0.1023190926E+001   0.5199532621E+000   0.1014505696E+001
 0.1313131   0.7832173577E-001   0.1027446074E+001   0.5246250138E+000   0.1003871369E+001
 0.1414141   0.7678597938E-001   0.1044543396E+001   0.5304583783E+000   0.1019902261E+001
 0.1515152   0.7488999412E-001   0.1033373053E+001   0.5300717441E+000   0.1016785442E+001
 0.1616162   0.7428281924E-001   0.1019600791E+001   0.5374699517E+000   0.1018203891E+001
 0.1717172   0.7571661291E-001   0.1070618383E+001   0.5422941763E+000   0.1009149505E+001
 0.1818182   0.7621958246E-001   0.1056799617E+001   0.5465937884E+000   0.1003268461E+001
 0.1919192   0.7846856588E-001   0.1047626634E+001   0.5603584655E+000   0.1014982101E+001
 0.2020202   0.8144877297E-001   0.1079965756E+001   0.5757622638E+000   0.1030200144E+001
 0.2121212   0.8615821797E-001   0.1089322430E+001   0.5904012599E+000   0.1032213426E+001
 0.2222222   0.8845241307E-001   0.1041887998E+001   0.5962947962E+000   0.1023533167E+001
 0.2323232   0.9341272770E-001   0.1027980874E+001   0.5981710471E+000   0.1006183413E+001
 0.2424242   0.9978367899E-001   0.1048170735E+001   0.6186535956E+000   0.1020001849E+001
 0.2525253   0.1059066767E+000   0.1037435207E+001   0.6376024017E+000   0.1032579478E+001
 0.2626263   0.1144222089E+000   0.1059815423E+001   0.6476231504E+000   0.1028238002E+001
 0.2727273   0.1231718250E+000   0.1064993682E+001   0.6579652724E+000   0.1003368048E+001
 0.2828283   0.1325233415E+000   0.1044229492E+001   0.6619110420E+000   0.9984021324E+000
 0.2929293   0.1434888717E+000   0.1057639020E+001   0.6885916687E+000   0.1019503911E+001
 0.3030303   0.1563679106E+000   0.1044701511E+001   0.6980355451E+000   0.1022830671E+001
 0.3131313   0.1713296761E+000   0.1062161568E+001   0.7119799390E+000   0.1011911039E+001
 0.3232323   0.1849298070E+000   0.1043887685E+001   0.7404297416E+000   0.1005575122E+001
 0.3333333   0.2016728316E+000   0.1036300501E+001   0.7498027082E+000   0.1006361056E+001
 0.3434343   0.2186873542E+000   0.1034421726E+001   0.7792608027E+000   0.9968894794E+000
 0.3535354   0.2405392342E+000   0.1018991584E+001   0.8076384425E+000   0.1024757823E+001
 0.3636364   0.2649486604E+000   0.1042852963E+001   0.8132796101E+000   0.9985367101E+000
 0.3737374   0.2948441700E+000   0.1026732232E+001   0.8440522195E+000   0.9975569846E+000
 0.3838384   0.3226616101E+000   0.1020463446E+001   0.8569453576E+000   0.9847640312E+000
 0.3939394   0.3552118259E+000   0.1006323800E+001   0.8910730606E+000   0.1005631645E+001
 0.4040404   0.3860615925E+000   0.1002363955E+001   0.9268324193E+000   0.1020305994E+001
 0.4141414   0.4330647125E+000   0.1009579105E+001   0.9376497644E+000   0.9973820337E+000
 0.4242424   0.4845516373E+000   0.1017368582E+001   0.9710344306E+000   0.9919289464E+000
 0.4343434   0.5311193491E+000   0.9974833244E+000   0.1008258907E+001   0.1019487762E+001
 0.4444444   0.5883181494E+000   0.9982948252E+000   0.1023324909E+001   0.9981249024E+000
 0.4545455   0.6582488774E+000   0.1002954561E+001   0.1054271140E+001   0.1003220013E+001
 0.4646465   0.7387673232E+000   0.1012734424E+001   0.1103639285E+001   0.1007144298E+001
 0.4747475   0.8235939767E+000   0.1008481602E+001   0.1123039617E+001   0.9952530149E+000
 0.4848485   0.8979672533E+000   0.9936327646E+000   0.1142672834E+001   0.9888847995E+000
 0.4949495   0.1012431005E+001   0.9998875990E+000   0.1202341231E+001   0.9996429385E+000
 0.5050505   0.1072891478E+001   0.9825786817E+000   0.1207994757E+001   0.9726708817E+000
 0.5151515   0.1074113965E+001   0.9942024428E+000   0.1212775684E+001   0.1003752941E+001
 0.5252525   0.1076845897E+001   0.1006386581E+001   0.1206826840E+001   0.9978772795E+000
 0.5353535   0.1076021546E+001   0.9974600722E+000   0.1215111816E+001   0.9737501947E+000
 0.5454545   0.1079553104E+001   0.9921539264E+000   0.1206164982E+001   0.9804575458E+000
 0.5555556   0.1090425870E+001   0.9998736477E+000   0.1215808007E+001   0.9820321045E+000
 0.5656566   0.1094842563E+001   0.9924864325E+000   0.1230240356E+001   0.1000778774E+001
 0.5757576   0.1115259207E+001   0.9826833165E+000   0.1214752851E+001   0.9982810125E+000
 0.5858586   0.1124540432E+001   0.9940489785E+000   0.1222742690E+001   0.9852942673E+000
 0.5959596   0.1118719070E+001   0.9575918971E+000   0.1215297580E+001   0.9795774078E+000
 0.6060606   0.1144134317E+001   0.9920027873E+000   0.1211679414E+001   0.9845298661E+000
 0.6161616   0.1147692452E+001   0.9744706492E+000   0.1228703668E+001   0.9964480646E+000
 0.6262626   0.1167726014E+001   0.9844435060E+000   0.1227811982E+001   0.9866669595E+000
 0.6363636   0.1180108021E+001   0.9657673610E+000   0.1230712124E+001   0.9873856043E+000
 0.6464646   0.1195549530E+001   0.9852643077E+000   0.1226052900E+001   0.9858729513E+000
 0.6565657   0.1226603476E+001   0.9896147892E+000   0.1232864650E+001   0.9921523454E+000
 0.6666667   0.1235696348E+001   0.9846085964E+000   0.1246517271E+001   0.1001163666E+001
 0.6767677   0.1251012857E+001   0.9824554452E+000   0.1251515719E+001   0.9913475709E+000
 0.6868687   0.1284951863E+001   0.9954836375E+000   0.1254489898E+001   0.9756127496E+000
 0.6969697   0.1296586096E+001   0.9616796291E+000   0.1240939631E+001   0.9714973645E+000
 0.7070707   0.1344133071E+001   0.9986459330E+000   0.1249772048E+001   0.9849309076E+000
 0.7171717   0.1365648417E+001   0.9800302436E+000   0.1244915851E+001   0.9721298795E+000
 0.7272727   0.1386718103E+001   0.9815416349E+000   0.1250690748E+001   0.9864327944E+000
 0.7373737   0.1447368147E+001   0.9838808034E+000   0.1277701956E+001   0.9962273572E+000
 0.7474747   0.1466957706E+001   0.9769074769E+000   0.1267559731E+001   0.9724878561E+000
 0.7575758   0.1489282855E+001   0.9659882566E+000   0.1257354570E+001   0.9689053985E+000
 0.7676768   0.1551699490E+001   0.9830414000E+000   0.1288798327E+001   0.9974304816E+000
 0.7777778   0.1569451465E+001   0.9669578722E+000   0.1278694823E+001   0.9776744795E+000
 0.7878788   0.1626781790E+001   0.9622004777E+000   0.1290131818E+001   0.9765736342E+000
 0.7979798   0.1670930809E+001   0.9777492055E+000   0.1278979569E+001   0.9804171725E+000
 0.8080808   0.1715448435E+001   0.9707130981E+000   0.1302315171E+001   0.9889009488E+000
 0.8181818   0.1764787423E+001   0.9664672514E+000   0.1311878563E+001   0.9814103557E+000
 0.8282828   0.1835233831E+001   0.9588289127E+000   0.1307784525E+001   0.9706925900E+000
 0.8383838   0.1907187949E+001   0.9783188837E+000   0.1329152950E+001   0.9962650390E+000
 0.8484848   0.1963094037E+001   0.9623678934E+000   0.1331682697E+001   0.9793674666E+000
 0.8585859   0.2040070791E+001   0.9668392861E+000   0.1334809338E+001   0.9885860371E+000
 0.8686869   0.2098188200E+001   0.9681204809E+000   0.1345424190E+001   0.9891458802E+000
 0.8787879   0.2181744186E+001   0.9529716904E+000   0.1363788449E+001   0.9799515337E+000
 0.8888889   0.2281360821E+001   0.9816230175E+000   0.1377278010E+001   0.1004724591E+001
 0.8989899   0.2371141844E+001   0.9413200268E+000   0.1375742778E+001   0.9574124654E+000
 0.9090909   0.2425858519E+001   0.9373787835E+000   0.1374358227E+001   0.9676080698E+000
 0.9191919   0.2578182415E+001   0.9687692165E+000   0.1410066634E+001   0.9947954508E+000
 0.9292929   0.2665314452E+001   0.9587684571E+000   0.1398349891E+001   0.9815637742E+000
 0.9393939   0.2749516348E+001   0.9433406406E+000   0.1396001103E+001   0.9668302108E+000
 0.9494949   0.2875154609E+001   0.9607983717E+000   0.1411103222E+001   0.9805113768E+000
 0.9595960   0.3015097256E+001   0.9491374072E+000   0.1409965005E+001   0.9722267754E+000
 0.9696970   0.3138177850E+001   0.9514068192E+000   0.1427736576E+001   0.9750609812E+000
 0.9797980   0.3306547743E+001   0.9445009240E+000   0.1447593916E+001   0.9748618062E+000
 0.9898990   0.3434414562E+001   0.9363882410E+000   0.1452708776E+001   0.9728862060E+000
 1.0000000   0.3540786530E+001   0.9365812340E+000   0.1459361977E+001   0.9749021795E+000


 0.0000000   0.1512905472E+000   0.1009578768E+001   0.5272255031E+000   0.1045900444E+001
 0.0101010   0.1504958191E+000   0.1010365227E+001   0.5314591864E+000   0.1055875275E+001
 0.0202020   0.1473688355E+000   0.9872441418E+000   0.5267614256E+000   0.1030903454E+001
 0.0303030   0.1422363983E+000   0.9814850285E+000   0.5228582010E+000   0.1021074784E+001
 0.0404040   0.1352114057E+000   0.9569912509E+000   0.5191625104E+000   0.1009401140E+001
 0.0505051   0.1320094643E+000   0.1000743999E+001   0.5269325765E+000   0.1027666367E+001
 0.0606061   0.1221450352E+000   0.9902867702E+000   0.5191853117E+000   0.1041379064E+001
 0.0707071   0.1157384176E+000   0.1017835561E+001   0.5228812943E+000   0.1053112609E+001
 0.0808081   0.1068785476E+000   0.1017775700E+001   0.5203301019E+000   0.1031358707E+001
 0.0909091   0.1003257151E+000   0.1032018668E+001   0.5201950255E+000   0.1046044208E+001
 0.1010101   0.9394479492E-001   0.1026263683E+001   0.5176129642E+000   0.1029770114E+001
 0.1111111   0.8799421388E-001   0.1059515854E+001   0.5180742097E+000   0.1035400874E+001
 0.1212121   0.8243374957E-001   0.1025753826E+001   0.5197198607E+000   0.1014780313E+001
 0.1313131   0.7838832927E-001   0.1028307239E+001   0.5243275046E+000   0.1004024364E+001
 0.1414141   0.7684220298E-001   0.1045295592E+001   0.5287397454E+000   0.1017329729E+001
 0.1515152   0.7509881955E-001   0.1036242018E+001   0.5297143328E+000   0.1016831347E+001
 0.1616162   0.7417781855E-001   0.1018147255E+001   0.5358158447E+000   0.1015801038E+001
 0.1717172   0.7564634259E-001   0.1069611848E+001   0.5404784575E+000   0.1006494710E+001
 0.1818182   0.7676925006E-001   0.1064408004E+001   0.5458450785E+000   0.1002615476E+001
 0.1919192   0.7838257949E-001   0.1046465992E+001   0.5580370090E+000   0.1011504888E+001
 0.2020202   0.8135884881E-001   0.1078760375E+001   0.5727928878E+000   0.1025624917E+001
 0.2121212   0.8596288503E-001   0.1086839648E+001   0.5876364334E+000   0.1028119223E+001
 0.2222222   0.8850865031E-001   0.1042537823E+001   0.5905693537E+000   0.1014435279E+001
 0.2323232   0.9367685853E-001   0.1030875102E+001   0.5971442026E+000   0.1005179269E+001
 0.2424242   0.1001512061E+000   0.1052018686E+001   0.6171699016E+000   0.1018288157E+001
 0.2525253   0.1057185050E+000   0.1035579410E+001   0.6330284104E+000   0.1025910049E+001
 0.2626263   0.1146464259E+000   0.1061879361E+001   0.6454658750E+000   0.1025550639E+001
 0.2727273   0.1230045900E+000   0.1063534848E+001   0.6562357209E+000   0.1001450987E+001
 0.2828283   0.1327128997E+000   0.1045710496E+001   0.6630959719E+000   0.1000909476E+001
 0.2929293   0.1439306309E+000   0.1060882354E+001   0.6840494720E+000   0.1013508001E+001
 0.3030303   0.1564194828E+000   0.1045033439E+001   0.6995386391E+000   0.1025771077E+001
 0.3131313   0.1704711267E+000   0.1056826204E+001   0.7125939341E+000   0.1013512793E+001
 0.3232323   0.1851178327E+000   0.1044936421E+001   0.7355685172E+000   0.9996922730E+000
 0.3333333   0.2022403486E+000   0.1039204143E+001   0.7486670851E+000   0.1005560243E+001
 0.3434343   0.2193305592E+000   0.1037451638E+001   0.7818272524E+000   0.1000892703E+001
 0.3535354   0.2399232878E+000   0.1016369980E+001   0.8052909423E+000   0.1022514820E+001
 0.3636364   0.2651230026E+000   0.1043526574E+001   0.8113885013E+000   0.9969320027E+000
 0.3737374   0.2952300816E+000   0.1028063664E+001   0.8426268888E+000   0.9965893650E+000
 0.3838384   0.3216798975E+000   0.1017346346E+001   0.8554940159E+000   0.9838039462E+000
 0.3939394   0.3566521494E+000   0.1010392062E+001   0.8910540873E+000   0.1006334173E+001
 0.4040404   0.3871842502E+000   0.1005266658E+001   0.9232073671E+000   0.1017046993E+001
 0.4141414   0.4348522331E+000   0.1013733999E+001   0.9389452181E+000   0.9994790229E+000
 0.4242424   0.4839029408E+000   0.1015994296E+001   0.9664075577E+000   0.9879132028E+000
 0.4343434   0.5305714093E+000   0.9964422097E+000   0.1006215436E+001   0.1018153977E+001
 0.4444444   0.5874439100E+000   0.9967993160E+000   0.1024631485E+001   0.1000118773E+001
 0.4545455   0.6574197119E+000   0.1001679081E+001   0.1053942217E+001   0.1003629013E+001
 0.4646465   0.7372376846E+000   0.1010625316E+001   0.1099271523E+001   0.1003880600E+001
 0.4747475   0.8272022709E+000   0.1012887678E+001   0.1123095546E+001   0.9960191008E+000
 0.4848485   0.8940793096E+000   0.9893186612E+000   0.1143592464E+001   0.9903931332E+000
 0.4949495   0.1012371930E+001   0.9998171740E+000   0.1199675199E+001   0.9981444131E+000
 0.5050505   0.1071282002E+001   0.9810928308E+000   0.1212140428E+001   0.9767115850E+000
 0.5151515   0.1077483427E+001   0.9973091730E+000   0.1217253095E+001   0.1008183938E+001
 0.5252525   0.1082125557E+001   0.1011308566E+001   0.1211650143E+001   0.1002586723E+001
 0.5353535   0.1072382360E+001   0.9940745742E+000   0.1213843103E+001   0.9734337640E+000
 0.5454545   0.1080351052E+001   0.9928752749E+000   0.1213355161E+001   0.9870122813E+000
 0.5555556   0.1091521051E+001   0.1000865787E+001   0.1215103760E+001   0.9821698279E+000
 0.5656566   0.1092210646E+001   0.9900886072E+000   0.1230478361E+001   0.1001692990E+001
 0.5757576   0.1112183795E+001   0.9799616501E+000   0.1217480089E+001   0.1001242529E+001
 0.5858586   0.1128931118E+001   0.9979181115E+000   0.1223117025E+001   0.9863054412E+000
 0.5959596   0.1124144160E+001   0.9622239937E+000   0.1214140960E+001   0.9793496559E+000
 0.6060606   0.1142204649E+001   0.9903177332E+000   0.1212546451E+001   0.9859436349E+000
 0.6161616   0.1148513741E+001   0.9751561963E+000   0.1228855976E+001   0.9972890168E+000
 0.6262626   0.1172712534E+001   0.9886354115E+000   0.1235233024E+001   0.9933450889E+000
 0.6363636   0.1183591570E+001   0.9686064950E+000   0.1234811285E+001   0.9913875014E+000
 0.6464646   0.1194474719E+001   0.9843666494E+000   0.1220750562E+001   0.9823159880E+000
 0.6565657   0.1227146745E+001   0.9900411306E+000   0.1235303458E+001   0.9948306511E+000
 0.6666667   0.1234241849E+001   0.9834377601E+000   0.1243858445E+001   0.9997473826E+000
 0.6767677   0.1252654697E+001   0.9837329405E+000   0.1253123237E+001   0.9933355047E+000
 0.6868687   0.1288725293E+001   0.9983949413E+000   0.1252841143E+001   0.9750319414E+000
 0.6969697   0.1301880503E+001   0.9655948296E+000   0.1245766625E+001   0.9759783882E+000
 0.7070707   0.1339577276E+001   0.9952491030E+000   0.1255874930E+001   0.9904530349E+000
 0.7171717   0.1369331725E+001   0.9826616215E+000   0.1248380975E+001   0.9755375117E+000
 0.7272727   0.1388258865E+001   0.9826203376E+000   0.1248433573E+001   0.9853613904E+000
 0.7373737   0.1447171153E+001   0.9837350047E+000   0.1277102423E+001   0.9964767498E+000
 0.7474747   0.1466797488E+001   0.9767889772E+000   0.1274798788E+001   0.9787458467E+000
 0.7575758   0.1489149381E+001   0.9658900100E+000   0.1254461206E+001   0.9673717121E+000
 0.7676768   0.1549241978E+001   0.9814726433E+000   0.1287072867E+001   0.9968121993E+000
 0.7777778   0.1570196378E+001   0.9674051316E+000   0.1285551010E+001   0.9836242411E+000
 0.7878788   0.1629765793E+001   0.9639537919E+000   0.1293232185E+001   0.9796252037E+000
 0.7979798   0.1669631010E+001   0.9769768193E+000   0.1285891538E+001   0.9864252446E+000
 0.8080808   0.1716105568E+001   0.9710732120E+000   0.1302512709E+001   0.9897629673E+000
 0.8181818   0.1766913365E+001   0.9676198082E+000   0.1311459605E+001   0.9818032295E+000
 0.8282828   0.1831363269E+001   0.9567951521E+000   0.1309643841E+001   0.9727724493E+000
 0.8383838   0.1904896479E+001   0.9771316342E+000   0.1329127485E+001   0.9969631516E+000
 0.8484848   0.1954807005E+001   0.9582937601E+000   0.1327539240E+001   0.9770230739E+000
 0.8585859   0.2037038353E+001   0.9653904740E+000   0.1338505085E+001   0.9920368358E+000
 0.8686869   0.2097763717E+001   0.9679129244E+000   0.1349372525E+001   0.9927628444E+000
 0.8787879   0.2178832365E+001   0.9516883254E+000   0.1367878298E+001   0.9835978844E+000
 0.8888889   0.2278592231E+001   0.9804199021E+000   0.1373099441E+001   0.1002397434E+001
 0.8989899   0.2364051703E+001   0.9384939696E+000   0.1373051736E+001   0.9562275999E+000
 0.9090909   0.2429404238E+001   0.9387375450E+000   0.1377108276E+001   0.9702422015E+000
 0.9191919   0.2572682537E+001   0.9666909189E+000   0.1406974170E+001   0.9933283164E+000
 0.9292929   0.2659287093E+001   0.9565887322E+000   0.1401085610E+001   0.9841921093E+000
 0.9393939   0.2742636801E+001   0.9409689434E+000   0.1396960505E+001   0.9681911673E+000
 0.9494949   0.2880629179E+001   0.9626161914E+000   0.1416453063E+001   0.9849372864E+000
 0.9595960   0.3008404472E+001   0.9470191087E+000   0.1412154793E+001   0.9744377165E+000
 0.9696970   0.3153660595E+001   0.9560891962E+000   0.1430919683E+001   0.9779383718E+000
 0.9797980   0.3309463373E+001   0.9453223377E+000   0.1449688436E+001   0.9769751525E+000
 0.9898990   0.3436077162E+001   0.9368302257E+000   0.1459427400E+001   0.9780893241E+000
 1.0000000   0.3542004770E+001   0.9368921516E+000   0.1459008023E+001   0.9753673909E+000


 0.0000000   0.1513111716E+000   0.1009161403E+001   0.5291544513E+000   0.1049545391E+001
 0.0101010   0.1495014089E+000   0.1003137497E+001   0.5296920249E+000   0.1052182249E+001
 0.0202020   0.1471021642E+000   0.9849160138E+000   0.5263958187E+000   0.1030009656E+001
 0.0303030   0.1421767210E+000   0.9805339828E+000   0.5228635867E+000   0.1020908593E+001
 0.0404040   0.1358963405E+000   0.9613103641E+000   0.5215734038E+000   0.1013913112E+001
 0.0505051   0.1314667381E+000   0.9960818726E+000   0.5261748521E+000   0.1026011000E+001
 0.0606061   0.1220678282E+000   0.9891168469E+000   0.5207197169E+000   0.1044276012E+001
 0.0707071   0.1157803222E+000   0.1017644424E+001   0.5244998119E+000   0.1056189580E+001
 0.0808081   0.1069522848E+000   0.1017918069E+001   0.5198302575E+000   0.1030189639E+001
 0.0909091   0.1003069316E+000   0.1031258303E+001   0.5191995894E+000   0.1043861835E+001
 0.1010101   0.9394858838E-001   0.1025741012E+001   0.5172691788E+000   0.1028908074E+001
 0.1111111   0.8794551088E-001   0.1058347390E+001   0.5194952270E+000   0.1038061181E+001
 0.1212121   0.8279977922E-001   0.1029742157E+001   0.5201164880E+000   0.1015378997E+001
 0.1313131   0.7839196213E-001   0.1027789657E+001   0.5241251872E+000   0.1003463261E+001
 0.1414141   0.7676043443E-001   0.1043609344E+001   0.5280843805E+000   0.1015892924E+001
 0.1515152   0.7529277243E-001   0.1038347209E+001   0.5292018236E+000   0.1015671741E+001
 0.1616162   0.7448669904E-001   0.1021824918E+001   0.5385665849E+000   0.1020839202E+001
 0.1717172   0.7577870216E-001   0.1070894421E+001   0.5413418799E+000   0.1007928139E+001
 0.1818182   0.7674744411E-001   0.1063520775E+001   0.5486458243E+000   0.1007585521E+001
 0.1919192   0.7822739621E-001   0.1043820125E+001   0.5575384030E+000   0.1010426215E+001
 0.2020202   0.8139044067E-001   0.1078586087E+001   0.5726498335E+000   0.1025191319E+001
 0.2121212   0.8596964435E-001   0.1086327675E+001   0.5876213516E+000   0.1027914915E+001
 0.2222222   0.8854515835E-001   0.1042394578E+001   0.5903801610E+000   0.1013934797E+001
 0.2323232   0.9389182141E-001   0.1032672756E+001   0.5976568410E+000   0.1005868093E+001
 0.2424242   0.1002553945E+000   0.1052534265E+001   0.6161678458E+000   0.1016458895E+001
 0.2525253   0.1060093081E+000   0.1037857235E+001   0.6306629313E+000   0.1021899583E+001
 0.2626263   0.1150627553E+000   0.1065149707E+001   0.6451138921E+000   0.1024814005E+001
 0.2727273   0.1235058060E+000   0.1067281556E+001   0.6576354618E+000   0.1003413387E+001
 0.2828283   0.1328374448E+000   0.1046116531E+001   0.6623740588E+000   0.9996467564E+000
 0.2929293   0.1441126855E+000   0.1061640385E+001   0.6844384163E+000   0.1013908776E+001
 0.3030303   0.1568728964E+000   0.1047486609E+001   0.7011012878E+000   0.1027884557E+001
 0.3131313   0.1709879417E+000   0.1059447520E+001   0.7141821091E+000   0.1015595844E+001
 0.3232323   0.1850997720E+000   0.1044260177E+001   0.7363565233E+000   0.1000590040E+001
 0.3333333   0.2023726446E+000   0.1039312365E+001   0.7494150718E+000   0.1006390694E+001
 0.3434343   0.2194157331E+000   0.1037284058E+001   0.7820158181E+000   0.1000960849E+001
 0.3535354   0.2405296153E+000   0.1018378460E+001   0.8072345546E+000   0.1024805331E+001
 0.3636364   0.2659849980E+000   0.1046343953E+001   0.8146849674E+000   0.1000809056E+001
 0.3737374   0.2955426876E+000   0.1028586558E+001   0.8453857496E+000   0.9996792835E+000
 0.3838384   0.3213544574E+000   0.1015758486E+001   0.8578599839E+000   0.9863540429E+000
 0.3939394   0.3571665726E+000   0.1011293252E+001   0.8907321863E+000   0.1005796534E+001
 0.4040404   0.3890840629E+000   0.1009643981E+001   0.9234199176E+000   0.1017105099E+001
 0.4141414   0.4362546990E+000   0.1016444450E+001   0.9417714508E+000   0.1002313973E+001
 0.4242424   0.4868630441E+000   0.1021647418E+001   0.9658301098E+000   0.9871520394E+000
 0.4343434   0.5331860559E+000   0.1000802263E+001   0.1002536397E+001   0.1014255731E+001
 0.4444444   0.5866647111E+000   0.9949299716E+000   0.1022860869E+001   0.9982177355E+000
 0.4545455   0.6569492856E+000   0.1000412133E+001   0.1055467415E+001   0.1004907462E+001
 0.4646465   0.7349808424E+000   0.1006977783E+001   0.1099726701E+001   0.1004122476E+001
 0.4747475   0.8240729908E+000   0.1008501325E+001   0.1125180138E+001   0.9976951345E+000
 0.4848485   0.8931479902E+000   0.9877449199E+000   0.1142494049E+001   0.9892706334E+000
 0.4949495   0.1013435917E+001   0.1000317836E+001   0.1200614858E+001   0.9987533473E+000
 0.5050505   0.1070692971E+001   0.9800144256E+000   0.1212615810E+001   0.9769255406E+000
 0.5151515   0.1077458839E+001   0.9967382528E+000   0.1215607296E+001   0.1006646574E+001
 0.5252525   0.1081148380E+001   0.1009839971E+001   0.1208985096E+001   0.1000208390E+001
 0.5353535   0.1076533734E+001   0.9973742944E+000   0.1216463578E+001   0.9753664116E+000
 0.5454545   0.1083043254E+001   0.9948023935E+000   0.1216509872E+001   0.9894072469E+000
 0.5555556   0.1094023160E+001   0.1002608695E+001   0.1213705687E+001   0.9808699853E+000
 0.5656566   0.1094614204E+001   0.9917220291E+000   0.1228433082E+001   0.9998549294E+000
 0.5757576   0.1112550936E+001   0.9797463266E+000   0.1217838776E+001   0.1001364184E+001
 0.5858586   0.1130079126E+001   0.9983838256E+000   0.1223066265E+001   0.9860938266E+000
 0.5959596   0.1125762778E+001   0.9630798171E+000   0.1216026530E+001   0.9807008448E+000
 0.6060606   0.1139321806E+001   0.9872752846E+000   0.1212893061E+001   0.9860547942E+000
 0.6161616   0.1148242346E+001   0.9743898946E+000   0.1226741738E+001   0.9954008946E+000
 0.6262626   0.1175372797E+001   0.9903334615E+000   0.1235457738E+001   0.9933538601E+000
 0.6363636   0.1182087984E+001   0.9668442961E+000   0.1231156092E+001   0.9882818116E+000
 0.6464646   0.1197733671E+001   0.9865098158E+000   0.1225603590E+001   0.9860504572E+000
 0.6565657   0.1225785655E+001   0.9883994512E+000   0.1231792636E+001   0.9918315950E+000
 0.6666667   0.1233433547E+001   0.9822535140E+000   0.1244355986E+001   0.9999741952E+000
 0.6767677   0.1256134775E+001   0.9859236961E+000   0.1250443920E+001   0.9910401039E+000
 0.6868687   0.1290238742E+001   0.9990180183E+000   0.1257701478E+001   0.9786451364E+000
 0.6969697   0.1304823276E+001   0.9672455200E+000   0.1242781415E+001   0.9734711699E+000
 0.7070707   0.1341047043E+001   0.9957934351E+000   0.1256212567E+001   0.9905478615E+000
 0.7171717   0.1370374239E+001   0.9828692171E+000   0.1250970323E+001   0.9773917614E+000
 0.7272727   0.1388754720E+001   0.9824310140E+000   0.1249553075E+001   0.9860743104E+000
 0.7373737   0.1445919769E+001   0.9823441129E+000   0.1275068819E+001   0.9947178269E+000
 0.7474747   0.1470300139E+001   0.9785833319E+000   0.1277052104E+001   0.9803061835E+000
 0.7575758   0.1489557979E+001   0.9656239837E+000   0.1254840888E+001   0.9674970384E+000
 0.7676768   0.1543787406E+001   0.9774795038E+000   0.1281854968E+001   0.9925992329E+000
 0.7777778   0.1569707726E+001   0.9665724992E+000   0.1288174020E+001   0.9854606337E+000
 0.7878788   0.1634375740E+001   0.9661490878E+000   0.1295778155E+001   0.9813839124E+000
 0.7979798   0.1670719560E+001   0.9770764309E+000   0.1290310259E+001   0.9896436100E+000
 0.8080808   0.1717882411E+001   0.9715443479E+000   0.1303905393E+001   0.9906497795E+000
 0.8181818   0.1773099462E+001   0.9704738011E+000   0.1311847768E+001   0.9819238612E+000
 0.8282828   0.1833298276E+001   0.9572796351E+000   0.1310049279E+001   0.9729051995E+000
 0.8383838   0.1905796739E+001   0.9770560924E+000   0.1326415657E+001   0.9947568594E+000
 0.8484848   0.1954978311E+001   0.9578509632E+000   0.1326339823E+001   0.9759714144E+000
 0.8585859   0.2032726005E+001   0.9628172651E+000   0.1336352852E+001   0.9902702975E+000
 0.8686869   0.2101519685E+001   0.9691129678E+000   0.1352024996E+001   0.9945421809E+000
 0.8787879   0.2169344836E+001   0.9470234638E+000   0.1359431511E+001   0.9773548975E+000
 0.8888889   0.2275712223E+001   0.9786424986E+000   0.1370929217E+001   0.1000639915E+001
 0.8989899   0.2362649622E+001   0.9374218237E+000   0.1373840485E+001   0.9566113252E+000
 0.9090909   0.2426562601E+001   0.9371241415E+000   0.1373070996E+001   0.9672303168E+000
 0.9191919   0.2566165582E+001   0.9637121608E+000   0.1405896064E+001   0.9923953969E+000
 0.9292929   0.2649824429E+001   0.9526609375E+000   0.1402417984E+001   0.9849575490E+000
 0.9393939   0.2740740322E+001   0.9398014330E+000   0.1392899160E+001   0.9652093039E+000
 0.9494949   0.2883673528E+001   0.9631038536E+000   0.1412033215E+001   0.9816940035E+000
 0.9595960   0.2995386597E+001   0.9424029172E+000   0.1408402069E+001   0.9716800147E+000
 0.9696970   0.3161624299E+001   0.9579766924E+000   0.1433772537E+001   0.9797185284E+000
 0.9797980   0.3308220320E+001   0.9444478650E+000   0.1448591306E+001   0.9760668270E+000
 0.9898990   0.3436948807E+001   0.9365528134E+000   0.1458237698E+001   0.9771228713E+000
 1.0000000   0.3535731065E+001   0.9347186468E+000   0.1457487722E+001   0.9741824276E+000


