# Lambda, (Probability, Probability_biased(/observed)) per Fractional
 0.0000000   0.1022725817E+001   0.1135193758E+001   0.8182686324E+000   0.1019588602E+001
 0.0101010   0.1017476946E+001   0.1060115826E+001   0.8252509482E+000   0.9915004923E+000
 0.0202020   0.1009171048E+001   0.1069063470E+001   0.8215472495E+000   0.9856284136E+000
 0.0303030   0.9899964193E+000   0.1111153392E+001   0.7988650510E+000   0.9814527131E+000
 0.0404040   0.9454908702E+000   0.1106268185E+001   0.7955800302E+000   0.9944039090E+000
 0.0505051   0.9257658961E+000   0.1114290210E+001   0.8146647014E+000   0.9939145691E+000
 0.0606061   0.8777775759E+000   0.1092306775E+001   0.7844710306E+000   0.9724162364E+000
 0.0707071   0.8084318815E+000   0.1056413352E+001   0.7766691259E+000   0.9470847413E+000
 0.0808081   0.7864609541E+000   0.1110767718E+001   0.8081563955E+000   0.1002282281E+001
 0.0909091   0.6827369033E+000   0.1016406071E+001   0.7543939835E+000   0.9275927022E+000
 0.1010101   0.6591003562E+000   0.1025842236E+001   0.7744155241E+000   0.9491399688E+000
 0.1111111   0.6320597010E+000   0.1075182835E+001   0.8022406700E+000   0.1009932295E+001
 0.1212121   0.5576027705E+000   0.1022268320E+001   0.7582911316E+000   0.9556481894E+000
 0.1313131   0.5253992061E+000   0.1064023992E+001   0.7664249393E+000   0.9575403037E+000
 0.1414141   0.5172421867E+000   0.1086675930E+001   0.7703011912E+000   0.9500860260E+000
 0.1515152   0.4543703954E+000   0.1017100285E+001   0.7660922079E+000   0.9622542780E+000
 0.1616162   0.4414087271E+000   0.1017923056E+001   0.7660964191E+000   0.9406417660E+000
 0.1717172   0.4142374900E+000   0.9961710255E+000   0.7756345166E+000   0.9437082960E+000
 0.1818182   0.4160297309E+000   0.1011366593E+001   0.7501821931E+000   0.9421913423E+000
 0.1919192   0.4190026692E+000   0.1055924832E+001   0.7881953621E+000   0.9906033691E+000
 0.2020202   0.4112565873E+000   0.1004707283E+001   0.7685398387E+000   0.9405928320E+000
 0.2121212   0.4075394856E+000   0.9953225420E+000   0.7830856425E+000   0.9509831491E+000
 0.2222222   0.4187526912E+000   0.1027770607E+001   0.8278676642E+000   0.9874552825E+000
 0.2323232   0.4101709185E+000   0.9744447061E+000   0.7811880272E+000   0.9522391215E+000
 0.2424242   0.4201889656E+000   0.9861692051E+000   0.8143376601E+000   0.9760699743E+000
 0.2525253   0.4069569266E+000   0.9452363052E+000   0.8084044024E+000   0.9509015924E+000
 0.2626263   0.4233244882E+000   0.9717964092E+000   0.8351342003E+000   0.9905055012E+000
 0.2727273   0.4415495288E+000   0.9979194157E+000   0.8112650047E+000   0.9522228102E+000
 0.2828283   0.4580348000E+000   0.9883032696E+000   0.8317316999E+000   0.9554850761E+000
 0.2929293   0.4745680480E+000   0.9758074220E+000   0.8465887811E+000   0.9796258442E+000
 0.3030303   0.4865830955E+000   0.9851921635E+000   0.8477675887E+000   0.9594650406E+000
 0.3131313   0.4934045995E+000   0.9612032216E+000   0.8934965954E+000   0.1006376425E+001
 0.3232323   0.5148280543E+000   0.9443106869E+000   0.8718566120E+000   0.9612266642E+000
 0.3333333   0.5361782513E+000   0.9600976219E+000   0.8988822983E+000   0.9733296709E+000
 0.3434343   0.5619599544E+000   0.9676311267E+000   0.8763911429E+000   0.9529894427E+000
 0.3535354   0.6110830487E+000   0.1012163653E+001   0.9230322077E+000   0.1009899672E+001
 0.3636364   0.6482452601E+000   0.1019954274E+001   0.9304648002E+000   0.1002037611E+001
 0.3737374   0.6599663416E+000   0.9395540371E+000   0.9572806787E+000   0.1023519633E+001
 0.3838384   0.6510284101E+000   0.9026835733E+000   0.9830868642E+000   0.1011155645E+001
 0.3939394   0.7483391732E+000   0.1005144381E+001   0.9334394650E+000   0.9419792951E+000
 0.4040404   0.7793613741E+000   0.9924428405E+000   0.9878240089E+000   0.1009785493E+001
 0.4141414   0.8348439377E+000   0.1002110410E+001   0.9921241048E+000   0.9900650953E+000
 0.4242424   0.8439414247E+000   0.9522555776E+000   0.1004921481E+001   0.1009703936E+001
 0.4343434   0.9111117875E+000   0.9948083096E+000   0.1004405283E+001   0.1017957469E+001
 0.4444444   0.9344717683E+000   0.9358772753E+000   0.1022963257E+001   0.9943223523E+000
 0.4545455   0.9941087450E+000   0.9673740105E+000   0.1060189492E+001   0.9847965357E+000
 0.4646465   0.1078414210E+001   0.9634401325E+000   0.1072860816E+001   0.9905707465E+000
 0.4747475   0.1110947421E+001   0.9716935627E+000   0.1099928215E+001   0.1039716783E+001
 0.4848485   0.1267403967E+001   0.1040729264E+001   0.1102416338E+001   0.9793811742E+000
 0.4949495   0.1263840466E+001   0.9947568863E+000   0.1105920215E+001   0.1001907121E+001
 0.5050505   0.1339874168E+001   0.1010260994E+001   0.1162406599E+001   0.1035410592E+001
 0.5151515   0.1351060594E+001   0.1037001079E+001   0.1122622768E+001   0.1019588602E+001
 0.5252525   0.1348174357E+001   0.1030676020E+001   0.1149599523E+001   0.1015836996E+001
 0.5353535   0.1297651873E+001   0.9723620649E+000   0.1136554214E+001   0.1036226159E+001
 0.5454545   0.1306543958E+001   0.9576807296E+000   0.1138166144E+001   0.1021219735E+001
 0.5555556   0.1317111571E+001   0.9700737306E+000   0.1135875439E+001   0.1022769311E+001
 0.5656566   0.1315071139E+001   0.9946797515E+000   0.1103619258E+001   0.9860851308E+000
 0.5757576   0.1326490737E+001   0.9811811507E+000   0.1143590897E+001   0.1042652822E+001
 0.5858586   0.1330877735E+001   0.9819267877E+000   0.1128260137E+001   0.1010242210E+001
 0.5959596   0.1337122114E+001   0.1023476766E+001   0.1100496906E+001   0.1008904681E+001
 0.6060606   0.1318969607E+001   0.9905916038E+000   0.1140384947E+001   0.1015119298E+001
 0.6161616   0.1351220411E+001   0.9754731710E+000   0.1121436539E+001   0.9907664824E+000
 0.6262626   0.1358957415E+001   0.1001981852E+001   0.1132482404E+001   0.1020909820E+001
 0.6363636   0.1296590318E+001   0.9724134881E+000   0.1146271407E+001   0.1018691479E+001
 0.6464646   0.1327123823E+001   0.9805640718E+000   0.1148437661E+001   0.1026586163E+001
 0.6565657   0.1368362153E+001   0.1023116804E+001   0.1146616453E+001   0.1028690324E+001
 0.6666667   0.1332378519E+001   0.1007921236E+001   0.1152942284E+001   0.1024677737E+001
 0.6767677   0.1319673994E+001   0.9745732642E+000   0.1134505705E+001   0.1036470828E+001
 0.6868687   0.1302259476E+001   0.9815925366E+000   0.1131475254E+001   0.1013504476E+001
 0.6969697   0.1326974876E+001   0.9978165692E+000   0.1153871495E+001   0.1043386832E+001
 0.7070707   0.1295341781E+001   0.9703822701E+000   0.1117604123E+001   0.1006653718E+001
 0.7171717   0.1395219637E+001   0.1043763235E+001   0.1173316768E+001   0.1056974170E+001
 0.7272727   0.1265682809E+001   0.9557009348E+000   0.1112658174E+001   0.1007697643E+001
 0.7373737   0.1304232337E+001   0.9775301006E+000   0.1143423820E+001   0.1043859861E+001
 0.7474747   0.1290513929E+001   0.9696109215E+000   0.1110677917E+001   0.9942897297E+000
 0.7575758   0.1326909010E+001   0.9958110628E+000   0.1134129896E+001   0.1022377840E+001
 0.7676768   0.1314070007E+001   0.9905658922E+000   0.1132718975E+001   0.1019507046E+001
 0.7777778   0.1326645712E+001   0.9983822248E+000   0.1146599850E+001   0.1026879767E+001
 0.7878788   0.1345034477E+001   0.1031190253E+001   0.1159349535E+001   0.1059877587E+001
 0.7979798   0.1289675454E+001   0.9580149806E+000   0.1148797057E+001   0.1027466974E+001
 0.8080808   0.1316434814E+001   0.9927513799E+000   0.1139945267E+001   0.1035182233E+001
 0.8181818   0.1333231118E+001   0.9877376139E+000   0.1122448857E+001   0.1003293584E+001
 0.8282828   0.1293455996E+001   0.9932141891E+000   0.1125330304E+001   0.1034268799E+001
 0.8383838   0.1304235803E+001   0.9693795169E+000   0.1129739407E+001   0.1021774320E+001
 0.8484848   0.1308816602E+001   0.9611003751E+000   0.1137609577E+001   0.1001466715E+001
 0.8585859   0.1299678400E+001   0.9823638853E+000   0.1131718477E+001   0.1042375530E+001
 0.8686869   0.1294760599E+001   0.9826210015E+000   0.1126179848E+001   0.1032083081E+001
 0.8787879   0.1345670916E+001   0.1015351894E+001   0.1116695889E+001   0.1011351381E+001
 0.8888889   0.1308315495E+001   0.1016946015E+001   0.1136371624E+001   0.1041559963E+001
 0.8989899   0.1273644992E+001   0.9753446128E+000   0.1129787541E+001   0.1020175810E+001
 0.9090909   0.1284626444E+001   0.9515613639E+000   0.1108732851E+001   0.9911742657E+000
 0.9191919   0.1296373149E+001   0.9815925366E+000   0.1120579071E+001   0.1005381434E+001
 0.9292929   0.1284294542E+001   0.9734162413E+000   0.1127023305E+001   0.1012656287E+001
 0.9393939   0.1274826591E+001   0.9709222141E+000   0.1116927642E+001   0.1037547376E+001
 0.9494949   0.1296091297E+001   0.9675539918E+000   0.1127283107E+001   0.9988569020E+000
 0.9595960   0.1305770306E+001   0.9777872168E+000   0.1095062703E+001   0.9854489889E+000
 0.9696970   0.1301915356E+001   0.9812582856E+000   0.1129357106E+001   0.1032327751E+001
 0.9797980   0.1302357051E+001   0.9953996769E+000   0.1147664770E+001   0.1063205098E+001
 0.9898990   0.1305527789E+001   0.9920828778E+000   0.1120814009E+001   0.1013553410E+001
 1.0000000   0.1239267473E+001   0.9499415318E+000   0.1108700808E+001   0.1019115574E+001


 0.0000000   0.9662658025E+000   0.1075828141E+001   0.8184079225E+000   0.1019037777E+001
 0.0101010   0.9824477227E+000   0.1026771264E+001   0.8399949370E+000   0.1008497814E+001
 0.0202020   0.9510248004E+000   0.1010569217E+001   0.8031571920E+000   0.9628809886E+000
 0.0303030   0.9453762543E+000   0.1064340524E+001   0.7943640583E+000   0.9752297344E+000
 0.0404040   0.9195890221E+000   0.1079275644E+001   0.8134657648E+000   0.1016037226E+001
 0.0505051   0.8948807403E+000   0.1080432933E+001   0.8166398535E+000   0.9956165756E+000
 0.0606061   0.8381557930E+000   0.1046213722E+001   0.7930112552E+000   0.9823042726E+000
 0.0707071   0.7675917173E+000   0.1006134972E+001   0.7812781277E+000   0.9520282921E+000
 0.0808081   0.7614818541E+000   0.1078800547E+001   0.8058417013E+000   0.9987016490E+000
 0.0909091   0.6586870642E+000   0.9836226536E+000   0.7648635458E+000   0.9397978778E+000
 0.1010101   0.6477074603E+000   0.1011214862E+001   0.7941080491E+000   0.9725841783E+000
 0.1111111   0.6072657649E+000   0.1036187943E+001   0.7891601913E+000   0.9927597131E+000
 0.1212121   0.5455477120E+000   0.1003247841E+001   0.7754459712E+000   0.9765736431E+000
 0.1313131   0.5125178965E+000   0.1041133831E+001   0.7861484776E+000   0.9814844038E+000
 0.1414141   0.4911355438E+000   0.1035006290E+001   0.7739607381E+000   0.9539215974E+000
 0.1515152   0.4486017682E+000   0.1007280079E+001   0.7610418318E+000   0.9552316970E+000
 0.1616162   0.4331036185E+000   0.1001846912E+001   0.7772163216E+000   0.9536173162E+000
 0.1717172   0.4124198186E+000   0.9948544490E+000   0.7758685408E+000   0.9433224685E+000
 0.1818182   0.4159040849E+000   0.1014175086E+001   0.7628095460E+000   0.9573701178E+000
 0.1919192   0.4089590244E+000   0.1033788091E+001   0.7842675511E+000   0.9849667332E+000
 0.2020202   0.4076385161E+000   0.9989354158E+000   0.7749463919E+000   0.9477599029E+000
 0.2121212   0.3891055233E+000   0.9532285869E+000   0.7927500287E+000   0.9620357630E+000
 0.2222222   0.3990645512E+000   0.9824653645E+000   0.8207732893E+000   0.9782979033E+000
 0.2323232   0.4038629325E+000   0.9624138078E+000   0.7906463404E+000   0.9630838427E+000
 0.2424242   0.4104174391E+000   0.9662024069E+000   0.8240662461E+000   0.9870290836E+000
 0.2525253   0.4080659124E+000   0.9507312788E+000   0.8295683520E+000   0.9751029506E+000
 0.2626263   0.4317366376E+000   0.9941600755E+000   0.8283160900E+000   0.9817210669E+000
 0.2727273   0.4517169825E+000   0.1024042499E+001   0.8370272118E+000   0.9817633282E+000
 0.2828283   0.4630605319E+000   0.1002224553E+001   0.8501998817E+000   0.9760073420E+000
 0.2929293   0.4848736027E+000   0.1000068341E+001   0.8658219371E+000   0.1001169708E+001
 0.3030303   0.4896486618E+000   0.9944524433E+000   0.8559271127E+000   0.9680115079E+000
 0.3131313   0.4955638402E+000   0.9683829833E+000   0.8845869928E+000   0.9956334801E+000
 0.3232323   0.5292972326E+000   0.9738405151E+000   0.8794556594E+000   0.9689158993E+000
 0.3333333   0.5536792700E+000   0.9944889892E+000   0.9029644948E+000   0.9770554217E+000
 0.3434343   0.5725401300E+000   0.9888852735E+000   0.8942144188E+000   0.9716797870E+000
 0.3535354   0.5998224441E+000   0.9965721096E+000   0.9176672294E+000   0.1003316581E+001
 0.3636364   0.6397835287E+000   0.1009740842E+001   0.9377654383E+000   0.1009182446E+001
 0.3737374   0.6540970936E+000   0.9340663156E+000   0.9582439332E+000   0.1023821753E+001
 0.3838384   0.6796780942E+000   0.9453102930E+000   0.9775403605E+000   0.1004736560E+001
 0.3939394   0.7367855613E+000   0.9926738726E+000   0.9582999034E+000   0.9663802225E+000
 0.4040404   0.7620806726E+000   0.9734263274E+000   0.9829629960E+000   0.1004102640E+001
 0.4141414   0.8279743151E+000   0.9969253874E+000   0.9975826565E+000   0.9948051590E+000
 0.4242424   0.8462460625E+000   0.9577968334E+000   0.1007961795E+001   0.1012039309E+001
 0.4343434   0.9117488852E+000   0.9985699561E+000   0.1015349483E+001   0.1028318354E+001
 0.4444444   0.9616557809E+000   0.9660684050E+000   0.1027241867E+001   0.9977719008E+000
 0.4545455   0.1013893036E+001   0.9896649209E+000   0.1068483976E+001   0.9917961559E+000
 0.4646465   0.1095585627E+001   0.9817953550E+000   0.1059726163E+001   0.9777485067E+000
 0.4747475   0.1143585228E+001   0.1003320932E+001   0.1093546557E+001   0.1032950190E+001
 0.4848485   0.1242277579E+001   0.1023238487E+001   0.1080843510E+001   0.9595338953E+000
 0.4949495   0.1285851157E+001   0.1015198373E+001   0.1126609197E+001   0.1019925263E+001
 0.5050505   0.1328420289E+001   0.1004709679E+001   0.1149814588E+001   0.1023466759E+001
 0.5151515   0.1348545979E+001   0.1038258882E+001   0.1120094468E+001   0.1016569718E+001
 0.5252525   0.1337211432E+001   0.1025443428E+001   0.1142545542E+001   0.1008886617E+001
 0.5353535   0.1321193576E+001   0.9930515143E+000   0.1145808236E+001   0.1043921218E+001
 0.5454545   0.1334551672E+001   0.9812228014E+000   0.1117791602E+001   0.1002226240E+001
 0.5555556   0.1337458525E+001   0.9880934442E+000   0.1117158333E+001   0.1005201434E+001
 0.5656566   0.1340935848E+001   0.1017366768E+001   0.1137930830E+001   0.1016020321E+001
 0.5757576   0.1333031197E+001   0.9890558214E+000   0.1151816835E+001   0.1049406732E+001
 0.5858586   0.1373196879E+001   0.1016270389E+001   0.1125648411E+001   0.1007187714E+001
 0.5959596   0.1320568527E+001   0.1013919264E+001   0.1121556982E+001   0.1027481580E+001
 0.6060606   0.1348359244E+001   0.1015783109E+001   0.1141723919E+001   0.1015589256E+001
 0.6161616   0.1348534800E+001   0.9765327350E+000   0.1120929976E+001   0.9896154739E+000
 0.6262626   0.1360334423E+001   0.1006086244E+001   0.1140826534E+001   0.1027701339E+001
 0.6363636   0.1340041640E+001   0.1008096273E+001   0.1137673085E+001   0.1010331953E+001
 0.6464646   0.1335706584E+001   0.9899451067E+000   0.1137709532E+001   0.1016273889E+001
 0.6565657   0.1363072271E+001   0.1022300474E+001   0.1127123761E+001   0.1010484094E+001
 0.6666667   0.1302719428E+001   0.9885198138E+000   0.1146278873E+001   0.1018031958E+001
 0.6767677   0.1337721711E+001   0.9909440300E+000   0.1134705453E+001   0.1035916932E+001
 0.6868687   0.1314673457E+001   0.9940017096E+000   0.1127734310E+001   0.1009436014E+001
 0.6969697   0.1330553490E+001   0.1003588936E+001   0.1134395831E+001   0.1025047331E+001
 0.7070707   0.1301981187E+001   0.9783600336E+000   0.1121423989E+001   0.1009376848E+001
 0.7171717   0.1366425059E+001   0.1025370336E+001   0.1154364651E+001   0.1039162598E+001
 0.7272727   0.1308295364E+001   0.9909196660E+000   0.1130499524E+001   0.1023128668E+001
 0.7373737   0.1304151110E+001   0.9804797000E+000   0.1118259916E+001   0.1020161927E+001
 0.7474747   0.1321598238E+001   0.9960239201E+000   0.1115832410E+001   0.9981945136E+000
 0.7575758   0.1317421352E+001   0.9917358594E+000   0.1125298377E+001   0.1013695951E+001
 0.7676768   0.1316883025E+001   0.9957437343E+000   0.1116209056E+001   0.1003933595E+001
 0.7777778   0.1317140590E+001   0.9942818954E+000   0.1129878599E+001   0.1011185631E+001
 0.7878788   0.1312585295E+001   0.1009411928E+001   0.1123768312E+001   0.1026619450E+001
 0.7979798   0.1320475079E+001   0.9839150214E+000   0.1132843721E+001   0.1012478826E+001
 0.8080808   0.1317395411E+001   0.9965355637E+000   0.1129968970E+001   0.1025393873E+001
 0.8181818   0.1331911322E+001   0.9897989228E+000   0.1125023117E+001   0.1004880248E+001
 0.8282828   0.1313012883E+001   0.1011336682E+001   0.1129047526E+001   0.1036948107E+001
 0.8383838   0.1324564330E+001   0.9875208906E+000   0.1132181283E+001   0.1023255452E+001
 0.8484848   0.1319729127E+001   0.9720984904E+000   0.1130884152E+001   0.9948389680E+000
 0.8585859   0.1324164631E+001   0.1003954396E+001   0.1130363735E+001   0.1040388175E+001
 0.8686869   0.1308423420E+001   0.9960482841E+000   0.1119602298E+001   0.1025326255E+001
 0.8787879   0.1312219511E+001   0.9931611523E+000   0.1111021204E+001   0.1005497263E+001
 0.8888889   0.1309556570E+001   0.1021045729E+001   0.1120387436E+001   0.1026179933E+001
 0.8989899   0.1307328388E+001   0.1004222400E+001   0.1134668670E+001   0.1023855562E+001
 0.9090909   0.1304666321E+001   0.9693819065E+000   0.1100925987E+001   0.9834960407E+000
 0.9191919   0.1291055867E+001   0.9805771559E+000   0.1122325015E+001   0.1006232609E+001
 0.9292929   0.1279835727E+001   0.9730243217E+000   0.1109750534E+001   0.9964279921E+000
 0.9393939   0.1308298476E+001   0.9994836054E+000   0.1111986126E+001   0.1032223296E+001
 0.9494949   0.1290453212E+001   0.9663120449E+000   0.1101763235E+001   0.9755509202E+000
 0.9595960   0.1314265705E+001   0.9871797949E+000   0.1111734472E+001   0.9997412764E+000
 0.9696970   0.1309391949E+001   0.9899329247E+000   0.1123077850E+001   0.1025858747E+001
 0.9797980   0.1294739289E+001   0.9926251447E+000   0.1118611150E+001   0.1035553485E+001
 0.9898990   0.1313002295E+001   0.1000835806E+001   0.1123685921E+001   0.1015428663E+001
 1.0000000   0.1282198002E+001   0.9858763219E+000   0.1113204572E+001   0.1022528558E+001


 0.0000000   0.9218808231E+000   0.1028064761E+001   0.8015931915E+000   0.9989057939E+000
 0.0101010   0.9391178059E+000   0.9830683908E+000   0.8227028141E+000   0.9885333569E+000
 0.0202020   0.9110113398E+000   0.9696107172E+000   0.8009356797E+000   0.9609919580E+000
 0.0303030   0.9069317390E+000   0.1022703896E+001   0.7982178411E+000   0.9807511639E+000
 0.0404040   0.8835516171E+000   0.1038651676E+001   0.8110478790E+000   0.1013834080E+001
 0.0505051   0.8511918238E+000   0.1029341535E+001   0.8040428005E+000   0.9810491565E+000
 0.0606061   0.8084821018E+000   0.1010800556E+001   0.7907034810E+000   0.9802354073E+000
 0.0707071   0.7487085953E+000   0.9829652973E+000   0.7814294785E+000   0.9529805398E+000
 0.0808081   0.7378139775E+000   0.1046954672E+001   0.7976689143E+000   0.9893700286E+000
 0.0909091   0.6486249313E+000   0.9701579060E+000   0.7652277319E+000   0.9410035270E+000
 0.1010101   0.6244565023E+000   0.9764862641E+000   0.7729212086E+000   0.9473989080E+000
 0.1111111   0.5893784913E+000   0.1007287445E+001   0.7757181533E+000   0.9766365728E+000
 0.1212121   0.5302570615E+000   0.9767003814E+000   0.7686693879E+000   0.9688199960E+000
 0.1313131   0.5079866294E+000   0.1033592162E+001   0.7778743328E+000   0.9719374578E+000
 0.1414141   0.4754548424E+000   0.1003576077E+001   0.7692339334E+000   0.9488602182E+000
 0.1515152   0.4403372437E+000   0.9903166606E+000   0.7561548768E+000   0.9498630781E+000
 0.1616162   0.4257358526E+000   0.9863911753E+000   0.7719740920E+000   0.9479490483E+000
 0.1717172   0.4085257748E+000   0.9870493880E+000   0.7510661644E+000   0.9139033864E+000
 0.1818182   0.4086646540E+000   0.9981279797E+000   0.7576874146E+000   0.9517083404E+000
 0.1919192   0.4006407316E+000   0.1014392970E+001   0.7736343656E+000   0.9723959080E+000
 0.2020202   0.4003888488E+000   0.9827511799E+000   0.7720044855E+000   0.9449232766E+000
 0.2121212   0.4009441322E+000   0.9838138365E+000   0.7854576421E+000   0.9539547466E+000
 0.2222222   0.3954348797E+000   0.9750984662E+000   0.8148568613E+000   0.9720291478E+000
 0.2323232   0.4047497821E+000   0.9660817456E+000   0.7801845064E+000   0.9511066244E+000
 0.2424242   0.4127965867E+000   0.9733696667E+000   0.8161524676E+000   0.9783385694E+000
 0.2525253   0.4156898384E+000   0.9700548125E+000   0.8160619667E+000   0.9600005593E+000
 0.2626263   0.4282339746E+000   0.9876838099E+000   0.8239419363E+000   0.9773242482E+000
 0.2727273   0.4509873269E+000   0.1024036182E+001   0.8325223974E+000   0.9772669419E+000
 0.2828283   0.4687040921E+000   0.1016074188E+001   0.8504466252E+000   0.9770778312E+000
 0.2929293   0.4836953843E+000   0.9992461482E+000   0.8607861930E+000   0.9961493617E+000
 0.3030303   0.4925076568E+000   0.1001871069E+001   0.8579314241E+000   0.9710606717E+000
 0.3131313   0.5077717402E+000   0.9938377019E+000   0.8801758726E+000   0.9914674385E+000
 0.3232323   0.5315681020E+000   0.9795949312E+000   0.8805415337E+000   0.9708944834E+000
 0.3333333   0.5693796864E+000   0.1024337533E+001   0.8835246856E+000   0.9567914075E+000
 0.3434343   0.5858958243E+000   0.1013584082E+001   0.8958966562E+000   0.9742927459E+000
 0.3535354   0.6122395187E+000   0.1018841853E+001   0.9112733254E+000   0.9971292991E+000
 0.3636364   0.6340716554E+000   0.1002338955E+001   0.9303147962E+000   0.1001971680E+001
 0.3737374   0.6683587906E+000   0.9559706472E+000   0.9461699774E+000   0.1011736670E+001
 0.3838384   0.6851552494E+000   0.9544638953E+000   0.9613295308E+000   0.9888714640E+000
 0.3939394   0.7378198899E+000   0.9956695950E+000   0.9653167371E+000   0.9742411703E+000
 0.4040404   0.7772981040E+000   0.9944641935E+000   0.9734161071E+000   0.9951522324E+000
 0.4141414   0.8338861002E+000   0.1005661739E+001   0.9957141321E+000   0.9937424979E+000
 0.4242424   0.8650500896E+000   0.9806575878E+000   0.1010464166E+001   0.1015369889E+001
 0.4343434   0.9183080133E+000   0.1007374678E+001   0.1012080383E+001   0.1025834016E+001
 0.4444444   0.9615481284E+000   0.9675171250E+000   0.1041322214E+001   0.1012263888E+001
 0.4545455   0.1025679195E+001   0.1002783050E+001   0.1066781915E+001   0.9910147189E+000
 0.4646465   0.1098271434E+001   0.9857884746E+000   0.1069602476E+001   0.9876565708E+000
 0.4747475   0.1138741492E+001   0.1000681528E+001   0.1107742813E+001   0.1047203528E+001
 0.4848485   0.1229672186E+001   0.1014488133E+001   0.1087999174E+001   0.9666652799E+000
 0.4949495   0.1303181241E+001   0.1030539006E+001   0.1126011931E+001   0.1020206539E+001
 0.5050505   0.1340447099E+001   0.1015439766E+001   0.1143472255E+001   0.1018642077E+001
 0.5151515   0.1355564779E+001   0.1045344827E+001   0.1124293750E+001   0.1021203668E+001
 0.5252525   0.1339556574E+001   0.1028897440E+001   0.1153338366E+001   0.1019238063E+001
 0.5353535   0.1335638649E+001   0.1005526925E+001   0.1142866142E+001   0.1042080346E+001
 0.5454545   0.1328007697E+001   0.9779850857E+000   0.1123491709E+001   0.1008149297E+001
 0.5555556   0.1351942776E+001   0.1000403968E+001   0.1123935508E+001   0.1012114892E+001
 0.5656566   0.1348076330E+001   0.1024432696E+001   0.1131989352E+001   0.1011530368E+001
 0.5757576   0.1332241295E+001   0.9900628918E+000   0.1155618372E+001   0.1053719252E+001
 0.5858586   0.1355670114E+001   0.1004916294E+001   0.1138076687E+001   0.1019129181E+001
 0.5959596   0.1348954256E+001   0.1037382832E+001   0.1140551097E+001   0.1045725026E+001
 0.6060606   0.1346217978E+001   0.1015804559E+001   0.1143177544E+001   0.1017702254E+001
 0.6161616   0.1335782608E+001   0.9688573412E+000   0.1119911195E+001   0.9895132943E+000
 0.6262626   0.1345304124E+001   0.9965736461E+000   0.1139609576E+001   0.1027432861E+001
 0.6363636   0.1330097217E+001   0.1002227931E+001   0.1128039956E+001   0.1002584857E+001
 0.6464646   0.1342593400E+001   0.9966529489E+000   0.1145640587E+001   0.1024183595E+001
 0.6565657   0.1362524391E+001   0.1023536575E+001   0.1130702959E+001   0.1014510294E+001
 0.6666667   0.1303018639E+001   0.9903404514E+000   0.1155222761E+001   0.1026802492E+001
 0.6767677   0.1339928746E+001   0.9941787036E+000   0.1146482873E+001   0.1047512982E+001
 0.6868687   0.1315901797E+001   0.9965339948E+000   0.1122286767E+001   0.1005369942E+001
 0.6969697   0.1329781032E+001   0.1004622873E+001   0.1147741497E+001   0.1037942833E+001
 0.7070707   0.1307321907E+001   0.9839565814E+000   0.1119730284E+001   0.1008665054E+001
 0.7171717   0.1358853350E+001   0.1021331959E+001   0.1149161073E+001   0.1035312475E+001
 0.7272727   0.1308280411E+001   0.9925054160E+000   0.1128209950E+001   0.1021879882E+001
 0.7373737   0.1316863972E+001   0.9916330859E+000   0.1135986588E+001   0.1037169198E+001
 0.7474747   0.1338553031E+001   0.1010427833E+001   0.1133246904E+001   0.1014590523E+001
 0.7575758   0.1331414859E+001   0.1003885358E+001   0.1128002823E+001   0.1016951542E+001
 0.7676768   0.1316048262E+001   0.9967163911E+000   0.1120597920E+001   0.1008693707E+001
 0.7777778   0.1318901729E+001   0.9972159983E+000   0.1131554102E+001   0.1013501704E+001
 0.7878788   0.1327472132E+001   0.1022505640E+001   0.1144185787E+001   0.1046114709E+001
 0.7979798   0.1335747237E+001   0.9968987874E+000   0.1140922784E+001   0.1020521723E+001
 0.8080808   0.1318455366E+001   0.9989447978E+000   0.1121384387E+001   0.1018424313E+001
 0.8181818   0.1332605138E+001   0.9919106455E+000   0.1131825134E+001   0.1011771054E+001
 0.8282828   0.1321039481E+001   0.1019159064E+001   0.1127898321E+001   0.1036727940E+001
 0.8383838   0.1317521745E+001   0.9838534879E+000   0.1129691288E+001   0.1021828306E+001
 0.8484848   0.1322176940E+001   0.9754711891E+000   0.1134702893E+001   0.9990032145E+000
 0.8585859   0.1334923353E+001   0.1013742688E+001   0.1134755247E+001   0.1045272306E+001
 0.8686869   0.1315015432E+001   0.1002679957E+001   0.1119441808E+001   0.1026005934E+001
 0.8787879   0.1336096501E+001   0.1012862427E+001   0.1127422526E+001   0.1021163554E+001
 0.8888889   0.1322956516E+001   0.1033155997E+001   0.1124096210E+001   0.1030407057E+001
 0.8989899   0.1320567080E+001   0.1016026606E+001   0.1141707217E+001   0.1031037426E+001
 0.9090909   0.1313722175E+001   0.9776837353E+000   0.1110070253E+001   0.9924645678E+000
 0.9191919   0.1296329085E+001   0.9861691277E+000   0.1131623181E+001   0.1015387080E+001
 0.9292929   0.1302369552E+001   0.9917520400E+000   0.1129246803E+001   0.1014750981E+001
 0.9393939   0.1324278703E+001   0.1013322383E+001   0.1120701080E+001   0.1041151985E+001
 0.9494949   0.1301022025E+001   0.9757963303E+000   0.1113126585E+001   0.9864072939E+000
 0.9595960   0.1322781909E+001   0.9951779181E+000   0.1121964003E+001   0.1009753873E+001
 0.9696970   0.1299612648E+001   0.9841231172E+000   0.1129116676E+001   0.1032206474E+001
 0.9797980   0.1313226804E+001   0.1008421474E+001   0.1119095034E+001   0.1036836822E+001
 0.9898990   0.1324626817E+001   0.1011323954E+001   0.1123963861E+001   0.1016498822E+001
 1.0000000   0.1307184859E+001   0.1006708535E+001   0.1115591651E+001   0.1025547484E+001


 0.0000000   0.9447676185E+000   0.1053091121E+001   0.8031678395E+000   0.1000827886E+001
 0.0101010   0.9538344792E+000   0.9980032002E+000   0.8168708570E+000   0.9814864840E+000
 0.0202020   0.9310160562E+000   0.9904351720E+000   0.7981898249E+000   0.9576589568E+000
 0.0303030   0.9278919463E+000   0.1045846565E+001   0.8028809673E+000   0.9864410566E+000
 0.0404040   0.9089261907E+000   0.1067976945E+001   0.8094805675E+000   0.1011834296E+001
 0.0505051   0.8709942507E+000   0.1052792062E+001   0.8037140368E+000   0.9806086722E+000
 0.0606061   0.8229837456E+000   0.1028446204E+001   0.7907775778E+000   0.9802879333E+000
 0.0707071   0.7701207035E+000   0.1010600305E+001   0.7773791831E+000   0.9480030266E+000
 0.0808081   0.7506600809E+000   0.1064681190E+001   0.7971700071E+000   0.9887115507E+000
 0.0909091   0.6735247675E+000   0.1006926150E+001   0.7750725887E+000   0.9530715459E+000
 0.1010101   0.6348702787E+000   0.9923027660E+000   0.7726876049E+000   0.9470745718E+000
 0.1111111   0.5986412539E+000   0.1022635911E+001   0.7735375138E+000   0.9738520532E+000
 0.1212121   0.5402248785E+000   0.9945914842E+000   0.7729607440E+000   0.9741896731E+000
 0.1313131   0.5112807536E+000   0.1039804349E+001   0.7751144086E+000   0.9684501341E+000
 0.1414141   0.4805011186E+000   0.1013749581E+001   0.7692028210E+000   0.9487837727E+000
 0.1515152   0.4477408871E+000   0.1006492819E+001   0.7608157919E+000   0.9556796600E+000
 0.1616162   0.4291323607E+000   0.9937919587E+000   0.7688767203E+000   0.9441077365E+000
 0.1717172   0.4139643325E+000   0.9997182130E+000   0.7592575462E+000   0.9238336592E+000
 0.1818182   0.4054061926E+000   0.9897027822E+000   0.7648679872E+000   0.9606890958E+000
 0.1919192   0.3968783584E+000   0.1004393301E+001   0.7742464231E+000   0.9731261703E+000
 0.2020202   0.3933781442E+000   0.9650883808E+000   0.7669107531E+000   0.9386509543E+000
 0.2121212   0.3983383343E+000   0.9769591992E+000   0.7840356590E+000   0.9521895138E+000
 0.2222222   0.3957374203E+000   0.9753845611E+000   0.8083440565E+000   0.9642214444E+000
 0.2323232   0.4019583643E+000   0.9589668226E+000   0.7877095740E+000   0.9602417494E+000
 0.2424242   0.4120619394E+000   0.9711794229E+000   0.8153363819E+000   0.9773210980E+000
 0.2525253   0.4141857496E+000   0.9660893136E+000   0.8160629613E+000   0.9599632129E+000
 0.2626263   0.4283453703E+000   0.9874750965E+000   0.8223605373E+000   0.9754093251E+000
 0.2727273   0.4475281415E+000   0.1015702621E+001   0.8273887150E+000   0.9712017366E+000
 0.2828283   0.4649454603E+000   0.1007451029E+001   0.8512288178E+000   0.9779372544E+000
 0.2929293   0.4780484941E+000   0.9871150048E+000   0.8597032758E+000   0.9948562336E+000
 0.3030303   0.4893817785E+000   0.9950431246E+000   0.8680387524E+000   0.9824613616E+000
 0.3131313   0.5052954562E+000   0.9885248552E+000   0.8771388530E+000   0.9880067691E+000
 0.3232323   0.5245230535E+000   0.9661564493E+000   0.8783254513E+000   0.9684121519E+000
 0.3333333   0.5601691105E+000   0.1007292344E+001   0.8830596061E+000   0.9562493936E+000
 0.3434343   0.5785062037E+000   0.1000328538E+001   0.9025632876E+000   0.9815033650E+000
 0.3535354   0.6049682077E+000   0.1006266999E+001   0.9163409587E+000   0.1002634153E+001
 0.3636364   0.6273158319E+000   0.9911919748E+000   0.9304147220E+000   0.1002039098E+001
 0.3737374   0.6671964974E+000   0.9538584035E+000   0.9444915586E+000   0.1009901422E+001
 0.3838384   0.6832638815E+000   0.9513804846E+000   0.9526950743E+000   0.9799503133E+000
 0.3939394   0.7401739023E+000   0.9983754983E+000   0.9632219254E+000   0.9720879890E+000
 0.4040404   0.7649876533E+000   0.9782530879E+000   0.9688309701E+000   0.9904249719E+000
 0.4141414   0.8232728917E+000   0.9923943148E+000   0.9996991350E+000   0.9976795804E+000
 0.4242424   0.8653719769E+000   0.9805601159E+000   0.1010850083E+001   0.1015716926E+001
 0.4343434   0.9169571056E+000   0.1005418647E+001   0.1007931036E+001   0.1021587292E+001
 0.4444444   0.9669173361E+000   0.9724611051E+000   0.1037939394E+001   0.1008934985E+001
 0.4545455   0.1023370059E+001   0.1000053892E+001   0.1074231120E+001   0.9978948131E+000
 0.4646465   0.1097240633E+001   0.9843990592E+000   0.1072159125E+001   0.9899776255E+000
 0.4747475   0.1141016736E+001   0.1002208338E+001   0.1101644957E+001   0.1041397142E+001
 0.4848485   0.1221274179E+001   0.1007084834E+001   0.1082470543E+001   0.9617146164E+000
 0.4949495   0.1293966951E+001   0.1022770183E+001   0.1125331252E+001   0.1019548912E+001
 0.5050505   0.1332761303E+001   0.1009141629E+001   0.1136245316E+001   0.1012163476E+001
 0.5151515   0.1341596558E+001   0.1034085606E+001   0.1121522640E+001   0.1018645779E+001
 0.5252525   0.1344354442E+001   0.1032095946E+001   0.1135292667E+001   0.1003250309E+001
 0.5353535   0.1336513885E+001   0.1005711603E+001   0.1132549083E+001   0.1032631685E+001
 0.5454545   0.1329304789E+001   0.9784789081E+000   0.1126129097E+001   0.1010475376E+001
 0.5555556   0.1346536996E+001   0.9959341989E+000   0.1130736537E+001   0.1018198432E+001
 0.5656566   0.1345197425E+001   0.1021763147E+001   0.1135241774E+001   0.1014395988E+001
 0.5757576   0.1340634057E+001   0.9958304437E+000   0.1141692260E+001   0.1040979338E+001
 0.5858586   0.1342011800E+001   0.9943229413E+000   0.1138449698E+001   0.1019422304E+001
 0.5959596   0.1349429630E+001   0.1037259295E+001   0.1133643819E+001   0.1039350321E+001
 0.6060606   0.1332976924E+001   0.1005339305E+001   0.1129492120E+001   0.1005478601E+001
 0.6161616   0.1334926317E+001   0.9677799134E+000   0.1119234983E+001   0.9888761405E+000
 0.6262626   0.1342824583E+001   0.9942680121E+000   0.1137880541E+001   0.1025832863E+001
 0.6363636   0.1316711437E+001   0.9916741314E+000   0.1131051530E+001   0.1005221166E+001
 0.6464646   0.1351388195E+001   0.1002708805E+001   0.1140327366E+001   0.1019392763E+001
 0.6565657   0.1355326430E+001   0.1017649557E+001   0.1132436584E+001   0.1016025004E+001
 0.6666667   0.1306481281E+001   0.9925041732E+000   0.1150783164E+001   0.1022815385E+001
 0.6767677   0.1338360235E+001   0.9925468960E+000   0.1144564962E+001   0.1045718677E+001
 0.6868687   0.1310118057E+001   0.9916863379E+000   0.1120007972E+001   0.1003288292E+001
 0.6969697   0.1325674882E+001   0.1001048721E+001   0.1144658447E+001   0.1035113191E+001
 0.7070707   0.1307342064E+001   0.9835079849E+000   0.1119095684E+001   0.1008052953E+001
 0.7171717   0.1337385773E+001   0.1004722877E+001   0.1146793619E+001   0.1033138114E+001
 0.7272727   0.1303937593E+001   0.9887445722E+000   0.1133397842E+001   0.1026537645E+001
 0.7373737   0.1316371799E+001   0.9907952637E+000   0.1140797172E+001   0.1041519529E+001
 0.7474747   0.1332496690E+001   0.1005382028E+001   0.1135865764E+001   0.1016894375E+001
 0.7575758   0.1316592902E+001   0.9922417336E+000   0.1123935355E+001   0.1013243860E+001
 0.7676768   0.1321754941E+001   0.1000566565E+001   0.1135703568E+001   0.1022249871E+001
 0.7777778   0.1322107770E+001   0.9991689206E+000   0.1137555029E+001   0.1018835690E+001
 0.7878788   0.1321568727E+001   0.1017478666E+001   0.1139431714E+001   0.1041726322E+001
 0.7979798   0.1337824877E+001   0.9979787872E+000   0.1146472459E+001   0.1025444600E+001
 0.8080808   0.1314827657E+001   0.9957266885E+000   0.1129289829E+001   0.1025562767E+001
 0.8181818   0.1326689227E+001   0.9870417658E+000   0.1136761643E+001   0.1016143171E+001
 0.8282828   0.1312407415E+001   0.1012022362E+001   0.1122876236E+001   0.1032070391E+001
 0.8383838   0.1311531026E+001   0.9789183420E+000   0.1140411733E+001   0.1031483777E+001
 0.8484848   0.1318610947E+001   0.9723817628E+000   0.1134419387E+001   0.9987135414E+000
 0.8585859   0.1322632448E+001   0.1003935558E+001   0.1134107878E+001   0.1044634073E+001
 0.8686869   0.1311076671E+001   0.9992055401E+000   0.1117409930E+001   0.1024102561E+001
 0.8787879   0.1339234443E+001   0.1014762721E+001   0.1130805914E+001   0.1024186966E+001
 0.8888889   0.1322284865E+001   0.1032144772E+001   0.1129045347E+001   0.1034902179E+001
 0.8989899   0.1320673254E+001   0.1015629382E+001   0.1146874003E+001   0.1035661823E+001
 0.9090909   0.1310167735E+001   0.9745789323E+000   0.1115867762E+001   0.9976078361E+000
 0.9191919   0.1295270669E+001   0.9848995256E+000   0.1124825662E+001   0.1009247284E+001
 0.9292929   0.1311461188E+001   0.9982046074E+000   0.1125337014E+001   0.1011197039E+001
 0.9393939   0.1316133208E+001   0.1006614884E+001   0.1115444918E+001   0.1036227337E+001
 0.9494949   0.1303007582E+001   0.9768249278E+000   0.1109232580E+001   0.9829171485E+000
 0.9595960   0.1318624517E+001   0.9915825827E+000   0.1126670123E+001   0.1013948641E+001
 0.9696970   0.1310669578E+001   0.9920281199E+000   0.1142378341E+001   0.1044288013E+001
 0.9797980   0.1308088934E+001   0.1004002693E+001   0.1123019097E+001   0.1040430705E+001
 0.9898990   0.1333924478E+001   0.1017942513E+001   0.1125636331E+001   0.1017970539E+001
 1.0000000   0.1309114678E+001   0.1007719572E+001   0.1125867959E+001   0.1034952822E+001


 0.0000000   0.9470356454E+000   0.1056077373E+001   0.8001826157E+000   0.9967970332E+000
 0.0101010   0.9603117163E+000   0.1005216491E+001   0.8194074694E+000   0.9842272314E+000
 0.0202020   0.9447273773E+000   0.1005457794E+001   0.8069953191E+000   0.9679217315E+000
 0.0303030   0.9313391401E+000   0.1050187596E+001   0.8011158542E+000   0.9839654305E+000
 0.0404040   0.9094477620E+000   0.1069053596E+001   0.8068398602E+000   0.1008218939E+001
 0.0505051   0.8779105800E+000   0.1061612582E+001   0.8052006024E+000   0.9821160417E+000
 0.0606061   0.8287868884E+000   0.1036147668E+001   0.7929977733E+000   0.9827336234E+000
 0.0707071   0.7794447005E+000   0.1023279786E+001   0.7846684848E+000   0.9565938059E+000
 0.0808081   0.7545680943E+000   0.1070688550E+001   0.7962031252E+000   0.9872043781E+000
 0.0909091   0.6805974800E+000   0.1017941560E+001   0.7799681298E+000   0.9587922626E+000
 0.1010101   0.6396757025E+000   0.1000247607E+001   0.7756408565E+000   0.9503978502E+000
 0.1111111   0.6029999152E+000   0.1030528742E+001   0.7771341195E+000   0.9780749092E+000
 0.1212121   0.5434249823E+000   0.1000917348E+001   0.7774257118E+000   0.9795114580E+000
 0.1313131   0.5115271856E+000   0.1040757059E+001   0.7790875855E+000   0.9731107605E+000
 0.1414141   0.4824093778E+000   0.1018217336E+001   0.7675371013E+000   0.9464339153E+000
 0.1515152   0.4484046320E+000   0.1008422381E+001   0.7655178006E+000   0.9612860844E+000
 0.1616162   0.4310758042E+000   0.9987259172E+000   0.7749189254E+000   0.9512302429E+000
 0.1717172   0.4131661157E+000   0.9982236118E+000   0.7628620221E+000   0.9279299587E+000
 0.1818182   0.4029201224E+000   0.9840605698E+000   0.7745369432E+000   0.9725300994E+000
 0.1919192   0.3962941303E+000   0.1003350081E+001   0.7781807836E+000   0.9777661183E+000
 0.2020202   0.3951989773E+000   0.9699763207E+000   0.7741692978E+000   0.9472394567E+000
 0.2121212   0.3960742459E+000   0.9718279563E+000   0.7798741046E+000   0.9468400424E+000
 0.2222222   0.3963042397E+000   0.9772055786E+000   0.8078797484E+000   0.9633670663E+000
 0.2323232   0.4000500604E+000   0.9548283662E+000   0.7954719593E+000   0.9694019137E+000
 0.2424242   0.4064940993E+000   0.9584725425E+000   0.8117018072E+000   0.9726609999E+000
 0.2525253   0.4132786336E+000   0.9643918668E+000   0.8204507685E+000   0.9648237536E+000
 0.2626263   0.4239886213E+000   0.9778556209E+000   0.8254822027E+000   0.9788066093E+000
 0.2727273   0.4413406354E+000   0.1002094318E+001   0.8325916305E+000   0.9770042104E+000
 0.2828283   0.4616774630E+000   0.1000804083E+001   0.8575205021E+000   0.9848582388E+000
 0.2929293   0.4748463613E+000   0.9809285479E+000   0.8606046468E+000   0.9955887212E+000
 0.3030303   0.4862905709E+000   0.9891870394E+000   0.8644119912E+000   0.9780514142E+000
 0.3131313   0.5023448623E+000   0.9831790731E+000   0.8756775286E+000   0.9860531252E+000
 0.3232323   0.5216890665E+000   0.9613534116E+000   0.8818848156E+000   0.9720333489E+000
 0.3333333   0.5530427316E+000   0.9949093812E+000   0.8900991662E+000   0.9635718080E+000
 0.3434343   0.5829282940E+000   0.1008412532E+001   0.9053072033E+000   0.9841802415E+000
 0.3535354   0.5951608419E+000   0.9903837081E+000   0.9195968597E+000   0.1005882869E+001
 0.3636364   0.6254482035E+000   0.9886699603E+000   0.9239313080E+000   0.9947462592E+000
 0.3737374   0.6633811800E+000   0.9488154753E+000   0.9479818795E+000   0.1013317344E+001
 0.3838384   0.6861920380E+000   0.9558723735E+000   0.9615547973E+000   0.9887550452E+000
 0.3939394   0.7330910498E+000   0.9892510587E+000   0.9625067976E+000   0.9710633428E+000
 0.4040404   0.7591677638E+000   0.9712320842E+000   0.9765966029E+000   0.9980523352E+000
 0.4141414   0.8155192405E+000   0.9834745468E+000   0.9989817314E+000   0.9966527071E+000
 0.4242424   0.8691617991E+000   0.9852818613E+000   0.1007693995E+001   0.1012229863E+001
 0.4343434   0.9054973515E+000   0.9932842755E+000   0.1012525610E+001   0.1025924067E+001
 0.4444444   0.9593101223E+000   0.9652290424E+000   0.1043101069E+001   0.1013636204E+001
 0.4545455   0.1012787895E+001   0.9901424046E+000   0.1065678412E+001   0.9896411407E+000
 0.4646465   0.1085880467E+001   0.9746300324E+000   0.1069391020E+001   0.9871137547E+000
 0.4747475   0.1131772696E+001   0.9945203407E+000   0.1101352908E+001   0.1040796374E+001
 0.4848485   0.1221703045E+001   0.1007875754E+001   0.1087718439E+001   0.9660756991E+000
 0.4949495   0.1292007340E+001   0.1021664530E+001   0.1127684902E+001   0.1021362689E+001
 0.5050505   0.1331922697E+001   0.1008944385E+001   0.1133297251E+001   0.1009222509E+001
 0.5151515   0.1339505629E+001   0.1032922080E+001   0.1114181710E+001   0.1011662628E+001
 0.5252525   0.1329394615E+001   0.1021053884E+001   0.1126776600E+001   0.9954141872E+000
 0.5353535   0.1336722032E+001   0.1006304819E+001   0.1128389902E+001   0.1028518581E+001
 0.5454545   0.1330676974E+001   0.9799140881E+000   0.1120387815E+001   0.1005010199E+001
 0.5555556   0.1339842556E+001   0.9914129417E+000   0.1129708774E+001   0.1016955706E+001
 0.5656566   0.1330978467E+001   0.1011401741E+001   0.1132727617E+001   0.1011833806E+001
 0.5757576   0.1340694992E+001   0.9963079569E+000   0.1140485248E+001   0.1039554498E+001
 0.5858586   0.1343257138E+001   0.9956776129E+000   0.1139202714E+001   0.1019778457E+001
 0.5959596   0.1335525862E+001   0.1027017529E+001   0.1128562344E+001   0.1034368825E+001
 0.6060606   0.1331615811E+001   0.1004748657E+001   0.1131845095E+001   0.1007259002E+001
 0.6161616   0.1337436609E+001   0.9700206418E+000   0.1120438859E+001   0.9896310714E+000
 0.6262626   0.1344743254E+001   0.9961208236E+000   0.1136534206E+001   0.1024299558E+001
 0.6363636   0.1310839371E+001   0.9876801233E+000   0.1130925151E+001   0.1004795388E+001
 0.6464646   0.1344507555E+001   0.9980364784E+000   0.1138842446E+001   0.1017747822E+001
 0.6565657   0.1343136611E+001   0.1008934535E+001   0.1125104565E+001   0.1009131886E+001
 0.6666667   0.1320003832E+001   0.1003212194E+001   0.1135806095E+001   0.1009188945E+001
 0.6767677   0.1327270744E+001   0.9847500085E+000   0.1141186436E+001   0.1042306764E+001
 0.6868687   0.1316576066E+001   0.9970072448E+000   0.1115822281E+001   0.9992270831E+000
 0.6969697   0.1322005457E+001   0.9987111435E+000   0.1135552483E+001   0.1026558431E+001
 0.7070707   0.1312213648E+001   0.9876013303E+000   0.1116643550E+001   0.1005530444E+001
 0.7171717   0.1335136265E+001   0.1003468271E+001   0.1140270441E+001   0.1026941063E+001
 0.7272727   0.1303390372E+001   0.9887586025E+000   0.1128977553E+001   0.1022215220E+001
 0.7373737   0.1326548611E+001   0.9988884277E+000   0.1142261994E+001   0.1042531645E+001
 0.7474747   0.1331007737E+001   0.1004694487E+001   0.1127685507E+001   0.1009256073E+001
 0.7575758   0.1322897426E+001   0.9974258326E+000   0.1122881542E+001   0.1011978132E+001
 0.7676768   0.1317164418E+001   0.9975243239E+000   0.1133863361E+001   0.1020275208E+001
 0.7777778   0.1323306088E+001   0.1000508609E+001   0.1133159873E+001   0.1014582715E+001
 0.7878788   0.1326672836E+001   0.1021851663E+001   0.1137113448E+001   0.1039282628E+001
 0.7979798   0.1339446538E+001   0.9996221876E+000   0.1146626853E+001   0.1025262852E+001
 0.8080808   0.1317084905E+001   0.9978690433E+000   0.1129075162E+001   0.1025048040E+001
 0.8181818   0.1326203801E+001   0.9871088740E+000   0.1135798226E+001   0.1014965348E+001
 0.8282828   0.1320908792E+001   0.1019020040E+001   0.1118725413E+001   0.1027934564E+001
 0.8383838   0.1310969928E+001   0.9789242510E+000   0.1133657334E+001   0.1025054753E+001
 0.8484848   0.1312956041E+001   0.9686319151E+000   0.1130749857E+001   0.9951725248E+000
 0.8585859   0.1322980217E+001   0.1004635392E+001   0.1131569741E+001   0.1041971122E+001
 0.8686869   0.1323823377E+001   0.1009358048E+001   0.1119039576E+001   0.1025276277E+001
 0.8787879   0.1337896631E+001   0.1014189044E+001   0.1130352583E+001   0.1023457096E+001
 0.8888889   0.1325140739E+001   0.1034822961E+001   0.1129295353E+001   0.1034808517E+001
 0.8989899   0.1326101223E+001   0.1020246256E+001   0.1144379218E+001   0.1033086672E+001
 0.9090909   0.1316563339E+001   0.9797614266E+000   0.1117719686E+001   0.9989518564E+000
 0.9191919   0.1308579360E+001   0.9954510830E+000   0.1130586021E+001   0.1014099391E+001
 0.9292929   0.1314415911E+001   0.1000887800E+001   0.1123004247E+001   0.1008786174E+001
 0.9393939   0.1326168960E+001   0.1014730746E+001   0.1120647707E+001   0.1040735959E+001
 0.9494949   0.1315038051E+001   0.9862716984E+000   0.1118919575E+001   0.9911918079E+000
 0.9595960   0.1320314389E+001   0.9932842755E+000   0.1121212547E+001   0.1008722402E+001
 0.9696970   0.1317821136E+001   0.9978739678E+000   0.1135237410E+001   0.1037436596E+001
 0.9797980   0.1313706905E+001   0.1008752327E+001   0.1122369023E+001   0.1039504152E+001
 0.9898990   0.1337969447E+001   0.1021472472E+001   0.1127077664E+001   0.1018956134E+001
 1.0000000   0.1313219387E+001   0.1011318024E+001   0.1129477157E+001   0.1037946772E+001


 0.0000000   0.9673176513E+000   0.1078189155E+001   0.8105347219E+000   0.1009821436E+001
 0.0101010   0.9702712043E+000   0.1015165743E+001   0.8160098938E+000   0.9802711461E+000
 0.0202020   0.9624532125E+000   0.1023843093E+001   0.8055889291E+000   0.9663580104E+000
 0.0303030   0.9481254621E+000   0.1068615019E+001   0.8019101316E+000   0.9850665036E+000
 0.0404040   0.9294458775E+000   0.1092049337E+001   0.8067806341E+000   0.1008273394E+001
 0.0505051   0.8851675954E+000   0.1069886518E+001   0.8028147636E+000   0.9793307721E+000
 0.0606061   0.8434492365E+000   0.1053984358E+001   0.7943064342E+000   0.9844808320E+000
 0.0707071   0.7900895423E+000   0.1036768597E+001   0.7816685873E+000   0.9530580426E+000
 0.0808081   0.7640131398E+000   0.1083582500E+001   0.7954907699E+000   0.9864468186E+000
 0.0909091   0.6886577614E+000   0.1029514316E+001   0.7766963714E+000   0.9548920469E+000
 0.1010101   0.6447039753E+000   0.1007637794E+001   0.7721281053E+000   0.9462142097E+000
 0.1111111   0.6044239396E+000   0.1032478340E+001   0.7735612515E+000   0.9737022763E+000
 0.1212121   0.5503901034E+000   0.1013271125E+001   0.7751408537E+000   0.9767571170E+000
 0.1313131   0.5139712112E+000   0.1045239644E+001   0.7750001741E+000   0.9681287732E+000
 0.1414141   0.4827636734E+000   0.1018487639E+001   0.7675510048E+000   0.9465716618E+000
 0.1515152   0.4520980037E+000   0.1016251990E+001   0.7697236829E+000   0.9666907159E+000
 0.1616162   0.4306646671E+000   0.9973058112E+000   0.7719483238E+000   0.9477045100E+000
 0.1717172   0.4125944640E+000   0.9963753433E+000   0.7641926260E+000   0.9296669270E+000
 0.1818182   0.4020982616E+000   0.9815931135E+000   0.7742506211E+000   0.9722944650E+000
 0.1919192   0.3964340024E+000   0.1003233860E+001   0.7746814383E+000   0.9734933043E+000
 0.2020202   0.3932083996E+000   0.9646383884E+000   0.7716464902E+000   0.9442729698E+000
 0.2121212   0.3963824636E+000   0.9721284445E+000   0.7758060130E+000   0.9420210215E+000
 0.2222222   0.3943583055E+000   0.9719516135E+000   0.8071537698E+000   0.9626240108E+000
 0.2323232   0.3971439270E+000   0.9474478886E+000   0.7931957690E+000   0.9667512078E+000
 0.2424242   0.4051456300E+000   0.9548453190E+000   0.8118110647E+000   0.9729158817E+000
 0.2525253   0.4109552723E+000   0.9585208777E+000   0.8198669363E+000   0.9642600416E+000
 0.2626263   0.4244261302E+000   0.9784059451E+000   0.8232453572E+000   0.9762786811E+000
 0.2727273   0.4395025480E+000   0.9974531704E+000   0.8319657436E+000   0.9763941656E+000
 0.2828283   0.4618688647E+000   0.1000749806E+001   0.8525607679E+000   0.9792867780E+000
 0.2929293   0.4718959037E+000   0.9743767244E+000   0.8572563282E+000   0.9918415957E+000
 0.3030303   0.4849268285E+000   0.9859507346E+000   0.8624558646E+000   0.9759624735E+000
 0.3131313   0.5026004195E+000   0.9832182746E+000   0.8734617958E+000   0.9836834389E+000
 0.3232323   0.5212210072E+000   0.9600407823E+000   0.8843265354E+000   0.9748488727E+000
 0.3333333   0.5498932843E+000   0.9887800307E+000   0.8915661825E+000   0.9652829045E+000
 0.3434343   0.5851446522E+000   0.1011772271E+001   0.9013739518E+000   0.9800291785E+000
 0.3535354   0.5958679253E+000   0.9910956748E+000   0.9174925613E+000   0.1003709006E+001
 0.3636364   0.6261255398E+000   0.9892768416E+000   0.9219382978E+000   0.9927269771E+000
 0.3737374   0.6618373342E+000   0.9461637587E+000   0.9479063406E+000   0.1013365712E+001
 0.3838384   0.6833933295E+000   0.9515276325E+000   0.9592413168E+000   0.9865018112E+000
 0.3939394   0.7273794167E+000   0.9810836718E+000   0.9628984943E+000   0.9715823104E+000
 0.4040404   0.7574852923E+000   0.9686255065E+000   0.9795746143E+000   0.1001223339E+001
 0.4141414   0.8191748755E+000   0.9874201161E+000   0.9953774963E+000   0.9931834159E+000
 0.4242424   0.8644855819E+000   0.9795216646E+000   0.1007927133E+001   0.1012593065E+001
 0.4343434   0.9064179080E+000   0.9938281348E+000   0.1012683445E+001   0.1026214740E+001
 0.4444444   0.9559532296E+000   0.9614006969E+000   0.1044127081E+001   0.1014762524E+001
 0.4545455   0.1015552373E+001   0.9923798047E+000   0.1071461516E+001   0.9951384039E+000
 0.4646465   0.1089401734E+001   0.9773323283E+000   0.1070810841E+001   0.9885502867E+000
 0.4747475   0.1128346665E+001   0.9910451516E+000   0.1099373586E+001   0.1039058269E+001
 0.4848485   0.1213332764E+001   0.1000501400E+001   0.1089624935E+001   0.9678923049E+000
 0.4949495   0.1285429530E+001   0.1015986744E+001   0.1125828057E+001   0.1019810848E+001
 0.5050505   0.1320512075E+001   0.9998319684E+000   0.1130784361E+001   0.1007113049E+001
 0.5151515   0.1343223246E+001   0.1035303426E+001   0.1121389600E+001   0.1018337045E+001
 0.5252525   0.1322112209E+001   0.1014984701E+001   0.1131592793E+001   0.9997962798E+000
 0.5353535   0.1333233954E+001   0.1003208599E+001   0.1128647678E+001   0.1028884632E+001
 0.5454545   0.1321455515E+001   0.9726673580E+000   0.1120789931E+001   0.1005499016E+001
 0.5555556   0.1328918383E+001   0.9828688228E+000   0.1130851754E+001   0.1018114325E+001
 0.5656566   0.1329324263E+001   0.1009671351E+001   0.1136987982E+001   0.1015768890E+001
 0.5757576   0.1335105519E+001   0.9916893217E+000   0.1141318786E+001   0.1040446833E+001
 0.5858586   0.1340470034E+001   0.9931460724E+000   0.1133071038E+001   0.1014418820E+001
 0.5959596   0.1327229193E+001   0.1020159113E+001   0.1133978332E+001   0.1039465214E+001
 0.6060606   0.1326971366E+001   0.1000775067E+001   0.1133860083E+001   0.1009180772E+001
 0.6161616   0.1333659283E+001   0.9668277246E+000   0.1117843112E+001   0.9874641823E+000
 0.6262626   0.1338888070E+001   0.9913188187E+000   0.1143477367E+001   0.1030688390E+001
 0.6363636   0.1309940299E+001   0.9865401713E+000   0.1129227363E+001   0.1003414795E+001
 0.6464646   0.1337678496E+001   0.9925019023E+000   0.1135714137E+001   0.1015081482E+001
 0.6565657   0.1330033563E+001   0.9986236232E+000   0.1127648753E+001   0.1011542706E+001
 0.6666667   0.1314055807E+001   0.9982236484E+000   0.1136744445E+001   0.1010151392E+001
 0.6767677   0.1317981434E+001   0.9773996925E+000   0.1139606940E+001   0.1040996759E+001
 0.6868687   0.1316558737E+001   0.9965269128E+000   0.1116211265E+001   0.9997027923E+000
 0.6969697   0.1314491378E+001   0.9925692665E+000   0.1133056982E+001   0.1024432979E+001
 0.7070707   0.1311255948E+001   0.9864180737E+000   0.1118087568E+001   0.1006959070E+001
 0.7171717   0.1333981821E+001   0.1002130771E+001   0.1137630653E+001   0.1024694194E+001
 0.7272727   0.1304807075E+001   0.9893694674E+000   0.1129251418E+001   0.1022593475E+001
 0.7373737   0.1323635756E+001   0.9962279842E+000   0.1142941177E+001   0.1043284452E+001
 0.7474747   0.1325320863E+001   0.9999330147E+000   0.1128843126E+001   0.1010420856E+001
 0.7575758   0.1324241094E+001   0.9979710326E+000   0.1126910573E+001   0.1015738644E+001
 0.7676768   0.1317170693E+001   0.9970616160E+000   0.1131507178E+001   0.1018284802E+001
 0.7777778   0.1320407081E+001   0.9978489350E+000   0.1132565329E+001   0.1014179602E+001
 0.7878788   0.1324522138E+001   0.1019717036E+001   0.1137300673E+001   0.1039586198E+001
 0.7979798   0.1332617555E+001   0.9940596992E+000   0.1141429568E+001   0.1020745723E+001
 0.8080808   0.1324508747E+001   0.1003023347E+001   0.1127932913E+001   0.1024141518E+001
 0.8181818   0.1326202633E+001   0.9866454279E+000   0.1140146058E+001   0.1018980459E+001
 0.8282828   0.1320788493E+001   0.1018449747E+001   0.1119419248E+001   0.1028703156E+001
 0.8383838   0.1315543950E+001   0.9818794113E+000   0.1133740541E+001   0.1025260618E+001
 0.8484848   0.1318638730E+001   0.9723684294E+000   0.1126746580E+001   0.9917756045E+000
 0.8585859   0.1326690793E+001   0.1006980993E+001   0.1130277984E+001   0.1040914270E+001
 0.8686869   0.1322617695E+001   0.1007966195E+001   0.1122033654E+001   0.1028150480E+001
 0.8787879   0.1333011541E+001   0.1010012382E+001   0.1128556485E+001   0.1021961060E+001
 0.8888889   0.1325940650E+001   0.1034962395E+001   0.1132186502E+001   0.1037589966E+001
 0.8989899   0.1327753905E+001   0.1021039058E+001   0.1144494654E+001   0.1033322537E+001
 0.9090909   0.1318782739E+001   0.9809531536E+000   0.1119675532E+001   0.1000827392E+001
 0.9191919   0.1309068425E+001   0.9953564599E+000   0.1131248617E+001   0.1014823016E+001
 0.9292929   0.1317766068E+001   0.1002968614E+001   0.1132947283E+001   0.1017847611E+001
 0.9393939   0.1319900156E+001   0.1009460838E+001   0.1122508658E+001   0.1042597045E+001
 0.9494949   0.1312856334E+001   0.9841740041E+000   0.1119144222E+001   0.9915171392E+000
 0.9595960   0.1326634241E+001   0.9975710577E+000   0.1129524388E+001   0.1016329814E+001
 0.9696970   0.1319229200E+001   0.9984720538E+000   0.1134499436E+001   0.1036894309E+001
 0.9797980   0.1316167539E+001   0.1010168162E+001   0.1125597696E+001   0.1042627291E+001
 0.9898990   0.1333967982E+001   0.1017940305E+001   0.1126933598E+001   0.1018955712E+001
 1.0000000   0.1316137212E+001   0.1013090083E+001   0.1129178384E+001   0.1037804437E+001


 0.0000000   0.9847718499E+000   0.1096568470E+001   0.8080772913E+000   0.1006815419E+001
 0.0101010   0.9863494304E+000   0.1030976799E+001   0.8118476456E+000   0.9753249284E+000
 0.0202020   0.9814724815E+000   0.1043052548E+001   0.8063243408E+000   0.9672936256E+000
 0.0303030   0.9646054143E+000   0.1086124078E+001   0.8023253687E+000   0.9856310334E+000
 0.0404040   0.9515737843E+000   0.1116953017E+001   0.8072691435E+000   0.1008939648E+001
 0.0505051   0.9033088314E+000   0.1090743785E+001   0.8067347359E+000   0.9841670059E+000
 0.0606061   0.8585010409E+000   0.1071742184E+001   0.7915909891E+000   0.9811694559E+000
 0.0707071   0.8025757894E+000   0.1052121409E+001   0.7791638121E+000   0.9500565550E+000
 0.0808081   0.7674144979E+000   0.1087340181E+001   0.7859478959E+000   0.9746670426E+000
 0.0909091   0.6999396061E+000   0.1045354985E+001   0.7752829380E+000   0.9532069939E+000
 0.1010101   0.6517495315E+000   0.1017651579E+001   0.7694896085E+000   0.9430329294E+000
 0.1111111   0.6091056067E+000   0.1039456147E+001   0.7703688839E+000   0.9697375323E+000
 0.1212121   0.5554282883E+000   0.1021544590E+001   0.7760166800E+000   0.9779147745E+000
 0.1313131   0.5183735173E+000   0.1053159545E+001   0.7747431483E+000   0.9678611679E+000
 0.1414141   0.4885400725E+000   0.1029664298E+001   0.7641772318E+000   0.9424630706E+000
 0.1515152   0.4555751271E+000   0.1023064718E+001   0.7658987846E+000   0.9619401960E+000
 0.1616162   0.4338716661E+000   0.1003747968E+001   0.7714836859E+000   0.9471864125E+000
 0.1717172   0.4159182959E+000   0.1003417989E+001   0.7640036308E+000   0.9294883585E+000
 0.1818182   0.4053210526E+000   0.9884910734E+000   0.7770396246E+000   0.9758507737E+000
 0.1919192   0.3961784959E+000   0.1001604959E+001   0.7748316091E+000   0.9737358099E+000
 0.2020202   0.3936702853E+000   0.9648252750E+000   0.7739978023E+000   0.9472026280E+000
 0.2121212   0.3972240234E+000   0.9732378861E+000   0.7804327700E+000   0.9476914093E+000
 0.2222222   0.3935327813E+000   0.9689666970E+000   0.8063163594E+000   0.9616784315E+000
 0.2323232   0.3967165827E+000   0.9455011106E+000   0.7945453263E+000   0.9684495587E+000
 0.2424242   0.4070212030E+000   0.9583258007E+000   0.8115979673E+000   0.9727142338E+000
 0.2525253   0.4110470533E+000   0.9577956097E+000   0.8209414150E+000   0.9655770997E+000
 0.2626263   0.4227093938E+000   0.9734937125E+000   0.8259252399E+000   0.9795108425E+000
 0.2727273   0.4411989513E+000   0.1000322119E+001   0.8298106993E+000   0.9739188134E+000
 0.2828283   0.4583371778E+000   0.9921245502E+000   0.8532310293E+000   0.9801108158E+000
 0.2929293   0.4683340706E+000   0.9660747461E+000   0.8531167382E+000   0.9871066434E+000
 0.3030303   0.4838895087E+000   0.9828777225E+000   0.8627045793E+000   0.9762978581E+000
 0.3131313   0.5001720511E+000   0.9775090752E+000   0.8726232043E+000   0.9827933218E+000
 0.3232323   0.5235303760E+000   0.9633496385E+000   0.8866111626E+000   0.9774213602E+000
 0.3333333   0.5480880584E+000   0.9845684015E+000   0.8920218425E+000   0.9658295981E+000
 0.3434343   0.5858789239E+000   0.1012049351E+001   0.8996501244E+000   0.9782089699E+000
 0.3535354   0.5931064937E+000   0.9855360928E+000   0.9193369348E+000   0.1005782260E+001
 0.3636364   0.6284121795E+000   0.9919169230E+000   0.9258321890E+000   0.9969749300E+000
 0.3737374   0.6597379526E+000   0.9422383967E+000   0.9492154040E+000   0.1014821240E+001
 0.3838384   0.6798056553E+000   0.9456049242E+000   0.9568483379E+000   0.9840951944E+000
 0.3939394   0.7277237451E+000   0.9805864076E+000   0.9659872298E+000   0.9747527531E+000
 0.4040404   0.7594152864E+000   0.9701420156E+000   0.9794140307E+000   0.1001114514E+001
 0.4141414   0.8176008943E+000   0.9845572786E+000   0.9944351003E+000   0.9922979181E+000
 0.4242424   0.8641646655E+000   0.9781986942E+000   0.1011343533E+001   0.1016081415E+001
 0.4343434   0.9054774147E+000   0.9918242323E+000   0.1016585609E+001   0.1030225960E+001
 0.4444444   0.9491621412E+000   0.9536356495E+000   0.1044306179E+001   0.1014992661E+001
 0.4545455   0.1014387923E+001   0.9902707355E+000   0.1071012760E+001   0.9947765723E+000
 0.4646465   0.1085616280E+001   0.9729820597E+000   0.1070251863E+001   0.9880888390E+000
 0.4747475   0.1119257847E+001   0.9820991204E+000   0.1099105060E+001   0.1038861869E+001
 0.4848485   0.1210956532E+001   0.9975636426E+000   0.1097404950E+001   0.9748569956E+000
 0.4949495   0.1284971775E+001   0.1014629861E+001   0.1123415960E+001   0.1017682116E+001
 0.5050505   0.1313215630E+001   0.9933332374E+000   0.1133620544E+001   0.1009694827E+001
 0.5151515   0.1333148361E+001   0.1026531351E+001   0.1118871951E+001   0.1016106897E+001
 0.5252525   0.1317029033E+001   0.1010091722E+001   0.1130848794E+001   0.9991941363E+000
 0.5353535   0.1327185062E+001   0.9976785791E+000   0.1125386323E+001   0.1025968234E+001
 0.5454545   0.1311502006E+001   0.9643951900E+000   0.1120225232E+001   0.1005047930E+001
 0.5555556   0.1321256659E+001   0.9762447735E+000   0.1130808373E+001   0.1018131517E+001
 0.5656566   0.1323495951E+001   0.1004259621E+001   0.1137350162E+001   0.1016148594E+001
 0.5757576   0.1332414673E+001   0.9887209465E+000   0.1140274403E+001   0.1039552185E+001
 0.5858586   0.1334729160E+001   0.9879238061E+000   0.1136811054E+001   0.1017823423E+001
 0.5959596   0.1324280354E+001   0.1016895222E+001   0.1136274737E+001   0.1041627769E+001
 0.6060606   0.1322042052E+001   0.9960805908E+000   0.1135775144E+001   0.1010941104E+001
 0.6161616   0.1330236476E+001   0.9634015453E+000   0.1118556626E+001   0.9881490680E+000
 0.6262626   0.1333245422E+001   0.9861738051E+000   0.1143096496E+001   0.1030402014E+001
 0.6363636   0.1309299119E+001   0.9850911773E+000   0.1129821896E+001   0.1003998556E+001
 0.6464646   0.1332884089E+001   0.9879757130E+000   0.1132055887E+001   0.1011867703E+001
 0.6565657   0.1321175879E+001   0.9910011385E+000   0.1124930089E+001   0.1009159716E+001
 0.6666667   0.1314059596E+001   0.9972484941E+000   0.1134882806E+001   0.1008552793E+001
 0.6767677   0.1308186600E+001   0.9691854472E+000   0.1138256807E+001   0.1039820899E+001
 0.6868687   0.1312886102E+001   0.9927733854E+000   0.1119210312E+001   0.1002444185E+001
 0.6969697   0.1318135065E+001   0.9943454203E+000   0.1132114979E+001   0.1023637836E+001
 0.7070707   0.1311087156E+001   0.9853247579E+000   0.1119391502E+001   0.1008189103E+001
 0.7171717   0.1332223107E+001   0.9998290041E+000   0.1140388886E+001   0.1027235359E+001
 0.7272727   0.1304364285E+001   0.9880646961E+000   0.1128925140E+001   0.1022354495E+001
 0.7373737   0.1323791116E+001   0.9953687260E+000   0.1143316621E+001   0.1043684820E+001
 0.7474747   0.1327973095E+001   0.1000952416E+001   0.1128914252E+001   0.1010540349E+001
 0.7575758   0.1318424365E+001   0.9926139573E+000   0.1126688904E+001   0.1015594951E+001
 0.7676768   0.1315204116E+001   0.9945975391E+000   0.1130913998E+001   0.1017807207E+001
 0.7777778   0.1317832479E+001   0.9949275181E+000   0.1130192743E+001   0.1012110936E+001
 0.7878788   0.1324803590E+001   0.1018934418E+001   0.1137228509E+001   0.1039577667E+001
 0.7979798   0.1330710795E+001   0.9916648042E+000   0.1139109076E+001   0.1018726858E+001
 0.8080808   0.1325687373E+001   0.1002932290E+001   0.1130484397E+001   0.1026514928E+001
 0.8181818   0.1326374864E+001   0.9858067498E+000   0.1145807138E+001   0.1024096503E+001
 0.8282828   0.1317875936E+001   0.1015208251E+001   0.1118150957E+001   0.1027594417E+001
 0.8383838   0.1312046975E+001   0.9783099231E+000   0.1129708842E+001   0.1021671128E+001
 0.8484848   0.1315757206E+001   0.9692929684E+000   0.1129990881E+001   0.9946862288E+000
 0.8585859   0.1324623045E+001   0.1004426465E+001   0.1127964424E+001   0.1038841020E+001
 0.8686869   0.1317794886E+001   0.1003306761E+001   0.1122545382E+001   0.1028676222E+001
 0.8787879   0.1324931130E+001   0.1002906337E+001   0.1127235202E+001   0.1020820973E+001
 0.8888889   0.1323874861E+001   0.1032337499E+001   0.1134671885E+001   0.1039925142E+001
 0.8989899   0.1321282895E+001   0.1015067361E+001   0.1138497876E+001   0.1027965056E+001
 0.9090909   0.1319462832E+001   0.9804974245E+000   0.1123814261E+001   0.1004582313E+001
 0.9191919   0.1306746741E+001   0.9926176650E+000   0.1130073829E+001   0.1013825145E+001
 0.9292929   0.1315787566E+001   0.1000481547E+001   0.1128191029E+001   0.1013630559E+001
 0.9393939   0.1319361113E+001   0.1008059941E+001   0.1124340963E+001   0.1044356605E+001
 0.9494949   0.1312541718E+001   0.9829741209E+000   0.1123545533E+001   0.9954715220E+000
 0.9595960   0.1329445570E+001   0.9987055924E+000   0.1129798634E+001   0.1016632742E+001
 0.9696970   0.1318586071E+001   0.9970074982E+000   0.1134871077E+001   0.1037291282E+001
 0.9797980   0.1314147895E+001   0.1007629856E+001   0.1128942771E+001   0.1045783568E+001
 0.9898990   0.1333754598E+001   0.1016780286E+001   0.1131764973E+001   0.1023380705E+001
 1.0000000   0.1311373728E+001   0.1008434412E+001   0.1124719253E+001   0.1033763254E+001


 0.0000000   0.9925209098E+000   0.1104501250E+001   0.8051562945E+000   0.1003137660E+001
 0.0101010   0.9921663481E+000   0.1036403818E+001   0.8103453021E+000   0.9734828275E+000
 0.0202020   0.9829617747E+000   0.1043977426E+001   0.8022265896E+000   0.9623410139E+000
 0.0303030   0.9720658726E+000   0.1093835113E+001   0.8006602811E+000   0.9835479028E+000
 0.0404040   0.9597271820E+000   0.1125814012E+001   0.8057847443E+000   0.1007045897E+001
 0.0505051   0.9060463346E+000   0.1093360339E+001   0.8038009366E+000   0.9805504412E+000
 0.0606061   0.8641713820E+000   0.1078141583E+001   0.7899183585E+000   0.9790587942E+000
 0.0707071   0.8103979000E+000   0.1061706627E+001   0.7800095875E+000   0.9510514522E+000
 0.0808081   0.7688609924E+000   0.1088703660E+001   0.7876605113E+000   0.9767535216E+000
 0.0909091   0.7015906919E+000   0.1047161008E+001   0.7770526174E+000   0.9553462622E+000
 0.1010101   0.6583800027E+000   0.1027357113E+001   0.7727194618E+000   0.9469549889E+000
 0.1111111   0.6110002666E+000   0.1042032807E+001   0.7717658630E+000   0.9714588832E+000
 0.1212121   0.5565469004E+000   0.1022957332E+001   0.7736953560E+000   0.9749522111E+000
 0.1313131   0.5203519963E+000   0.1056513389E+001   0.7734289793E+000   0.9661824602E+000
 0.1414141   0.4899741868E+000   0.1032036555E+001   0.7669215423E+000   0.9458114603E+000
 0.1515152   0.4594657972E+000   0.1031152047E+001   0.7663342495E+000   0.9624503069E+000
 0.1616162   0.4341326521E+000   0.1003719262E+001   0.7702959902E+000   0.9456920476E+000
 0.1717172   0.4207656740E+000   0.1014473200E+001   0.7703581140E+000   0.9371833855E+000
 0.1818182   0.4055923418E+000   0.9885297728E+000   0.7758477610E+000   0.9743166926E+000
 0.1919192   0.3974207073E+000   0.1004112739E+001   0.7761320022E+000   0.9753327127E+000
 0.2020202   0.3950010647E+000   0.9674771598E+000   0.7757204279E+000   0.9492744291E+000
 0.2121212   0.3987605600E+000   0.9763872864E+000   0.7834281060E+000   0.9512923016E+000
 0.2222222   0.3952066279E+000   0.9724752855E+000   0.8050360265E+000   0.9601146751E+000
 0.2323232   0.3995196256E+000   0.9515820141E+000   0.7979680316E+000   0.9725841962E+000
 0.2424242   0.4074119926E+000   0.9586418261E+000   0.8124560899E+000   0.9737054614E+000
 0.2525253   0.4134303873E+000   0.9627424355E+000   0.8223634280E+000   0.9672126479E+000
 0.2626263   0.4227452000E+000   0.9729630662E+000   0.8245465365E+000   0.9778383558E+000
 0.2727273   0.4411952099E+000   0.9996836905E+000   0.8324250784E+000   0.9769498442E+000
 0.2828283   0.4582104298E+000   0.9912255739E+000   0.8523002263E+000   0.9790041477E+000
 0.2929293   0.4693552256E+000   0.9675714640E+000   0.8560036404E+000   0.9904090742E+000
 0.3030303   0.4839719028E+000   0.9824260109E+000   0.8634192523E+000   0.9770692569E+000
 0.3131313   0.5026201087E+000   0.9816748287E+000   0.8756862367E+000   0.9862053417E+000
 0.3232323   0.5230720857E+000   0.9619002009E+000   0.8893366734E+000   0.9803885257E+000
 0.3333333   0.5458054401E+000   0.9798505290E+000   0.8890992992E+000   0.9626284140E+000
 0.3434343   0.5839148992E+000   0.1008021488E+001   0.8986195615E+000   0.9770510414E+000
 0.3535354   0.5899507003E+000   0.9796749280E+000   0.9193098360E+000   0.1005714141E+001
 0.3636364   0.6304045687E+000   0.9944351707E+000   0.9257621804E+000   0.9968614088E+000
 0.3737374   0.6583613284E+000   0.9396801661E+000   0.9481145261E+000   0.1013605500E+001
 0.3838384   0.6779182540E+000   0.9423857228E+000   0.9535661185E+000   0.9806819976E+000
 0.3939394   0.7320863959E+000   0.9858437274E+000   0.9672347932E+000   0.9759743030E+000
 0.4040404   0.7577249889E+000   0.9673730999E+000   0.9791754747E+000   0.1000832388E+001
 0.4141414   0.8187473274E+000   0.9853169243E+000   0.9938113833E+000   0.9916376084E+000
 0.4242424   0.8639818402E+000   0.9773758552E+000   0.1012332475E+001   0.1017036086E+001
 0.4343434   0.8984369338E+000   0.9834926246E+000   0.1018779670E+001   0.1032409967E+001
 0.4444444   0.9503965681E+000   0.9542745633E+000   0.1043647717E+001   0.1014313881E+001
 0.4545455   0.1009412840E+001   0.9847933730E+000   0.1067491030E+001   0.9914675971E+000
 0.4646465   0.1085611140E+001   0.9723647219E+000   0.1071674830E+001   0.9893647189E+000
 0.4747475   0.1121129508E+001   0.9831219113E+000   0.1102475289E+001   0.1042007512E+001
 0.4848485   0.1205091336E+001   0.9921068310E+000   0.1094733386E+001   0.9724465680E+000
 0.4949495   0.1280460678E+001   0.1010431124E+001   0.1126021256E+001   0.1020003189E+001
 0.5050505   0.1302419145E+001   0.9845462308E+000   0.1135482325E+001   0.1011314395E+001
 0.5151515   0.1321052860E+001   0.1016577161E+001   0.1119530097E+001   0.1016665704E+001
 0.5252525   0.1307016209E+001   0.1001781147E+001   0.1130045487E+001   0.9984461572E+000
 0.5353535   0.1320656706E+001   0.9921458534E+000   0.1125471027E+001   0.1026006207E+001
 0.5454545   0.1309433348E+001   0.9622676624E+000   0.1123311763E+001   0.1007778565E+001
 0.5555556   0.1315522287E+001   0.9713956644E+000   0.1130280102E+001   0.1017616958E+001
 0.5656566   0.1327944245E+001   0.1007000400E+001   0.1137070836E+001   0.1015860174E+001
 0.5757576   0.1331488046E+001   0.9874111292E+000   0.1135744865E+001   0.1035383142E+001
 0.5858586   0.1330335881E+001   0.9840519464E+000   0.1136463425E+001   0.1017473258E+001
 0.5959596   0.1321090019E+001   0.1013806566E+001   0.1138357506E+001   0.1043497135E+001
 0.6060606   0.1320391886E+001   0.9942107915E+000   0.1133513797E+001   0.1008889710E+001
 0.6161616   0.1325590275E+001   0.9594320308E+000   0.1116419708E+001   0.9862235572E+000
 0.6262626   0.1335904569E+001   0.9875184410E+000   0.1141231867E+001   0.1028681862E+001
 0.6363636   0.1303863628E+001   0.9803838359E+000   0.1127183480E+001   0.1001615654E+001
 0.6464646   0.1329261164E+001   0.9846698019E+000   0.1132834269E+001   0.1012524714E+001
 0.6565657   0.1321379470E+001   0.9905296735E+000   0.1128970222E+001   0.1012745324E+001
 0.6666667   0.1312833264E+001   0.9956903929E+000   0.1131643055E+001   0.1005635208E+001
 0.6767677   0.1311886330E+001   0.9713143676E+000   0.1136838858E+001   0.1038485848E+001
 0.6868687   0.1308842379E+001   0.9890923465E+000   0.1122083809E+001   0.1004979450E+001
 0.6969697   0.1316134299E+001   0.9922108909E+000   0.1133181680E+001   0.1024563135E+001
 0.7070707   0.1306482100E+001   0.9812455817E+000   0.1120270665E+001   0.1008942333E+001
 0.7171717   0.1333631936E+001   0.1000256020E+001   0.1137894990E+001   0.1024949709E+001
 0.7272727   0.1312609040E+001   0.9936839884E+000   0.1128861615E+001   0.1022257863E+001
 0.7373737   0.1324698507E+001   0.9954237394E+000   0.1142378713E+001   0.1042788754E+001
 0.7474747   0.1323585674E+001   0.9970171563E+000   0.1126023515E+001   0.1007914169E+001
 0.7575758   0.1315771876E+001   0.9899931148E+000   0.1125858630E+001   0.1014807723E+001
 0.7676768   0.1316893746E+001   0.9952481384E+000   0.1130520965E+001   0.1017414564E+001
 0.7777778   0.1314359797E+001   0.9916808359E+000   0.1129491121E+001   0.1011443928E+001
 0.7878788   0.1323836584E+001   0.1017549470E+001   0.1136186082E+001   0.1038585022E+001
 0.7979798   0.1328173786E+001   0.9891508802E+000   0.1136010460E+001   0.1015916845E+001
 0.8080808   0.1321757190E+001   0.9993292366E+000   0.1130147925E+001   0.1026170147E+001
 0.8181818   0.1324462877E+001   0.9837657818E+000   0.1145202296E+001   0.1023516756E+001
 0.8282828   0.1316505507E+001   0.1013513898E+001   0.1116417041E+001   0.1025961681E+001
 0.8383838   0.1309739390E+001   0.9759742988E+000   0.1128838699E+001   0.1020845149E+001
 0.8484848   0.1315524525E+001   0.9685112547E+000   0.1131849952E+001   0.9962845846E+000
 0.8585859   0.1325665979E+001   0.1004584260E+001   0.1129828370E+001   0.1040517889E+001
 0.8686869   0.1316799708E+001   0.1001917726E+001   0.1121443736E+001   0.1027627387E+001
 0.8787879   0.1322481746E+001   0.1000421865E+001   0.1127119514E+001   0.1020677162E+001
 0.8888889   0.1320746793E+001   0.1029249702E+001   0.1132928377E+001   0.1038287502E+001
 0.8989899   0.1320579210E+001   0.1013887863E+001   0.1137618229E+001   0.1027131521E+001
 0.9090909   0.1322326365E+001   0.9820065195E+000   0.1126189922E+001   0.1006667419E+001
 0.9191919   0.1311673557E+001   0.9957326672E+000   0.1130043683E+001   0.1013759320E+001
 0.9292929   0.1316555280E+001   0.1000434873E+001   0.1126309456E+001   0.1011901339E+001
 0.9393939   0.1325729648E+001   0.1012287943E+001   0.1128914949E+001   0.1048565091E+001
 0.9494949   0.1311280867E+001   0.9814114271E+000   0.1115702040E+001   0.9884843031E+000
 0.9595960   0.1327900026E+001   0.9969163483E+000   0.1128416424E+001   0.1015350140E+001
 0.9696970   0.1321521230E+001   0.9985975656E+000   0.1139064802E+001   0.1041084593E+001
 0.9797980   0.1322298309E+001   0.1013240741E+001   0.1131132269E+001   0.1047771705E+001
 0.9898990   0.1331899774E+001   0.1014726846E+001   0.1130707477E+001   0.1022385371E+001
 1.0000000   0.1317387882E+001   0.1012421269E+001   0.1130316785E+001   0.1038868374E+001


 0.0000000   0.1001769622E+001   0.1114619982E+001   0.8104117304E+000   0.1009517958E+001
 0.0101010   0.9937464930E+000   0.1037892899E+001   0.8130224257E+000   0.9765369677E+000
 0.0202020   0.9845151416E+000   0.1045464520E+001   0.8051920835E+000   0.9657382361E+000
 0.0303030   0.9700411088E+000   0.1091386867E+001   0.8036315728E+000   0.9870342212E+000
 0.0404040   0.9606774364E+000   0.1126753368E+001   0.8066017142E+000   0.1007899783E+001
 0.0505051   0.9090971997E+000   0.1096871238E+001   0.8050347599E+000   0.9818927463E+000
 0.0606061   0.8622821346E+000   0.1075617167E+001   0.7921368898E+000   0.9816457521E+000
 0.0707071   0.8096242542E+000   0.1060528029E+001   0.7805573195E+000   0.9515614955E+000
 0.0808081   0.7688706012E+000   0.1088547866E+001   0.7888571418E+000   0.9780752331E+000
 0.0909091   0.7000135195E+000   0.1044644427E+001   0.7782142506E+000   0.9566157959E+000
 0.1010101   0.6579658670E+000   0.1026551130E+001   0.7735093164E+000   0.9477657758E+000
 0.1111111   0.6114679923E+000   0.1042668231E+001   0.7737324268E+000   0.9737728120E+000
 0.1212121   0.5587052554E+000   0.1026764696E+001   0.7757344722E+000   0.9773596763E+000
 0.1313131   0.5231904578E+000   0.1062111264E+001   0.7750525891E+000   0.9680501744E+000
 0.1414141   0.4900823869E+000   0.1032103842E+001   0.7697088605E+000   0.9490915535E+000
 0.1515152   0.4607190761E+000   0.1033803825E+001   0.7666730693E+000   0.9627161894E+000
 0.1616162   0.4325336668E+000   0.9998667919E+000   0.7703731814E+000   0.9456300025E+000
 0.1717172   0.4218488205E+000   0.1016926430E+001   0.7719877349E+000   0.9390101947E+000
 0.1818182   0.4054221431E+000   0.9879612089E+000   0.7765861285E+000   0.9750822445E+000
 0.1919192   0.3987381675E+000   0.1007284645E+001   0.7791387215E+000   0.9789487934E+000
 0.2020202   0.3966771454E+000   0.9714312139E+000   0.7798676251E+000   0.9541912573E+000
 0.2121212   0.3985138364E+000   0.9756313419E+000   0.7854177698E+000   0.9535501620E+000
 0.2222222   0.3949432977E+000   0.9716761028E+000   0.8066094799E+000   0.9618317322E+000
 0.2323232   0.4003059729E+000   0.9533065941E+000   0.7993872091E+000   0.9741523840E+000
 0.2424242   0.4057764983E+000   0.9546449400E+000   0.8133351194E+000   0.9745973368E+000
 0.2525253   0.4128493712E+000   0.9612398527E+000   0.8213741727E+000   0.9658889752E+000
 0.2626263   0.4224460013E+000   0.9721231672E+000   0.8262967866E+000   0.9797515246E+000
 0.2727273   0.4416702318E+000   0.1000604306E+001   0.8328876166E+000   0.9773306182E+000
 0.2828283   0.4557271709E+000   0.9857002587E+000   0.8478090311E+000   0.9736838215E+000
 0.2929293   0.4690310336E+000   0.9667526986E+000   0.8548939428E+000   0.9889611391E+000
 0.3030303   0.4855608472E+000   0.9854980831E+000   0.8650374239E+000   0.9787381219E+000
 0.3131313   0.5046430241E+000   0.9854724552E+000   0.8776820613E+000   0.9882891696E+000
 0.3232323   0.5235067453E+000   0.9625497231E+000   0.8893593422E+000   0.9802509614E+000
 0.3333333   0.5468046388E+000   0.9814915882E+000   0.8904384519E+000   0.9639184700E+000
 0.3434343   0.5855602206E+000   0.1010704546E+001   0.9001634496E+000   0.9785674053E+000
 0.3535354   0.5887853475E+000   0.9775876048E+000   0.9191542145E+000   0.1005377173E+001
 0.3636364   0.6321789714E+000   0.9970790460E+000   0.9258515157E+000   0.9967923081E+000
 0.3737374   0.6587777057E+000   0.9401281589E+000   0.9515379042E+000   0.1017096684E+001
 0.3838384   0.6804232134E+000   0.9457207360E+000   0.9528493774E+000   0.9797823988E+000
 0.3939394   0.7274430755E+000   0.9794385087E+000   0.9662265449E+000   0.9747952954E+000
 0.4040404   0.7582848845E+000   0.9679372770E+000   0.9796709742E+000   0.1001172823E+001
 0.4141414   0.8188714738E+000   0.9853129927E+000   0.9988608774E+000   0.9965108074E+000
 0.4242424   0.8633594176E+000   0.9765197757E+000   0.1014547707E+001   0.1019092615E+001
 0.4343434   0.8998262767E+000   0.9848602331E+000   0.1021182363E+001   0.1034673227E+001
 0.4444444   0.9497221045E+000   0.9534489714E+000   0.1043910995E+001   0.1014401542E+001
 0.4545455   0.1006996604E+001   0.9822832055E+000   0.1064593459E+001   0.9886124414E+000
 0.4646465   0.1086060438E+001   0.9726157924E+000   0.1070803408E+001   0.9883963215E+000
 0.4747475   0.1122786472E+001   0.9844217113E+000   0.1100347277E+001   0.1039823783E+001
 0.4848485   0.1207524506E+001   0.9939552898E+000   0.1095414394E+001   0.9728901710E+000
 0.4949495   0.1276639491E+001   0.1007259017E+001   0.1126955172E+001   0.1020679916E+001
 0.5050505   0.1300901105E+001   0.9832456755E+000   0.1134897352E+001   0.1010625799E+001
 0.5151515   0.1317889271E+001   0.1013984917E+001   0.1118974279E+001   0.1015992475E+001
 0.5252525   0.1302369505E+001   0.9980642963E+000   0.1128833583E+001   0.9972100189E+000
 0.5353535   0.1321079972E+001   0.9923094092E+000   0.1130474071E+001   0.1030396232E+001
 0.5454545   0.1308625832E+001   0.9615246071E+000   0.1123586610E+001   0.1007858011E+001
 0.5555556   0.1313360731E+001   0.9696486512E+000   0.1130930614E+001   0.1018033809E+001
 0.5656566   0.1324668715E+001   0.1004360217E+001   0.1136348225E+001   0.1015046269E+001
 0.5757576   0.1329913983E+001   0.9860903723E+000   0.1132703565E+001   0.1032439383E+001
 0.5858586   0.1328532551E+001   0.9825651124E+000   0.1134528986E+001   0.1015572948E+001
 0.5959596   0.1320949104E+001   0.1013540700E+001   0.1137205512E+001   0.1042268299E+001
 0.6060606   0.1321388911E+001   0.9948067056E+000   0.1134132226E+001   0.1009272780E+001
 0.6161616   0.1329223349E+001   0.9619118732E+000   0.1117633715E+001   0.9871322924E+000
 0.6262626   0.1334920010E+001   0.9866371008E+000   0.1137495489E+001   0.1025143973E+001
 0.6363636   0.1300695571E+001   0.9778495789E+000   0.1126148340E+001   0.1000529912E+001
 0.6464646   0.1327502925E+001   0.9832143525E+000   0.1131303680E+001   0.1010989026E+001
 0.6565657   0.1318260785E+001   0.9880380926E+000   0.1128612634E+001   0.1012256688E+001
 0.6666667   0.1311023575E+001   0.9941631605E+000   0.1128216694E+001   0.1002424139E+001
 0.6767677   0.1310298113E+001   0.9699875090E+000   0.1135272942E+001   0.1036883462E+001
 0.6868687   0.1309606718E+001   0.9895159681E+000   0.1121365342E+001   0.1004169444E+001
 0.6969697   0.1314346718E+001   0.9907090892E+000   0.1127657638E+001   0.1019399542E+001
 0.7070707   0.1303387898E+001   0.9787693358E+000   0.1119538666E+001   0.1008115902E+001
 0.7171717   0.1334277335E+001   0.1000584373E+001   0.1137986820E+001   0.1024862472E+001
 0.7272727   0.1312806822E+001   0.9936790780E+000   0.1128086303E+001   0.1021386392E+001
 0.7373737   0.1323818083E+001   0.9946073775E+000   0.1139856753E+001   0.1040314139E+001
 0.7474747   0.1319442689E+001   0.9937417240E+000   0.1124712787E+001   0.1006574005E+001
 0.7575758   0.1316421152E+001   0.9903275183E+000   0.1123772876E+001   0.1012759757E+001
 0.7676768   0.1317015693E+001   0.9951854290E+000   0.1128506335E+001   0.1015433106E+001
 0.7777778   0.1315189963E+001   0.9921527942E+000   0.1126517153E+001   0.1008613523E+001
 0.7878788   0.1324977067E+001   0.1018267623E+001   0.1134840599E+001   0.1037183124E+001
 0.7979798   0.1329834448E+001   0.9902335493E+000   0.1132905609E+001   0.1012972244E+001
 0.8080808   0.1320470366E+001   0.9982009784E+000   0.1129076966E+001   0.1025027741E+001
 0.8181818   0.1320559960E+001   0.9807142085E+000   0.1138638527E+001   0.1017481705E+001
 0.8282828   0.1317892015E+001   0.1014423439E+001   0.1114706145E+001   0.1024219561E+001
 0.8383838   0.1311833396E+001   0.9773825817E+000   0.1128628231E+001   0.1020485590E+001
 0.8484848   0.1312798660E+001   0.9663540424E+000   0.1130177441E+001   0.9946474541E+000
 0.8585859   0.1324719701E+001   0.1003710977E+001   0.1126512473E+001   0.1037292092E+001
 0.8686869   0.1325474231E+001   0.1008361017E+001   0.1124824286E+001   0.1030554236E+001
 0.8787879   0.1321309888E+001   0.9993798618E+000   0.1125823120E+001   0.1019334161E+001
 0.8888889   0.1319009249E+001   0.1027735708E+001   0.1130002337E+001   0.1035434187E+001
 0.8989899   0.1320996468E+001   0.1014050410E+001   0.1136035701E+001   0.1025532626E+001
 0.9090909   0.1325823192E+001   0.9844501867E+000   0.1126237608E+001   0.1006543131E+001
 0.9191919   0.1317136807E+001   0.9997244147E+000   0.1132190305E+001   0.1015516648E+001
 0.9292929   0.1321885426E+001   0.1004328894E+001   0.1129831526E+001   0.1014897346E+001
 0.9393939   0.1326592196E+001   0.1012788948E+001   0.1129356111E+001   0.1048800932E+001
 0.9494949   0.1311181084E+001   0.9811840534E+000   0.1116355642E+001   0.9888993906E+000
 0.9595960   0.1329586672E+001   0.9980272782E+000   0.1127375532E+001   0.1014245354E+001
 0.9696970   0.1318454397E+001   0.9961251186E+000   0.1137899829E+001   0.1039847392E+001
 0.9797980   0.1321364328E+001   0.1012367512E+001   0.1127454248E+001   0.1044191585E+001
 0.9898990   0.1331835838E+001   0.1014520255E+001   0.1128034210E+001   0.1019799091E+001
 1.0000000   0.1315340174E+001   0.1010690308E+001   0.1129172311E+001   0.1037644422E+001


 0.0000000   0.9905496587E+000   0.1102669768E+001   0.8084234413E+000   0.1006910707E+001
 0.0101010   0.9859423235E+000   0.1030240669E+001   0.8122800820E+000   0.9755189238E+000
 0.0202020   0.9738012283E+000   0.1034588067E+001   0.8059073410E+000   0.9664708797E+000
 0.0303030   0.9597462782E+000   0.1080327097E+001   0.8035878349E+000   0.9868526324E+000
 0.0404040   0.9454814947E+000   0.1109467426E+001   0.8054057551E+000   0.1006274971E+001
 0.0505051   0.9015244359E+000   0.1088261035E+001   0.8050847447E+000   0.9818264945E+000
 0.0606061   0.8570694690E+000   0.1069632548E+001   0.7950619499E+000   0.9851429488E+000
 0.0707071   0.8090293988E+000   0.1060261991E+001   0.7837240242E+000   0.9552981801E+000
 0.0808081   0.7652020367E+000   0.1083878598E+001   0.7910948972E+000   0.9807226697E+000
 0.0909091   0.6941495398E+000   0.1036395103E+001   0.7772133453E+000   0.9552616626E+000
 0.1010101   0.6558807111E+000   0.1023793406E+001   0.7766754918E+000   0.9515219371E+000
 0.1111111   0.6054410975E+000   0.1032891155E+001   0.7737099367E+000   0.9736183532E+000
 0.1212121   0.5573483420E+000   0.1024767003E+001   0.7769168098E+000   0.9787225058E+000
 0.1313131   0.5193650109E+000   0.1054855901E+001   0.7750819764E+000   0.9679614582E+000
 0.1414141   0.4883847993E+000   0.1029026802E+001   0.7701683158E+000   0.9495350524E+000
 0.1515152   0.4598297902E+000   0.1032307998E+001   0.7675061655E+000   0.9636374525E+000
 0.1616162   0.4314313802E+000   0.9978016233E+000   0.7729149475E+000   0.9486270942E+000
 0.1717172   0.4224900854E+000   0.1018965466E+001   0.7749275510E+000   0.9424639336E+000
 0.1818182   0.4035153851E+000   0.9837908388E+000   0.7803571647E+000   0.9796902199E+000
 0.1919192   0.3990284967E+000   0.1008506183E+001   0.7819306591E+000   0.9823294403E+000
 0.2020202   0.3959174790E+000   0.9700403475E+000   0.7824297535E+000   0.9572020705E+000
 0.2121212   0.3993102089E+000   0.9780543761E+000   0.7861746469E+000   0.9543454050E+000
 0.2222222   0.3966580587E+000   0.9763674756E+000   0.8078581773E+000   0.9631959226E+000
 0.2323232   0.4004430787E+000   0.9540948833E+000   0.8030494242E+000   0.9784884617E+000
 0.2424242   0.4051209885E+000   0.9535642855E+000   0.8121717594E+000   0.9730772300E+000
 0.2525253   0.4141056588E+000   0.9646317541E+000   0.8230314720E+000   0.9677124752E+000
 0.2626263   0.4223359105E+000   0.9723404387E+000   0.8262471361E+000   0.9795657284E+000
 0.2727273   0.4425178285E+000   0.1003009991E+001   0.8355612468E+000   0.9803408956E+000
 0.2828283   0.4553135567E+000   0.9852825193E+000   0.8490963197E+000   0.9750358967E+000
 0.2929293   0.4682294393E+000   0.9655678087E+000   0.8542150456E+000   0.9880477511E+000
 0.3030303   0.4836752844E+000   0.9821464862E+000   0.8648407886E+000   0.9783888685E+000
 0.3131313   0.5044937170E+000   0.9856579422E+000   0.8780870449E+000   0.9886170923E+000
 0.3232323   0.5230545563E+000   0.9621839965E+000   0.8908093204E+000   0.9817219216E+000
 0.3333333   0.5486035677E+000   0.9851974234E+000   0.8938658411E+000   0.9675033294E+000
 0.3434343   0.5841907509E+000   0.1008829047E+001   0.9001417932E+000   0.9784170866E+000
 0.3535354   0.5908319594E+000   0.9814607136E+000   0.9230962866E+000   0.1009558227E+001
 0.3636364   0.6331207896E+000   0.9990480275E+000   0.9267915474E+000   0.9976750958E+000
 0.3737374   0.6577057817E+000   0.9390529370E+000   0.9514273813E+000   0.1016846791E+001
 0.3838384   0.6831822209E+000   0.9500152872E+000   0.9554501879E+000   0.9823294403E+000
 0.3939394   0.7278322749E+000   0.9804370604E+000   0.9668716407E+000   0.9753197374E+000
 0.4040404   0.7602250725E+000   0.9708837977E+000   0.9803904987E+000   0.1001778337E+001
 0.4141414   0.8212315716E+000   0.9886312920E+000   0.9980708103E+000   0.9955935975E+000
 0.4242424   0.8571869906E+000   0.9700078108E+000   0.1014302352E+001   0.1018714164E+001
 0.4343434   0.8999775364E+000   0.9855027674E+000   0.1020509300E+001   0.1033857313E+001
 0.4444444   0.9496264326E+000   0.9538145675E+000   0.1042971919E+001   0.1013357708E+001
 0.4545455   0.1010605761E+001   0.9862811443E+000   0.1064293063E+001   0.9882054404E+000
 0.4646465   0.1082450834E+001   0.9698526360E+000   0.1073217279E+001   0.9904960845E+000
 0.4747475   0.1122847744E+001   0.9849521471E+000   0.1100506535E+001   0.1039839546E+001
 0.4848485   0.1208446866E+001   0.9951961880E+000   0.1097030535E+001   0.9741993137E+000
 0.4949495   0.1279075889E+001   0.1009669994E+001   0.1126691953E+001   0.1020309315E+001
 0.5050505   0.1302591044E+001   0.9849997007E+000   0.1134615331E+001   0.1010243760E+001
 0.5151515   0.1316207646E+001   0.1013181450E+001   0.1118177077E+001   0.1015137107E+001
 0.5252525   0.1306093949E+001   0.1001403181E+001   0.1130066388E+001   0.9981697422E+000
 0.5353535   0.1321607594E+001   0.9931864238E+000   0.1128138300E+001   0.1028134023E+001
 0.5454545   0.1314885064E+001   0.9665914619E+000   0.1124289812E+001   0.1008358129E+001
 0.5555556   0.1312645449E+001   0.9695898399E+000   0.1127001243E+001   0.1014365260E+001
 0.5656566   0.1318331197E+001   0.1000039144E+001   0.1131889614E+001   0.1010932614E+001
 0.5757576   0.1328586168E+001   0.9855828576E+000   0.1132854400E+001   0.1032443089E+001
 0.5858586   0.1329708412E+001   0.9839109741E+000   0.1133072595E+001   0.1014137855E+001
 0.5959596   0.1318668058E+001   0.1012280435E+001   0.1135318386E+001   0.1040403908E+001
 0.6060606   0.1318069871E+001   0.9927884755E+000   0.1132995671E+001   0.1008130724E+001
 0.6161616   0.1326148890E+001   0.9601517069E+000   0.1119021901E+001   0.9882303387E+000
 0.6262626   0.1333545455E+001   0.9860984385E+000   0.1135611763E+001   0.1023313711E+001
 0.6363636   0.1302304894E+001   0.9795335425E+000   0.1120651508E+001   0.9955172427E+000
 0.6464646   0.1327989662E+001   0.9840511320E+000   0.1129453302E+001   0.1009204671E+001
 0.6565657   0.1323003161E+001   0.9920726691E+000   0.1127671102E+001   0.1011281190E+001
 0.6666667   0.1314323818E+001   0.9971483874E+000   0.1126163623E+001   0.1000470346E+001
 0.6767677   0.1313378131E+001   0.9727383871E+000   0.1133731274E+001   0.1035341252E+001
 0.6868687   0.1313861411E+001   0.9932114520E+000   0.1122894496E+001   0.1005408509E+001
 0.6969697   0.1320556688E+001   0.9958719493E+000   0.1129928640E+001   0.1021320186E+001
 0.7070707   0.1301608893E+001   0.9779067097E+000   0.1117216879E+001   0.1005894856E+001
 0.7171717   0.1335086511E+001   0.1001675988E+001   0.1137459512E+001   0.1024254867E+001
 0.7272727   0.1313219648E+001   0.9944728731E+000   0.1125354046E+001   0.1018780559E+001
 0.7373737   0.1328252577E+001   0.9984223226E+000   0.1138425747E+001   0.1038873492E+001
 0.7474747   0.1322946445E+001   0.9968630659E+000   0.1122600768E+001   0.1004553668E+001
 0.7575758   0.1316792495E+001   0.9910865581E+000   0.1119520051E+001   0.1008796339E+001
 0.7676768   0.1318193457E+001   0.9965577219E+000   0.1127115106E+001   0.1014049881E+001
 0.7777778   0.1325164928E+001   0.1000161782E+001   0.1128665870E+001   0.1010406429E+001
 0.7878788   0.1325119686E+001   0.1018870359E+001   0.1133998359E+001   0.1036279088E+001
 0.7979798   0.1330611287E+001   0.9912917893E+000   0.1133453855E+001   0.1013331150E+001
 0.8080808   0.1327741826E+001   0.1004183813E+001   0.1129030128E+001   0.1024852426E+001
 0.8181818   0.1322549128E+001   0.9826670727E+000   0.1137250601E+001   0.1016109801E+001
 0.8282828   0.1320916114E+001   0.1017243527E+001   0.1113159934E+001   0.1022666355E+001
 0.8383838   0.1317468569E+001   0.9820563847E+000   0.1127022540E+001   0.1018901731E+001
 0.8484848   0.1316985200E+001   0.9699051952E+000   0.1128543216E+001   0.9930805286E+000
 0.8585859   0.1330212799E+001   0.1008361020E+001   0.1128148916E+001   0.1038664346E+001
 0.8686869   0.1327831660E+001   0.1010643591E+001   0.1125821547E+001   0.1031334285E+001
 0.8787879   0.1322851363E+001   0.1001030261E+001   0.1126635452E+001   0.1019937501E+001
 0.8888889   0.1319160195E+001   0.1028351040E+001   0.1127750054E+001   0.1033236515E+001
 0.8989899   0.1324166052E+001   0.1016975725E+001   0.1134921751E+001   0.1024394297E+001
 0.9090909   0.1328495181E+001   0.9869118549E+000   0.1125520623E+001   0.1005772025E+001
 0.9191919   0.1321059975E+001   0.1003187691E+001   0.1133052067E+001   0.1016157938E+001
 0.9292929   0.1326655466E+001   0.1008441110E+001   0.1129745881E+001   0.1014688938E+001
 0.9393939   0.1324733894E+001   0.1011859961E+001   0.1127346958E+001   0.1046799452E+001
 0.9494949   0.1310551622E+001   0.9811879063E+000   0.1116130968E+001   0.9885722754E+000
 0.9595960   0.1332092004E+001   0.1000392042E+001   0.1127136385E+001   0.1013898832E+001
 0.9696970   0.1318676642E+001   0.9967754672E+000   0.1135439068E+001   0.1037464248E+001
 0.9797980   0.1323324535E+001   0.1014360278E+001   0.1126320707E+001   0.1043006610E+001
 0.9898990   0.1330511702E+001   0.1014002375E+001   0.1124763734E+001   0.1016710680E+001
 1.0000000   0.1320984813E+001   0.1015519084E+001   0.1131729359E+001   0.1039859465E+001


