# Cycle, (Average volume(Ib), Ib=1,N_Box)
    100100   0.3464203859E+005   0.3233711240E+006
    100200   0.3449673717E+005   0.3190730466E+006
    100300   0.3458760285E+005   0.3206544737E+006
    100400   0.3457396053E+005   0.3239889311E+006
    100500   0.3449951026E+005   0.3255014868E+006
    100600   0.3445005795E+005   0.3220364357E+006
    100700   0.3439900125E+005   0.3204692020E+006
    100800   0.3436105936E+005   0.3192074669E+006
    100900   0.3435025637E+005   0.3205788614E+006
    101000   0.3438836512E+005   0.3231643733E+006
    101100   0.3446608985E+005   0.3238500120E+006
    101200   0.3451013063E+005   0.3237643607E+006
    101300   0.3456071810E+005   0.3246598590E+006
    101400   0.3459526592E+005   0.3244634690E+006
    101500   0.3462439661E+005   0.3246542906E+006
    101600   0.3464532004E+005   0.3250176498E+006
    101700   0.3469594630E+005   0.3259446018E+006
    101800   0.3475129906E+005   0.3259704424E+006
    101900   0.3482156056E+005   0.3261211037E+006
    102000   0.3486957011E+005   0.3257307916E+006
    102100   0.3491161528E+005   0.3248721083E+006
    102200   0.3494720166E+005   0.3243296827E+006
    102300   0.3496109929E+005   0.3246449181E+006
    102400   0.3495662685E+005   0.3243468402E+006
    102500   0.3495477374E+005   0.3236334060E+006
    102600   0.3494523929E+005   0.3237373615E+006
    102700   0.3495803581E+005   0.3237295072E+006
    102800   0.3498179144E+005   0.3238982311E+006
    102900   0.3504198308E+005   0.3234342437E+006
    103000   0.3508800851E+005   0.3233560062E+006
    103100   0.3514978216E+005   0.3227486475E+006
    103200   0.3520579767E+005   0.3226677339E+006
    103300   0.3525020110E+005   0.3227442589E+006
    103400   0.3531019396E+005   0.3223215209E+006
    103500   0.3537327070E+005   0.3222153067E+006
    103600   0.3543187801E+005   0.3222007746E+006
    103700   0.3547315911E+005   0.3223629989E+006
    103800   0.3550768840E+005   0.3213598670E+006
    103900   0.3552180363E+005   0.3209752000E+006
    104000   0.3553636717E+005   0.3204946386E+006
    104100   0.3555143096E+005   0.3205591491E+006
    104200   0.3556228876E+005   0.3207326954E+006
    104300   0.3557389861E+005   0.3205885349E+006
    104400   0.3559689811E+005   0.3200206025E+006
    104500   0.3562032874E+005   0.3194891638E+006
    104600   0.3564924785E+005   0.3196019579E+006
    104700   0.3566858427E+005   0.3192270697E+006
    104800   0.3568423016E+005   0.3190756896E+006
    104900   0.3570545668E+005   0.3187828578E+006
    105000   0.3571919338E+005   0.3185889175E+006
    105100   0.3572455971E+005   0.3184577756E+006
    105200   0.3573731068E+005   0.3184183974E+006
    105300   0.3575491454E+005   0.3182938252E+006
    105400   0.3577134174E+005   0.3180435883E+006
    105500   0.3579255537E+005   0.3178484628E+006
    105600   0.3581464107E+005   0.3174818413E+006
    105700   0.3583974255E+005   0.3169918047E+006
    105800   0.3588221824E+005   0.3168806693E+006
    105900   0.3592211288E+005   0.3168297163E+006
    106000   0.3596883442E+005   0.3167524435E+006
    106100   0.3600803986E+005   0.3165431477E+006
    106200   0.3605123564E+005   0.3162533552E+006
    106300   0.3608552384E+005   0.3160797099E+006
    106400   0.3611681890E+005   0.3159611206E+006
    106500   0.3615595299E+005   0.3160008017E+006
    106600   0.3617462128E+005   0.3160321293E+006
    106700   0.3618857964E+005   0.3158899019E+006
    106800   0.3620487197E+005   0.3155144039E+006
    106900   0.3621865479E+005   0.3153422376E+006
    107000   0.3624354823E+005   0.3152954197E+006
    107100   0.3627962801E+005   0.3153702809E+006
    107200   0.3630470780E+005   0.3151911989E+006
    107300   0.3634240512E+005   0.3151290956E+006
    107400   0.3638174741E+005   0.3152550896E+006
    107500   0.3642180674E+005   0.3153004320E+006
    107600   0.3645023748E+005   0.3149955986E+006
    107700   0.3646011099E+005   0.3147835455E+006
    107800   0.3647789047E+005   0.3145124800E+006
    107900   0.3649372082E+005   0.3141446536E+006
    108000   0.3650761422E+005   0.3139079890E+006
    108100   0.3652367808E+005   0.3138111189E+006
    108200   0.3653650786E+005   0.3139312131E+006
    108300   0.3655555930E+005   0.3138203933E+006
    108400   0.3657398668E+005   0.3136743874E+006
    108500   0.3659287279E+005   0.3136276505E+006
    108600   0.3660898745E+005   0.3134907630E+006
    108700   0.3662235404E+005   0.3134538786E+006
    108800   0.3663537856E+005   0.3133476501E+006
    108900   0.3663916228E+005   0.3131208479E+006
    109000   0.3664973187E+005   0.3130827132E+006
    109100   0.3667398331E+005   0.3130315449E+006
    109200   0.3669296454E+005   0.3127734230E+006
    109300   0.3671488045E+005   0.3125171201E+006
    109400   0.3673352839E+005   0.3122904117E+006
    109500   0.3675867954E+005   0.3121022875E+006
    109600   0.3677931687E+005   0.3120327080E+006
    109700   0.3679619811E+005   0.3118343546E+006
    109800   0.3682142932E+005   0.3116611276E+006
    109900   0.3684659387E+005   0.3116447358E+006
    110000   0.3686980075E+005   0.3113870359E+006
    110100   0.3688810115E+005   0.3113236262E+006
    110200   0.3691449990E+005   0.3111834284E+006
    110300   0.3693833902E+005   0.3110672183E+006
    110400   0.3695797352E+005   0.3109552044E+006
    110500   0.3697047920E+005   0.3108437647E+006
    110600   0.3698192755E+005   0.3106573492E+006
    110700   0.3699335163E+005   0.3105943617E+006
    110800   0.3700742112E+005   0.3105211139E+006
    110900   0.3702196092E+005   0.3104595763E+006
    111000   0.3703192272E+005   0.3104592135E+006
    111100   0.3704031171E+005   0.3105601982E+006
    111200   0.3704690896E+005   0.3105172406E+006
    111300   0.3706024152E+005   0.3104526287E+006
    111400   0.3706987594E+005   0.3104781517E+006
    111500   0.3707836302E+005   0.3104529746E+006
    111600   0.3708475004E+005   0.3103770430E+006
    111700   0.3708737063E+005   0.3103456468E+006
    111800   0.3708505485E+005   0.3103224443E+006
    111900   0.3707651369E+005   0.3102277772E+006
    112000   0.3706888180E+005   0.3101624119E+006
    112100   0.3706794326E+005   0.3101809534E+006
    112200   0.3706438578E+005   0.3103430081E+006
    112300   0.3705532044E+005   0.3103737827E+006
    112400   0.3704266851E+005   0.3105866041E+006
    112500   0.3702977578E+005   0.3107124673E+006
    112600   0.3701596903E+005   0.3106963405E+006
    112700   0.3700024424E+005   0.3107874057E+006
    112800   0.3698976842E+005   0.3107810049E+006
    112900   0.3697881237E+005   0.3107423665E+006
    113000   0.3697001839E+005   0.3106239587E+006
    113100   0.3695463528E+005   0.3105361024E+006
    113200   0.3694390419E+005   0.3104450917E+006
    113300   0.3693531343E+005   0.3104621194E+006
    113400   0.3693035269E+005   0.3106206190E+006
    113500   0.3692546676E+005   0.3106860085E+006
    113600   0.3691737786E+005   0.3107886580E+006
    113700   0.3691048860E+005   0.3108408256E+006
    113800   0.3690240613E+005   0.3108359539E+006
    113900   0.3689327714E+005   0.3108136803E+006
    114000   0.3688763235E+005   0.3108380084E+006
    114100   0.3688264513E+005   0.3107862545E+006
    114200   0.3687209242E+005   0.3107067511E+006
    114300   0.3686419744E+005   0.3107520937E+006
    114400   0.3685967887E+005   0.3107868365E+006
    114500   0.3685586750E+005   0.3107316293E+006
    114600   0.3685266276E+005   0.3107442216E+006
    114700   0.3685154769E+005   0.3105388317E+006
    114800   0.3685124460E+005   0.3105799837E+006
    114900   0.3685076727E+005   0.3104678864E+006
    115000   0.3685041466E+005   0.3104851345E+006
    115100   0.3685476626E+005   0.3105125714E+006
    115200   0.3685577237E+005   0.3104803452E+006
    115300   0.3685873793E+005   0.3105371997E+006
    115400   0.3686470888E+005   0.3106739879E+006
    115500   0.3686401619E+005   0.3107129468E+006
    115600   0.3686142612E+005   0.3107114640E+006
    115700   0.3686462915E+005   0.3107348243E+006
    115800   0.3686594126E+005   0.3107165594E+006
    115900   0.3686467410E+005   0.3106784712E+006
    116000   0.3686514949E+005   0.3107245490E+006
    116100   0.3686774170E+005   0.3107110154E+006
    116200   0.3687297803E+005   0.3108172800E+006
    116300   0.3687629007E+005   0.3108232945E+006
    116400   0.3687390606E+005   0.3106799600E+006
    116500   0.3687077425E+005   0.3106634157E+006
    116600   0.3686175332E+005   0.3105897076E+006
    116700   0.3685655067E+005   0.3107084184E+006
    116800   0.3684983397E+005   0.3106909066E+006
    116900   0.3684175975E+005   0.3107150275E+006
    117000   0.3683323069E+005   0.3108050545E+006
    117100   0.3682711729E+005   0.3108225897E+006
    117200   0.3682365815E+005   0.3108152466E+006
    117300   0.3682212871E+005   0.3108434694E+006
    117400   0.3682305494E+005   0.3107146018E+006
    117500   0.3682276844E+005   0.3106819597E+006
    117600   0.3682237978E+005   0.3106014232E+006
    117700   0.3682621048E+005   0.3105354935E+006
    117800   0.3682825648E+005   0.3105729638E+006
    117900   0.3683051570E+005   0.3105602043E+006
    118000   0.3683221729E+005   0.3106308002E+006
    118100   0.3683349408E+005   0.3105310629E+006
    118200   0.3683412651E+005   0.3105840123E+006
    118300   0.3683213283E+005   0.3107258697E+006
    118400   0.3683254228E+005   0.3106972707E+006
    118500   0.3683402653E+005   0.3107267759E+006
    118600   0.3683364948E+005   0.3107929015E+006
    118700   0.3683316492E+005   0.3108143205E+006
    118800   0.3683684035E+005   0.3108800046E+006
    118900   0.3683979609E+005   0.3109472818E+006
    119000   0.3684325423E+005   0.3109468100E+006
    119100   0.3684752782E+005   0.3109628520E+006
    119200   0.3684757491E+005   0.3110272930E+006
    119300   0.3684529167E+005   0.3111147099E+006
    119400   0.3684503116E+005   0.3111300288E+006
    119500   0.3684535585E+005   0.3111043432E+006
    119600   0.3684663840E+005   0.3111393785E+006
    119700   0.3684792582E+005   0.3111048016E+006
    119800   0.3684940830E+005   0.3111034389E+006
    119900   0.3685241546E+005   0.3110164162E+006
    120000   0.3685628027E+005   0.3109022824E+006
    120100   0.3686163272E+005   0.3109034537E+006
    120200   0.3686616771E+005   0.3108774409E+006
    120300   0.3686708380E+005   0.3107987750E+006
    120400   0.3686482777E+005   0.3108087217E+006
    120500   0.3686399787E+005   0.3107207356E+006
    120600   0.3686856439E+005   0.3107183219E+006
    120700   0.3687278294E+005   0.3107576697E+006
    120800   0.3687408630E+005   0.3107717356E+006
    120900   0.3687633547E+005   0.3108264220E+006
    121000   0.3687848682E+005   0.3107397527E+006
    121100   0.3688017835E+005   0.3107670805E+006
    121200   0.3688212318E+005   0.3107451848E+006
    121300   0.3688540708E+005   0.3107909520E+006
    121400   0.3688950808E+005   0.3107007557E+006
    121500   0.3689404143E+005   0.3107224090E+006
    121600   0.3689649319E+005   0.3107044129E+006
    121700   0.3689851137E+005   0.3106382869E+006
    121800   0.3690190464E+005   0.3106127640E+006
    121900   0.3690560202E+005   0.3105699812E+006
    122000   0.3691060095E+005   0.3105239312E+006
    122100   0.3691632780E+005   0.3104769694E+006
    122200   0.3692298762E+005   0.3104088340E+006
    122300   0.3692877070E+005   0.3103960022E+006
    122400   0.3693440990E+005   0.3103860588E+006
    122500   0.3694379607E+005   0.3103161524E+006
    122600   0.3695060871E+005   0.3102842252E+006
    122700   0.3695831121E+005   0.3102637640E+006
    122800   0.3696954516E+005   0.3101656627E+006
    122900   0.3697988040E+005   0.3101537148E+006
    123000   0.3698495154E+005   0.3101065215E+006
    123100   0.3698878467E+005   0.3100555590E+006
    123200   0.3699396829E+005   0.3100364831E+006
    123300   0.3699683880E+005   0.3100152442E+006
    123400   0.3700161183E+005   0.3100283355E+006
    123500   0.3700664800E+005   0.3100093247E+006
    123600   0.3701263400E+005   0.3099355386E+006
    123700   0.3701931816E+005   0.3098690893E+006
    123800   0.3702780681E+005   0.3098265459E+006
    123900   0.3703540095E+005   0.3097631914E+006
    124000   0.3704413373E+005   0.3097214122E+006
    124100   0.3705648827E+005   0.3096441767E+006
    124200   0.3706517475E+005   0.3095928761E+006
    124300   0.3707180363E+005   0.3095561586E+006
    124400   0.3707822874E+005   0.3095275126E+006
    124500   0.3708393500E+005   0.3094828942E+006
    124600   0.3709066314E+005   0.3094351467E+006
    124700   0.3709692429E+005   0.3093251357E+006
    124800   0.3710394728E+005   0.3092690993E+006
    124900   0.3711208786E+005   0.3091675053E+006
    125000   0.3712034025E+005   0.3091582988E+006
    125100   0.3712821152E+005   0.3090967582E+006
    125200   0.3713431193E+005   0.3090429843E+006
    125300   0.3714063402E+005   0.3089574587E+006
    125400   0.3714814135E+005   0.3088960692E+006
    125500   0.3715697204E+005   0.3088577412E+006
    125600   0.3716847355E+005   0.3088045934E+006
    125700   0.3718182116E+005   0.3087414713E+006
    125800   0.3719461634E+005   0.3087172743E+006
    125900   0.3720592140E+005   0.3087005675E+006
    126000   0.3721576873E+005   0.3086030790E+006
    126100   0.3722449023E+005   0.3085547116E+006
    126200   0.3723316179E+005   0.3084951844E+006
    126300   0.3724038944E+005   0.3084320844E+006
    126400   0.3724784830E+005   0.3083898348E+006
    126500   0.3725575779E+005   0.3083412935E+006
    126600   0.3726446034E+005   0.3082036118E+006
    126700   0.3727207655E+005   0.3081410692E+006
    126800   0.3728107736E+005   0.3080695148E+006
    126900   0.3728992972E+005   0.3079819166E+006
    127000   0.3730097741E+005   0.3079411242E+006
    127100   0.3731433730E+005   0.3078790983E+006
    127200   0.3732343344E+005   0.3077937970E+006
    127300   0.3733523632E+005   0.3077818076E+006
    127400   0.3734658433E+005   0.3077575922E+006
    127500   0.3735944387E+005   0.3077774106E+006
    127600   0.3737421391E+005   0.3077796458E+006
    127700   0.3738398846E+005   0.3077117210E+006
    127800   0.3739597284E+005   0.3076547765E+006
    127900   0.3741043385E+005   0.3076037318E+006
    128000   0.3742820440E+005   0.3074859237E+006
    128100   0.3744554017E+005   0.3073917987E+006
    128200   0.3746160106E+005   0.3073828800E+006
    128300   0.3747366004E+005   0.3073284573E+006
    128400   0.3748661187E+005   0.3072879230E+006
    128500   0.3749826334E+005   0.3072242892E+006
    128600   0.3750971129E+005   0.3071260569E+006
    128700   0.3752511374E+005   0.3069889880E+006
    128800   0.3753736933E+005   0.3069552100E+006
    128900   0.3754802017E+005   0.3069156066E+006
    129000   0.3756389342E+005   0.3068331359E+006
    129100   0.3757629806E+005   0.3067663441E+006
    129200   0.3758739861E+005   0.3066764271E+006
    129300   0.3760117294E+005   0.3065760351E+006
    129400   0.3761716618E+005   0.3064266170E+006
    129500   0.3763176180E+005   0.3063510035E+006
    129600   0.3764416349E+005   0.3062722747E+006
    129700   0.3765631877E+005   0.3061688270E+006
    129800   0.3767117034E+005   0.3060574146E+006
    129900   0.3768249397E+005   0.3059803333E+006
    130000   0.3769906693E+005   0.3058361588E+006
    130100   0.3771513466E+005   0.3057345264E+006
    130200   0.3772918459E+005   0.3056162687E+006
    130300   0.3774391481E+005   0.3054985893E+006
    130400   0.3775741752E+005   0.3054050282E+006
    130500   0.3776764081E+005   0.3053337422E+006
    130600   0.3778309212E+005   0.3052070312E+006
    130700   0.3779709287E+005   0.3051190203E+006
    130800   0.3781312354E+005   0.3050156151E+006
    130900   0.3782602144E+005   0.3049293117E+006
    131000   0.3783861049E+005   0.3048345059E+006
    131100   0.3785134732E+005   0.3047402478E+006
    131200   0.3786373625E+005   0.3046685927E+006
    131300   0.3787756162E+005   0.3045473631E+006
    131400   0.3788788250E+005   0.3044532820E+006
    131500   0.3789974607E+005   0.3043430014E+006
    131600   0.3791144793E+005   0.3042439309E+006
    131700   0.3792087484E+005   0.3041642429E+006
    131800   0.3793275456E+005   0.3040933220E+006
    131900   0.3794670857E+005   0.3040172779E+006
    132000   0.3795756430E+005   0.3039446727E+006
    132100   0.3796826337E+005   0.3038750481E+006
    132200   0.3798008674E+005   0.3038163858E+006
    132300   0.3799496952E+005   0.3037886422E+006
    132400   0.3800802012E+005   0.3037452854E+006
    132500   0.3802201808E+005   0.3036633177E+006
    132600   0.3803520770E+005   0.3035786077E+006
    132700   0.3804684726E+005   0.3034991085E+006
    132800   0.3805956837E+005   0.3034427480E+006
    132900   0.3806908390E+005   0.3033685369E+006
    133000   0.3808054253E+005   0.3032929283E+006
    133100   0.3809128790E+005   0.3031968879E+006
    133200   0.3809979522E+005   0.3031195217E+006
    133300   0.3810785153E+005   0.3030354535E+006
    133400   0.3811605642E+005   0.3029577424E+006
    133500   0.3812704962E+005   0.3028375164E+006
    133600   0.3813810382E+005   0.3027575382E+006
    133700   0.3814896155E+005   0.3027023497E+006
    133800   0.3815903198E+005   0.3026389842E+006
    133900   0.3816624424E+005   0.3025453878E+006
    134000   0.3817524047E+005   0.3024879262E+006
    134100   0.3818585170E+005   0.3024364316E+006
    134200   0.3819766813E+005   0.3023327977E+006
    134300   0.3820710868E+005   0.3022765436E+006
    134400   0.3821749814E+005   0.3022361449E+006
    134500   0.3822805530E+005   0.3021302734E+006
    134600   0.3823731144E+005   0.3020832760E+006
    134700   0.3824717385E+005   0.3020304335E+006
    134800   0.3825643600E+005   0.3019736299E+006
    134900   0.3826745491E+005   0.3018806727E+006
    135000   0.3827850081E+005   0.3017837931E+006
    135100   0.3829070507E+005   0.3017025727E+006
    135200   0.3830582133E+005   0.3016364506E+006
    135300   0.3831429917E+005   0.3015805374E+006
    135400   0.3832312092E+005   0.3014980907E+006
    135500   0.3833310028E+005   0.3014109108E+006
    135600   0.3834069099E+005   0.3013372894E+006
    135700   0.3835069590E+005   0.3012553786E+006
    135800   0.3836270442E+005   0.3011628183E+006
    135900   0.3837617014E+005   0.3010685806E+006
    136000   0.3838866956E+005   0.3009697301E+006
    136100   0.3839881597E+005   0.3008506755E+006
    136200   0.3841016648E+005   0.3007673819E+006
    136300   0.3842218146E+005   0.3007075499E+006
    136400   0.3843422249E+005   0.3006284738E+006
    136500   0.3844485165E+005   0.3005138745E+006
    136600   0.3845794762E+005   0.3004248674E+006
    136700   0.3846624986E+005   0.3003678913E+006
    136800   0.3847382689E+005   0.3002991577E+006
    136900   0.3848330630E+005   0.3002168345E+006
    137000   0.3849305679E+005   0.3001575362E+006
    137100   0.3850462970E+005   0.3001021406E+006
    137200   0.3851299216E+005   0.3000636591E+006
    137300   0.3852136238E+005   0.3000031930E+006
    137400   0.3853205581E+005   0.2999286785E+006
    137500   0.3854337983E+005   0.2998930362E+006
    137600   0.3855241883E+005   0.2998741451E+006
    137700   0.3856412230E+005   0.2998133466E+006
    137800   0.3857723220E+005   0.2997978971E+006
    137900   0.3858696836E+005   0.2997262164E+006
    138000   0.3859352324E+005   0.2996802226E+006
    138100   0.3860088760E+005   0.2996403983E+006
    138200   0.3860652057E+005   0.2996360134E+006
    138300   0.3861506966E+005   0.2996013777E+006
    138400   0.3862408275E+005   0.2995636508E+006
    138500   0.3863052940E+005   0.2995026014E+006
    138600   0.3863852094E+005   0.2994674549E+006
    138700   0.3864559580E+005   0.2994513759E+006
    138800   0.3865269565E+005   0.2994306211E+006
    138900   0.3866011039E+005   0.2994061726E+006
    139000   0.3866580460E+005   0.2994012247E+006
    139100   0.3867104238E+005   0.2993889594E+006
    139200   0.3867767013E+005   0.2993618389E+006
    139300   0.3868286953E+005   0.2993084130E+006
    139400   0.3868976437E+005   0.2992409948E+006
    139500   0.3869826097E+005   0.2991982246E+006
    139600   0.3870549568E+005   0.2991514349E+006
    139700   0.3871011958E+005   0.2991225582E+006
    139800   0.3871435652E+005   0.2991263026E+006
    139900   0.3871912236E+005   0.2991179408E+006
    140000   0.3872340369E+005   0.2991126312E+006
    140100   0.3872593179E+005   0.2991196700E+006
    140200   0.3872651281E+005   0.2991165659E+006
    140300   0.3872727848E+005   0.2991145506E+006
    140400   0.3873035413E+005   0.2990758086E+006
    140500   0.3873367941E+005   0.2990355190E+006
    140600   0.3873510063E+005   0.2990328318E+006
    140700   0.3873543032E+005   0.2990624460E+006
    140800   0.3873509628E+005   0.2990656235E+006
    140900   0.3873514745E+005   0.2990434526E+006
    141000   0.3873399394E+005   0.2990312591E+006
    141100   0.3873266841E+005   0.2990284109E+006
    141200   0.3873287472E+005   0.2990366511E+006
    141300   0.3873155661E+005   0.2990641525E+006
    141400   0.3873009233E+005   0.2991057030E+006
    141500   0.3872907445E+005   0.2991309916E+006
    141600   0.3872898139E+005   0.2991330117E+006
    141700   0.3872819074E+005   0.2991538819E+006
    141800   0.3872647107E+005   0.2991427980E+006
    141900   0.3872340951E+005   0.2991343165E+006
    142000   0.3872239328E+005   0.2991639130E+006
    142100   0.3872154902E+005   0.2992058008E+006
    142200   0.3872026436E+005   0.2992372264E+006
    142300   0.3871846737E+005   0.2992654263E+006
    142400   0.3871714940E+005   0.2992917585E+006
    142500   0.3871583338E+005   0.2993509251E+006
    142600   0.3871511269E+005   0.2993671531E+006
    142700   0.3871425660E+005   0.2993886624E+006
    142800   0.3871501106E+005   0.2994015688E+006
    142900   0.3871572586E+005   0.2994160114E+006
    143000   0.3871859374E+005   0.2993795274E+006
    143100   0.3871953430E+005   0.2994014465E+006
    143200   0.3871961268E+005   0.2994164400E+006
    143300   0.3871928807E+005   0.2994058578E+006
    143400   0.3871936723E+005   0.2994070302E+006
    143500   0.3871918040E+005   0.2994103504E+006
    143600   0.3871829774E+005   0.2994086202E+006
    143700   0.3871774913E+005   0.2994155691E+006
    143800   0.3871590884E+005   0.2994227360E+006
    143900   0.3871368940E+005   0.2994466409E+006
    144000   0.3871272063E+005   0.2994576520E+006
    144100   0.3871253547E+005   0.2994815109E+006
    144200   0.3871123486E+005   0.2994832158E+006
    144300   0.3870906630E+005   0.2995390447E+006
    144400   0.3870775040E+005   0.2995786365E+006
    144500   0.3870846720E+005   0.2996078563E+006
    144600   0.3870833370E+005   0.2996363791E+006
    144700   0.3870750224E+005   0.2996646907E+006
    144800   0.3870773223E+005   0.2996638347E+006
    144900   0.3870715551E+005   0.2997040264E+006
    145000   0.3870645716E+005   0.2997123530E+006
    145100   0.3870588674E+005   0.2997436409E+006
    145200   0.3870487172E+005   0.2997634406E+006
    145300   0.3870499176E+005   0.2997654623E+006
    145400   0.3870485981E+005   0.2997421334E+006
    145500   0.3870399370E+005   0.2997711316E+006
    145600   0.3870244759E+005   0.2998091177E+006
    145700   0.3870118981E+005   0.2998014575E+006
    145800   0.3870053949E+005   0.2998040327E+006
    145900   0.3870001879E+005   0.2997792772E+006
    146000   0.3869852383E+005   0.2997578797E+006
    146100   0.3869591125E+005   0.2997349432E+006
    146200   0.3869542775E+005   0.2997308532E+006
    146300   0.3869577187E+005   0.2997488857E+006
    146400   0.3869439644E+005   0.2997766143E+006
    146500   0.3869288935E+005   0.2998201857E+006
    146600   0.3869130670E+005   0.2998431833E+006
    146700   0.3869092188E+005   0.2998468331E+006
    146800   0.3868913387E+005   0.2998618725E+006
    146900   0.3868766756E+005   0.2999034523E+006
    147000   0.3868731853E+005   0.2999640043E+006
    147100   0.3868647942E+005   0.3000005735E+006
    147200   0.3868737321E+005   0.3000341316E+006
    147300   0.3868733286E+005   0.3000385490E+006
    147400   0.3868582175E+005   0.3000599372E+006
    147500   0.3868445433E+005   0.3000698869E+006
    147600   0.3868226221E+005   0.3000658372E+006
    147700   0.3867979189E+005   0.3000948149E+006
    147800   0.3867570813E+005   0.3000946226E+006
    147900   0.3867289974E+005   0.3001372564E+006
    148000   0.3866984377E+005   0.3002162657E+006
    148100   0.3866714495E+005   0.3002813363E+006
    148200   0.3866440935E+005   0.3003489015E+006
    148300   0.3866231720E+005   0.3003455095E+006
    148400   0.3866066972E+005   0.3003629343E+006
    148500   0.3865866671E+005   0.3003697924E+006
    148600   0.3865734853E+005   0.3003772605E+006
    148700   0.3865410615E+005   0.3004025869E+006
    148800   0.3865082999E+005   0.3004213072E+006
    148900   0.3864835241E+005   0.3004168431E+006
    149000   0.3864601832E+005   0.3004248110E+006
    149100   0.3864380453E+005   0.3004702042E+006
    149200   0.3864053863E+005   0.3005113406E+006
    149300   0.3863679087E+005   0.3005300865E+006
    149400   0.3863362349E+005   0.3005342733E+006
    149500   0.3863036375E+005   0.3005588493E+006
    149600   0.3862620624E+005   0.3006030254E+006
    149700   0.3862297926E+005   0.3005916812E+006
    149800   0.3861966627E+005   0.3005619175E+006
    149900   0.3861430386E+005   0.3005503076E+006
    150000   0.3860953796E+005   0.3005477949E+006
    150100   0.3860638921E+005   0.3005632921E+006
    150200   0.3860467299E+005   0.3005835190E+006
    150300   0.3860263107E+005   0.3005686177E+006
    150400   0.3859924693E+005   0.3005431778E+006
    150500   0.3859646886E+005   0.3005282514E+006
    150600   0.3859398125E+005   0.3005297494E+006
    150700   0.3859050953E+005   0.3005357129E+006
    150800   0.3858575615E+005   0.3005257555E+006
    150900   0.3858183996E+005   0.3005466568E+006
    151000   0.3857887255E+005   0.3005771271E+006
    151100   0.3857670440E+005   0.3005720191E+006
    151200   0.3857339737E+005   0.3005712608E+006
    151300   0.3857056464E+005   0.3006046478E+006
    151400   0.3856784245E+005   0.3005977882E+006
    151500   0.3856428229E+005   0.3006174212E+006
    151600   0.3856094794E+005   0.3006463698E+006
    151700   0.3855916494E+005   0.3006365017E+006
    151800   0.3855743086E+005   0.3006276539E+006
    151900   0.3855572578E+005   0.3006685351E+006
    152000   0.3855287863E+005   0.3007084663E+006
    152100   0.3855101251E+005   0.3007581096E+006
    152200   0.3854863585E+005   0.3007783495E+006
    152300   0.3854655312E+005   0.3008112039E+006
    152400   0.3854307221E+005   0.3008441547E+006
    152500   0.3853975947E+005   0.3008625347E+006
    152600   0.3853732647E+005   0.3008584491E+006
    152700   0.3853551575E+005   0.3008911921E+006
    152800   0.3853341244E+005   0.3009340427E+006
    152900   0.3853026622E+005   0.3009743372E+006
    153000   0.3852648091E+005   0.3010032871E+006
    153100   0.3852377586E+005   0.3010687186E+006
    153200   0.3852192627E+005   0.3010803304E+006
    153300   0.3851879318E+005   0.3010785706E+006
    153400   0.3851642600E+005   0.3010706694E+006
    153500   0.3851475956E+005   0.3010593132E+006
    153600   0.3851283997E+005   0.3010514313E+006
    153700   0.3851110275E+005   0.3010514972E+006
    153800   0.3850780172E+005   0.3010720241E+006
    153900   0.3850506259E+005   0.3011025451E+006
    154000   0.3850004336E+005   0.3011360377E+006
    154100   0.3849684542E+005   0.3011537027E+006
    154200   0.3849195651E+005   0.3011968737E+006
    154300   0.3848687474E+005   0.3012016163E+006
    154400   0.3848218216E+005   0.3012314872E+006
    154500   0.3847918286E+005   0.3012946088E+006
    154600   0.3847598706E+005   0.3013491977E+006
    154700   0.3847260390E+005   0.3013841942E+006
    154800   0.3847121493E+005   0.3013977859E+006
    154900   0.3846950185E+005   0.3014427407E+006
    155000   0.3846729210E+005   0.3014724240E+006
    155100   0.3846508058E+005   0.3015087000E+006
    155200   0.3846367991E+005   0.3015028055E+006
    155300   0.3846365869E+005   0.3015310402E+006
    155400   0.3846282319E+005   0.3015665382E+006
    155500   0.3846025587E+005   0.3015690148E+006
    155600   0.3845552285E+005   0.3015779308E+006
    155700   0.3845147612E+005   0.3016098704E+006
    155800   0.3844744868E+005   0.3016148896E+006
    155900   0.3844460375E+005   0.3016418631E+006
    156000   0.3844153570E+005   0.3016898943E+006
    156100   0.3843791105E+005   0.3017063286E+006
    156200   0.3843416773E+005   0.3017300522E+006
    156300   0.3843203094E+005   0.3017678469E+006
    156400   0.3843079795E+005   0.3017824426E+006
    156500   0.3843046487E+005   0.3017894742E+006
    156600   0.3842858224E+005   0.3018182218E+006
    156700   0.3842568136E+005   0.3018335888E+006
    156800   0.3842257683E+005   0.3018291196E+006
    156900   0.3842010518E+005   0.3018555474E+006
    157000   0.3841742883E+005   0.3018936122E+006
    157100   0.3841536082E+005   0.3019245473E+006
    157200   0.3841357477E+005   0.3019118310E+006
    157300   0.3841051674E+005   0.3018922769E+006
    157400   0.3840861013E+005   0.3019125220E+006
    157500   0.3840752573E+005   0.3019222037E+006
    157600   0.3840395765E+005   0.3019115513E+006
    157700   0.3840128915E+005   0.3019110328E+006
    157800   0.3839826837E+005   0.3019467412E+006
    157900   0.3839530661E+005   0.3019518324E+006
    158000   0.3839240049E+005   0.3019651423E+006
    158100   0.3838846361E+005   0.3019816140E+006
    158200   0.3838400740E+005   0.3020313023E+006
    158300   0.3838009954E+005   0.3020768396E+006
    158400   0.3837660585E+005   0.3021174137E+006
    158500   0.3837248076E+005   0.3021484967E+006
    158600   0.3836784454E+005   0.3021921193E+006
    158700   0.3836384899E+005   0.3022064125E+006
    158800   0.3836003783E+005   0.3022532331E+006
    158900   0.3835635563E+005   0.3022731994E+006
    159000   0.3835399706E+005   0.3022782156E+006
    159100   0.3834999489E+005   0.3022879382E+006
    159200   0.3834696800E+005   0.3023385052E+006
    159300   0.3834284416E+005   0.3023534166E+006
    159400   0.3833910064E+005   0.3023514137E+006
    159500   0.3833487134E+005   0.3023618804E+006
    159600   0.3832991696E+005   0.3023898443E+006
    159700   0.3832579031E+005   0.3024146775E+006
    159800   0.3832155248E+005   0.3024166025E+006
    159900   0.3831734071E+005   0.3024112232E+006
    160000   0.3831353817E+005   0.3024585587E+006
    160100   0.3830799345E+005   0.3025138149E+006
    160200   0.3830400807E+005   0.3025279681E+006
    160300   0.3830033391E+005   0.3025254367E+006
    160400   0.3829684254E+005   0.3025009781E+006
    160500   0.3829454127E+005   0.3024878545E+006
    160600   0.3829238374E+005   0.3025099016E+006
    160700   0.3828982306E+005   0.3025449774E+006
    160800   0.3828707916E+005   0.3025726184E+006
    160900   0.3828484929E+005   0.3026139102E+006
    161000   0.3828149978E+005   0.3025988529E+006
    161100   0.3827844713E+005   0.3025956216E+006
    161200   0.3827603736E+005   0.3025887285E+006
    161300   0.3827255476E+005   0.3025993718E+006
    161400   0.3826790683E+005   0.3026131037E+006
    161500   0.3826537579E+005   0.3026323060E+006
    161600   0.3826315748E+005   0.3026142779E+006
    161700   0.3826029494E+005   0.3026425342E+006
    161800   0.3825797966E+005   0.3026527182E+006
    161900   0.3825587544E+005   0.3026557821E+006
    162000   0.3825472977E+005   0.3026732026E+006
    162100   0.3825388684E+005   0.3026737815E+006
    162200   0.3825268050E+005   0.3026758530E+006
    162300   0.3825165899E+005   0.3026853156E+006
    162400   0.3824990384E+005   0.3026959794E+006
    162500   0.3824733823E+005   0.3027290863E+006
    162600   0.3824484712E+005   0.3027796206E+006
    162700   0.3824363838E+005   0.3028077560E+006
    162800   0.3824357742E+005   0.3028395562E+006
    162900   0.3824330257E+005   0.3028332056E+006
    163000   0.3824295411E+005   0.3028431038E+006
    163100   0.3824338128E+005   0.3028578346E+006
    163200   0.3824391547E+005   0.3028602020E+006
    163300   0.3824413040E+005   0.3028582717E+006
    163400   0.3824491140E+005   0.3028524291E+006
    163500   0.3824690748E+005   0.3028433418E+006
    163600   0.3824857602E+005   0.3028299529E+006
    163700   0.3825044215E+005   0.3028342549E+006
    163800   0.3825332607E+005   0.3028556882E+006
    163900   0.3825532940E+005   0.3028599563E+006
    164000   0.3825794802E+005   0.3028448139E+006
    164100   0.3825964353E+005   0.3028375526E+006
    164200   0.3826065332E+005   0.3028375390E+006
    164300   0.3826250689E+005   0.3028139690E+006
    164400   0.3826423691E+005   0.3028206073E+006
    164500   0.3826536480E+005   0.3028298021E+006
    164600   0.3826731411E+005   0.3028233413E+006
    164700   0.3826912826E+005   0.3028160090E+006
    164800   0.3827045351E+005   0.3028248457E+006
    164900   0.3827170404E+005   0.3028281955E+006
    165000   0.3827226190E+005   0.3027955617E+006
    165100   0.3827275546E+005   0.3027897708E+006
    165200   0.3827355447E+005   0.3028080646E+006
    165300   0.3827370853E+005   0.3028046471E+006
    165400   0.3827309236E+005   0.3027897583E+006
    165500   0.3827309073E+005   0.3027880391E+006
    165600   0.3827317694E+005   0.3027838043E+006
    165700   0.3827308241E+005   0.3027879407E+006
    165800   0.3827348478E+005   0.3027851974E+006
    165900   0.3827306039E+005   0.3027823491E+006
    166000   0.3827279987E+005   0.3027489986E+006
    166100   0.3827351269E+005   0.3027535815E+006
    166200   0.3827436357E+005   0.3027707693E+006
    166300   0.3827289740E+005   0.3027529193E+006
    166400   0.3827190837E+005   0.3027833903E+006
    166500   0.3827124589E+005   0.3027946478E+006
    166600   0.3827143743E+005   0.3028086774E+006
    166700   0.3827257695E+005   0.3028068188E+006
    166800   0.3827342203E+005   0.3028303144E+006
    166900   0.3827534991E+005   0.3028156355E+006
    167000   0.3827704929E+005   0.3027970963E+006
    167100   0.3827884280E+005   0.3028105884E+006
    167200   0.3828068606E+005   0.3028056490E+006
    167300   0.3828222237E+005   0.3028041026E+006
    167400   0.3828391784E+005   0.3028029724E+006
    167500   0.3828475405E+005   0.3027993810E+006
    167600   0.3828466018E+005   0.3027972324E+006
    167700   0.3828608512E+005   0.3028101383E+006
    167800   0.3828767940E+005   0.3028044927E+006
    167900   0.3828916074E+005   0.3027923487E+006
    168000   0.3829054363E+005   0.3027716084E+006
    168100   0.3829203072E+005   0.3027511969E+006
    168200   0.3829395595E+005   0.3027140677E+006
    168300   0.3829619701E+005   0.3027097465E+006
    168400   0.3829856237E+005   0.3026988707E+006
    168500   0.3830088119E+005   0.3026585811E+006
    168600   0.3830242175E+005   0.3026346609E+006
    168700   0.3830437046E+005   0.3026154856E+006
    168800   0.3830711220E+005   0.3025960538E+006
    168900   0.3831028238E+005   0.3026000500E+006
    169000   0.3831390532E+005   0.3025773160E+006
    169100   0.3831750279E+005   0.3025608151E+006
    169200   0.3831959371E+005   0.3025376201E+006
    169300   0.3832165019E+005   0.3025129011E+006
    169400   0.3832463673E+005   0.3024823146E+006
    169500   0.3832835825E+005   0.3024563006E+006
    169600   0.3833191778E+005   0.3024581409E+006
    169700   0.3833422693E+005   0.3024616887E+006
    169800   0.3833626073E+005   0.3024417164E+006
    169900   0.3833908014E+005   0.3024326968E+006
    170000   0.3834087573E+005   0.3024306030E+006
    170100   0.3834123908E+005   0.3024252977E+006
    170200   0.3834163383E+005   0.3023903237E+006
    170300   0.3834173385E+005   0.3023818246E+006
    170400   0.3834160158E+005   0.3023619980E+006
    170500   0.3834176689E+005   0.3023244093E+006
    170600   0.3834143185E+005   0.3022840616E+006
    170700   0.3834174219E+005   0.3022678537E+006
    170800   0.3834292167E+005   0.3022689547E+006
    170900   0.3834458118E+005   0.3022666243E+006
    171000   0.3834572368E+005   0.3022464184E+006
    171100   0.3834656107E+005   0.3022157462E+006
    171200   0.3834750728E+005   0.3022255148E+006
    171300   0.3834761465E+005   0.3022028394E+006
    171400   0.3834776558E+005   0.3021893077E+006
    171500   0.3834883542E+005   0.3021862814E+006
    171600   0.3834986362E+005   0.3021800671E+006
    171700   0.3835061190E+005   0.3021557280E+006
    171800   0.3835231761E+005   0.3021380000E+006
    171900   0.3835358096E+005   0.3021249406E+006
    172000   0.3835383019E+005   0.3021190947E+006
    172100   0.3835450687E+005   0.3021027670E+006
    172200   0.3835601062E+005   0.3020950991E+006
    172300   0.3835693885E+005   0.3020833490E+006
    172400   0.3835860665E+005   0.3020740883E+006
    172500   0.3835960914E+005   0.3020799375E+006
    172600   0.3835980370E+005   0.3020716729E+006
    172700   0.3836050342E+005   0.3020619179E+006
    172800   0.3836112961E+005   0.3020642289E+006
    172900   0.3836172551E+005   0.3020528573E+006
    173000   0.3836277465E+005   0.3020516026E+006
    173100   0.3836381702E+005   0.3020376089E+006
    173200   0.3836467054E+005   0.3020399024E+006
    173300   0.3836509184E+005   0.3020755904E+006
    173400   0.3836570655E+005   0.3021044710E+006
    173500   0.3836625103E+005   0.3021147336E+006
    173600   0.3836704155E+005   0.3021135177E+006
    173700   0.3836772744E+005   0.3021171600E+006
    173800   0.3836805827E+005   0.3021249019E+006
    173900   0.3836791928E+005   0.3021189746E+006
    174000   0.3836797993E+005   0.3021442811E+006
    174100   0.3836707595E+005   0.3021734535E+006
    174200   0.3836708847E+005   0.3021824181E+006
    174300   0.3836764259E+005   0.3022057479E+006
    174400   0.3836765113E+005   0.3022263012E+006
    174500   0.3836758200E+005   0.3022286532E+006
    174600   0.3836592019E+005   0.3022171433E+006
    174700   0.3836374862E+005   0.3022573692E+006
    174800   0.3836199122E+005   0.3022558396E+006
    174900   0.3836159908E+005   0.3022698615E+006
    175000   0.3836130054E+005   0.3022960097E+006
    175100   0.3836068236E+005   0.3023119543E+006
    175200   0.3835748384E+005   0.3023653834E+006
    175300   0.3835487308E+005   0.3023880905E+006
    175400   0.3835130230E+005   0.3024150056E+006
    175500   0.3834775798E+005   0.3024537926E+006
    175600   0.3834481489E+005   0.3024682612E+006
    175700   0.3834214277E+005   0.3024865622E+006
    175800   0.3833953328E+005   0.3024939986E+006
    175900   0.3833660160E+005   0.3025120134E+006
    176000   0.3833271724E+005   0.3025300834E+006
    176100   0.3832883172E+005   0.3025615275E+006
    176200   0.3832578651E+005   0.3026009978E+006
    176300   0.3832144230E+005   0.3025900801E+006
    176400   0.3831925108E+005   0.3026103274E+006
    176500   0.3831690789E+005   0.3026282991E+006
    176600   0.3831465622E+005   0.3026542895E+006
    176700   0.3831240395E+005   0.3026963841E+006
    176800   0.3831103098E+005   0.3027248893E+006
    176900   0.3830841310E+005   0.3027349222E+006
    177000   0.3830615213E+005   0.3027310294E+006
    177100   0.3830419049E+005   0.3027305407E+006
    177200   0.3830175024E+005   0.3027440248E+006
    177300   0.3829964082E+005   0.3027688508E+006
    177400   0.3829679233E+005   0.3027858380E+006
    177500   0.3829368911E+005   0.3028312679E+006
    177600   0.3829163638E+005   0.3028500944E+006
    177700   0.3829010871E+005   0.3028664535E+006
    177800   0.3828781926E+005   0.3028971665E+006
    177900   0.3828462028E+005   0.3029493226E+006
    178000   0.3828135148E+005   0.3030055151E+006
    178100   0.3827902095E+005   0.3030313096E+006
    178200   0.3827791433E+005   0.3030438295E+006
    178300   0.3827646997E+005   0.3030784635E+006
    178400   0.3827415421E+005   0.3031348868E+006
    178500   0.3827303892E+005   0.3031406294E+006
    178600   0.3827111271E+005   0.3031718689E+006
    178700   0.3826828218E+005   0.3031851276E+006
    178800   0.3826660452E+005   0.3032006590E+006
    178900   0.3826465508E+005   0.3032430252E+006
    179000   0.3826160375E+005   0.3032686385E+006
    179100   0.3825715299E+005   0.3033043611E+006
    179200   0.3825328371E+005   0.3033262279E+006
    179300   0.3825028294E+005   0.3033435832E+006
    179400   0.3824697562E+005   0.3033618539E+006
    179500   0.3824341007E+005   0.3033701941E+006
    179600   0.3823994751E+005   0.3033749671E+006
    179700   0.3823733117E+005   0.3033846333E+006
    179800   0.3823442673E+005   0.3034236829E+006
    179900   0.3823065083E+005   0.3034576409E+006
    180000   0.3822669008E+005   0.3035232538E+006
    180100   0.3822245576E+005   0.3035701014E+006
    180200   0.3821865348E+005   0.3035871713E+006
    180300   0.3821467089E+005   0.3035951878E+006
    180400   0.3821212511E+005   0.3036194077E+006
    180500   0.3820930123E+005   0.3036154105E+006
    180600   0.3820646703E+005   0.3036427987E+006
    180700   0.3820463857E+005   0.3036519340E+006
    180800   0.3820315530E+005   0.3036786066E+006
    180900   0.3820182360E+005   0.3037036903E+006
    181000   0.3819805402E+005   0.3037177866E+006
    181100   0.3819350822E+005   0.3037718833E+006
    181200   0.3818944822E+005   0.3037970863E+006
    181300   0.3818654286E+005   0.3038088771E+006
    181400   0.3818329480E+005   0.3038153851E+006
    181500   0.3818150088E+005   0.3038109496E+006
    181600   0.3817922178E+005   0.3038540261E+006
    181700   0.3817589423E+005   0.3038602678E+006
    181800   0.3817212842E+005   0.3038702745E+006
    181900   0.3816875679E+005   0.3039056592E+006
    182000   0.3816596963E+005   0.3039351325E+006
    182100   0.3816333444E+005   0.3039383542E+006
    182200   0.3816024760E+005   0.3039586578E+006
    182300   0.3815540351E+005   0.3039921213E+006
    182400   0.3815134744E+005   0.3040324956E+006
    182500   0.3814869477E+005   0.3040519156E+006
    182600   0.3814567686E+005   0.3040969648E+006
    182700   0.3814271492E+005   0.3041110073E+006
    182800   0.3814019511E+005   0.3041423896E+006
    182900   0.3813564615E+005   0.3041590523E+006
    183000   0.3813179480E+005   0.3041811562E+006
    183100   0.3812759589E+005   0.3042132438E+006
    183200   0.3812425118E+005   0.3042544178E+006
    183300   0.3812025747E+005   0.3043018984E+006
    183400   0.3811585650E+005   0.3043466551E+006
    183500   0.3811141987E+005   0.3043717484E+006
    183600   0.3810697141E+005   0.3043732959E+006
    183700   0.3810456922E+005   0.3043878384E+006
    183800   0.3810241528E+005   0.3043946829E+006
    183900   0.3810092758E+005   0.3044045875E+006
    184000   0.3809958478E+005   0.3044188942E+006
    184100   0.3809775167E+005   0.3044276812E+006
    184200   0.3809490507E+005   0.3044251408E+006
    184300   0.3809232575E+005   0.3044350641E+006
    184400   0.3808899283E+005   0.3044326461E+006
    184500   0.3808565393E+005   0.3044521774E+006
    184600   0.3808349649E+005   0.3044461372E+006
    184700   0.3808041377E+005   0.3044389413E+006
    184800   0.3807806997E+005   0.3044500430E+006
    184900   0.3807508036E+005   0.3044866078E+006
    185000   0.3807222636E+005   0.3045246928E+006
    185100   0.3806888184E+005   0.3045436906E+006
    185200   0.3806629426E+005   0.3045552354E+006
    185300   0.3806403037E+005   0.3045535097E+006
    185400   0.3806134311E+005   0.3045825804E+006
    185500   0.3805816356E+005   0.3046045803E+006
    185600   0.3805513030E+005   0.3046191629E+006
    185700   0.3805167626E+005   0.3046128981E+006
    185800   0.3804819498E+005   0.3046580525E+006
    185900   0.3804495902E+005   0.3046844941E+006
    186000   0.3804124904E+005   0.3047101517E+006
    186100   0.3803753058E+005   0.3047456967E+006
    186200   0.3803362376E+005   0.3047709131E+006
    186300   0.3802918682E+005   0.3048493119E+006
    186400   0.3802496536E+005   0.3048857132E+006
    186500   0.3802131000E+005   0.3049104498E+006
    186600   0.3801751538E+005   0.3049237099E+006
    186700   0.3801400834E+005   0.3049336851E+006
    186800   0.3801007703E+005   0.3049643325E+006
    186900   0.3800751058E+005   0.3049703300E+006
    187000   0.3800426205E+005   0.3049794697E+006
    187100   0.3800059848E+005   0.3049950472E+006
    187200   0.3799708950E+005   0.3050195821E+006
    187300   0.3799390095E+005   0.3050394231E+006
    187400   0.3798945530E+005   0.3050830526E+006
    187500   0.3798538506E+005   0.3051508342E+006
    187600   0.3798165605E+005   0.3051718574E+006
    187700   0.3797674590E+005   0.3051819615E+006
    187800   0.3797285419E+005   0.3052212801E+006
    187900   0.3796889648E+005   0.3052659198E+006
    188000   0.3796464093E+005   0.3052824491E+006
    188100   0.3795976691E+005   0.3053365401E+006
    188200   0.3795570303E+005   0.3053898036E+006
    188300   0.3795281037E+005   0.3054293278E+006
    188400   0.3794947513E+005   0.3054577997E+006
    188500   0.3794691677E+005   0.3054581274E+006
    188600   0.3794392186E+005   0.3054789524E+006
    188700   0.3794069658E+005   0.3055118659E+006
    188800   0.3793738917E+005   0.3055380495E+006
    188900   0.3793432964E+005   0.3055516148E+006
    189000   0.3793132444E+005   0.3055613304E+006
    189100   0.3792718349E+005   0.3055796116E+006
    189200   0.3792234652E+005   0.3055868450E+006
    189300   0.3791738836E+005   0.3056274609E+006
    189400   0.3791229253E+005   0.3056793963E+006
    189500   0.3790584119E+005   0.3057554272E+006
    189600   0.3789947013E+005   0.3057862242E+006
    189700   0.3789366729E+005   0.3057873733E+006
    189800   0.3788850879E+005   0.3058242938E+006
    189900   0.3788286368E+005   0.3058527525E+006
    190000   0.3787670158E+005   0.3058908925E+006
    190100   0.3787030201E+005   0.3059559567E+006
    190200   0.3786490993E+005   0.3059813920E+006
    190300   0.3786038814E+005   0.3060265140E+006
    190400   0.3785615275E+005   0.3060567248E+006
    190500   0.3785111793E+005   0.3060956169E+006
    190600   0.3784623674E+005   0.3061461401E+006
    190700   0.3784256215E+005   0.3061666348E+006
    190800   0.3783797681E+005   0.3061897423E+006
    190900   0.3783474970E+005   0.3062330981E+006
    191000   0.3783061542E+005   0.3062538078E+006
    191100   0.3782620542E+005   0.3062927765E+006
    191200   0.3782136504E+005   0.3063599459E+006
    191300   0.3781595291E+005   0.3064238835E+006
    191400   0.3781140375E+005   0.3064587639E+006
    191500   0.3780461247E+005   0.3065158404E+006
    191600   0.3779855709E+005   0.3065657352E+006
    191700   0.3779295301E+005   0.3066292209E+006
    191800   0.3778576758E+005   0.3066974384E+006
    191900   0.3777888035E+005   0.3067685600E+006
    192000   0.3777282040E+005   0.3068121882E+006
    192100   0.3776592108E+005   0.3068632398E+006
    192200   0.3775913436E+005   0.3068903799E+006
    192300   0.3775231275E+005   0.3069166452E+006
    192400   0.3774414153E+005   0.3069822900E+006
    192500   0.3773675327E+005   0.3070574134E+006
    192600   0.3773226778E+005   0.3071081827E+006
    192700   0.3772705586E+005   0.3071378938E+006
    192800   0.3772043002E+005   0.3071885383E+006
    192900   0.3771493925E+005   0.3072540496E+006
    193000   0.3770905565E+005   0.3072770999E+006
    193100   0.3770458567E+005   0.3073060788E+006
    193200   0.3769947178E+005   0.3073341778E+006
    193300   0.3769407899E+005   0.3073679205E+006
    193400   0.3768927091E+005   0.3073977147E+006
    193500   0.3768336868E+005   0.3074565002E+006
    193600   0.3767784877E+005   0.3075039560E+006
    193700   0.3767368100E+005   0.3075587430E+006
    193800   0.3766936480E+005   0.3076049526E+006
    193900   0.3766576688E+005   0.3076481307E+006
    194000   0.3766057318E+005   0.3076791193E+006
    194100   0.3765535735E+005   0.3077263377E+006
    194200   0.3764958257E+005   0.3077766155E+006
    194300   0.3764594286E+005   0.3077873123E+006
    194400   0.3764225689E+005   0.3077918131E+006
    194500   0.3763890420E+005   0.3077864100E+006
    194600   0.3763584678E+005   0.3077852771E+006
    194700   0.3763246132E+005   0.3077953180E+006
    194800   0.3762960001E+005   0.3078042310E+006
    194900   0.3762613675E+005   0.3078474675E+006
    195000   0.3762270344E+005   0.3078492879E+006
    195100   0.3761913670E+005   0.3078436470E+006
    195200   0.3761707283E+005   0.3078542845E+006
    195300   0.3761495259E+005   0.3078545898E+006
    195400   0.3761214311E+005   0.3078742891E+006
    195500   0.3760797490E+005   0.3079149111E+006
    195600   0.3760345954E+005   0.3079539032E+006
    195700   0.3759978489E+005   0.3079961569E+006
    195800   0.3759670557E+005   0.3080172429E+006
    195900   0.3759432372E+005   0.3080518928E+006
    196000   0.3759155459E+005   0.3080841308E+006
    196100   0.3758942258E+005   0.3081031498E+006
    196200   0.3758734437E+005   0.3081354444E+006
    196300   0.3758474125E+005   0.3081499826E+006
    196400   0.3758182329E+005   0.3081641843E+006
    196500   0.3757817857E+005   0.3081911414E+006
    196600   0.3757443989E+005   0.3082186692E+006
    196700   0.3757124102E+005   0.3082389164E+006
    196800   0.3756786318E+005   0.3082738076E+006
    196900   0.3756438199E+005   0.3082927061E+006
    197000   0.3756166168E+005   0.3083299014E+006
    197100   0.3755936988E+005   0.3083469836E+006
    197200   0.3755640496E+005   0.3083661917E+006
    197300   0.3755403753E+005   0.3083904364E+006
    197400   0.3755193081E+005   0.3084176371E+006
    197500   0.3754990839E+005   0.3084395891E+006
    197600   0.3754835502E+005   0.3084551969E+006
    197700   0.3754704285E+005   0.3084685694E+006
    197800   0.3754529877E+005   0.3084787745E+006
    197900   0.3754313819E+005   0.3085176880E+006
    198000   0.3754146125E+005   0.3085222660E+006
    198100   0.3753970508E+005   0.3085338361E+006
    198200   0.3753795091E+005   0.3085590847E+006
    198300   0.3753645009E+005   0.3085915279E+006
    198400   0.3753525440E+005   0.3086230246E+006
    198500   0.3753351456E+005   0.3086548745E+006
    198600   0.3753158868E+005   0.3086683181E+006
    198700   0.3752985456E+005   0.3086655356E+006
    198800   0.3752767414E+005   0.3086661406E+006
    198900   0.3752553250E+005   0.3086935200E+006
    199000   0.3752247267E+005   0.3087052436E+006
    199100   0.3751988622E+005   0.3087111393E+006
    199200   0.3751674385E+005   0.3087276008E+006
    199300   0.3751427772E+005   0.3087520879E+006
    199400   0.3751038296E+005   0.3087767644E+006
    199500   0.3750803995E+005   0.3087882339E+006
    199600   0.3750628055E+005   0.3088026431E+006
    199700   0.3750430370E+005   0.3088263053E+006
    199800   0.3750160266E+005   0.3088273060E+006
    199900   0.3749820998E+005   0.3088547314E+006
    200000   0.3749452245E+005   0.3089132364E+006
