# Evolution of the weightfunction during equilibration phase for fractional: Ar
# Weightfunction after cycle        236
 0.0000000    0.3400000000E+001    0.1200000000E+001
 0.0101010    0.3500000000E+001    0.1200000000E+001
 0.0202020    0.3600000000E+001    0.1200000000E+001
 0.0303030    0.3300000000E+001    0.1900000000E+001
 0.0404040    0.2200000000E+001    0.0000000000E+000
 0.0505051    0.4200000000E+001    0.2000000000E+001
 0.0606061    0.4500000000E+001    0.1600000000E+001
 0.0707071    0.4000000000E+001    0.1700000000E+001
 0.0808081    0.3400000000E+001    0.8000000000E+000
 0.0909091    0.2700000000E+001    0.6000000000E+000
 0.1010101    0.4100000000E+001    0.1500000000E+001
 0.1111111    0.3300000000E+001    0.6000000000E+000
 0.1212121    0.3600000000E+001    0.1500000000E+001
 0.1313131    0.4100000000E+001    0.1500000000E+001
 0.1414141    0.3900000000E+001    0.1300000000E+001
 0.1515152    0.3800000000E+001    0.1300000000E+001
 0.1616162    0.3800000000E+001    0.7000000000E+000
 0.1717172    0.5000000000E+001    0.1300000000E+001
 0.1818182    0.3700000000E+001    0.1300000000E+001
 0.1919192    0.4500000000E+001    0.2000000000E+001
 0.2020202    0.4600000000E+001    0.1000000000E+001
 0.2121212    0.4400000000E+001    0.1300000000E+001
 0.2222222    0.4500000000E+001    0.2000000000E+001
 0.2323232    0.5000000000E+001    0.1200000000E+001
 0.2424242    0.4300000000E+001    0.1500000000E+001
 0.2525253    0.3300000000E+001    0.1000000000E+001
 0.2626263    0.4500000000E+001    0.6000000000E+000
 0.2727273    0.2800000000E+001    0.1300000000E+001
 0.2828283    0.4100000000E+001    0.7000000000E+000
 0.2929293    0.4500000000E+001    0.3000000000E+000
 0.3030303    0.3200000000E+001    0.9000000000E+000
 0.3131313    0.4300000000E+001    0.6000000000E+000
 0.3232323    0.3400000000E+001    0.6000000000E+000
 0.3333333    0.3900000000E+001    0.9000000000E+000
 0.3434343    0.3800000000E+001    0.1000000000E+001
 0.3535354    0.4000000000E+001    0.1000000000E+001
 0.3636364    0.4000000000E+001    0.6000000000E+000
 0.3737374    0.3400000000E+001    0.2000000000E+000
 0.3838384    0.4500000000E+001    0.1200000000E+001
 0.3939394    0.3000000000E+001    0.1000000000E+000
 0.4040404    0.3100000000E+001    0.8000000000E+000
 0.4141414    0.2500000000E+001    0.4000000000E+000
 0.4242424    0.3800000000E+001    0.2000000000E+000
 0.4343434    0.2900000000E+001    0.4000000000E+000
 0.4444444    0.3500000000E+001    0.6000000000E+000
 0.4545455    0.2900000000E+001    0.5000000000E+000
 0.4646465    0.3600000000E+001    0.4000000000E+000
 0.4747475    0.2800000000E+001    0.1100000000E+001
 0.4848485    0.3000000000E+001    0.1000000000E+001
 0.4949495    0.3100000000E+001    0.1400000000E+001
 0.5050505    0.2600000000E+001    0.2000000000E+000
 0.5151515    0.2400000000E+001    0.1300000000E+001
 0.5252525    0.2200000000E+001    0.1300000000E+001
 0.5353535    0.3300000000E+001    0.1100000000E+001
 0.5454545    0.2800000000E+001    0.8000000000E+000
 0.5555556    0.2300000000E+001    0.1400000000E+001
 0.5656566    0.3300000000E+001    0.9000000000E+000
 0.5757576    0.2900000000E+001    0.2200000000E+001
 0.5858586    0.3500000000E+001    0.2100000000E+001
 0.5959596    0.2900000000E+001    0.1400000000E+001
 0.6060606    0.2300000000E+001    0.1200000000E+001
 0.6161616    0.3800000000E+001    0.1000000000E+001
 0.6262626    0.3400000000E+001    0.8000000000E+000
 0.6363636    0.3000000000E+001    0.1000000000E+001
 0.6464646    0.2500000000E+001    0.1300000000E+001
 0.6565657    0.3000000000E+001    0.6000000000E+000
 0.6666667    0.3200000000E+001    0.6000000000E+000
 0.6767677    0.4300000000E+001    0.3000000000E+000
 0.6868687    0.2200000000E+001    0.7000000000E+000
 0.6969697    0.3500000000E+001    0.7000000000E+000
 0.7070707    0.3200000000E+001    0.1000000000E+001
 0.7171717    0.2500000000E+001    0.5000000000E+000
 0.7272727    0.2400000000E+001    0.7000000000E+000
 0.7373737    0.3100000000E+001    0.6000000000E+000
 0.7474747    0.3500000000E+001    0.1100000000E+001
 0.7575758    0.3300000000E+001    0.1000000000E+001
 0.7676768    0.3000000000E+001    0.9000000000E+000
 0.7777778    0.3000000000E+001    0.8000000000E+000
 0.7878788    0.3900000000E+001    0.1500000000E+001
 0.7979798    0.3200000000E+001    0.9000000000E+000
 0.8080808    0.3200000000E+001    0.1000000000E+001
 0.8181818    0.2900000000E+001    0.8000000000E+000
 0.8282828    0.3100000000E+001    0.1000000000E+001
 0.8383838    0.3100000000E+001    0.1000000000E+001
 0.8484848    0.3400000000E+001    0.9000000000E+000
 0.8585859    0.3100000000E+001    0.1100000000E+001
 0.8686869    0.3300000000E+001    0.1300000000E+001
 0.8787879    0.3000000000E+001    0.9000000000E+000
 0.8888889    0.3200000000E+001    0.1200000000E+001
 0.8989899    0.2600000000E+001    0.1300000000E+001
 0.9090909    0.3100000000E+001    0.8000000000E+000
 0.9191919    0.3000000000E+001    0.6000000000E+000
 0.9292929    0.3800000000E+001    0.1600000000E+001
 0.9393939    0.3000000000E+001    0.1000000000E+001
 0.9494949    0.3500000000E+001    0.1200000000E+001
 0.9595960    0.3100000000E+001    0.9000000000E+000
 0.9696970    0.4000000000E+001    0.1900000000E+001
 0.9797980    0.2600000000E+001    0.6000000000E+000
 0.9898990    0.3000000000E+001    0.1100000000E+001
 1.0000000    0.3200000000E+001    0.9000000000E+000


# Weightfunction after cycle        792
 0.0000000    0.2475000000E+001    0.4000000000E+000
 0.0101010    0.2625000000E+001    0.6250000000E+000
 0.0202020    0.3500000000E+001    0.1125000000E+001
 0.0303030    0.2775000000E+001    0.5000000000E+000
 0.0404040    0.2975000000E+001    0.9500000000E+000
 0.0505051    0.2775000000E+001    0.6250000000E+000
 0.0606061    0.2925000000E+001    0.5000000000E+000
 0.0707071    0.3300000000E+001    0.1000000000E+001
 0.0808081    0.2850000000E+001    0.4500000000E+000
 0.0909091    0.3400000000E+001    0.7750000000E+000
 0.1010101    0.3400000000E+001    0.6250000000E+000
 0.1111111    0.3625000000E+001    0.4000000000E+000
 0.1212121    0.3550000000E+001    0.1025000000E+001
 0.1313131    0.3750000000E+001    0.7250000000E+000
 0.1414141    0.3725000000E+001    0.5500000000E+000
 0.1515152    0.3600000000E+001    0.8500000000E+000
 0.1616162    0.3375000000E+001    0.8250000000E+000
 0.1717172    0.3825000000E+001    0.7750000000E+000
 0.1818182    0.3925000000E+001    0.1000000000E+001
 0.1919192    0.3950000000E+001    0.9250000000E+000
 0.2020202    0.3600000000E+001    0.4250000000E+000
 0.2121212    0.3900000000E+001    0.2250000000E+000
 0.2222222    0.4450000000E+001    0.6500000000E+000
 0.2323232    0.4200000000E+001    0.6500000000E+000
 0.2424242    0.4400000000E+001    0.8750000000E+000
 0.2525253    0.4200000000E+001    0.4000000000E+000
 0.2626263    0.3950000000E+001    0.8750000000E+000
 0.2727273    0.3625000000E+001    0.9000000000E+000
 0.2828283    0.4075000000E+001    0.4750000000E+000
 0.2929293    0.3625000000E+001    0.7750000000E+000
 0.3030303    0.3575000000E+001    0.4500000000E+000
 0.3131313    0.3525000000E+001    0.6750000000E+000
 0.3232323    0.3575000000E+001    0.0000000000E+000
 0.3333333    0.3675000000E+001    0.3000000000E+000
 0.3434343    0.3725000000E+001    0.7500000000E+000
 0.3535354    0.3425000000E+001    0.5750000000E+000
 0.3636364    0.3600000000E+001    0.4500000000E+000
 0.3737374    0.3525000000E+001    0.7000000000E+000
 0.3838384    0.3050000000E+001    0.6250000000E+000
 0.3939394    0.3125000000E+001    0.5750000000E+000
 0.4040404    0.3900000000E+001    0.5000000000E+000
 0.4141414    0.3675000000E+001    0.2250000000E+000
 0.4242424    0.3150000000E+001    0.2500000000E-001
 0.4343434    0.3525000000E+001    0.1500000000E+000
 0.4444444    0.2950000000E+001    0.9250000000E+000
 0.4545455    0.2975000000E+001    0.4250000000E+000
 0.4646465    0.2700000000E+001    0.4250000000E+000
 0.4747475    0.2800000000E+001    0.7250000000E+000
 0.4848485    0.2675000000E+001    0.5750000000E+000
 0.4949495    0.2875000000E+001    0.2250000000E+000
 0.5050505    0.2125000000E+001    0.4500000000E+000
 0.5151515    0.2575000000E+001    0.5500000000E+000
 0.5252525    0.2800000000E+001    0.3750000000E+000
 0.5353535    0.2525000000E+001    0.3500000000E+000
 0.5454545    0.2275000000E+001    0.4750000000E+000
 0.5555556    0.2500000000E+001    0.5750000000E+000
 0.5656566    0.2675000000E+001    0.6500000000E+000
 0.5757576    0.2575000000E+001    0.5250000000E+000
 0.5858586    0.2575000000E+001    0.3000000000E+000
 0.5959596    0.2500000000E+001    0.5250000000E+000
 0.6060606    0.2425000000E+001    0.6000000000E+000
 0.6161616    0.3075000000E+001    0.3500000000E+000
 0.6262626    0.2600000000E+001    0.7500000000E-001
 0.6363636    0.2725000000E+001    0.7500000000E-001
 0.6464646    0.2675000000E+001    0.1750000000E+000
 0.6565657    0.2400000000E+001    0.4250000000E+000
 0.6666667    0.2600000000E+001    0.9000000000E+000
 0.6767677    0.2950000000E+001    0.2750000000E+000
 0.6868687    0.2575000000E+001    0.5000000000E+000
 0.6969697    0.2875000000E+001    0.3750000000E+000
 0.7070707    0.2525000000E+001    0.2250000000E+000
 0.7171717    0.2750000000E+001    0.4250000000E+000
 0.7272727    0.2750000000E+001    0.6250000000E+000
 0.7373737    0.2400000000E+001    0.1250000000E+000
 0.7474747    0.2700000000E+001    0.4000000000E+000
 0.7575758    0.2900000000E+001    0.6250000000E+000
 0.7676768    0.2775000000E+001    0.4750000000E+000
 0.7777778    0.2650000000E+001    0.4500000000E+000
 0.7878788    0.2725000000E+001    0.4500000000E+000
 0.7979798    0.2700000000E+001    0.5750000000E+000
 0.8080808    0.2525000000E+001    0.3250000000E+000
 0.8181818    0.2425000000E+001    0.2000000000E+000
 0.8282828    0.2500000000E+001    0.2500000000E+000
 0.8383838    0.2500000000E+001    0.2250000000E+000
 0.8484848    0.2625000000E+001    0.4000000000E+000
 0.8585859    0.2700000000E+001    0.3250000000E+000
 0.8686869    0.2500000000E+001    0.2750000000E+000
 0.8787879    0.2025000000E+001    0.3552713679E-014
 0.8888889    0.2375000000E+001    0.2500000000E+000
 0.8989899    0.2700000000E+001    0.3250000000E+000
 0.9090909    0.2750000000E+001    0.6000000000E+000
 0.9191919    0.2600000000E+001    0.4250000000E+000
 0.9292929    0.2400000000E+001    0.3000000000E+000
 0.9393939    0.3425000000E+001    0.1050000000E+001
 0.9494949    0.2600000000E+001    0.3250000000E+000
 0.9595960    0.2500000000E+001    0.2000000000E+000
 0.9696970    0.2525000000E+001    0.3250000000E+000
 0.9797980    0.2225000000E+001    0.2000000000E+000
 0.9898990    0.2675000000E+001    0.5000000000E+000
 1.0000000    0.2500000000E+001    0.2500000000E+000


# Weightfunction after cycle       2128
 0.0000000    0.2631250000E+001    0.6062500000E+000
 0.0101010    0.2662500000E+001    0.6437500000E+000
 0.0202020    0.2493750000E+001    0.4000000000E+000
 0.0303030    0.2437500000E+001    0.3875000000E+000
 0.0404040    0.2731250000E+001    0.4250000000E+000
 0.0505051    0.2512500000E+001    0.3500000000E+000
 0.0606061    0.2675000000E+001    0.4812500000E+000
 0.0707071    0.2725000000E+001    0.4437500000E+000
 0.0808081    0.2700000000E+001    0.4500000000E+000
 0.0909091    0.2881250000E+001    0.5937500000E+000
 0.1010101    0.3112500000E+001    0.6125000000E+000
 0.1111111    0.2875000000E+001    0.2937500000E+000
 0.1212121    0.3181250000E+001    0.4000000000E+000
 0.1313131    0.3337500000E+001    0.4750000000E+000
 0.1414141    0.3337500000E+001    0.3937500000E+000
 0.1515152    0.3393750000E+001    0.5437500000E+000
 0.1616162    0.3300000000E+001    0.4625000000E+000
 0.1717172    0.3550000000E+001    0.5500000000E+000
 0.1818182    0.3675000000E+001    0.2937500000E+000
 0.1919192    0.3700000000E+001    0.5500000000E+000
 0.2020202    0.3612500000E+001    0.4562500000E+000
 0.2121212    0.3637500000E+001    0.6875000000E+000
 0.2222222    0.3625000000E+001    0.5687500000E+000
 0.2323232    0.3718750000E+001    0.4250000000E+000
 0.2424242    0.3400000000E+001    0.5625000000E+000
 0.2525253    0.3412500000E+001    0.4812500000E+000
 0.2626263    0.3568750000E+001    0.6500000000E+000
 0.2727273    0.3406250000E+001    0.5812500000E+000
 0.2828283    0.3618750000E+001    0.3375000000E+000
 0.2929293    0.3500000000E+001    0.5937500000E+000
 0.3030303    0.3250000000E+001    0.3250000000E+000
 0.3131313    0.3262500000E+001    0.7062500000E+000
 0.3232323    0.3206250000E+001    0.4812500000E+000
 0.3333333    0.3100000000E+001    0.4500000000E+000
 0.3434343    0.3318750000E+001    0.3875000000E+000
 0.3535354    0.3243750000E+001    0.5125000000E+000
 0.3636364    0.3062500000E+001    0.4437500000E+000
 0.3737374    0.2975000000E+001    0.3812500000E+000
 0.3838384    0.2975000000E+001    0.4250000000E+000
 0.3939394    0.2962500000E+001    0.4937500000E+000
 0.4040404    0.2925000000E+001    0.4187500000E+000
 0.4141414    0.2887500000E+001    0.3250000000E+000
 0.4242424    0.2568750000E+001    0.4125000000E+000
 0.4343434    0.2587500000E+001    0.4937500000E+000
 0.4444444    0.2743750000E+001    0.4250000000E+000
 0.4545455    0.2450000000E+001    0.3562500000E+000
 0.4646465    0.2562500000E+001    0.4562500000E+000
 0.4747475    0.2300000000E+001    0.4000000000E+000
 0.4848485    0.2287500000E+001    0.4187500000E+000
 0.4949495    0.2225000000E+001    0.3312500000E+000
 0.5050505    0.2143750000E+001    0.2125000000E+000
 0.5151515    0.2243750000E+001    0.2937500000E+000
 0.5252525    0.2093750000E+001    0.4937500000E+000
 0.5353535    0.2200000000E+001    0.6375000000E+000
 0.5454545    0.2337500000E+001    0.4187500000E+000
 0.5555556    0.2075000000E+001    0.2562500000E+000
 0.5656566    0.2231250000E+001    0.3437500000E+000
 0.5757576    0.2168750000E+001    0.2750000000E+000
 0.5858586    0.2187500000E+001    0.3812500000E+000
 0.5959596    0.2156250000E+001    0.3500000000E+000
 0.6060606    0.2300000000E+001    0.4312500000E+000
 0.6161616    0.2181250000E+001    0.3812500000E+000
 0.6262626    0.2268750000E+001    0.5375000000E+000
 0.6363636    0.2175000000E+001    0.4000000000E+000
 0.6464646    0.2250000000E+001    0.4625000000E+000
 0.6565657    0.2206250000E+001    0.2687500000E+000
 0.6666667    0.2212500000E+001    0.4375000000E+000
 0.6767677    0.2093750000E+001    0.4125000000E+000
 0.6868687    0.2368750000E+001    0.3937500000E+000
 0.6969697    0.2218750000E+001    0.4000000000E+000
 0.7070707    0.2156250000E+001    0.3187500000E+000
 0.7171717    0.2237500000E+001    0.3312500000E+000
 0.7272727    0.2193750000E+001    0.3562500000E+000
 0.7373737    0.2325000000E+001    0.4750000000E+000
 0.7474747    0.2231250000E+001    0.4000000000E+000
 0.7575758    0.2162500000E+001    0.3687500000E+000
 0.7676768    0.2250000000E+001    0.3875000000E+000
 0.7777778    0.2287500000E+001    0.4937500000E+000
 0.7878788    0.2237500000E+001    0.5250000000E+000
 0.7979798    0.2187500000E+001    0.3625000000E+000
 0.8080808    0.2243750000E+001    0.4687500000E+000
 0.8181818    0.2162500000E+001    0.3062500000E+000
 0.8282828    0.2175000000E+001    0.3687500000E+000
 0.8383838    0.2162500000E+001    0.2937500000E+000
 0.8484848    0.2256250000E+001    0.4062500000E+000
 0.8585859    0.2156250000E+001    0.3500000000E+000
 0.8686869    0.2262500000E+001    0.4437500000E+000
 0.8787879    0.2168750000E+001    0.3375000000E+000
 0.8888889    0.2331250000E+001    0.5187500000E+000
 0.8989899    0.2237500000E+001    0.4125000000E+000
 0.9090909    0.2281250000E+001    0.3812500000E+000
 0.9191919    0.2143750000E+001    0.1875000000E+000
 0.9292929    0.2293750000E+001    0.4437500000E+000
 0.9393939    0.2137500000E+001    0.1687500000E+000
 0.9494949    0.2268750000E+001    0.4750000000E+000
 0.9595960    0.2356250000E+001    0.5437500000E+000
 0.9696970    0.2156250000E+001    0.3562500000E+000
 0.9797980    0.2175000000E+001    0.3812500000E+000
 0.9898990    0.1937500000E+001    0.0000000000E+000
 1.0000000    0.2325000000E+001    0.3937500000E+000


# Weightfunction after cycle       4599
 0.0000000    0.2479687500E+001    0.3531250000E+000
 0.0101010    0.2328125000E+001    0.1609375000E+000
 0.0202020    0.2303125000E+001    0.1734375000E+000
 0.0303030    0.2320312500E+001    0.1500000000E+000
 0.0404040    0.2389062500E+001    0.2171875000E+000
 0.0505051    0.2406250000E+001    0.1546875000E+000
 0.0606061    0.2575000000E+001    0.2453125000E+000
 0.0707071    0.2639062500E+001    0.2531250000E+000
 0.0808081    0.2621875000E+001    0.1812500000E+000
 0.0909091    0.2710937500E+001    0.2156250000E+000
 0.1010101    0.2742187500E+001    0.1312500000E+000
 0.1111111    0.2870312500E+001    0.1796875000E+000
 0.1212121    0.2923437500E+001    0.2031250000E+000
 0.1313131    0.3140625000E+001    0.1687500000E+000
 0.1414141    0.3107812500E+001    0.1593750000E+000
 0.1515152    0.3237500000E+001    0.1765625000E+000
 0.1616162    0.3256250000E+001    0.2640625000E+000
 0.1717172    0.3403125000E+001    0.3312500000E+000
 0.1818182    0.3425000000E+001    0.2406250000E+000
 0.1919192    0.3493750000E+001    0.3046875000E+000
 0.2020202    0.3328125000E+001    0.1687500000E+000
 0.2121212    0.3312500000E+001    0.2109375000E+000
 0.2222222    0.3357812500E+001    0.1296875000E+000
 0.2323232    0.3378125000E+001    0.1953125000E+000
 0.2424242    0.3359375000E+001    0.2125000000E+000
 0.2525253    0.3378125000E+001    0.2640625000E+000
 0.2626263    0.3331250000E+001    0.1703125000E+000
 0.2727273    0.3345312500E+001    0.1203125000E+000
 0.2828283    0.3220312500E+001    0.2593750000E+000
 0.2929293    0.3317187500E+001    0.2171875000E+000
 0.3030303    0.3215625000E+001    0.2437500000E+000
 0.3131313    0.3073437500E+001    0.2984375000E+000
 0.3232323    0.3237500000E+001    0.2468750000E+000
 0.3333333    0.2984375000E+001    0.2468750000E+000
 0.3434343    0.3117187500E+001    0.2156250000E+000
 0.3535354    0.2957812500E+001    0.2015625000E+000
 0.3636364    0.2965625000E+001    0.1890625000E+000
 0.3737374    0.2856250000E+001    0.1828125000E+000
 0.3838384    0.2718750000E+001    0.1328125000E+000
 0.3939394    0.2785937500E+001    0.1406250000E+000
 0.4040404    0.2731250000E+001    0.1250000000E+000
 0.4141414    0.2676562500E+001    0.4843750000E-001
 0.4242424    0.2618750000E+001    0.8125000000E-001
 0.4343434    0.2498437500E+001    0.1203125000E+000
 0.4444444    0.2489062500E+001    0.1281250000E+000
 0.4545455    0.2464062500E+001    0.9218750000E-001
 0.4646465    0.2398437500E+001    0.8281250000E-001
 0.4747475    0.2357812500E+001    0.1062500000E+000
 0.4848485    0.2289062500E+001    0.1609375000E+000
 0.4949495    0.2134375000E+001    0.1921875000E+000
 0.5050505    0.2234375000E+001    0.7656250000E-001
 0.5151515    0.2220312500E+001    0.1218750000E+000
 0.5252525    0.2184375000E+001    0.7031250000E-001
 0.5353535    0.2157812500E+001    0.6875000000E-001
 0.5454545    0.2093750000E+001    0.3125000000E-002
 0.5555556    0.2112500000E+001    0.7343750000E-001
 0.5656566    0.2073437500E+001    0.7968750000E-001
 0.5757576    0.2142187500E+001    0.0000000000E+000
 0.5858586    0.2103125000E+001    0.1359375000E+000
 0.5959596    0.2196875000E+001    0.6718750000E-001
 0.6060606    0.2084375000E+001    0.3125000000E-001
 0.6161616    0.2131250000E+001    0.1578125000E+000
 0.6262626    0.2182812500E+001    0.7500000000E-001
 0.6363636    0.2125000000E+001    0.1390625000E+000
 0.6464646    0.2223437500E+001    0.6875000000E-001
 0.6565657    0.2190625000E+001    0.8437500000E-001
 0.6666667    0.2139062500E+001    0.9062500000E-001
 0.6767677    0.2182812500E+001    0.8593750000E-001
 0.6868687    0.2159375000E+001    0.3906250000E-001
 0.6969697    0.2170312500E+001    0.1546875000E+000
 0.7070707    0.2245312500E+001    0.1796875000E+000
 0.7171717    0.2192187500E+001    0.1312500000E+000
 0.7272727    0.2175000000E+001    0.8593750000E-001
 0.7373737    0.2109375000E+001    0.1562500000E-001
 0.7474747    0.2171875000E+001    0.5625000000E-001
 0.7575758    0.2162500000E+001    0.9218750000E-001
 0.7676768    0.2157812500E+001    0.5625000000E-001
 0.7777778    0.2212500000E+001    0.1156250000E+000
 0.7878788    0.2139062500E+001    0.3750000000E-001
 0.7979798    0.2181250000E+001    0.8437500000E-001
 0.8080808    0.2153125000E+001    0.1234375000E+000
 0.8181818    0.2132812500E+001    0.2031250000E-001
 0.8282828    0.2206250000E+001    0.7656250000E-001
 0.8383838    0.2129687500E+001    0.7031250000E-001
 0.8484848    0.2192187500E+001    0.6875000000E-001
 0.8585859    0.2200000000E+001    0.1265625000E+000
 0.8686869    0.2237500000E+001    0.1703125000E+000
 0.8787879    0.2154687500E+001    0.7343750000E-001
 0.8888889    0.2137500000E+001    0.7968750000E-001
 0.8989899    0.2190625000E+001    0.1171875000E+000
 0.9090909    0.2148437500E+001    0.4531250000E-001
 0.9191919    0.2190625000E+001    0.1125000000E+000
 0.9292929    0.2209375000E+001    0.1187500000E+000
 0.9393939    0.2246875000E+001    0.1625000000E+000
 0.9494949    0.2103125000E+001    0.6250000000E-002
 0.9595960    0.2148437500E+001    0.2187500000E-001
 0.9696970    0.2132812500E+001    0.1234375000E+000
 0.9797980    0.2125000000E+001    0.8906250000E-001
 0.9898990    0.2189062500E+001    0.1125000000E+000
 1.0000000    0.2118750000E+001    0.2343750000E-001


# Weightfunction after cycle       8503
 0.0000000    0.2437890625E+001    0.2789062500E+000
 0.0101010    0.2362109375E+001    0.2148437500E+000
 0.0202020    0.2361328125E+001    0.2234375000E+000
 0.0303030    0.2385937500E+001    0.2066406250E+000
 0.0404040    0.2433593750E+001    0.2375000000E+000
 0.0505051    0.2489062500E+001    0.2625000000E+000
 0.0606061    0.2580859375E+001    0.2351562500E+000
 0.0707071    0.2648046875E+001    0.2906250000E+000
 0.0808081    0.2712500000E+001    0.2597656250E+000
 0.0909091    0.2791406250E+001    0.2371093750E+000
 0.1010101    0.2836718750E+001    0.2429687500E+000
 0.1111111    0.2948437500E+001    0.2675781250E+000
 0.1212121    0.3053515625E+001    0.2878906250E+000
 0.1313131    0.3141406250E+001    0.2691406250E+000
 0.1414141    0.3211328125E+001    0.2738281250E+000
 0.1515152    0.3308984375E+001    0.2574218750E+000
 0.1616162    0.3341406250E+001    0.2554687500E+000
 0.1717172    0.3381250000E+001    0.2832031250E+000
 0.1818182    0.3426562500E+001    0.2824218750E+000
 0.1919192    0.3384375000E+001    0.2308593750E+000
 0.2020202    0.3468359375E+001    0.2421875000E+000
 0.2121212    0.3514453125E+001    0.2648437500E+000
 0.2222222    0.3411328125E+001    0.2421875000E+000
 0.2323232    0.3462109375E+001    0.2476562500E+000
 0.2424242    0.3467968750E+001    0.2214843750E+000
 0.2525253    0.3445703125E+001    0.2464843750E+000
 0.2626263    0.3386328125E+001    0.1699218750E+000
 0.2727273    0.3350000000E+001    0.2171875000E+000
 0.2828283    0.3260937500E+001    0.2222656250E+000
 0.2929293    0.3314453125E+001    0.1988281250E+000
 0.3030303    0.3277343750E+001    0.1859375000E+000
 0.3131313    0.3129296875E+001    0.1894531250E+000
 0.3232323    0.3155468750E+001    0.1367187500E+000
 0.3333333    0.3143750000E+001    0.2031250000E+000
 0.3434343    0.3141406250E+001    0.1484375000E+000
 0.3535354    0.3034765625E+001    0.1835937500E+000
 0.3636364    0.3024609375E+001    0.1792968750E+000
 0.3737374    0.2974218750E+001    0.1503906250E+000
 0.3838384    0.2830468750E+001    0.1707031250E+000
 0.3939394    0.2852343750E+001    0.1199218750E+000
 0.4040404    0.2824609375E+001    0.1210937500E+000
 0.4141414    0.2763281250E+001    0.1359375000E+000
 0.4242424    0.2583203125E+001    0.1289062500E+000
 0.4343434    0.2606250000E+001    0.9492187500E-001
 0.4444444    0.2528515625E+001    0.9726562500E-001
 0.4545455    0.2503906250E+001    0.5429687500E-001
 0.4646465    0.2407031250E+001    0.8359375000E-001
 0.4747475    0.2366015625E+001    0.2578125000E-001
 0.4848485    0.2276953125E+001    0.9804687500E-001
 0.4949495    0.2244531250E+001    0.6992187500E-001
 0.5050505    0.2217968750E+001    0.9960937500E-001
 0.5151515    0.2224218750E+001    0.1179687500E+000
 0.5252525    0.2189453125E+001    0.4765625000E-001
 0.5353535    0.2237500000E+001    0.5546875000E-001
 0.5454545    0.2219531250E+001    0.4804687500E-001
 0.5555556    0.2212890625E+001    0.9414062500E-001
 0.5656566    0.2190625000E+001    0.5078125000E-001
 0.5757576    0.2203515625E+001    0.6640625000E-002
 0.5858586    0.2249218750E+001    0.6914062500E-001
 0.5959596    0.2221093750E+001    0.1835937500E-001
 0.6060606    0.2195703125E+001    0.1015625000E-001
 0.6161616    0.2218750000E+001    0.9218750000E-001
 0.6262626    0.2189062500E+001    0.7578125000E-001
 0.6363636    0.2197656250E+001    0.6015625000E-001
 0.6464646    0.2234765625E+001    0.6562500000E-001
 0.6565657    0.2208593750E+001    0.7890625000E-001
 0.6666667    0.2192187500E+001    0.7695312500E-001
 0.6767677    0.2228906250E+001    0.9648437500E-001
 0.6868687    0.2221484375E+001    0.8242187500E-001
 0.6969697    0.2207421875E+001    0.6484375000E-001
 0.7070707    0.2236328125E+001    0.8320312500E-001
 0.7171717    0.2219531250E+001    0.6562500000E-001
 0.7272727    0.2216796875E+001    0.6992187500E-001
 0.7373737    0.2210546875E+001    0.5937500000E-001
 0.7474747    0.2216796875E+001    0.4960937500E-001
 0.7575758    0.2219140625E+001    0.5742187500E-001
 0.7676768    0.2208984375E+001    0.5312500000E-001
 0.7777778    0.2255859375E+001    0.7539062500E-001
 0.7878788    0.2216015625E+001    0.3789062500E-001
 0.7979798    0.2212890625E+001    0.5664062500E-001
 0.8080808    0.2191015625E+001    0.5195312500E-001
 0.8181818    0.2208203125E+001    0.3828125000E-001
 0.8282828    0.2218750000E+001    0.5664062500E-001
 0.8383838    0.2239843750E+001    0.7578125000E-001
 0.8484848    0.2191796875E+001    0.4609375000E-001
 0.8585859    0.2214843750E+001    0.8320312500E-001
 0.8686869    0.2222656250E+001    0.8632812500E-001
 0.8787879    0.2239453125E+001    0.5820312500E-001
 0.8888889    0.2216796875E+001    0.7578125000E-001
 0.8989899    0.2228515625E+001    0.5078125000E-001
 0.9090909    0.2217578125E+001    0.4453125000E-001
 0.9191919    0.2228515625E+001    0.6367187500E-001
 0.9292929    0.2202343750E+001    0.5546875000E-001
 0.9393939    0.2272265625E+001    0.8554687500E-001
 0.9494949    0.2181640625E+001    0.0000000000E+000
 0.9595960    0.2207812500E+001    0.4765625000E-001
 0.9696970    0.2152734375E+001    0.1289062500E-001
 0.9797980    0.2267578125E+001    0.1152343750E+000
 0.9898990    0.2162890625E+001    0.7812500000E-003
 1.0000000    0.2223828125E+001    0.5507812500E-001


# Weightfunction after cycle      12119
 0.0000000    0.2423925781E+001    0.2807617188E+000
 0.0101010    0.2363867188E+001    0.2342773438E+000
 0.0202020    0.2350781250E+001    0.2212890625E+000
 0.0303030    0.2385156250E+001    0.2170898438E+000
 0.0404040    0.2438964844E+001    0.2473632813E+000
 0.0505051    0.2475390625E+001    0.2556640625E+000
 0.0606061    0.2553320312E+001    0.2368164063E+000
 0.0707071    0.2624414062E+001    0.2888671875E+000
 0.0808081    0.2677832031E+001    0.2515625000E+000
 0.0909091    0.2767382812E+001    0.2447265625E+000
 0.1010101    0.2833789062E+001    0.2545898438E+000
 0.1111111    0.2918359375E+001    0.2568359375E+000
 0.1212121    0.3010351562E+001    0.2758789063E+000
 0.1313131    0.3107812500E+001    0.2486328125E+000
 0.1414141    0.3205468750E+001    0.2548828125E+000
 0.1515152    0.3302734375E+001    0.2453125000E+000
 0.1616162    0.3326367187E+001    0.2621093750E+000
 0.1717172    0.3396777344E+001    0.2746093750E+000
 0.1818182    0.3404882812E+001    0.2583007813E+000
 0.1919192    0.3404296875E+001    0.2361328125E+000
 0.2020202    0.3458007812E+001    0.2386718750E+000
 0.2121212    0.3479882812E+001    0.2617187500E+000
 0.2222222    0.3433789062E+001    0.2232421875E+000
 0.2323232    0.3452050781E+001    0.2263671875E+000
 0.2424242    0.3447070312E+001    0.2348632813E+000
 0.2525253    0.3431738281E+001    0.2281250000E+000
 0.2626263    0.3386328125E+001    0.1847656250E+000
 0.2727273    0.3353417969E+001    0.2282226563E+000
 0.2828283    0.3276660156E+001    0.2263671875E+000
 0.2929293    0.3302539062E+001    0.2092773438E+000
 0.3030303    0.3267285156E+001    0.1897460938E+000
 0.3131313    0.3144824219E+001    0.1849609375E+000
 0.3232323    0.3173828125E+001    0.1517578125E+000
 0.3333333    0.3128125000E+001    0.1790039063E+000
 0.3434343    0.3109179687E+001    0.1518554688E+000
 0.3535354    0.3029785156E+001    0.1702148438E+000
 0.3636364    0.3008496094E+001    0.1554687500E+000
 0.3737374    0.2954003906E+001    0.1597656250E+000
 0.3838384    0.2853027344E+001    0.1614257813E+000
 0.3939394    0.2850781250E+001    0.1161132813E+000
 0.4040404    0.2787890625E+001    0.1059570313E+000
 0.4141414    0.2751171875E+001    0.1377929688E+000
 0.4242424    0.2605078125E+001    0.1026367188E+000
 0.4343434    0.2601171875E+001    0.8632812500E-001
 0.4444444    0.2513964844E+001    0.7207031250E-001
 0.4545455    0.2490820312E+001    0.5429687500E-001
 0.4646465    0.2413671875E+001    0.7226562500E-001
 0.4747475    0.2351660156E+001    0.4746093750E-001
 0.4848485    0.2281738281E+001    0.5937500000E-001
 0.4949495    0.2227929688E+001    0.5673828125E-001
 0.5050505    0.2207910156E+001    0.7958984375E-001
 0.5151515    0.2219433594E+001    0.8486328125E-001
 0.5252525    0.2180566406E+001    0.2490234375E-001
 0.5353535    0.2212207031E+001    0.3964843750E-001
 0.5454545    0.2214453125E+001    0.3740234375E-001
 0.5555556    0.2198144531E+001    0.6728515625E-001
 0.5656566    0.2194531250E+001    0.2578125000E-001
 0.5757576    0.2200097656E+001    0.1123046875E-001
 0.5858586    0.2235937500E+001    0.1611328125E-001
 0.5959596    0.2207617188E+001    0.1894531250E-001
 0.6060606    0.2200195313E+001    0.1943359375E-001
 0.6161616    0.2208203125E+001    0.4375000000E-001
 0.6262626    0.2190429688E+001    0.5732421875E-001
 0.6363636    0.2201269531E+001    0.4609375000E-001
 0.6464646    0.2205566406E+001    0.3906250000E-001
 0.6565657    0.2193554688E+001    0.5742187500E-001
 0.6666667    0.2183789063E+001    0.5878906250E-001
 0.6767677    0.2214648438E+001    0.7773437500E-001
 0.6868687    0.2209082031E+001    0.4980468750E-001
 0.6969697    0.2199707031E+001    0.4326171875E-001
 0.7070707    0.2218554688E+001    0.5976562500E-001
 0.7171717    0.2201660156E+001    0.3984375000E-001
 0.7272727    0.2190917969E+001    0.4384765625E-001
 0.7373737    0.2188476563E+001    0.2910156250E-001
 0.7474747    0.2191699219E+001    0.2099609375E-001
 0.7575758    0.2199414063E+001    0.4453125000E-001
 0.7676768    0.2191894531E+001    0.2656250000E-001
 0.7777778    0.2224414063E+001    0.6132812500E-001
 0.7878788    0.2204492188E+001    0.2597656250E-001
 0.7979798    0.2195800781E+001    0.3427734375E-001
 0.8080808    0.2176660156E+001    0.2050781250E-001
 0.8181818    0.2193554688E+001    0.2900390625E-001
 0.8282828    0.2204882813E+001    0.3125000000E-001
 0.8383838    0.2209765625E+001    0.4960937500E-001
 0.8484848    0.2186425781E+001    0.3974609375E-001
 0.8585859    0.2197753906E+001    0.6191406250E-001
 0.8686869    0.2196386719E+001    0.5400390625E-001
 0.8787879    0.2212304688E+001    0.3642578125E-001
 0.8888889    0.2209570313E+001    0.5947265625E-001
 0.8989899    0.2200195313E+001    0.3095703125E-001
 0.9090909    0.2206445313E+001    0.3085937500E-001
 0.9191919    0.2201855469E+001    0.3886718750E-001
 0.9292929    0.2196875000E+001    0.4179687500E-001
 0.9393939    0.2244921875E+001    0.6425781250E-001
 0.9494949    0.2182519531E+001    0.3906250000E-002
 0.9595960    0.2185351563E+001    0.2734375000E-001
 0.9696970    0.2162207031E+001    0.1679687500E-001
 0.9797980    0.2237792969E+001    0.8671875000E-001
 0.9898990    0.2162500000E+001    0.0000000000E+000
 1.0000000    0.2204882813E+001    0.3056640625E-001


# Weightfunction after cycle      18455
 0.0000000    0.2406665039E+001    0.2678955078E+000
 0.0101010    0.2349145508E+001    0.2204101563E+000
 0.0202020    0.2344482422E+001    0.2146972656E+000
 0.0303030    0.2371826172E+001    0.2105224609E+000
 0.0404040    0.2425732422E+001    0.2414306641E+000
 0.0505051    0.2456982422E+001    0.2391113281E+000
 0.0606061    0.2537817383E+001    0.2263671875E+000
 0.0707071    0.2607836914E+001    0.2739746094E+000
 0.0808081    0.2657446289E+001    0.2355468750E+000
 0.0909091    0.2745410156E+001    0.2299072266E+000
 0.1010101    0.2826269531E+001    0.2461181641E+000
 0.1111111    0.2906103516E+001    0.2458007813E+000
 0.1212121    0.3002661133E+001    0.2598632813E+000
 0.1313131    0.3105273437E+001    0.2403076172E+000
 0.1414141    0.3191357422E+001    0.2416992188E+000
 0.1515152    0.3279125977E+001    0.2319091797E+000
 0.1616162    0.3325463867E+001    0.2535156250E+000
 0.1717172    0.3380151367E+001    0.2614990234E+000
 0.1818182    0.3399658203E+001    0.2460205078E+000
 0.1919192    0.3406665039E+001    0.2275146484E+000
 0.2020202    0.3448901367E+001    0.2269531250E+000
 0.2121212    0.3473706055E+001    0.2464599609E+000
 0.2222222    0.3429711914E+001    0.2109619141E+000
 0.2323232    0.3444018555E+001    0.2190429688E+000
 0.2424242    0.3436865234E+001    0.2206787109E+000
 0.2525253    0.3428857422E+001    0.2224121094E+000
 0.2626263    0.3391333008E+001    0.1792724609E+000
 0.2727273    0.3351611328E+001    0.2155761719E+000
 0.2828283    0.3283984375E+001    0.2111083984E+000
 0.2929293    0.3295703125E+001    0.1982421875E+000
 0.3030303    0.3266552734E+001    0.1828369141E+000
 0.3131313    0.3153662109E+001    0.1743652344E+000
 0.3232323    0.3172338867E+001    0.1474121094E+000
 0.3333333    0.3123120117E+001    0.1680664063E+000
 0.3434343    0.3094458008E+001    0.1450927734E+000
 0.3535354    0.3024389648E+001    0.1628662109E+000
 0.3636364    0.3002978516E+001    0.1362304688E+000
 0.3737374    0.2949194336E+001    0.1439453125E+000
 0.3838384    0.2852075195E+001    0.1506591797E+000
 0.3939394    0.2845825195E+001    0.1069335938E+000
 0.4040404    0.2787475586E+001    0.1024658203E+000
 0.4141414    0.2741259766E+001    0.1225341797E+000
 0.4242424    0.2614404297E+001    0.8786621094E-001
 0.4343434    0.2600366211E+001    0.7751464844E-001
 0.4444444    0.2518432617E+001    0.6655273438E-001
 0.4545455    0.2490942383E+001    0.4941406250E-001
 0.4646465    0.2416943359E+001    0.6215820313E-001
 0.4747475    0.2351611328E+001    0.4394531250E-001
 0.4848485    0.2282519531E+001    0.4594726563E-001
 0.4949495    0.2234643555E+001    0.4265136719E-001
 0.5050505    0.2205322266E+001    0.6635742188E-001
 0.5151515    0.2218432617E+001    0.7014160156E-001
 0.5252525    0.2178540039E+001    0.2353515625E-001
 0.5353535    0.2212548828E+001    0.3005371094E-001
 0.5454545    0.2211645508E+001    0.2619628906E-001
 0.5555556    0.2201611328E+001    0.5590820313E-001
 0.5656566    0.2195654297E+001    0.2114257813E-001
 0.5757576    0.2196899414E+001    0.5151367188E-002
 0.5858586    0.2230175781E+001    0.7348632813E-002
 0.5959596    0.2199609375E+001    0.1564941406E-001
 0.6060606    0.2197802734E+001    0.1176757812E-001
 0.6161616    0.2209423828E+001    0.3334960938E-001
 0.6262626    0.2185766602E+001    0.4328613281E-001
 0.6363636    0.2201342773E+001    0.3342285156E-001
 0.6464646    0.2197485352E+001    0.2485351563E-001
 0.6565657    0.2196679687E+001    0.4196777344E-001
 0.6666667    0.2184179687E+001    0.4855957031E-001
 0.6767677    0.2211206055E+001    0.5842285156E-001
 0.6868687    0.2206811523E+001    0.3881835938E-001
 0.6969697    0.2201611328E+001    0.3569335937E-001
 0.7070707    0.2217675781E+001    0.4746093750E-001
 0.7171717    0.2196728516E+001    0.2436523437E-001
 0.7272727    0.2189526367E+001    0.2958984375E-001
 0.7373737    0.2187866211E+001    0.2043457031E-001
 0.7474747    0.2195825195E+001    0.1887207031E-001
 0.7575758    0.2198608398E+001    0.3212890625E-001
 0.7676768    0.2194482422E+001    0.1789550781E-001
 0.7777778    0.2219482422E+001    0.4733886719E-001
 0.7878788    0.2205126953E+001    0.2136230469E-001
 0.7979798    0.2197631836E+001    0.2695312500E-001
 0.8080808    0.2180712891E+001    0.1093750000E-001
 0.8181818    0.2192041016E+001    0.1669921875E-001
 0.8282828    0.2203710937E+001    0.2375488281E-001
 0.8383838    0.2206860352E+001    0.3752441406E-001
 0.8484848    0.2186523437E+001    0.2692871094E-001
 0.8585859    0.2199560547E+001    0.5258789063E-001
 0.8686869    0.2198608398E+001    0.4333496094E-001
 0.8787879    0.2210205078E+001    0.2587890625E-001
 0.8888889    0.2204150391E+001    0.4389648438E-001
 0.8989899    0.2195605469E+001    0.1560058594E-001
 0.9090909    0.2209375000E+001    0.2343750000E-001
 0.9191919    0.2206494141E+001    0.3229980469E-001
 0.9292929    0.2198803711E+001    0.3754882813E-001
 0.9393939    0.2238305664E+001    0.5043945313E-001
 0.9494949    0.2186157227E+001    0.1855468750E-002
 0.9595960    0.2190283203E+001    0.2221679687E-001
 0.9696970    0.2171142578E+001    0.1220703125E-001
 0.9797980    0.2235888672E+001    0.7426757813E-001
 0.9898990    0.2170092773E+001    0.0000000000E+000
 1.0000000    0.2205615234E+001    0.2229003906E-001


# Weightfunction after cycle      25299
 0.0000000    0.2399694824E+001    0.2638977051E+000
 0.0101010    0.2344763184E+001    0.2186889648E+000
 0.0202020    0.2344537354E+001    0.2162475586E+000
 0.0303030    0.2370306396E+001    0.2120483398E+000
 0.0404040    0.2422174072E+001    0.2388671875E+000
 0.0505051    0.2452398682E+001    0.2364562988E+000
 0.0606061    0.2532598877E+001    0.2256042480E+000
 0.0707071    0.2602301025E+001    0.2694213867E+000
 0.0808081    0.2655133057E+001    0.2351318359E+000
 0.0909091    0.2741406250E+001    0.2284973145E+000
 0.1010101    0.2823339844E+001    0.2451232910E+000
 0.1111111    0.2903027344E+001    0.2432250977E+000
 0.1212121    0.3000292969E+001    0.2596252441E+000
 0.1313131    0.3099798584E+001    0.2379211426E+000
 0.1414141    0.3186962891E+001    0.2410217285E+000
 0.1515152    0.3276562500E+001    0.2322631836E+000
 0.1616162    0.3318084717E+001    0.2505981445E+000
 0.1717172    0.3373278809E+001    0.2591064453E+000
 0.1818182    0.3396679688E+001    0.2443298340E+000
 0.1919192    0.3403826904E+001    0.2257202148E+000
 0.2020202    0.3443481445E+001    0.2262207031E+000
 0.2121212    0.3468511963E+001    0.2435180664E+000
 0.2222222    0.3422790527E+001    0.2094909668E+000
 0.2323232    0.3438629150E+001    0.2163696289E+000
 0.2424242    0.3431597900E+001    0.2186584473E+000
 0.2525253    0.3422094727E+001    0.2205139160E+000
 0.2626263    0.3385614014E+001    0.1777709961E+000
 0.2727273    0.3347967529E+001    0.2126647949E+000
 0.2828283    0.3279864502E+001    0.2082824707E+000
 0.2929293    0.3290802002E+001    0.1957458496E+000
 0.3030303    0.3261871338E+001    0.1814208984E+000
 0.3131313    0.3150610352E+001    0.1714538574E+000
 0.3232323    0.3168182373E+001    0.1469970703E+000
 0.3333333    0.3117517090E+001    0.1679931641E+000
 0.3434343    0.3089312744E+001    0.1432312012E+000
 0.3535354    0.3019732666E+001    0.1600708008E+000
 0.3636364    0.2996875000E+001    0.1343139648E+000
 0.3737374    0.2943750000E+001    0.1437438965E+000
 0.3838384    0.2848242188E+001    0.1495483398E+000
 0.3939394    0.2843011475E+001    0.1069091797E+000
 0.4040404    0.2781750488E+001    0.1009826660E+000
 0.4141414    0.2735168457E+001    0.1197326660E+000
 0.4242424    0.2613275146E+001    0.8746948242E-001
 0.4343434    0.2596435547E+001    0.7645263672E-001
 0.4444444    0.2515228271E+001    0.6640014648E-001
 0.4545455    0.2486560059E+001    0.5005493164E-001
 0.4646465    0.2413732910E+001    0.6254882813E-001
 0.4747475    0.2348419189E+001    0.4521484375E-001
 0.4848485    0.2280157471E+001    0.4477539063E-001
 0.4949495    0.2232324219E+001    0.4122924805E-001
 0.5050505    0.2201928711E+001    0.6279907227E-001
 0.5151515    0.2215570068E+001    0.6810302734E-001
 0.5252525    0.2176312256E+001    0.2398071289E-001
 0.5353535    0.2208807373E+001    0.2935180664E-001
 0.5454545    0.2210180664E+001    0.2664184570E-001
 0.5555556    0.2199475098E+001    0.5546875000E-001
 0.5656566    0.2193444824E+001    0.2058715820E-001
 0.5757576    0.2194042969E+001    0.5499267578E-002
 0.5858586    0.2227551270E+001    0.7495117188E-002
 0.5959596    0.2195068359E+001    0.1690063477E-001
 0.6060606    0.2194354248E+001    0.1132812500E-001
 0.6161616    0.2207684326E+001    0.3364257813E-001
 0.6262626    0.2183441162E+001    0.4237060547E-001
 0.6363636    0.2198242188E+001    0.3262939453E-001
 0.6464646    0.2193231201E+001    0.2376708984E-001
 0.6565657    0.2194763184E+001    0.4055786133E-001
 0.6666667    0.2183392334E+001    0.4709472656E-001
 0.6767677    0.2207275391E+001    0.5592651367E-001
 0.6868687    0.2204083252E+001    0.3850097656E-001
 0.6969697    0.2199145508E+001    0.3347167969E-001
 0.7070707    0.2214617920E+001    0.4548950195E-001
 0.7171717    0.2194274902E+001    0.2310791016E-001
 0.7272727    0.2186175537E+001    0.2805175781E-001
 0.7373737    0.2185168457E+001    0.1956176758E-001
 0.7474747    0.2193798828E+001    0.1904296875E-001
 0.7575758    0.2195513916E+001    0.3164672852E-001
 0.7676768    0.2191497803E+001    0.1637573242E-001
 0.7777778    0.2215026855E+001    0.4591674805E-001
 0.7878788    0.2202429199E+001    0.2098999023E-001
 0.7979798    0.2194458008E+001    0.2499389648E-001
 0.8080808    0.2178222656E+001    0.1076660156E-001
 0.8181818    0.2189923096E+001    0.1705322266E-001
 0.8282828    0.2200152588E+001    0.2215576172E-001
 0.8383838    0.2202502441E+001    0.3438110352E-001
 0.8484848    0.2182794189E+001    0.2511596680E-001
 0.8585859    0.2197253418E+001    0.5089721680E-001
 0.8686869    0.2195831299E+001    0.4151000977E-001
 0.8787879    0.2206835938E+001    0.2523193359E-001
 0.8888889    0.2199298096E+001    0.4089965820E-001
 0.8989899    0.2191992188E+001    0.1455688477E-001
 0.9090909    0.2205432129E+001    0.2174682617E-001
 0.9191919    0.2203155518E+001    0.3069458008E-001
 0.9292929    0.2195642090E+001    0.3690185547E-001
 0.9393939    0.2234191895E+001    0.4898681641E-001
 0.9494949    0.2184143066E+001    0.2392578125E-002
 0.9595960    0.2188739014E+001    0.2198486328E-001
 0.9696970    0.2168292236E+001    0.1021728516E-001
 0.9797980    0.2230670166E+001    0.7103881836E-001
 0.9898990    0.2167205811E+001    0.0000000000E+000
 1.0000000    0.2199664307E+001    0.1962280273E-001


# Weightfunction after cycle      41646
 0.0000000    0.2396572876E+001    0.2608947754E+000
 0.0101010    0.2343199158E+001    0.2167022705E+000
 0.0202020    0.2344338989E+001    0.2154800415E+000
 0.0303030    0.2368547058E+001    0.2102279663E+000
 0.0404040    0.2420854187E+001    0.2373687744E+000
 0.0505051    0.2451831055E+001    0.2350845337E+000
 0.0606061    0.2531321716E+001    0.2247985840E+000
 0.0707071    0.2600205994E+001    0.2668273926E+000
 0.0808081    0.2653887939E+001    0.2337387085E+000
 0.0909091    0.2740254211E+001    0.2277938843E+000
 0.1010101    0.2822145081E+001    0.2438583374E+000
 0.1111111    0.2901309204E+001    0.2414764404E+000
 0.1212121    0.2998437500E+001    0.2576492310E+000
 0.1313131    0.3097969055E+001    0.2367858887E+000
 0.1414141    0.3184863281E+001    0.2397216797E+000
 0.1515152    0.3273905945E+001    0.2307312012E+000
 0.1616162    0.3315000916E+001    0.2489318848E+000
 0.1717172    0.3370932007E+001    0.2575973511E+000
 0.1818182    0.3394090271E+001    0.2423416138E+000
 0.1919192    0.3402308655E+001    0.2247817993E+000
 0.2020202    0.3440565491E+001    0.2241897583E+000
 0.2121212    0.3465243530E+001    0.2417236328E+000
 0.2222222    0.3421273804E+001    0.2082839966E+000
 0.2323232    0.3436143494E+001    0.2143783569E+000
 0.2424242    0.3428317261E+001    0.2167572021E+000
 0.2525253    0.3418736267E+001    0.2189834595E+000
 0.2626263    0.3381915283E+001    0.1770736694E+000
 0.2727273    0.3345214844E+001    0.2109115601E+000
 0.2828283    0.3277926636E+001    0.2063858032E+000
 0.2929293    0.3287532043E+001    0.1943969727E+000
 0.3030303    0.3259175110E+001    0.1799499512E+000
 0.3131313    0.3149194336E+001    0.1696975708E+000
 0.3232323    0.3164779663E+001    0.1457061768E+000
 0.3333333    0.3114532471E+001    0.1657424927E+000
 0.3434343    0.3084472656E+001    0.1418380737E+000
 0.3535354    0.3016227722E+001    0.1581207275E+000
 0.3636364    0.2992350769E+001    0.1328277588E+000
 0.3737374    0.2939289856E+001    0.1421508789E+000
 0.3838384    0.2844866943E+001    0.1469665527E+000
 0.3939394    0.2838706970E+001    0.1052795410E+000
 0.4040404    0.2777043152E+001    0.9979553223E-001
 0.4141414    0.2730773926E+001    0.1180480957E+000
 0.4242424    0.2610714722E+001    0.8639068604E-001
 0.4343434    0.2592498779E+001    0.7536010742E-001
 0.4444444    0.2512109375E+001    0.6479339600E-001
 0.4545455    0.2482487488E+001    0.4873657227E-001
 0.4646465    0.2409356689E+001    0.6093750000E-001
 0.4747475    0.2344924927E+001    0.4435577393E-001
 0.4848485    0.2276547241E+001    0.4336700439E-001
 0.4949495    0.2227908325E+001    0.4001770020E-001
 0.5050505    0.2197834778E+001    0.5989990234E-001
 0.5151515    0.2211239624E+001    0.6520080566E-001
 0.5252525    0.2173126221E+001    0.2264862061E-001
 0.5353535    0.2204034424E+001    0.2791748047E-001
 0.5454545    0.2205859375E+001    0.2532196045E-001
 0.5555556    0.2195112610E+001    0.5398254395E-001
 0.5656566    0.2189169312E+001    0.1925354004E-001
 0.5757576    0.2190023804E+001    0.5012512207E-002
 0.5858586    0.2222372437E+001    0.7051086426E-002
 0.5959596    0.2190727234E+001    0.1616821289E-001
 0.6060606    0.2189897156E+001    0.1040039062E-001
 0.6161616    0.2203471375E+001    0.3238067627E-001
 0.6262626    0.2179525757E+001    0.4096679688E-001
 0.6363636    0.2194609070E+001    0.3145446777E-001
 0.6464646    0.2189120483E+001    0.2293853760E-001
 0.6565657    0.2189753723E+001    0.3864288330E-001
 0.6666667    0.2180027771E+001    0.4556274414E-001
 0.6767677    0.2203170776E+001    0.5447692871E-001
 0.6868687    0.2199597168E+001    0.3740081787E-001
 0.6969697    0.2194793701E+001    0.3201446533E-001
 0.7070707    0.2210627747E+001    0.4497680664E-001
 0.7171717    0.2190487671E+001    0.2225799561E-001
 0.7272727    0.2182136536E+001    0.2679443359E-001
 0.7373737    0.2181140137E+001    0.1876678467E-001
 0.7474747    0.2189567566E+001    0.1816711426E-001
 0.7575758    0.2191644287E+001    0.3080902100E-001
 0.7676768    0.2187629700E+001    0.1565246582E-001
 0.7777778    0.2210243225E+001    0.4414367676E-001
 0.7878788    0.2198368835E+001    0.2033386230E-001
 0.7979798    0.2190675354E+001    0.2429351807E-001
 0.8080808    0.2174844360E+001    0.1050415039E-001
 0.8181818    0.2185981750E+001    0.1672058105E-001
 0.8282828    0.2196334839E+001    0.2147674561E-001
 0.8383838    0.2198320007E+001    0.3342895508E-001
 0.8484848    0.2179522705E+001    0.2450103760E-001
 0.8585859    0.2192480469E+001    0.4881591797E-001
 0.8686869    0.2191639709E+001    0.4017028809E-001
 0.8787879    0.2202832031E+001    0.2462615967E-001
 0.8888889    0.2195303345E+001    0.3983001709E-001
 0.8989899    0.2187722778E+001    0.1386871338E-001
 0.9090909    0.2201196289E+001    0.2132873535E-001
 0.9191919    0.2198022461E+001    0.2928771973E-001
 0.9292929    0.2192085266E+001    0.3641510010E-001
 0.9393939    0.2229208374E+001    0.4779205322E-001
 0.9494949    0.2180392456E+001    0.1564025879E-002
 0.9595960    0.2185057068E+001    0.2144775391E-001
 0.9696970    0.2165205383E+001    0.9571838379E-002
 0.9797980    0.2225328064E+001    0.6923522949E-001
 0.9898990    0.2163825989E+001    0.0000000000E+000
 1.0000000    0.2194845581E+001    0.1839141846E-001


