# Cycle, (Average volume(Ib), Ib=1,N_Box)
    100100   0.3067706109E+005   0.1411686116E+006
    100200   0.3058752632E+005   0.1395812777E+006
    100300   0.3064280399E+005   0.1375516053E+006
    100400   0.3062274798E+005   0.1343275826E+006
    100500   0.3061302555E+005   0.1338178313E+006
    100600   0.3075645986E+005   0.1355330846E+006
    100700   0.3084830200E+005   0.1377664308E+006
    100800   0.3088019806E+005   0.1378725428E+006
    100900   0.3085773055E+005   0.1362453746E+006
    101000   0.3080483075E+005   0.1347706396E+006
    101100   0.3074606109E+005   0.1343540968E+006
    101200   0.3067565448E+005   0.1347561592E+006
    101300   0.3063333587E+005   0.1346122973E+006
    101400   0.3057529282E+005   0.1343923640E+006
    101500   0.3052521678E+005   0.1340280216E+006
    101600   0.3047218539E+005   0.1339971037E+006
    101700   0.3038629908E+005   0.1345623332E+006
    101800   0.3030704938E+005   0.1355546003E+006
    101900   0.3021005434E+005   0.1359927567E+006
    102000   0.3010373267E+005   0.1370872847E+006
    102100   0.3005039013E+005   0.1377470073E+006
    102200   0.3001196112E+005   0.1382803763E+006
    102300   0.2996577329E+005   0.1389854783E+006
    102400   0.2992278222E+005   0.1393097814E+006
    102500   0.2989041319E+005   0.1396181716E+006
    102600   0.2988895364E+005   0.1400002848E+006
    102700   0.2988797052E+005   0.1399286689E+006
    102800   0.2987712908E+005   0.1402575501E+006
    102900   0.2986503373E+005   0.1403991012E+006
    103000   0.2985790775E+005   0.1403317847E+006
    103100   0.2985821911E+005   0.1403347703E+006
    103200   0.2985291928E+005   0.1401526085E+006
    103300   0.2985571254E+005   0.1404497659E+006
    103400   0.2985180179E+005   0.1404720978E+006
    103500   0.2985434393E+005   0.1405109924E+006
    103600   0.2987904323E+005   0.1405438767E+006
    103700   0.2990784375E+005   0.1404395485E+006
    103800   0.2992766938E+005   0.1404531000E+006
    103900   0.2994821808E+005   0.1404279437E+006
    104000   0.2997361121E+005   0.1403040869E+006
    104100   0.2999530510E+005   0.1402924409E+006
    104200   0.3002672994E+005   0.1402586237E+006
    104300   0.3004414797E+005   0.1402873872E+006
    104400   0.3005502049E+005   0.1403999825E+006
    104500   0.3007841231E+005   0.1406637644E+006
    104600   0.3009147041E+005   0.1407552246E+006
    104700   0.3009305601E+005   0.1407347648E+006
    104800   0.3009958486E+005   0.1406383915E+006
    104900   0.3011905379E+005   0.1406487711E+006
    105000   0.3015102926E+005   0.1405352816E+006
    105100   0.3017250005E+005   0.1406725971E+006
    105200   0.3019313960E+005   0.1407225389E+006
    105300   0.3020643591E+005   0.1406784391E+006
    105400   0.3022167422E+005   0.1404463261E+006
    105500   0.3023853076E+005   0.1404227589E+006
    105600   0.3026012458E+005   0.1403611315E+006
    105700   0.3027987834E+005   0.1404116364E+006
    105800   0.3030347875E+005   0.1404219112E+006
    105900   0.3033278842E+005   0.1403506327E+006
    106000   0.3035234574E+005   0.1401227246E+006
    106100   0.3036742284E+005   0.1400164990E+006
    106200   0.3039387558E+005   0.1399657634E+006
    106300   0.3040999572E+005   0.1399856531E+006
    106400   0.3043982271E+005   0.1400631575E+006
    106500   0.3047379713E+005   0.1399825693E+006
    106600   0.3051154393E+005   0.1398406592E+006
    106700   0.3054744074E+005   0.1397028139E+006
    106800   0.3058457651E+005   0.1395949639E+006
    106900   0.3060955731E+005   0.1394703516E+006
    107000   0.3064378433E+005   0.1393047694E+006
    107100   0.3068018243E+005   0.1391475402E+006
    107200   0.3072622179E+005   0.1389724400E+006
    107300   0.3076942535E+005   0.1389193222E+006
    107400   0.3082065946E+005   0.1388244938E+006
    107500   0.3086229226E+005   0.1387249799E+006
    107600   0.3089572985E+005   0.1384597872E+006
    107700   0.3092944963E+005   0.1381683887E+006
    107800   0.3096141476E+005   0.1380429681E+006
    107900   0.3099806437E+005   0.1379912652E+006
    108000   0.3102874269E+005   0.1379488017E+006
    108100   0.3105101875E+005   0.1378726809E+006
    108200   0.3106799309E+005   0.1378089645E+006
    108300   0.3109347983E+005   0.1378921553E+006
    108400   0.3111673160E+005   0.1379199097E+006
    108500   0.3115052350E+005   0.1379189910E+006
    108600   0.3117074035E+005   0.1378602567E+006
    108700   0.3119908360E+005   0.1378422696E+006
    108800   0.3122748831E+005   0.1377273878E+006
    108900   0.3124178831E+005   0.1375889086E+006
    109000   0.3126564760E+005   0.1374806758E+006
    109100   0.3128100063E+005   0.1374004017E+006
    109200   0.3129881010E+005   0.1373094904E+006
    109300   0.3131766404E+005   0.1371845496E+006
    109400   0.3134894064E+005   0.1370335198E+006
    109500   0.3138444703E+005   0.1368984471E+006
    109600   0.3141594477E+005   0.1367556144E+006
    109700   0.3145420883E+005   0.1365770443E+006
    109800   0.3149214376E+005   0.1364961308E+006
    109900   0.3152452764E+005   0.1364570302E+006
    110000   0.3154369823E+005   0.1363978389E+006
    110100   0.3156124498E+005   0.1363838801E+006
    110200   0.3157599231E+005   0.1363108778E+006
    110300   0.3159747750E+005   0.1362341744E+006
    110400   0.3161487399E+005   0.1361957210E+006
    110500   0.3163741735E+005   0.1361492115E+006
    110600   0.3166054789E+005   0.1360959934E+006
    110700   0.3168183766E+005   0.1359898856E+006
    110800   0.3170230674E+005   0.1358417103E+006
    110900   0.3171566765E+005   0.1356788946E+006
    111000   0.3173537789E+005   0.1354704663E+006
    111100   0.3175485070E+005   0.1353660291E+006
    111200   0.3177383658E+005   0.1353383360E+006
    111300   0.3178908429E+005   0.1352853721E+006
    111400   0.3179829026E+005   0.1352862317E+006
    111500   0.3180997098E+005   0.1352634070E+006
    111600   0.3182501327E+005   0.1353398543E+006
    111700   0.3183621964E+005   0.1353623531E+006
    111800   0.3185383373E+005   0.1353875612E+006
    111900   0.3186789179E+005   0.1354340951E+006
    112000   0.3188936329E+005   0.1354408712E+006
    112100   0.3190960325E+005   0.1354837338E+006
    112200   0.3192995274E+005   0.1355007544E+006
    112300   0.3194953910E+005   0.1355117833E+006
    112400   0.3197064669E+005   0.1354802218E+006
    112500   0.3199221095E+005   0.1354100790E+006
    112600   0.3201375732E+005   0.1352892112E+006
    112700   0.3203941002E+005   0.1351372457E+006
    112800   0.3206441188E+005   0.1350901630E+006
    112900   0.3208779027E+005   0.1350580318E+006
    113000   0.3211237872E+005   0.1349831912E+006
    113100   0.3213838773E+005   0.1349281158E+006
    113200   0.3216958225E+005   0.1349172156E+006
    113300   0.3220180236E+005   0.1349454681E+006
    113400   0.3222963632E+005   0.1348139516E+006
    113500   0.3225707703E+005   0.1347167277E+006
    113600   0.3227727811E+005   0.1346031180E+006
    113700   0.3229883659E+005   0.1344974575E+006
    113800   0.3233134682E+005   0.1344561610E+006
    113900   0.3235674659E+005   0.1343992120E+006
    114000   0.3237924469E+005   0.1343309136E+006
    114100   0.3240215088E+005   0.1343524913E+006
    114200   0.3243138806E+005   0.1343095306E+006
    114300   0.3245867652E+005   0.1342407393E+006
    114400   0.3247990507E+005   0.1342212315E+006
    114500   0.3250487322E+005   0.1341927516E+006
    114600   0.3254104989E+005   0.1342241539E+006
    114700   0.3256437980E+005   0.1342178338E+006
    114800   0.3258396100E+005   0.1341960931E+006
    114900   0.3260925770E+005   0.1340995928E+006
    115000   0.3263000920E+005   0.1340356643E+006
    115100   0.3265237546E+005   0.1339508224E+006
    115200   0.3267608491E+005   0.1338980340E+006
    115300   0.3269766400E+005   0.1338138329E+006
    115400   0.3272568021E+005   0.1337970810E+006
    115500   0.3274385636E+005   0.1337577159E+006
    115600   0.3276460838E+005   0.1336864496E+006
    115700   0.3278292081E+005   0.1336883568E+006
    115800   0.3280031669E+005   0.1336927414E+006
    115900   0.3281657236E+005   0.1336921235E+006
    116000   0.3283965066E+005   0.1336673000E+006
    116100   0.3286336416E+005   0.1336680900E+006
    116200   0.3289349416E+005   0.1336998600E+006
    116300   0.3291451893E+005   0.1336179691E+006
    116400   0.3293307285E+005   0.1335594851E+006
    116500   0.3295422465E+005   0.1334956123E+006
    116600   0.3297652092E+005   0.1334776500E+006
    116700   0.3300116772E+005   0.1334155065E+006
    116800   0.3301986408E+005   0.1332862289E+006
    116900   0.3303437029E+005   0.1332075990E+006
    117000   0.3304958199E+005   0.1331570605E+006
    117100   0.3306807589E+005   0.1331422400E+006
    117200   0.3308895258E+005   0.1331123486E+006
    117300   0.3311307623E+005   0.1330448743E+006
    117400   0.3313448596E+005   0.1329702375E+006
    117500   0.3315705750E+005   0.1329011789E+006
    117600   0.3317873421E+005   0.1328262914E+006
    117700   0.3320092457E+005   0.1327562640E+006
    117800   0.3322321457E+005   0.1327264060E+006
    117900   0.3325069163E+005   0.1327305465E+006
    118000   0.3326560033E+005   0.1327165978E+006
    118100   0.3328306079E+005   0.1326979902E+006
    118200   0.3330156393E+005   0.1326273182E+006
    118300   0.3331252303E+005   0.1325760692E+006
    118400   0.3332467244E+005   0.1325475263E+006
    118500   0.3333573535E+005   0.1325234618E+006
    118600   0.3334002075E+005   0.1324788059E+006
    118700   0.3334369561E+005   0.1323980357E+006
    118800   0.3334617607E+005   0.1323626269E+006
    118900   0.3335165241E+005   0.1323607462E+006
    119000   0.3335866115E+005   0.1323646489E+006
    119100   0.3336812169E+005   0.1323515320E+006
    119200   0.3337859702E+005   0.1323276292E+006
    119300   0.3338936192E+005   0.1323326857E+006
    119400   0.3339902947E+005   0.1323138033E+006
    119500   0.3341214934E+005   0.1322627593E+006
    119600   0.3341979667E+005   0.1321620439E+006
    119700   0.3342622421E+005   0.1320975038E+006
    119800   0.3343191506E+005   0.1320317691E+006
    119900   0.3344115999E+005   0.1319352164E+006
    120000   0.3345235151E+005   0.1318548355E+006
    120100   0.3346243773E+005   0.1317804985E+006
    120200   0.3347264910E+005   0.1317309775E+006
    120300   0.3348349216E+005   0.1317040293E+006
    120400   0.3348938366E+005   0.1316665068E+006
    120500   0.3349808906E+005   0.1316360997E+006
    120600   0.3350574353E+005   0.1316258804E+006
    120700   0.3351565227E+005   0.1316632651E+006
    120800   0.3352461005E+005   0.1317054449E+006
    120900   0.3354091251E+005   0.1317069835E+006
    121000   0.3355562205E+005   0.1316668449E+006
    121100   0.3357326640E+005   0.1316271025E+006
    121200   0.3358470874E+005   0.1315660366E+006
    121300   0.3359550099E+005   0.1315182734E+006
    121400   0.3360394766E+005   0.1315071268E+006
    121500   0.3361361078E+005   0.1314689199E+006
    121600   0.3362330501E+005   0.1314248629E+006
    121700   0.3363369750E+005   0.1313843729E+006
    121800   0.3364509824E+005   0.1313732878E+006
    121900   0.3365687257E+005   0.1313789179E+006
    122000   0.3366535086E+005   0.1313787511E+006
    122100   0.3367353404E+005   0.1313646597E+006
    122200   0.3368066955E+005   0.1313256848E+006
    122300   0.3368784697E+005   0.1313230131E+006
    122400   0.3369451802E+005   0.1312782167E+006
    122500   0.3369439015E+005   0.1312400749E+006
    122600   0.3369534481E+005   0.1312354700E+006
    122700   0.3369754460E+005   0.1312347524E+006
    122800   0.3370233589E+005   0.1312087058E+006
    122900   0.3370475814E+005   0.1312156820E+006
    123000   0.3370249183E+005   0.1312322102E+006
    123100   0.3370143717E+005   0.1312500265E+006
    123200   0.3370166687E+005   0.1312189343E+006
    123300   0.3370196581E+005   0.1312117342E+006
    123400   0.3370026328E+005   0.1312265425E+006
    123500   0.3369937635E+005   0.1312731992E+006
    123600   0.3369936609E+005   0.1313186563E+006
    123700   0.3369945864E+005   0.1313508289E+006
    123800   0.3369559078E+005   0.1313581888E+006
    123900   0.3369192666E+005   0.1313906779E+006
    124000   0.3369102836E+005   0.1314073408E+006
    124100   0.3368845880E+005   0.1313939294E+006
    124200   0.3368565788E+005   0.1314098508E+006
    124300   0.3368300620E+005   0.1313788208E+006
    124400   0.3367729047E+005   0.1313638847E+006
    124500   0.3366961020E+005   0.1313909134E+006
    124600   0.3366389718E+005   0.1314093161E+006
    124700   0.3366186379E+005   0.1314119090E+006
    124800   0.3365944177E+005   0.1314288738E+006
    124900   0.3365720854E+005   0.1314444443E+006
    125000   0.3365459344E+005   0.1314748076E+006
    125100   0.3365347422E+005   0.1314606706E+006
    125200   0.3365336542E+005   0.1314611234E+006
    125300   0.3365104094E+005   0.1314482661E+006
    125400   0.3364916113E+005   0.1314809114E+006
    125500   0.3364778503E+005   0.1314527521E+006
    125600   0.3364745154E+005   0.1314456538E+006
    125700   0.3364488830E+005   0.1314375238E+006
    125800   0.3364050181E+005   0.1314097721E+006
    125900   0.3363958352E+005   0.1313952115E+006
    126000   0.3364041937E+005   0.1313894479E+006
    126100   0.3364074880E+005   0.1314004174E+006
    126200   0.3363769062E+005   0.1313985950E+006
    126300   0.3363557351E+005   0.1314223316E+006
    126400   0.3363175700E+005   0.1314706828E+006
    126500   0.3362296746E+005   0.1315054327E+006
    126600   0.3361275287E+005   0.1315380005E+006
    126700   0.3360163413E+005   0.1315627507E+006
    126800   0.3358970706E+005   0.1315640516E+006
    126900   0.3357991567E+005   0.1315297147E+006
    127000   0.3356852730E+005   0.1315257974E+006
    127100   0.3355807917E+005   0.1315139222E+006
    127200   0.3354672215E+005   0.1314985430E+006
    127300   0.3353504348E+005   0.1315525325E+006
    127400   0.3352337625E+005   0.1315887131E+006
    127500   0.3351574132E+005   0.1316162113E+006
    127600   0.3350735802E+005   0.1316623214E+006
    127700   0.3350051755E+005   0.1316710179E+006
    127800   0.3349089865E+005   0.1317196985E+006
    127900   0.3348591460E+005   0.1317294416E+006
    128000   0.3348194342E+005   0.1317441463E+006
    128100   0.3347777278E+005   0.1317638805E+006
    128200   0.3347436564E+005   0.1317800991E+006
    128300   0.3346945166E+005   0.1318127192E+006
    128400   0.3346668878E+005   0.1318583017E+006
    128500   0.3346478057E+005   0.1319144618E+006
    128600   0.3346312016E+005   0.1319558646E+006
    128700   0.3345904500E+005   0.1319794143E+006
    128800   0.3345741373E+005   0.1319743289E+006
    128900   0.3345008244E+005   0.1319486629E+006
    129000   0.3344459193E+005   0.1319514244E+006
    129100   0.3344190544E+005   0.1319686345E+006
    129200   0.3343562543E+005   0.1319928165E+006
    129300   0.3343061119E+005   0.1319922278E+006
    129400   0.3342379081E+005   0.1319848056E+006
    129500   0.3342000649E+005   0.1319902958E+006
    129600   0.3341825303E+005   0.1319707497E+006
    129700   0.3341740807E+005   0.1319742369E+006
    129800   0.3341705973E+005   0.1319811811E+006
    129900   0.3341601759E+005   0.1320016556E+006
    130000   0.3341546042E+005   0.1320072592E+006
    130100   0.3341532561E+005   0.1320107639E+006
    130200   0.3341606846E+005   0.1320424899E+006
    130300   0.3341531691E+005   0.1320617440E+006
    130400   0.3341147715E+005   0.1320683077E+006
    130500   0.3340956886E+005   0.1320606030E+006
    130600   0.3341000718E+005   0.1320801662E+006
    130700   0.3341006599E+005   0.1320661810E+006
    130800   0.3340966428E+005   0.1320649784E+006
    130900   0.3340842963E+005   0.1320647597E+006
    131000   0.3340843392E+005   0.1320679554E+006
    131100   0.3340727610E+005   0.1320621204E+006
    131200   0.3340822515E+005   0.1320570577E+006
    131300   0.3341245803E+005   0.1320113114E+006
    131400   0.3341760096E+005   0.1319582368E+006
    131500   0.3342358812E+005   0.1319460062E+006
    131600   0.3343087423E+005   0.1319420153E+006
    131700   0.3344042462E+005   0.1319376363E+006
    131800   0.3344692133E+005   0.1319180355E+006
    131900   0.3345574906E+005   0.1318886957E+006
    132000   0.3346416618E+005   0.1318724712E+006
    132100   0.3347516898E+005   0.1318596128E+006
    132200   0.3348077529E+005   0.1318404498E+006
    132300   0.3348592277E+005   0.1318066040E+006
    132400   0.3349182562E+005   0.1317780784E+006
    132500   0.3349661034E+005   0.1317268665E+006
    132600   0.3350354229E+005   0.1317141014E+006
    132700   0.3351380416E+005   0.1316960644E+006
    132800   0.3352223415E+005   0.1316703048E+006
    132900   0.3353140768E+005   0.1316524792E+006
    133000   0.3353920095E+005   0.1316218433E+006
    133100   0.3354584529E+005   0.1315859045E+006
    133200   0.3355190628E+005   0.1315549857E+006
    133300   0.3356033377E+005   0.1315496541E+006
    133400   0.3356914971E+005   0.1315368184E+006
    133500   0.3358131842E+005   0.1315416548E+006
    133600   0.3359148135E+005   0.1315340096E+006
    133700   0.3359903439E+005   0.1315011447E+006
    133800   0.3360898752E+005   0.1314809640E+006
    133900   0.3361707847E+005   0.1314721049E+006
    134000   0.3362414049E+005   0.1314674698E+006
    134100   0.3362997398E+005   0.1314599546E+006
    134200   0.3363428795E+005   0.1314677217E+006
    134300   0.3363885004E+005   0.1314496581E+006
    134400   0.3364391784E+005   0.1314515408E+006
    134500   0.3364966149E+005   0.1314402533E+006
    134600   0.3365541455E+005   0.1314324732E+006
    134700   0.3366439444E+005   0.1314289034E+006
    134800   0.3367589970E+005   0.1314073597E+006
    134900   0.3368421546E+005   0.1313806428E+006
    135000   0.3369234091E+005   0.1313521499E+006
    135100   0.3370442204E+005   0.1313353067E+006
    135200   0.3371134899E+005   0.1313329546E+006
    135300   0.3371922186E+005   0.1313261478E+006
    135400   0.3372549291E+005   0.1313163434E+006
    135500   0.3373054821E+005   0.1313262141E+006
    135600   0.3373450476E+005   0.1313122079E+006
    135700   0.3373721241E+005   0.1312575802E+006
    135800   0.3373837623E+005   0.1312250742E+006
    135900   0.3373888967E+005   0.1312172067E+006
    136000   0.3374170403E+005   0.1312340444E+006
    136100   0.3374459653E+005   0.1312541748E+006
    136200   0.3374881320E+005   0.1312427070E+006
    136300   0.3375394725E+005   0.1312239830E+006
    136400   0.3375876686E+005   0.1311966764E+006
    136500   0.3376132792E+005   0.1311715052E+006
    136600   0.3376428913E+005   0.1311418650E+006
    136700   0.3376869287E+005   0.1311169662E+006
    136800   0.3377602033E+005   0.1310792867E+006
    136900   0.3378131223E+005   0.1310444829E+006
    137000   0.3378659497E+005   0.1310239985E+006
    137100   0.3379501611E+005   0.1309983812E+006
    137200   0.3380061087E+005   0.1309750917E+006
    137300   0.3380687323E+005   0.1309432258E+006
    137400   0.3381223389E+005   0.1309284075E+006
    137500   0.3381807359E+005   0.1309171984E+006
    137600   0.3382382212E+005   0.1309126535E+006
    137700   0.3382716792E+005   0.1308987364E+006
    137800   0.3383230477E+005   0.1308818482E+006
    137900   0.3383650095E+005   0.1308692158E+006
    138000   0.3384053003E+005   0.1308565664E+006
    138100   0.3384638640E+005   0.1308292830E+006
    138200   0.3385397944E+005   0.1308107641E+006
    138300   0.3386142571E+005   0.1308006937E+006
    138400   0.3386968829E+005   0.1307893506E+006
    138500   0.3387876933E+005   0.1307727365E+006
    138600   0.3389018465E+005   0.1307465489E+006
    138700   0.3389893801E+005   0.1307239329E+006
    138800   0.3390711895E+005   0.1307045401E+006
    138900   0.3391551153E+005   0.1307054934E+006
    139000   0.3392553964E+005   0.1307142465E+006
    139100   0.3393477924E+005   0.1307185235E+006
    139200   0.3394311573E+005   0.1306965284E+006
    139300   0.3395062478E+005   0.1306910506E+006
    139400   0.3395857131E+005   0.1306786460E+006
    139500   0.3396649981E+005   0.1306462335E+006
    139600   0.3397335504E+005   0.1306092183E+006
    139700   0.3397895627E+005   0.1305891170E+006
    139800   0.3398304782E+005   0.1305630234E+006
    139900   0.3398664687E+005   0.1305871465E+006
    140000   0.3399084759E+005   0.1305947709E+006
    140100   0.3399548344E+005   0.1305827078E+006
    140200   0.3399898555E+005   0.1305793011E+006
    140300   0.3400349659E+005   0.1305703004E+006
    140400   0.3400897654E+005   0.1305524066E+006
    140500   0.3401491370E+005   0.1305308510E+006
    140600   0.3402126184E+005   0.1305221611E+006
    140700   0.3402518564E+005   0.1304975959E+006
    140800   0.3402878184E+005   0.1304771287E+006
    140900   0.3403351013E+005   0.1304658473E+006
    141000   0.3403524399E+005   0.1304498585E+006
    141100   0.3403506205E+005   0.1304464973E+006
    141200   0.3403446231E+005   0.1304549174E+006
    141300   0.3403316239E+005   0.1304528162E+006
    141400   0.3403234772E+005   0.1304386557E+006
    141500   0.3403384654E+005   0.1304092491E+006
    141600   0.3403504515E+005   0.1303866205E+006
    141700   0.3403567354E+005   0.1303662945E+006
    141800   0.3403599031E+005   0.1303384780E+006
    141900   0.3403514625E+005   0.1303200633E+006
    142000   0.3403251109E+005   0.1302919368E+006
    142100   0.3402750853E+005   0.1302667881E+006
    142200   0.3402071949E+005   0.1302534337E+006
    142300   0.3401212819E+005   0.1302491253E+006
    142400   0.3400442634E+005   0.1302431178E+006
    142500   0.3400109603E+005   0.1302529930E+006
    142600   0.3399694242E+005   0.1302519766E+006
    142700   0.3399272747E+005   0.1302467423E+006
    142800   0.3398843298E+005   0.1302492537E+006
    142900   0.3398597929E+005   0.1302580635E+006
    143000   0.3398367649E+005   0.1302343940E+006
    143100   0.3398410280E+005   0.1302054442E+006
    143200   0.3398343671E+005   0.1302122199E+006
    143300   0.3398257087E+005   0.1302142186E+006
    143400   0.3398178449E+005   0.1301904976E+006
    143500   0.3398024912E+005   0.1301935095E+006
    143600   0.3397853848E+005   0.1301850705E+006
    143700   0.3397719403E+005   0.1301751683E+006
    143800   0.3397756865E+005   0.1301676130E+006
    143900   0.3397667521E+005   0.1301532394E+006
    144000   0.3397706369E+005   0.1301429802E+006
    144100   0.3397592946E+005   0.1301473246E+006
    144200   0.3397265958E+005   0.1301657215E+006
    144300   0.3396818416E+005   0.1301862280E+006
    144400   0.3396492836E+005   0.1301906886E+006
    144500   0.3396235712E+005   0.1302100249E+006
    144600   0.3396024029E+005   0.1302258034E+006
    144700   0.3395462004E+005   0.1302219059E+006
    144800   0.3394907488E+005   0.1301890863E+006
    144900   0.3394568774E+005   0.1301658216E+006
    145000   0.3394197862E+005   0.1301624278E+006
    145100   0.3393684154E+005   0.1301589700E+006
    145200   0.3392943116E+005   0.1301430517E+006
    145300   0.3392099948E+005   0.1301432365E+006
    145400   0.3391156160E+005   0.1301634756E+006
    145500   0.3390111334E+005   0.1301973818E+006
    145600   0.3389078870E+005   0.1302216395E+006
    145700   0.3387996039E+005   0.1302248458E+006
    145800   0.3387129058E+005   0.1302300013E+006
    145900   0.3386488542E+005   0.1302314682E+006
    146000   0.3385673061E+005   0.1302408011E+006
    146100   0.3384780046E+005   0.1302532822E+006
    146200   0.3383885397E+005   0.1302647676E+006
    146300   0.3383112496E+005   0.1302788055E+006
    146400   0.3381940127E+005   0.1302854646E+006
    146500   0.3380841085E+005   0.1302893918E+006
    146600   0.3379881827E+005   0.1302945282E+006
    146700   0.3378959448E+005   0.1302934712E+006
    146800   0.3377922691E+005   0.1303272906E+006
    146900   0.3377010688E+005   0.1303564263E+006
    147000   0.3375721321E+005   0.1303969498E+006
    147100   0.3374787197E+005   0.1304358474E+006
    147200   0.3373880325E+005   0.1304633839E+006
    147300   0.3372929070E+005   0.1304547793E+006
    147400   0.3372135949E+005   0.1304529247E+006
    147500   0.3371155579E+005   0.1304495116E+006
    147600   0.3370137664E+005   0.1304614843E+006
    147700   0.3369147441E+005   0.1304943302E+006
    147800   0.3368086156E+005   0.1305315663E+006
    147900   0.3367427698E+005   0.1305480743E+006
    148000   0.3366683471E+005   0.1305746199E+006
    148100   0.3365966407E+005   0.1305954037E+006
    148200   0.3365384587E+005   0.1306087739E+006
    148300   0.3364881741E+005   0.1306290132E+006
    148400   0.3364299039E+005   0.1306471451E+006
    148500   0.3363809728E+005   0.1306425166E+006
    148600   0.3363245440E+005   0.1306389088E+006
    148700   0.3362679598E+005   0.1306396625E+006
    148800   0.3362116635E+005   0.1306563606E+006
    148900   0.3361366079E+005   0.1306791976E+006
    149000   0.3360623709E+005   0.1307097595E+006
    149100   0.3359854952E+005   0.1307214661E+006
    149200   0.3359093053E+005   0.1307286381E+006
    149300   0.3358304427E+005   0.1307440319E+006
    149400   0.3357811967E+005   0.1307649961E+006
    149500   0.3357195360E+005   0.1307803962E+006
    149600   0.3356397970E+005   0.1307842564E+006
    149700   0.3355747608E+005   0.1307867743E+006
    149800   0.3355068313E+005   0.1307724115E+006
    149900   0.3354659989E+005   0.1307787482E+006
    150000   0.3354209549E+005   0.1307981385E+006
    150100   0.3353661838E+005   0.1308162459E+006
    150200   0.3352978216E+005   0.1308268883E+006
    150300   0.3352593596E+005   0.1308564144E+006
    150400   0.3352161344E+005   0.1308802355E+006
    150500   0.3351708426E+005   0.1309025061E+006
    150600   0.3351140050E+005   0.1309095011E+006
    150700   0.3350612750E+005   0.1309177460E+006
    150800   0.3349998897E+005   0.1309209269E+006
    150900   0.3349534902E+005   0.1309165289E+006
    151000   0.3349215298E+005   0.1309247764E+006
    151100   0.3348972180E+005   0.1309477423E+006
    151200   0.3348555128E+005   0.1309642221E+006
    151300   0.3348170350E+005   0.1309852969E+006
    151400   0.3348030211E+005   0.1310112276E+006
    151500   0.3347861777E+005   0.1310357364E+006
    151600   0.3347711927E+005   0.1310794779E+006
    151700   0.3347478469E+005   0.1311103716E+006
    151800   0.3347151722E+005   0.1311190059E+006
    151900   0.3346719349E+005   0.1311255879E+006
    152000   0.3346254266E+005   0.1311213493E+006
    152100   0.3345710343E+005   0.1311227363E+006
    152200   0.3345382255E+005   0.1311265790E+006
    152300   0.3345019116E+005   0.1311253706E+006
    152400   0.3344681966E+005   0.1311253217E+006
    152500   0.3344282720E+005   0.1311409954E+006
    152600   0.3343665512E+005   0.1311457366E+006
    152700   0.3342892460E+005   0.1311487575E+006
    152800   0.3342014763E+005   0.1311551205E+006
    152900   0.3341188953E+005   0.1311542988E+006
    153000   0.3340429455E+005   0.1311502917E+006
    153100   0.3339907866E+005   0.1311517328E+006
    153200   0.3339065626E+005   0.1311849987E+006
    153300   0.3338444070E+005   0.1312131897E+006
    153400   0.3337591383E+005   0.1312401492E+006
    153500   0.3336838375E+005   0.1312709164E+006
    153600   0.3336243423E+005   0.1312958712E+006
    153700   0.3335607618E+005   0.1313208768E+006
    153800   0.3334714230E+005   0.1313273485E+006
    153900   0.3333591474E+005   0.1313329171E+006
    154000   0.3332499772E+005   0.1313513637E+006
    154100   0.3331492275E+005   0.1313937514E+006
    154200   0.3330456435E+005   0.1314215218E+006
    154300   0.3329577485E+005   0.1314258884E+006
    154400   0.3328702075E+005   0.1314438773E+006
    154500   0.3327744850E+005   0.1314753134E+006
    154600   0.3326856217E+005   0.1314848818E+006
    154700   0.3325921536E+005   0.1315114448E+006
    154800   0.3324959956E+005   0.1315332595E+006
    154900   0.3324031940E+005   0.1315624249E+006
    155000   0.3323113368E+005   0.1315814626E+006
    155100   0.3322151843E+005   0.1316054446E+006
    155200   0.3321259969E+005   0.1316217703E+006
    155300   0.3320426808E+005   0.1316465754E+006
    155400   0.3319480642E+005   0.1316562710E+006
    155500   0.3318454034E+005   0.1316477535E+006
    155600   0.3317646721E+005   0.1316304736E+006
    155700   0.3316845344E+005   0.1316289176E+006
    155800   0.3316051003E+005   0.1316701640E+006
    155900   0.3315458467E+005   0.1317016810E+006
    156000   0.3314647577E+005   0.1317361990E+006
    156100   0.3314083672E+005   0.1317589083E+006
    156200   0.3313658822E+005   0.1317690754E+006
    156300   0.3313125789E+005   0.1317738066E+006
    156400   0.3312616446E+005   0.1317759952E+006
    156500   0.3312126479E+005   0.1317850646E+006
    156600   0.3311786956E+005   0.1317921872E+006
    156700   0.3311526237E+005   0.1317786014E+006
    156800   0.3311451903E+005   0.1317502162E+006
    156900   0.3311420957E+005   0.1317359448E+006
    157000   0.3311356773E+005   0.1317143178E+006
    157100   0.3311358442E+005   0.1317051644E+006
    157200   0.3311338172E+005   0.1317114414E+006
    157300   0.3311204205E+005   0.1317251763E+006
    157400   0.3311048200E+005   0.1317263108E+006
    157500   0.3310945767E+005   0.1317096605E+006
    157600   0.3310881650E+005   0.1316927499E+006
    157700   0.3310833612E+005   0.1316703610E+006
    157800   0.3310702388E+005   0.1316473682E+006
    157900   0.3310356815E+005   0.1316280822E+006
    158000   0.3309857980E+005   0.1316011302E+006
    158100   0.3309374908E+005   0.1315760181E+006
    158200   0.3309114042E+005   0.1315530342E+006
    158300   0.3308799262E+005   0.1315381970E+006
    158400   0.3308339101E+005   0.1315235737E+006
    158500   0.3307936062E+005   0.1315250131E+006
    158600   0.3307420456E+005   0.1315112654E+006
    158700   0.3306866715E+005   0.1314954558E+006
    158800   0.3305987699E+005   0.1314808570E+006
    158900   0.3305150306E+005   0.1314773736E+006
    159000   0.3304412885E+005   0.1314797118E+006
    159100   0.3303737297E+005   0.1315060095E+006
    159200   0.3303091405E+005   0.1315265634E+006
    159300   0.3302466223E+005   0.1315481616E+006
    159400   0.3301652878E+005   0.1315845008E+006
    159500   0.3300801493E+005   0.1316045147E+006
    159600   0.3299919821E+005   0.1316245558E+006
    159700   0.3298987518E+005   0.1316183366E+006
    159800   0.3298206030E+005   0.1315956156E+006
    159900   0.3297588458E+005   0.1315945735E+006
    160000   0.3296870574E+005   0.1315826634E+006
    160100   0.3296203616E+005   0.1315606216E+006
    160200   0.3295552820E+005   0.1315560524E+006
    160300   0.3294995451E+005   0.1315639942E+006
    160400   0.3294436613E+005   0.1315807785E+006
    160500   0.3293801990E+005   0.1315925583E+006
    160600   0.3293128498E+005   0.1316033471E+006
    160700   0.3292265354E+005   0.1316227616E+006
    160800   0.3291565410E+005   0.1316365281E+006
    160900   0.3290882379E+005   0.1316576610E+006
    161000   0.3290178946E+005   0.1316905877E+006
    161100   0.3289393866E+005   0.1317092589E+006
    161200   0.3288638229E+005   0.1317172760E+006
    161300   0.3287752464E+005   0.1317327120E+006
    161400   0.3287111547E+005   0.1317348000E+006
    161500   0.3286568265E+005   0.1317513089E+006
    161600   0.3286014596E+005   0.1317601172E+006
    161700   0.3285319397E+005   0.1317778539E+006
    161800   0.3284659558E+005   0.1317790309E+006
    161900   0.3283963044E+005   0.1317971059E+006
    162000   0.3283340005E+005   0.1318299781E+006
    162100   0.3282581399E+005   0.1318406636E+006
    162200   0.3281944787E+005   0.1318517249E+006
    162300   0.3281034197E+005   0.1318809863E+006
    162400   0.3280220108E+005   0.1319188066E+006
    162500   0.3279559097E+005   0.1319638795E+006
    162600   0.3278753619E+005   0.1320087007E+006
    162700   0.3278027373E+005   0.1320316429E+006
    162800   0.3277161009E+005   0.1320564910E+006
    162900   0.3276430048E+005   0.1320739443E+006
    163000   0.3275545424E+005   0.1320959138E+006
    163100   0.3274968551E+005   0.1321151615E+006
    163200   0.3274193912E+005   0.1321504656E+006
    163300   0.3273324631E+005   0.1321906022E+006
    163400   0.3272247018E+005   0.1322376382E+006
    163500   0.3271267374E+005   0.1322501049E+006
    163600   0.3270330693E+005   0.1322613045E+006
    163700   0.3269517184E+005   0.1322576962E+006
    163800   0.3268695207E+005   0.1322531240E+006
    163900   0.3267912413E+005   0.1322598884E+006
    164000   0.3267074012E+005   0.1322746099E+006
    164100   0.3266078738E+005   0.1322979533E+006
    164200   0.3264813346E+005   0.1323280812E+006
    164300   0.3263709734E+005   0.1323551974E+006
    164400   0.3262798147E+005   0.1323702942E+006
    164500   0.3261828361E+005   0.1324081579E+006
    164600   0.3260822405E+005   0.1324395965E+006
    164700   0.3259894257E+005   0.1324701522E+006
    164800   0.3258982693E+005   0.1324891842E+006
    164900   0.3258235666E+005   0.1325137713E+006
    165000   0.3257401578E+005   0.1325424488E+006
    165100   0.3256468177E+005   0.1325672126E+006
    165200   0.3255542787E+005   0.1325928130E+006
    165300   0.3254471565E+005   0.1326217129E+006
    165400   0.3253450711E+005   0.1326437801E+006
    165500   0.3252412342E+005   0.1326548633E+006
    165600   0.3251178046E+005   0.1326641451E+006
    165700   0.3250262574E+005   0.1326771678E+006
    165800   0.3249251665E+005   0.1326878219E+006
    165900   0.3248439873E+005   0.1326986187E+006
    166000   0.3247694075E+005   0.1327146901E+006
    166100   0.3246575896E+005   0.1327564561E+006
    166200   0.3245691748E+005   0.1327875213E+006
    166300   0.3244667582E+005   0.1328106872E+006
    166400   0.3243695991E+005   0.1328215543E+006
    166500   0.3242616953E+005   0.1328441080E+006
    166600   0.3241570776E+005   0.1328637011E+006
    166700   0.3240669228E+005   0.1328829691E+006
    166800   0.3239725576E+005   0.1329014139E+006
    166900   0.3238641082E+005   0.1329236392E+006
    167000   0.3237815243E+005   0.1329451174E+006
    167100   0.3237042374E+005   0.1329663907E+006
    167200   0.3236204594E+005   0.1329822509E+006
    167300   0.3235596272E+005   0.1329713277E+006
    167400   0.3234956816E+005   0.1329561699E+006
    167500   0.3234394428E+005   0.1329446917E+006
    167600   0.3233782886E+005   0.1329348013E+006
    167700   0.3233347921E+005   0.1329400985E+006
    167800   0.3232755325E+005   0.1329285811E+006
    167900   0.3232410825E+005   0.1329303386E+006
    168000   0.3231959966E+005   0.1329228009E+006
    168100   0.3231484104E+005   0.1329079799E+006
    168200   0.3231117327E+005   0.1329089748E+006
    168300   0.3230868118E+005   0.1329098483E+006
    168400   0.3230563186E+005   0.1328941666E+006
    168500   0.3230174500E+005   0.1329032987E+006
    168600   0.3229793009E+005   0.1329275412E+006
    168700   0.3229510548E+005   0.1329406568E+006
    168800   0.3229136344E+005   0.1329395726E+006
    168900   0.3228690584E+005   0.1329473312E+006
    169000   0.3228053975E+005   0.1329492121E+006
    169100   0.3227507977E+005   0.1329485371E+006
    169200   0.3226769280E+005   0.1329363009E+006
    169300   0.3226070538E+005   0.1329227693E+006
    169400   0.3225511603E+005   0.1329256685E+006
    169500   0.3224822909E+005   0.1329292454E+006
    169600   0.3224259167E+005   0.1329541007E+006
    169700   0.3223670195E+005   0.1329707952E+006
    169800   0.3223164683E+005   0.1329824031E+006
    169900   0.3222582639E+005   0.1330005630E+006
    170000   0.3221825817E+005   0.1330189333E+006
    170100   0.3221280316E+005   0.1330296116E+006
    170200   0.3220811863E+005   0.1330356828E+006
    170300   0.3220445859E+005   0.1330340648E+006
    170400   0.3220116004E+005   0.1330286655E+006
    170500   0.3219811412E+005   0.1330210423E+006
    170600   0.3219542976E+005   0.1330315155E+006
    170700   0.3219166354E+005   0.1330463211E+006
    170800   0.3218924934E+005   0.1330421955E+006
    170900   0.3218593875E+005   0.1330410386E+006
    171000   0.3218197926E+005   0.1330495610E+006
    171100   0.3217678098E+005   0.1330653854E+006
    171200   0.3217021271E+005   0.1330760975E+006
    171300   0.3216331592E+005   0.1330947597E+006
    171400   0.3215356254E+005   0.1331151100E+006
    171500   0.3214468833E+005   0.1331503261E+006
    171600   0.3213510257E+005   0.1331775149E+006
    171700   0.3212656829E+005   0.1332035873E+006
    171800   0.3211701256E+005   0.1332189243E+006
    171900   0.3210691418E+005   0.1332331834E+006
    172000   0.3209590038E+005   0.1332479091E+006
    172100   0.3208708790E+005   0.1332515430E+006
    172200   0.3207691626E+005   0.1332822520E+006
    172300   0.3206765014E+005   0.1333131975E+006
    172400   0.3205923232E+005   0.1333484196E+006
    172500   0.3205111399E+005   0.1333652950E+006
    172600   0.3204317976E+005   0.1333653553E+006
    172700   0.3203514364E+005   0.1333662711E+006
    172800   0.3202495965E+005   0.1333769091E+006
    172900   0.3201666612E+005   0.1333870314E+006
    173000   0.3200555346E+005   0.1334030563E+006
    173100   0.3199787590E+005   0.1334184775E+006
    173200   0.3198913993E+005   0.1334396711E+006
    173300   0.3198169095E+005   0.1334504067E+006
    173400   0.3197344137E+005   0.1334712203E+006
    173500   0.3196592735E+005   0.1334889381E+006
    173600   0.3195750320E+005   0.1334959246E+006
    173700   0.3194820215E+005   0.1335148385E+006
    173800   0.3193762764E+005   0.1335423343E+006
    173900   0.3192855365E+005   0.1335816228E+006
    174000   0.3191938624E+005   0.1336093530E+006
    174100   0.3190998676E+005   0.1336346648E+006
    174200   0.3190024791E+005   0.1336542245E+006
    174300   0.3189187445E+005   0.1336575410E+006
    174400   0.3187999902E+005   0.1336716795E+006
    174500   0.3186993609E+005   0.1336947190E+006
    174600   0.3185824995E+005   0.1337351300E+006
    174700   0.3184684707E+005   0.1337698608E+006
    174800   0.3183607343E+005   0.1337893988E+006
    174900   0.3182435429E+005   0.1337924900E+006
    175000   0.3181457797E+005   0.1338090541E+006
    175100   0.3180355119E+005   0.1338230651E+006
    175200   0.3179388090E+005   0.1338267358E+006
    175300   0.3178213555E+005   0.1338444481E+006
    175400   0.3177091724E+005   0.1338651122E+006
    175500   0.3176126080E+005   0.1338749629E+006
    175600   0.3174971069E+005   0.1338812838E+006
    175700   0.3173977092E+005   0.1339051010E+006
    175800   0.3172853114E+005   0.1339358645E+006
    175900   0.3171725983E+005   0.1339605209E+006
    176000   0.3170711685E+005   0.1339922233E+006
    176100   0.3169819762E+005   0.1340352478E+006
    176200   0.3168917269E+005   0.1340564123E+006
    176300   0.3168005663E+005   0.1340750494E+006
    176400   0.3167211462E+005   0.1340906445E+006
    176500   0.3166397938E+005   0.1341173171E+006
    176600   0.3165533389E+005   0.1341466942E+006
    176700   0.3164403576E+005   0.1341684968E+006
    176800   0.3163350744E+005   0.1341723097E+006
    176900   0.3162335196E+005   0.1341956726E+006
    177000   0.3161111501E+005   0.1342387399E+006
    177100   0.3160299123E+005   0.1342589906E+006
    177200   0.3159406491E+005   0.1342826690E+006
    177300   0.3158576973E+005   0.1343275618E+006
    177400   0.3157606613E+005   0.1343787586E+006
    177500   0.3156563524E+005   0.1344019557E+006
    177600   0.3155701511E+005   0.1344236970E+006
    177700   0.3154859395E+005   0.1344420406E+006
    177800   0.3154172367E+005   0.1344501731E+006
    177900   0.3153244951E+005   0.1344671154E+006
    178000   0.3152215959E+005   0.1344921267E+006
    178100   0.3151348512E+005   0.1345138924E+006
    178200   0.3150360375E+005   0.1345352685E+006
    178300   0.3149355378E+005   0.1345522143E+006
    178400   0.3148291580E+005   0.1345761272E+006
    178500   0.3147435809E+005   0.1345884525E+006
    178600   0.3146328699E+005   0.1346101264E+006
    178700   0.3145225328E+005   0.1346440820E+006
    178800   0.3144185908E+005   0.1346860885E+006
    178900   0.3143219240E+005   0.1347184428E+006
    179000   0.3142217116E+005   0.1347487987E+006
    179100   0.3141317529E+005   0.1347745262E+006
    179200   0.3140349891E+005   0.1347946909E+006
    179300   0.3139534400E+005   0.1348038093E+006
    179400   0.3138687686E+005   0.1348198135E+006
    179500   0.3137995223E+005   0.1348266569E+006
    179600   0.3137304800E+005   0.1348608355E+006
    179700   0.3136634668E+005   0.1348935313E+006
    179800   0.3135982560E+005   0.1349128223E+006
    179900   0.3135213843E+005   0.1349292273E+006
    180000   0.3134482366E+005   0.1349576966E+006
    180100   0.3133734397E+005   0.1349730445E+006
    180200   0.3132966382E+005   0.1349867915E+006
    180300   0.3132195894E+005   0.1349947483E+006
    180400   0.3131484890E+005   0.1349922764E+006
    180500   0.3130801109E+005   0.1349924735E+006
    180600   0.3130148705E+005   0.1350039227E+006
    180700   0.3129571431E+005   0.1350224500E+006
    180800   0.3128784523E+005   0.1350345317E+006
    180900   0.3128089393E+005   0.1350519326E+006
    181000   0.3127359659E+005   0.1350607217E+006
    181100   0.3126615118E+005   0.1350674650E+006
    181200   0.3125815047E+005   0.1350720095E+006
    181300   0.3125155497E+005   0.1350732592E+006
    181400   0.3124417423E+005   0.1350860885E+006
    181500   0.3123846320E+005   0.1350803487E+006
    181600   0.3123125392E+005   0.1350678465E+006
    181700   0.3122392457E+005   0.1350524575E+006
    181800   0.3121771076E+005   0.1350452986E+006
    181900   0.3121385573E+005   0.1350444966E+006
    182000   0.3120998391E+005   0.1350348400E+006
    182100   0.3120689405E+005   0.1350248745E+006
    182200   0.3120242664E+005   0.1350057870E+006
    182300   0.3119821199E+005   0.1349862384E+006
    182400   0.3119488661E+005   0.1349765568E+006
    182500   0.3119154034E+005   0.1349671659E+006
    182600   0.3118781443E+005   0.1349568687E+006
    182700   0.3118453454E+005   0.1349610015E+006
    182800   0.3118156607E+005   0.1349715068E+006
    182900   0.3117920049E+005   0.1349821235E+006
    183000   0.3117559198E+005   0.1350011415E+006
    183100   0.3117235181E+005   0.1350124070E+006
    183200   0.3116915581E+005   0.1350100820E+006
    183300   0.3116465211E+005   0.1350058836E+006
    183400   0.3116059840E+005   0.1350062196E+006
    183500   0.3115692511E+005   0.1350129668E+006
    183600   0.3115282905E+005   0.1350153686E+006
    183700   0.3114906172E+005   0.1350042631E+006
    183800   0.3114538449E+005   0.1349955861E+006
    183900   0.3114117152E+005   0.1349913176E+006
    184000   0.3113629372E+005   0.1349975940E+006
    184100   0.3113185248E+005   0.1350052998E+006
    184200   0.3112822261E+005   0.1350155402E+006
    184300   0.3112419576E+005   0.1350265258E+006
    184400   0.3112084403E+005   0.1350235775E+006
    184500   0.3111632823E+005   0.1350252169E+006
    184600   0.3111253710E+005   0.1350197752E+006
    184700   0.3110832396E+005   0.1350147201E+006
    184800   0.3110596930E+005   0.1350116636E+006
    184900   0.3110278162E+005   0.1350188920E+006
    185000   0.3109808585E+005   0.1350272377E+006
    185100   0.3109478338E+005   0.1350337178E+006
    185200   0.3109135436E+005   0.1350302887E+006
    185300   0.3108830167E+005   0.1350407382E+006
    185400   0.3108415515E+005   0.1350524432E+006
    185500   0.3107942371E+005   0.1350636976E+006
    185600   0.3107484232E+005   0.1350714013E+006
    185700   0.3107116841E+005   0.1350710692E+006
    185800   0.3106749711E+005   0.1350850391E+006
    185900   0.3106307469E+005   0.1351080518E+006
    186000   0.3106035775E+005   0.1351314641E+006
    186100   0.3105682090E+005   0.1351462759E+006
    186200   0.3105285560E+005   0.1351653174E+006
    186300   0.3104719204E+005   0.1351714727E+006
    186400   0.3104130497E+005   0.1351769451E+006
    186500   0.3103668276E+005   0.1351794676E+006
    186600   0.3103185027E+005   0.1351833523E+006
    186700   0.3102761947E+005   0.1351715748E+006
    186800   0.3102306805E+005   0.1351702065E+006
    186900   0.3101925058E+005   0.1351708642E+006
    187000   0.3101617758E+005   0.1351805898E+006
    187100   0.3101369546E+005   0.1351937044E+006
    187200   0.3101087766E+005   0.1351943454E+006
    187300   0.3100731110E+005   0.1351946355E+006
    187400   0.3100242750E+005   0.1351926283E+006
    187500   0.3099717632E+005   0.1351825811E+006
    187600   0.3099264142E+005   0.1351762347E+006
    187700   0.3098616560E+005   0.1351726173E+006
    187800   0.3098017565E+005   0.1351779683E+006
    187900   0.3097319894E+005   0.1351924941E+006
    188000   0.3096871720E+005   0.1352044420E+006
    188100   0.3096494974E+005   0.1352173034E+006
    188200   0.3096142567E+005   0.1352405730E+006
    188300   0.3095790830E+005   0.1352664105E+006
    188400   0.3095495864E+005   0.1352754649E+006
    188500   0.3095108781E+005   0.1352888459E+006
    188600   0.3094827664E+005   0.1352954217E+006
    188700   0.3094561665E+005   0.1352886727E+006
    188800   0.3094266985E+005   0.1352935039E+006
    188900   0.3093950725E+005   0.1352978593E+006
    189000   0.3093675328E+005   0.1352938209E+006
    189100   0.3093479463E+005   0.1353075340E+006
    189200   0.3093258234E+005   0.1353292308E+006
    189300   0.3093068514E+005   0.1353527013E+006
    189400   0.3092793310E+005   0.1353677248E+006
    189500   0.3092518850E+005   0.1353793923E+006
    189600   0.3092009133E+005   0.1354057167E+006
    189700   0.3091594575E+005   0.1354275775E+006
    189800   0.3091268007E+005   0.1354380570E+006
    189900   0.3090828435E+005   0.1354408863E+006
    190000   0.3090381853E+005   0.1354451829E+006
    190100   0.3089949591E+005   0.1354457897E+006
    190200   0.3089555480E+005   0.1354420732E+006
    190300   0.3089174079E+005   0.1354399689E+006
    190400   0.3088840488E+005   0.1354374625E+006
    190500   0.3088601935E+005   0.1354445051E+006
    190600   0.3088364152E+005   0.1354588878E+006
    190700   0.3088211379E+005   0.1354768983E+006
    190800   0.3088100915E+005   0.1354876987E+006
    190900   0.3087918954E+005   0.1355038099E+006
    191000   0.3087797652E+005   0.1355163424E+006
    191100   0.3087690215E+005   0.1355095552E+006
    191200   0.3087634538E+005   0.1355052714E+006
    191300   0.3087564389E+005   0.1355033214E+006
    191400   0.3087433258E+005   0.1354939602E+006
    191500   0.3087340946E+005   0.1354958797E+006
    191600   0.3087172577E+005   0.1355002772E+006
    191700   0.3087106345E+005   0.1354880446E+006
    191800   0.3087007373E+005   0.1354779692E+006
    191900   0.3086931321E+005   0.1354715403E+006
    192000   0.3086771235E+005   0.1354760240E+006
    192100   0.3086574543E+005   0.1354889196E+006
    192200   0.3086422998E+005   0.1354816978E+006
    192300   0.3086296427E+005   0.1354811228E+006
    192400   0.3086237982E+005   0.1354932682E+006
    192500   0.3086186637E+005   0.1354967744E+006
    192600   0.3086095318E+005   0.1355014960E+006
    192700   0.3085979919E+005   0.1355129767E+006
    192800   0.3085924765E+005   0.1355184779E+006
    192900   0.3085805796E+005   0.1355185903E+006
    193000   0.3085702068E+005   0.1355261659E+006
    193100   0.3085551192E+005   0.1355227763E+006
    193200   0.3085477676E+005   0.1355114898E+006
    193300   0.3085352284E+005   0.1355068990E+006
    193400   0.3085181225E+005   0.1355053448E+006
    193500   0.3084954121E+005   0.1355055375E+006
    193600   0.3084714095E+005   0.1355063290E+006
    193700   0.3084602068E+005   0.1355077030E+006
    193800   0.3084521867E+005   0.1355111787E+006
    193900   0.3084358783E+005   0.1355251079E+006
    194000   0.3084212796E+005   0.1355308795E+006
    194100   0.3084059071E+005   0.1355291490E+006
    194200   0.3083906038E+005   0.1355292900E+006
    194300   0.3083742652E+005   0.1355238259E+006
    194400   0.3083502702E+005   0.1355264652E+006
    194500   0.3083320357E+005   0.1355415923E+006
    194600   0.3083229526E+005   0.1355409158E+006
    194700   0.3083065573E+005   0.1355409373E+006
    194800   0.3082882818E+005   0.1355345334E+006
    194900   0.3082748453E+005   0.1355282921E+006
    195000   0.3082613470E+005   0.1355295247E+006
    195100   0.3082482392E+005   0.1355296830E+006
    195200   0.3082228945E+005   0.1355243242E+006
    195300   0.3082005253E+005   0.1355203455E+006
    195400   0.3081877720E+005   0.1355242302E+006
    195500   0.3081771307E+005   0.1355203249E+006
    195600   0.3081610765E+005   0.1355232497E+006
    195700   0.3081446596E+005   0.1355260552E+006
    195800   0.3081293134E+005   0.1355282501E+006
    195900   0.3081034878E+005   0.1355327392E+006
    196000   0.3080723168E+005   0.1355332085E+006
    196100   0.3080504069E+005   0.1355264185E+006
    196200   0.3080373468E+005   0.1355211458E+006
    196300   0.3080241682E+005   0.1355158391E+006
    196400   0.3080056875E+005   0.1355135104E+006
    196500   0.3079892292E+005   0.1355149828E+006
    196600   0.3079736606E+005   0.1355198402E+006
    196700   0.3079561670E+005   0.1355265934E+006
    196800   0.3079396602E+005   0.1355378507E+006
    196900   0.3079131473E+005   0.1355428791E+006
    197000   0.3078842194E+005   0.1355383269E+006
    197100   0.3078642426E+005   0.1355275380E+006
    197200   0.3078491337E+005   0.1355239209E+006
    197300   0.3078390071E+005   0.1355310295E+006
    197400   0.3078302115E+005   0.1355433477E+006
    197500   0.3078179329E+005   0.1355589326E+006
    197600   0.3077962850E+005   0.1355704680E+006
    197700   0.3077613898E+005   0.1355899888E+006
    197800   0.3077473891E+005   0.1356101164E+006
    197900   0.3077268945E+005   0.1356178854E+006
    198000   0.3077047922E+005   0.1356159810E+006
    198100   0.3076922611E+005   0.1356176924E+006
    198200   0.3076790661E+005   0.1356214916E+006
    198300   0.3076737345E+005   0.1356160499E+006
    198400   0.3076719660E+005   0.1356062307E+006
    198500   0.3076722211E+005   0.1356014777E+006
    198600   0.3076713311E+005   0.1355888741E+006
    198700   0.3076725553E+005   0.1355848973E+006
    198800   0.3076812071E+005   0.1355827572E+006
    198900   0.3076871110E+005   0.1355755397E+006
    199000   0.3076944612E+005   0.1355710751E+006
    199100   0.3077020690E+005   0.1355746107E+006
    199200   0.3077066091E+005   0.1355795087E+006
    199300   0.3077019711E+005   0.1355728039E+006
    199400   0.3076882908E+005   0.1355683717E+006
    199500   0.3076832863E+005   0.1355588385E+006
    199600   0.3076756910E+005   0.1355597042E+006
    199700   0.3076690954E+005   0.1355601859E+006
    199800   0.3076613208E+005   0.1355653445E+006
    199900   0.3076532776E+005   0.1355728376E+006
    200000   0.3076419516E+005   0.1355730193E+006
