# Lambda, (Probability, Probability_biased(/observed)) per Fractional
 0.0000000   0.1116013882E+001   0.9764227995E+000   0.8323033598E+000   0.9959931683E+000
 0.0101010   0.1091316197E+001   0.9723635570E+000   0.8416339944E+000   0.1033487523E+001
 0.0202020   0.1103193912E+001   0.1021354415E+001   0.8344808532E+000   0.1021756018E+001
 0.0303030   0.1061374566E+001   0.9613756073E+000   0.8252800763E+000   0.9944599419E+000
 0.0404040   0.1048038883E+001   0.9787848587E+000   0.8197561386E+000   0.9893724179E+000
 0.0505051   0.1025123164E+001   0.1002912856E+001   0.8408362197E+000   0.1010512358E+001
 0.0606061   0.9708993334E+000   0.1020374598E+001   0.8472557424E+000   0.1049447016E+001
 0.0707071   0.8816885834E+000   0.1022946618E+001   0.8265683108E+000   0.1052281162E+001
 0.0808081   0.8605017830E+000   0.1034441973E+001   0.8427341480E+000   0.1023056938E+001
 0.0909091   0.7665425445E+000   0.9937445673E+000   0.8236892978E+000   0.1021128789E+001
 0.1010101   0.7189637565E+000   0.1023821455E+001   0.8180442322E+000   0.1019642024E+001
 0.1111111   0.6258836690E+000   0.9656273139E+000   0.7914273222E+000   0.9852141220E+000
 0.1212121   0.5823962004E+000   0.9778050416E+000   0.8255169361E+000   0.1019130949E+001
 0.1313131   0.5477489760E+000   0.1012168629E+001   0.8226757056E+000   0.1022290324E+001
 0.1414141   0.4999646048E+000   0.1018817389E+001   0.8192076321E+000   0.1017806799E+001
 0.1515152   0.4581778176E+000   0.9970164567E+000   0.8053292485E+000   0.1003891607E+001
 0.1616162   0.4590036137E+000   0.1057432683E+001   0.8547053780E+000   0.1067055889E+001
 0.1717172   0.4152916756E+000   0.9961066265E+000   0.8274336061E+000   0.1022220632E+001
 0.1818182   0.4155733130E+000   0.1023489017E+001   0.8537141361E+000   0.1027192003E+001
 0.1919192   0.4029618457E+000   0.1009264171E+001   0.8219471994E+000   0.1003171456E+001
 0.2020202   0.4079783490E+000   0.1023226566E+001   0.8485871390E+000   0.1018434028E+001
 0.2121212   0.3940460937E+000   0.1028405600E+001   0.8393447892E+000   0.1026332467E+001
 0.2222222   0.3828126233E+000   0.9873757557E+000   0.8332129951E+000   0.9966436280E+000
 0.2323232   0.3965789080E+000   0.1005992282E+001   0.8521678909E+000   0.1018619873E+001
 0.2424242   0.3957093870E+000   0.1004889988E+001   0.8555269907E+000   0.9988970062E+000
 0.2525253   0.4162779328E+000   0.1026201011E+001   0.8690091001E+000   0.1028028308E+001
 0.2626263   0.4253039269E+000   0.1039201085E+001   0.8823947581E+000   0.1023498321E+001
 0.2727273   0.4360894849E+000   0.1019867193E+001   0.8624875293E+000   0.1003171456E+001
 0.2828283   0.4449263490E+000   0.1015090584E+001   0.8779272593E+000   0.1026704158E+001
 0.2929293   0.4587387816E+000   0.9899127823E+000   0.8724745625E+000   0.9956214771E+000
 0.3030303   0.4637235503E+000   0.9962815939E+000   0.9194865174E+000   0.1018526950E+001
 0.3131313   0.5066761561E+000   0.1026988364E+001   0.9164553638E+000   0.1014624192E+001
 0.3232323   0.5438220792E+000   0.1055455552E+001   0.9520323876E+000   0.1038203356E+001
 0.3333333   0.5378168350E+000   0.1007741955E+001   0.9105993752E+000   0.9918813339E+000
 0.3434343   0.5695366690E+000   0.1031922443E+001   0.9447024000E+000   0.1007771135E+001
 0.3535354   0.5993074241E+000   0.9992210454E+000   0.9619675054E+000   0.1057368686E+001
 0.3636364   0.6192733240E+000   0.1030067789E+001   0.9892183383E+000   0.1050631782E+001
 0.3737374   0.6454568376E+000   0.1000113379E+001   0.9648806675E+000   0.1007492366E+001
 0.3838384   0.6688705428E+000   0.1014933113E+001   0.9693175150E+000   0.9954124007E+000
 0.3939394   0.7168478566E+000   0.1002825373E+001   0.9868352891E+000   0.1015506959E+001
 0.4040404   0.7777034921E+000   0.1034039548E+001   0.9682182833E+000   0.9918348724E+000
 0.4141414   0.8224809177E+000   0.1031642496E+001   0.1012867692E+001   0.1014949422E+001
 0.4242424   0.8575253530E+000   0.1014460702E+001   0.9898262803E+000   0.9659790998E+000
 0.4343434   0.8759635894E+000   0.9674469744E+000   0.1005349914E+001   0.9984788536E+000
 0.4444444   0.9469512722E+000   0.1001005712E+001   0.1035942495E+001   0.9861433502E+000
 0.4545455   0.9935572627E+000   0.9859410234E+000   0.1062423653E+001   0.1023173091E+001
 0.4646465   0.1009883388E+001   0.9377550149E+000   0.1046002615E+001   0.9797084454E+000
 0.4747475   0.1138820872E+001   0.9730109362E+000   0.1038613161E+001   0.9512508340E+000
 0.4848485   0.1197420408E+001   0.1015265551E+001   0.1087544831E+001   0.1007980211E+001
 0.4949495   0.1262658864E+001   0.1006674655E+001   0.1100835332E+001   0.1004332991E+001
 0.5050505   0.1298158114E+001   0.1011643727E+001   0.1117318964E+001   0.1006168216E+001
 0.5151515   0.1324350781E+001   0.1023698978E+001   0.1070990104E+001   0.9568726642E+000
 0.5252525   0.1282644052E+001   0.9647174837E+000   0.1147210965E+001   0.1029561534E+001
 0.5353535   0.1292984412E+001   0.9964565612E+000   0.1083664828E+001   0.9813810560E+000
 0.5454545   0.1310320175E+001   0.1004137628E+001   0.1089479777E+001   0.9699050886E+000
 0.5555556   0.1296237386E+001   0.9895453508E+000   0.1133555389E+001   0.1010326512E+001
 0.5656566   0.1321595865E+001   0.1000270849E+001   0.1108872219E+001   0.1001638229E+001
 0.5757576   0.1323340342E+001   0.1014338224E+001   0.1086693002E+001   0.9685112464E+000
 0.5858586   0.1301758537E+001   0.9889679586E+000   0.1058427734E+001   0.9678143254E+000
 0.5959596   0.1323343820E+001   0.1018484951E+001   0.1093348185E+001   0.9720190826E+000
 0.6060606   0.1266109067E+001   0.9714187333E+000   0.1119823911E+001   0.1005424834E+001
 0.6161616   0.1281119273E+001   0.9755479628E+000   0.1119427010E+001   0.9987576220E+000
 0.6262626   0.1299504748E+001   0.9837189380E+000   0.1125495831E+001   0.1012394045E+001
 0.6363636   0.1311856573E+001   0.9924148154E+000   0.1130908158E+001   0.1026518312E+001
 0.6464646   0.1291572628E+001   0.9790998000E+000   0.1117679252E+001   0.1032929986E+001
 0.6565657   0.1335083288E+001   0.1020619552E+001   0.1124921921E+001   0.9938094822E+000
 0.6666667   0.1298563011E+001   0.9956867049E+000   0.1092902897E+001   0.9884431898E+000
 0.6767677   0.1325447601E+001   0.1025973553E+001   0.1137679502E+001   0.9975263947E+000
 0.6868687   0.1315931077E+001   0.9954242538E+000   0.1102972188E+001   0.9954820928E+000
 0.6969697   0.1328938524E+001   0.1009124197E+001   0.1092225427E+001   0.9833788965E+000
 0.7070707   0.1277510747E+001   0.9596609273E+000   0.1064910278E+001   0.9454896196E+000
 0.7171717   0.1273857354E+001   0.9715587071E+000   0.1084747593E+001   0.9764793776E+000
 0.7272727   0.1279198624E+001   0.9698615238E+000   0.1076214459E+001   0.9750623047E+000
 0.7373737   0.1314798250E+001   0.9981187510E+000   0.1128304148E+001   0.1004983450E+001
 0.7474747   0.1354942392E+001   0.1035194333E+001   0.1092622396E+001   0.9899764162E+000
 0.7575758   0.1312526186E+001   0.9867108797E+000   0.1103510154E+001   0.9741795380E+000
 0.7676768   0.1309209941E+001   0.1010908864E+001   0.1129325849E+001   0.1010372974E+001
 0.7777778   0.1317526639E+001   0.1013463388E+001   0.1119857684E+001   0.1016041265E+001
 0.7878788   0.1283264463E+001   0.9808144800E+000   0.1122773998E+001   0.1002869456E+001
 0.7979798   0.1319794582E+001   0.1018012539E+001   0.1100531868E+001   0.9878624222E+000
 0.8080808   0.1259447529E+001   0.9582261950E+000   0.1065597647E+001   0.9557343597E+000
 0.8181818   0.1311364097E+001   0.1008476818E+001   0.1098835862E+001   0.9892098030E+000
 0.8282828   0.1297555748E+001   0.1000883235E+001   0.1072979866E+001   0.9673729420E+000
 0.8383838   0.1281635938E+001   0.9799046498E+000   0.1071605612E+001   0.9537365192E+000
 0.8484848   0.1325443443E+001   0.1024818769E+001   0.1081527293E+001   0.9711827773E+000
 0.8585859   0.1287346353E+001   0.9788548457E+000   0.1100113838E+001   0.9934842524E+000
 0.8686869   0.1325530181E+001   0.1022386723E+001   0.1109692755E+001   0.1006818676E+001
 0.8787879   0.1273917681E+001   0.9522773051E+000   0.1086225848E+001   0.9611006521E+000
 0.8888889   0.1310224755E+001   0.9909625864E+000   0.1073552343E+001   0.9626338785E+000
 0.8989899   0.1308020938E+001   0.9990285813E+000   0.1084207147E+001   0.9749926126E+000
 0.9090909   0.1299550679E+001   0.1011468760E+001   0.1134962858E+001   0.1032767371E+001
 0.9191919   0.1287843569E+001   0.9858535397E+000   0.1073689955E+001   0.9752481504E+000
 0.9292929   0.1293846494E+001   0.9783124469E+000   0.1112878701E+001   0.9958770148E+000
 0.9393939   0.1277706428E+001   0.9707188639E+000   0.1091108027E+001   0.9786862944E+000
 0.9494949   0.1306875790E+001   0.1012833505E+001   0.1114485803E+001   0.1004867297E+001
 0.9595960   0.1271660311E+001   0.9641225947E+000   0.1075120009E+001   0.9609612679E+000
 0.9696970   0.1281716611E+001   0.9705613932E+000   0.1075447617E+001   0.9621228031E+000
 0.9797980   0.1287400455E+001   0.9847687422E+000   0.1093364805E+001   0.9869796555E+000
 0.9898990   0.1288098772E+001   0.9835964609E+000   0.1097552890E+001   0.9852605834E+000
 1.0000000   0.1289908921E+001   0.9771226689E+000   0.1079863267E+001   0.9624712636E+000


 0.0000000   0.1045598174E+001   0.9207230779E+000   0.8485413746E+000   0.1015171523E+001
 0.0101010   0.1051840337E+001   0.9432434374E+000   0.8559159699E+000   0.1050763045E+001
 0.0202020   0.1030428375E+001   0.9601483090E+000   0.8489943960E+000   0.1039267492E+001
 0.0303030   0.9898985418E+000   0.9024247644E+000   0.8342592289E+000   0.1005029118E+001
 0.0404040   0.9526895471E+000   0.8954825861E+000   0.8182341146E+000   0.9872892208E+000
 0.0505051   0.9327266928E+000   0.9184117998E+000   0.8285677190E+000   0.9955198380E+000
 0.0606061   0.8980751751E+000   0.9499352967E+000   0.8519182321E+000   0.1054959046E+001
 0.0707071   0.8308762323E+000   0.9702194738E+000   0.8303415512E+000   0.1056821177E+001
 0.0808081   0.7872511628E+000   0.9524968938E+000   0.8464303364E+000   0.1027287786E+001
 0.0909091   0.7165108340E+000   0.9348827852E+000   0.8197592364E+000   0.1016003274E+001
 0.1010101   0.6623376323E+000   0.9492761236E+000   0.8076772371E+000   0.1006469166E+001
 0.1111111   0.6062698294E+000   0.9414077653E+000   0.8037457453E+000   0.1000299306E+001
 0.1212121   0.5589659940E+000   0.9445284079E+000   0.8242649594E+000   0.1017331594E+001
 0.1313131   0.5261244194E+000   0.9784883424E+000   0.8395242910E+000   0.1042966925E+001
 0.1414141   0.4879388367E+000   0.1000733351E+001   0.8332813684E+000   0.1035034249E+001
 0.1515152   0.4475130042E+000   0.9800987275E+000   0.8178086472E+000   0.1019193725E+001
 0.1616162   0.4287002750E+000   0.9939997719E+000   0.8308842472E+000   0.1037057764E+001
 0.1717172   0.3974721162E+000   0.9595225116E+000   0.8322150051E+000   0.1027871253E+001
 0.1818182   0.3950481199E+000   0.9792226112E+000   0.8441818680E+000   0.1015469464E+001
 0.1919192   0.3905934672E+000   0.9846044681E+000   0.8252821704E+000   0.1006990562E+001
 0.2020202   0.3822025594E+000   0.9647708651E+000   0.8448277889E+000   0.1013669404E+001
 0.2121212   0.3817862107E+000   0.1002844374E+001   0.8460731727E+000   0.1034301811E+001
 0.2222222   0.3810402868E+000   0.9891519287E+000   0.8391561179E+000   0.1003502171E+001
 0.2323232   0.3852677705E+000   0.9836115364E+000   0.8659601549E+000   0.1034848036E+001
 0.2424242   0.3942729953E+000   0.1007708905E+001   0.8515178231E+000   0.9939680625E+000
 0.2525253   0.4063989522E+000   0.1008318015E+001   0.8632884645E+000   0.1021006199E+001
 0.2626263   0.4143154467E+000   0.1018889817E+001   0.8925307489E+000   0.1034997006E+001
 0.2727273   0.4218475110E+000   0.9929317445E+000   0.8607984972E+000   0.1000957259E+001
 0.2828283   0.4403318087E+000   0.1011096555E+001   0.8751414915E+000   0.1023191098E+001
 0.2929293   0.4573771464E+000   0.9933489427E+000   0.8889905091E+000   0.1014215629E+001
 0.3030303   0.4629995164E+000   0.1001150549E+001   0.9155985951E+000   0.1013967345E+001
 0.3131313   0.4894094282E+000   0.9983970410E+000   0.9194552672E+000   0.1017691606E+001
 0.3232323   0.5321551433E+000   0.1039482721E+001   0.9320553201E+000   0.1016164659E+001
 0.3333333   0.5335826436E+000   0.1006265399E+001   0.9069288365E+000   0.9876368185E+000
 0.3434343   0.5566852193E+000   0.1015151721E+001   0.9439965998E+000   0.1006767107E+001
 0.3535354   0.5916838087E+000   0.9928816807E+000   0.9488645751E+000   0.1042706227E+001
 0.3636364   0.6172848331E+000   0.1033391627E+001   0.9542220194E+000   0.1013210078E+001
 0.3737374   0.6409098442E+000   0.9994817564E+000   0.9731672732E+000   0.1015891547E+001
 0.3838384   0.6664698295E+000   0.1017821790E+001   0.9764595092E+000   0.1002496621E+001
 0.3939394   0.7299688206E+000   0.1027776139E+001   0.1001706035E+001   0.1030552721E+001
 0.4040404   0.7699029579E+000   0.1030279328E+001   0.9811491207E+000   0.1004830491E+001
 0.4141414   0.8325214881E+000   0.1050980704E+001   0.1029265525E+001   0.1031123775E+001
 0.4242424   0.8500870479E+000   0.1012156238E+001   0.9942795631E+000   0.9700831342E+000
 0.4343434   0.8794423374E+000   0.9775621623E+000   0.1008271790E+001   0.1001131058E+001
 0.4444444   0.9606253973E+000   0.1022018804E+001   0.1030217474E+001   0.9804489944E+000
 0.4545455   0.1003730159E+001   0.1002468896E+001   0.1037474477E+001   0.9988965014E+000
 0.4646465   0.1031104662E+001   0.9636444300E+000   0.1028188881E+001   0.9627835823E+000
 0.4747475   0.1142210216E+001   0.9822097504E+000   0.1054246591E+001   0.9653284941E+000
 0.4848485   0.1204788039E+001   0.1028109898E+001   0.1083773819E+001   0.1004234609E+001
 0.4949495   0.1278867584E+001   0.1026182442E+001   0.1111849553E+001   0.1014128730E+001
 0.5050505   0.1336694360E+001   0.1048402419E+001   0.1107466050E+001   0.9970467850E+000
 0.5151515   0.1334778427E+001   0.1038423037E+001   0.1096234260E+001   0.9791827456E+000
 0.5252525   0.1312346195E+001   0.9934323823E+000   0.1114965924E+001   0.1000373792E+001
 0.5353535   0.1302884154E+001   0.1010570885E+001   0.1089048400E+001   0.9860105578E+000
 0.5454545   0.1337936859E+001   0.1031923089E+001   0.1081220009E+001   0.9623118426E+000
 0.5555556   0.1327089266E+001   0.1019640774E+001   0.1108611472E+001   0.9878478600E+000
 0.5656566   0.1325070135E+001   0.1009377698E+001   0.1105439197E+001   0.9982882054E+000
 0.5757576   0.1340476694E+001   0.1034109208E+001   0.1100487221E+001   0.9805607223E+000
 0.5858586   0.1317893208E+001   0.1007692217E+001   0.1088251883E+001   0.9948370567E+000
 0.5959596   0.1338738823E+001   0.1036987876E+001   0.1095102168E+001   0.9733356556E+000
 0.6060606   0.1300960350E+001   0.1004604950E+001   0.1102775738E+001   0.9898713752E+000
 0.6161616   0.1296451578E+001   0.9935992616E+000   0.1115408299E+001   0.9949239562E+000
 0.6262626   0.1330078636E+001   0.1013366113E+001   0.1113845769E+001   0.1001664869E+001
 0.6363636   0.1317848761E+001   0.1003386732E+001   0.1112503047E+001   0.1009560303E+001
 0.6464646   0.1316943156E+001   0.1004780174E+001   0.1107215916E+001   0.1023004885E+001
 0.6565657   0.1346933345E+001   0.1036328702E+001   0.1094586436E+001   0.9667685418E+000
 0.6666667   0.1328319726E+001   0.1025081039E+001   0.1084595117E+001   0.9806848643E+000
 0.6767677   0.1324021953E+001   0.1031489203E+001   0.1137699370E+001   0.9972950691E+000
 0.6868687   0.1326691183E+001   0.1010045215E+001   0.1096987916E+001   0.9898341326E+000
 0.6969697   0.1316910109E+001   0.1006448967E+001   0.1106868662E+001   0.9963143470E+000
 0.7070707   0.1292239738E+001   0.9769947728E+000   0.1060212074E+001   0.9410835539E+000
 0.7171717   0.1305178861E+001   0.1001876474E+001   0.1095167341E+001   0.9856133033E+000
 0.7272727   0.1294410774E+001   0.9877334547E+000   0.1074302535E+001   0.9730873715E+000
 0.7373737   0.1338712220E+001   0.1022836512E+001   0.1130421304E+001   0.1006618136E+001
 0.7474747   0.1344673623E+001   0.1033984049E+001   0.1092271880E+001   0.9894120496E+000
 0.7575758   0.1326816189E+001   0.1003895713E+001   0.1090774846E+001   0.9626966829E+000
 0.7676768   0.1329942765E+001   0.1033550162E+001   0.1106769801E+001   0.9899458604E+000
 0.7777778   0.1321383788E+001   0.1022995048E+001   0.1105040442E+001   0.1002347650E+001
 0.7878788   0.1313636119E+001   0.1010512477E+001   0.1109791140E+001   0.9910258962E+000
 0.7979798   0.1326019393E+001   0.1029419900E+001   0.1092144174E+001   0.9800889825E+000
 0.8080808   0.1300196822E+001   0.9956185009E+000   0.1074403321E+001   0.9633918783E+000
 0.8181818   0.1320024693E+001   0.1021693389E+001   0.1095982852E+001   0.9863953981E+000
 0.8282828   0.1309983561E+001   0.1016995737E+001   0.1086776781E+001   0.9795675860E+000
 0.8383838   0.1306551162E+001   0.1005405971E+001   0.1080505877E+001   0.9614180199E+000
 0.8484848   0.1333497891E+001   0.1037705457E+001   0.1096875533E+001   0.9847194806E+000
 0.8585859   0.1305929787E+001   0.9993983167E+000   0.1083970306E+001   0.9786613491E+000
 0.8686869   0.1333747877E+001   0.1035369147E+001   0.1109680019E+001   0.1006556065E+001
 0.8787879   0.1298197374E+001   0.9766943900E+000   0.1088132636E+001   0.9625477124E+000
 0.8888889   0.1325888052E+001   0.1009285914E+001   0.1074873380E+001   0.9635780914E+000
 0.8989899   0.1325909557E+001   0.1019231920E+001   0.1083518275E+001   0.9741301647E+000
 0.9090909   0.1337038931E+001   0.1047367767E+001   0.1125715602E+001   0.1024097335E+001
 0.9191919   0.1318039828E+001   0.1015485480E+001   0.1093929877E+001   0.9933845949E+000
 0.9292929   0.1293406034E+001   0.9842957415E+000   0.1104653359E+001   0.9882699429E+000
 0.9393939   0.1314074484E+001   0.1004796862E+001   0.1098440316E+001   0.9850174215E+000
 0.9494949   0.1330868239E+001   0.1038089279E+001   0.1114406195E+001   0.1004544964E+001
 0.9595960   0.1326667569E+001   0.1012323117E+001   0.1099210804E+001   0.9822490540E+000
 0.9696970   0.1321828546E+001   0.1007400178E+001   0.1085434937E+001   0.9708155722E+000
 0.9797980   0.1309305069E+001   0.1007992600E+001   0.1080843796E+001   0.9754336561E+000
 0.9898990   0.1336221912E+001   0.1026933399E+001   0.1112480995E+001   0.9984123475E+000
 1.0000000   0.1304413792E+001   0.9944920658E+000   0.1092673458E+001   0.9736460107E+000


 0.0000000   0.1055657228E+001   0.9292639752E+000   0.8462900438E+000   0.1012360918E+001
 0.0101010   0.1054466670E+001   0.9452763452E+000   0.8571679473E+000   0.1052178248E+001
 0.0202020   0.1049436207E+001   0.9775264528E+000   0.8589573482E+000   0.1051341613E+001
 0.0303030   0.1003909286E+001   0.9148855206E+000   0.8378733167E+000   0.1009266180E+001
 0.0404040   0.9648434883E+000   0.9065976260E+000   0.8197469215E+000   0.9890001171E+000
 0.0505051   0.9408013846E+000   0.9260468524E+000   0.8303697739E+000   0.9975695345E+000
 0.0606061   0.9102961901E+000   0.9625338713E+000   0.8462875597E+000   0.1047865110E+001
 0.0707071   0.8358456934E+000   0.9756897066E+000   0.8308423139E+000   0.1057336144E+001
 0.0808081   0.7834642146E+000   0.9475919976E+000   0.8401783913E+000   0.1019581972E+001
 0.0909091   0.7228143666E+000   0.9427860329E+000   0.8151190178E+000   0.1010135306E+001
 0.1010101   0.6646283394E+000   0.9522345707E+000   0.8110911938E+000   0.1010606421E+001
 0.1111111   0.6141591865E+000   0.9533332379E+000   0.8092495133E+000   0.1007032446E+001
 0.1212121   0.5665636834E+000   0.9570405354E+000   0.8262957738E+000   0.1019720057E+001
 0.1313131   0.5253409319E+000   0.9766982268E+000   0.8448005281E+000   0.1049400295E+001
 0.1414141   0.4836507414E+000   0.9916006612E+000   0.8254422626E+000   0.1025178492E+001
 0.1515152   0.4466373590E+000   0.9778476017E+000   0.8216175009E+000   0.1023822006E+001
 0.1616162   0.4266543147E+000   0.9889187864E+000   0.8305086515E+000   0.1036469004E+001
 0.1717172   0.4008072836E+000   0.9672440548E+000   0.8205741061E+000   0.1013376251E+001
 0.1818182   0.3950985648E+000   0.9790138792E+000   0.8453959034E+000   0.1016812141E+001
 0.1919192   0.3887182531E+000   0.9795434931E+000   0.8261643452E+000   0.1007950307E+001
 0.2020202   0.3805755649E+000   0.9603365370E+000   0.8509033134E+000   0.1020840986E+001
 0.2121212   0.3762976306E+000   0.9880905604E+000   0.8452129119E+000   0.1033130586E+001
 0.2222222   0.3809023187E+000   0.9884567828E+000   0.8468114804E+000   0.1012539616E+001
 0.2323232   0.3871960360E+000   0.9881976100E+000   0.8643375487E+000   0.1032789434E+001
 0.2424242   0.3960833042E+000   0.1011990797E+001   0.8582513494E+000   0.1001712096E+001
 0.2525253   0.4088111045E+000   0.1013957130E+001   0.8664495068E+000   0.1024626150E+001
 0.2626263   0.4120812291E+000   0.1013050025E+001   0.8921382177E+000   0.1034422091E+001
 0.2727273   0.4205492372E+000   0.9895385474E+000   0.8642020659E+000   0.1004798711E+001
 0.2828283   0.4398283323E+000   0.1009596266E+001   0.8842939772E+000   0.1033772277E+001
 0.2929293   0.4587545903E+000   0.9960009641E+000   0.8903584653E+000   0.1015658722E+001
 0.3030303   0.4751187064E+000   0.1027005916E+001   0.9125666536E+000   0.1010492703E+001
 0.3131313   0.4891666292E+000   0.9975616349E+000   0.9189725300E+000   0.1017039576E+001
 0.3232323   0.5309328960E+000   0.1036741797E+001   0.9184284844E+000   0.1001192246E+001
 0.3333333   0.5340161615E+000   0.1006739732E+001   0.9099568324E+000   0.9908195953E+000
 0.3434343   0.5617675242E+000   0.1024070502E+001   0.9483079690E+000   0.1011248112E+001
 0.3535354   0.5900336564E+000   0.9897751834E+000   0.9296513032E+000   0.1021474554E+001
 0.3636364   0.6159621494E+000   0.1030825897E+001   0.9658349140E+000   0.1025422172E+001
 0.3737374   0.6381691191E+000   0.9948684918E+000   0.9830955872E+000   0.1026136967E+001
 0.3838384   0.6678266066E+000   0.1019546247E+001   0.9769793603E+000   0.1002914252E+001
 0.3939394   0.7250309810E+000   0.1020475889E+001   0.1001398476E+001   0.1030117075E+001
 0.4040404   0.7659326879E+000   0.1024617019E+001   0.1000895467E+001   0.1024934812E+001
 0.4141414   0.8271610565E+000   0.1043857780E+001   0.1033480198E+001   0.1035226235E+001
 0.4242424   0.8536650248E+000   0.1016069951E+001   0.1003203067E+001   0.9786762029E+000
 0.4343434   0.8917167432E+000   0.9908682164E+000   0.1006429279E+001   0.9991859460E+000
 0.4444444   0.9649268618E+000   0.1026245300E+001   0.1040133858E+001   0.9897717708E+000
 0.4545455   0.1004433642E+001   0.1002829603E+001   0.1038966760E+001   0.1000217525E+001
 0.4646465   0.1043547018E+001   0.9749403593E+000   0.1042740200E+001   0.9762962604E+000
 0.4747475   0.1143895867E+001   0.9833240350E+000   0.1056473612E+001   0.9672557281E+000
 0.4848485   0.1208574141E+001   0.1030989288E+001   0.1086463159E+001   0.1006610067E+001
 0.4949495   0.1275427470E+001   0.1023073250E+001   0.1094115224E+001   0.9978375827E+000
 0.5050505   0.1334989852E+001   0.1046708680E+001   0.1107227499E+001   0.9967166541E+000
 0.5151515   0.1313185274E+001   0.1021275944E+001   0.1100850639E+001   0.9831924077E+000
 0.5252525   0.1316299601E+001   0.9960854770E+000   0.1112313188E+001   0.9978781960E+000
 0.5353535   0.1302957880E+001   0.1010283638E+001   0.1094352058E+001   0.9906977553E+000
 0.5454545   0.1345380865E+001   0.1037310850E+001   0.1070617283E+001   0.9527648839E+000
 0.5555556   0.1318630650E+001   0.1012796487E+001   0.1104882112E+001   0.9844108083E+000
 0.5656566   0.1312527960E+001   0.9994828940E+000   0.1100471368E+001   0.9936868980E+000
 0.5757576   0.1338809532E+001   0.1032471081E+001   0.1105036351E+001   0.9845001577E+000
 0.5858586   0.1311037357E+001   0.1002108427E+001   0.1089918759E+001   0.9962455392E+000
 0.5959596   0.1340761966E+001   0.1038201052E+001   0.1099163521E+001   0.9768323567E+000
 0.6060606   0.1297746462E+001   0.1001781644E+001   0.1096031911E+001   0.9837041360E+000
 0.6161616   0.1318428141E+001   0.1010097709E+001   0.1113531075E+001   0.9931345564E+000
 0.6262626   0.1320788711E+001   0.1005945311E+001   0.1097116670E+001   0.9865064573E+000
 0.6363636   0.1313768600E+001   0.9999392634E+000   0.1100240422E+001   0.9983168202E+000
 0.6464646   0.1323063955E+001   0.1009106092E+001   0.1089835012E+001   0.1006829379E+001
 0.6565657   0.1332890703E+001   0.1025174804E+001   0.1097187098E+001   0.9689533663E+000
 0.6666667   0.1317690742E+001   0.1016531955E+001   0.1080342655E+001   0.9767267620E+000
 0.6767677   0.1319396673E+001   0.1027535529E+001   0.1128913970E+001   0.9894793547E+000
 0.6868687   0.1329388948E+001   0.1011754161E+001   0.1096622623E+001   0.9893900053E+000
 0.6969697   0.1315999239E+001   0.1005410063E+001   0.1105828294E+001   0.9952626961E+000
 0.7070707   0.1300667019E+001   0.9830310571E+000   0.1066522554E+001   0.9465754090E+000
 0.7171717   0.1301072810E+001   0.9983842268E+000   0.1098615503E+001   0.9886021063E+000
 0.7272727   0.1290039192E+001   0.9840621140E+000   0.1077028247E+001   0.9754433800E+000
 0.7373737   0.1324452292E+001   0.1011596404E+001   0.1118738272E+001   0.9960993312E+000
 0.7474747   0.1339748194E+001   0.1029845548E+001   0.1092903086E+001   0.9898692429E+000
 0.7575758   0.1330767946E+001   0.1006542535E+001   0.1102473531E+001   0.9729091068E+000
 0.7676768   0.1334439211E+001   0.1036691089E+001   0.1097975174E+001   0.9819658845E+000
 0.7777778   0.1317931297E+001   0.1019974446E+001   0.1105434832E+001   0.1002589345E+001
 0.7878788   0.1321193758E+001   0.1015979804E+001   0.1101774021E+001   0.9837528720E+000
 0.7979798   0.1317342355E+001   0.1022335171E+001   0.1085083610E+001   0.9736401472E+000
 0.8080808   0.1310273866E+001   0.1002992995E+001   0.1080223390E+001   0.9684984967E+000
 0.8181818   0.1325709700E+001   0.1025743857E+001   0.1096819817E+001   0.9870344309E+000
 0.8282828   0.1316860085E+001   0.1021985852E+001   0.1092853295E+001   0.9849306592E+000
 0.8383838   0.1289775228E+001   0.9921584461E+000   0.1070813542E+001   0.9526836572E+000
 0.8484848   0.1312209791E+001   0.1020791403E+001   0.1073620221E+001   0.9637304891E+000
 0.8585859   0.1307141036E+001   0.9999843369E+000   0.1093640844E+001   0.9872781110E+000
 0.8686869   0.1331012593E+001   0.1032893645E+001   0.1104297434E+001   0.1001557766E+001
 0.8787879   0.1307657191E+001   0.9834761582E+000   0.1097163042E+001   0.9704235697E+000
 0.8888889   0.1316219298E+001   0.1001584447E+001   0.1087501062E+001   0.9747854437E+000
 0.8989899   0.1318118920E+001   0.1012897902E+001   0.1082746183E+001   0.9733233630E+000
 0.9090909   0.1312629353E+001   0.1027896118E+001   0.1108183888E+001   0.1008031534E+001
 0.9191919   0.1316812043E+001   0.1014193766E+001   0.1100445767E+001   0.9991859460E+000
 0.9292929   0.1307507771E+001   0.9946881977E+000   0.1116630021E+001   0.9988691618E+000
 0.9393939   0.1322784069E+001   0.1011111864E+001   0.1114405523E+001   0.9992184366E+000
 0.9494949   0.1315908382E+001   0.1026070640E+001   0.1097243228E+001   0.9889595038E+000
 0.9595960   0.1315981566E+001   0.1003826855E+001   0.1090411993E+001   0.9742737155E+000
 0.9696970   0.1324540501E+001   0.1009122994E+001   0.1097374831E+001   0.9813810522E+000
 0.9797980   0.1313760586E+001   0.1011078058E+001   0.1087343726E+001   0.9811861081E+000
 0.9898990   0.1328521581E+001   0.1020667451E+001   0.1102184329E+001   0.9890569758E+000
 1.0000000   0.1303001577E+001   0.9930768191E+000   0.1094042337E+001   0.9747529530E+000


 0.0000000   0.1061373301E+001   0.9339339409E+000   0.8444780790E+000   0.1010281650E+001
 0.0101010   0.1067426831E+001   0.9565240042E+000   0.8584118343E+000   0.1053797194E+001
 0.0202020   0.1054752922E+001   0.9820984746E+000   0.8479471827E+000   0.1037956139E+001
 0.0303030   0.1012577271E+001   0.9224275857E+000   0.8363285824E+000   0.1007493482E+001
 0.0404040   0.9806610752E+000   0.9211035785E+000   0.8254844635E+000   0.9960093090E+000
 0.0505051   0.9549980483E+000   0.9396569295E+000   0.8344775168E+000   0.1002591990E+001
 0.0606061   0.9148003367E+000   0.9669219887E+000   0.8359742652E+000   0.1035185730E+001
 0.0707071   0.8554442283E+000   0.9981806330E+000   0.8323007707E+000   0.1059284735E+001
 0.0808081   0.7871139093E+000   0.9516376847E+000   0.8393339003E+000   0.1018646153E+001
 0.0909091   0.7247926870E+000   0.9450003981E+000   0.8157151702E+000   0.1010962413E+001
 0.1010101   0.6715034036E+000   0.9617122147E+000   0.8129164676E+000   0.1012969183E+001
 0.1111111   0.6170871303E+000   0.9575073060E+000   0.8107146399E+000   0.1008943803E+001
 0.1212121   0.5717744294E+000   0.9654685998E+000   0.8288452293E+000   0.1022955678E+001
 0.1313131   0.5302440096E+000   0.9854322124E+000   0.8392742887E+000   0.1042626764E+001
 0.1414141   0.4869813346E+000   0.9980426258E+000   0.8270406226E+000   0.1027253363E+001
 0.1515152   0.4520771538E+000   0.9893740448E+000   0.8235248722E+000   0.1026288456E+001
 0.1616162   0.4296722469E+000   0.9955283060E+000   0.8299675792E+000   0.1035884252E+001
 0.1717172   0.4076029974E+000   0.9832629108E+000   0.8258908677E+000   0.1020031358E+001
 0.1818182   0.3937406734E+000   0.9752714279E+000   0.8412266206E+000   0.1011885882E+001
 0.1919192   0.3896280062E+000   0.9814558783E+000   0.8264115443E+000   0.1008339996E+001
 0.2020202   0.3822360802E+000   0.9641532181E+000   0.8393146058E+000   0.1007025828E+001
 0.2121212   0.3765183057E+000   0.9882872376E+000   0.8495562724E+000   0.1038530348E+001
 0.2222222   0.3818323906E+000   0.9904867283E+000   0.8454334089E+000   0.1010980172E+001
 0.2323232   0.3877344416E+000   0.9891885975E+000   0.8638796154E+000   0.1032332446E+001
 0.2424242   0.3977122418E+000   0.1015759308E+001   0.8643109807E+000   0.1008872767E+001
 0.2525253   0.4113245001E+000   0.1019796020E+001   0.8627639714E+000   0.1020356940E+001
 0.2626263   0.4125412972E+000   0.1013788392E+001   0.8911209576E+000   0.1033332872E+001
 0.2727273   0.4223822665E+000   0.9934668226E+000   0.8651255160E+000   0.1005960286E+001
 0.2828283   0.4385007437E+000   0.1006159178E+001   0.8892282101E+000   0.1039631408E+001
 0.2929293   0.4579156299E+000   0.9937945898E+000   0.8986590278E+000   0.1025216995E+001
 0.3030303   0.4725048617E+000   0.1020960456E+001   0.9103398736E+000   0.1008115048E+001
 0.3131313   0.4852973367E+000   0.9892877902E+000   0.9173112305E+000   0.1015289697E+001
 0.3232323   0.5223022915E+000   0.1019494129E+001   0.9194964186E+000   0.1002443998E+001
 0.3333333   0.5357617706E+000   0.1009639548E+001   0.9143875898E+000   0.9957310842E+000
 0.3434343   0.5607848643E+000   0.1021883380E+001   0.9460255624E+000   0.1008902365E+001
 0.3535354   0.5870575175E+000   0.9844014707E+000   0.9237746911E+000   0.1015106187E+001
 0.3636364   0.6149103663E+000   0.1028667299E+001   0.9557839725E+000   0.1014839801E+001
 0.3737374   0.6356459849E+000   0.9905514192E+000   0.9660741277E+000   0.1008458389E+001
 0.3838384   0.6708149711E+000   0.1023711976E+001   0.9709581618E+000   0.9968203048E+000
 0.3939394   0.7192037347E+000   0.1011882166E+001   0.9933831542E+000   0.1021961172E+001
 0.4040404   0.7606793410E+000   0.1017195446E+001   0.1002580666E+001   0.1026750191E+001
 0.4141414   0.8206875087E+000   0.1035287335E+001   0.1023303873E+001   0.1025122280E+001
 0.4242424   0.8414066240E+000   0.1001091724E+001   0.1010675826E+001   0.9860524126E+000
 0.4343434   0.8884766347E+000   0.9868856014E+000   0.1004709988E+001   0.9975661841E+000
 0.4444444   0.9598225168E+000   0.1020421365E+001   0.1043356533E+001   0.9929251574E+000
 0.4545455   0.1000423740E+001   0.9984393967E+000   0.1049648812E+001   0.1010589473E+001
 0.4646465   0.1043737686E+001   0.9747409625E+000   0.1036226506E+001   0.9702823934E+000
 0.4747475   0.1133582506E+001   0.9740811153E+000   0.1057689135E+001   0.9684532133E+000
 0.4848485   0.1207740407E+001   0.1029879176E+001   0.1082894267E+001   0.1003391146E+001
 0.4949495   0.1279014705E+001   0.1025553510E+001   0.1082798937E+001   0.9876033679E+000
 0.5050505   0.1319514608E+001   0.1034174651E+001   0.1094075278E+001   0.9849631920E+000
 0.5151515   0.1304484070E+001   0.1014116159E+001   0.1101206027E+001   0.9835957467E+000
 0.5252525   0.1310154840E+001   0.9910516955E+000   0.1106998952E+001   0.9931974625E+000
 0.5353535   0.1309981916E+001   0.1015336661E+001   0.1095415527E+001   0.9917471417E+000
 0.5454545   0.1329986605E+001   0.1025044609E+001   0.1076803934E+001   0.9583542446E+000
 0.5555556   0.1310440276E+001   0.1006116050E+001   0.1093161464E+001   0.9740532276E+000
 0.5656566   0.1309937423E+001   0.9971240150E+000   0.1090708330E+001   0.9849572724E+000
 0.5757576   0.1324821597E+001   0.1021288224E+001   0.1103273655E+001   0.9830156184E+000
 0.5858586   0.1305456234E+001   0.9974560949E+000   0.1090452289E+001   0.9968203048E+000
 0.5959596   0.1329053483E+001   0.1028736303E+001   0.1109574498E+001   0.9861708061E+000
 0.6060606   0.1297310289E+001   0.1001057222E+001   0.1093381820E+001   0.9814113859E+000
 0.6161616   0.1311205608E+001   0.1004175323E+001   0.1114307358E+001   0.9939137434E+000
 0.6262626   0.1322838752E+001   0.1007116603E+001   0.1094139504E+001   0.9839154092E+000
 0.6363636   0.1311722227E+001   0.9979951858E+000   0.1096577235E+001   0.9950799198E+000
 0.6464646   0.1319484858E+001   0.1005986669E+001   0.1088216084E+001   0.1005421595E+001
 0.6565657   0.1328323771E+001   0.1021266660E+001   0.1090868020E+001   0.9634570060E+000
 0.6666667   0.1319061491E+001   0.1017195446E+001   0.1090627798E+001   0.9861116094E+000
 0.6767677   0.1326796093E+001   0.1032898084E+001   0.1126033619E+001   0.9870409986E+000
 0.6868687   0.1320605066E+001   0.1004679912E+001   0.1087585813E+001   0.9813225908E+000
 0.6969697   0.1322205257E+001   0.1009760305E+001   0.1107067572E+001   0.9964651242E+000
 0.7070707   0.1306718040E+001   0.9872219941E+000   0.1079986404E+001   0.9586087907E+000
 0.7171717   0.1297454324E+001   0.9952221024E+000   0.1096377013E+001   0.9866739787E+000
 0.7272727   0.1296996092E+001   0.9889858994E+000   0.1084117841E+001   0.9819500765E+000
 0.7373737   0.1330649340E+001   0.1015936130E+001   0.1116066407E+001   0.9938071893E+000
 0.7474747   0.1331246362E+001   0.1022914122E+001   0.1092756822E+001   0.9898232467E+000
 0.7575758   0.1324353466E+001   0.1001303047E+001   0.1099870472E+001   0.9706967708E+000
 0.7676768   0.1328289086E+001   0.1031513699E+001   0.1102170182E+001   0.9858037862E+000
 0.7777778   0.1309141031E+001   0.1012779213E+001   0.1099604510E+001   0.9973885938E+000
 0.7878788   0.1320891239E+001   0.1015353911E+001   0.1098379408E+001   0.9808075789E+000
 0.7979798   0.1313795587E+001   0.1019187926E+001   0.1088833222E+001   0.9770900218E+000
 0.8080808   0.1321355651E+001   0.1011084312E+001   0.1084541453E+001   0.9724549149E+000
 0.8181818   0.1331960201E+001   0.1030181066E+001   0.1100092407E+001   0.9900659535E+000
 0.8282828   0.1322335849E+001   0.1025838150E+001   0.1099098944E+001   0.9906460818E+000
 0.8383838   0.1293714943E+001   0.9948037679E+000   0.1079967300E+001   0.9609115450E+000
 0.8484848   0.1305132086E+001   0.1014892450E+001   0.1079683993E+001   0.9692582894E+000
 0.8585859   0.1312366379E+001   0.1003593105E+001   0.1098351105E+001   0.9916169088E+000
 0.8686869   0.1328792932E+001   0.1030771910E+001   0.1107990865E+001   0.1004995379E+001
 0.8787879   0.1310243470E+001   0.9850397543E+000   0.1102937271E+001   0.9756160223E+000
 0.8888889   0.1310717785E+001   0.9970118841E+000   0.1088385417E+001   0.9756633797E+000
 0.8989899   0.1319148667E+001   0.1013296741E+001   0.1095421070E+001   0.9848033608E+000
 0.9090909   0.1324508364E+001   0.1036796789E+001   0.1115473503E+001   0.1014751006E+001
 0.9191919   0.1315871239E+001   0.1013076792E+001   0.1093089889E+001   0.9925936555E+000
 0.9292929   0.1311585914E+001   0.9974043422E+000   0.1117689712E+001   0.9999044564E+000
 0.9393939   0.1316588783E+001   0.1005986669E+001   0.1110062653E+001   0.9954114217E+000
 0.9494949   0.1317121264E+001   0.1026618754E+001   0.1101809534E+001   0.9931619445E+000
 0.9595960   0.1310726644E+001   0.9994313238E+000   0.1091964656E+001   0.9757462552E+000
 0.9696970   0.1332119573E+001   0.1014504304E+001   0.1109703212E+001   0.9924930210E+000
 0.9797980   0.1309747918E+001   0.1007599629E+001   0.1091053644E+001   0.9846198508E+000
 0.9898990   0.1327570096E+001   0.1019541569E+001   0.1107882419E+001   0.9942570847E+000
 1.0000000   0.1312667953E+001   0.1000056669E+001   0.1099087503E+001   0.9793335794E+000


 0.0000000   0.1061783019E+001   0.9344453023E+000   0.8499474249E+000   0.1016601597E+001
 0.0101010   0.1064276586E+001   0.9538550321E+000   0.8564851138E+000   0.1051201088E+001
 0.0202020   0.1058151330E+001   0.9854218569E+000   0.8491056795E+000   0.1039146040E+001
 0.0303030   0.1008370229E+001   0.9187433997E+000   0.8290842539E+000   0.9985472351E+000
 0.0404040   0.9854412043E+000   0.9257428341E+000   0.8362039115E+000   0.1008721620E+001
 0.0505051   0.9517720310E+000   0.9366339262E+000   0.8306868033E+000   0.9978184783E+000
 0.0606061   0.9142841433E+000   0.9665324022E+000   0.8383921148E+000   0.1037951819E+001
 0.0707071   0.8500769321E+000   0.9920779097E+000   0.8372304314E+000   0.1065324864E+001
 0.0808081   0.7906190372E+000   0.9560297821E+000   0.8391622741E+000   0.1018214265E+001
 0.0909091   0.7306626193E+000   0.9528075449E+000   0.8222515479E+000   0.1018839585E+001
 0.1010101   0.6745639643E+000   0.9662514536E+000   0.8170598222E+000   0.1017908657E+001
 0.1111111   0.6194058191E+000   0.9612602811E+000   0.8157058199E+000   0.1014932508E+001
 0.1212121   0.5747355267E+000   0.9706252330E+000   0.8321499768E+000   0.1026808893E+001
 0.1313131   0.5302181579E+000   0.9855432544E+000   0.8359974528E+000   0.1038327952E+001
 0.1414141   0.4873821394E+000   0.9990253166E+000   0.8284393470E+000   0.1028764782E+001
 0.1515152   0.4537354484E+000   0.9931635505E+000   0.8314856760E+000   0.1035981825E+001
 0.1616162   0.4288817744E+000   0.9938572506E+000   0.8315543226E+000   0.1037636808E+001
 0.1717172   0.4082897070E+000   0.9850784753E+000   0.8231994483E+000   0.1016484055E+001
 0.1818182   0.3936371574E+000   0.9751724374E+000   0.8338736828E+000   0.1002821041E+001
 0.1919192   0.3904330454E+000   0.9836425161E+000   0.8291374495E+000   0.1011443879E+001
 0.2020202   0.3837567571E+000   0.9681452550E+000   0.8419277503E+000   0.1009939349E+001
 0.2121212   0.3792385407E+000   0.9955880324E+000   0.8463380765E+000   0.1034369157E+001
 0.2222222   0.3828639999E+000   0.9933231015E+000   0.8523266601E+000   0.1018999441E+001
 0.2323232   0.3869405506E+000   0.9873225953E+000   0.8665335780E+000   0.1035276577E+001
 0.2424242   0.3964537375E+000   0.1012708552E+001   0.8691816970E+000   0.1014335398E+001
 0.2525253   0.4072375375E+000   0.1009826228E+001   0.8627238853E+000   0.1020085524E+001
 0.2626263   0.4088361421E+000   0.1004845461E+001   0.8878346412E+000   0.1029296069E+001
 0.2727273   0.4238837100E+000   0.9971592633E+000   0.8746671995E+000   0.1016831978E+001
 0.2828283   0.4347334796E+000   0.9976760699E+000   0.8927088051E+000   0.1043471564E+001
 0.2929293   0.4531838226E+000   0.9836841381E+000   0.8984712880E+000   0.1024777777E+001
 0.3030303   0.4710032118E+000   0.1017880086E+001   0.9112914793E+000   0.1008947300E+001
 0.3131313   0.4856024802E+000   0.9900696478E+000   0.9205167417E+000   0.1018613906E+001
 0.3232323   0.5193213858E+000   0.1013839283E+001   0.9228308198E+000   0.1005858311E+001
 0.3333333   0.5378703787E+000   0.1013776850E+001   0.9127097021E+000   0.9936857222E+000
 0.3434343   0.5603742648E+000   0.1021300028E+001   0.9495738367E+000   0.1012464139E+001
 0.3535354   0.5851224954E+000   0.9813151521E+000   0.9341546412E+000   0.1026287009E+001
 0.3636364   0.6129825776E+000   0.1025607906E+001   0.9544070184E+000   0.1013155282E+001
 0.3737374   0.6352698784E+000   0.9901251439E+000   0.9749313884E+000   0.1017480806E+001
 0.3838384   0.6681492905E+000   0.1019808573E+001   0.9711040568E+000   0.9967512023E+000
 0.3939394   0.7167244596E+000   0.1008556757E+001   0.9904657702E+000   0.1018736149E+001
 0.4040404   0.7580575246E+000   0.1013853157E+001   0.1002757139E+001   0.1026705457E+001
 0.4141414   0.8195140457E+000   0.1033973930E+001   0.1019321172E+001   0.1020908314E+001
 0.4242424   0.8450257118E+000   0.1005559972E+001   0.1008885540E+001   0.9840896410E+000
 0.4343434   0.8929383241E+000   0.9920016027E+000   0.1011223643E+001   0.1003813091E+001
 0.4444444   0.9491291465E+000   0.1009215772E+001   0.1033721173E+001   0.9835395472E+000
 0.4545455   0.1002506737E+001   0.1000679791E+001   0.1051924550E+001   0.1012558172E+001
 0.4646465   0.1056188879E+001   0.9865283086E+000   0.1044000956E+001   0.9773474654E+000
 0.4747475   0.1129818308E+001   0.9710032996E+000   0.1063297400E+001   0.9733745656E+000
 0.4848485   0.1202333997E+001   0.1025434481E+001   0.1082242589E+001   0.1002567152E+001
 0.4949495   0.1280761787E+001   0.1027120172E+001   0.1077982110E+001   0.9829941550E+000
 0.5050505   0.1320306613E+001   0.1034962452E+001   0.1092843529E+001   0.9836382820E+000
 0.5151515   0.1306406589E+001   0.1015774706E+001   0.1103764694E+001   0.9856646960E+000
 0.5252525   0.1311116393E+001   0.9919391697E+000   0.1103734669E+001   0.9900513416E+000
 0.5353535   0.1316635373E+001   0.1020658355E+001   0.1098504190E+001   0.9943251475E+000
 0.5454545   0.1328963802E+001   0.1024421679E+001   0.1085080880E+001   0.9655086941E+000
 0.5555556   0.1311975330E+001   0.1007457242E+001   0.1097358001E+001   0.9775778466E+000
 0.5656566   0.1311945430E+001   0.9988137381E+000   0.1089497335E+001   0.9836476853E+000
 0.5757576   0.1324353136E+001   0.1021091918E+001   0.1095363722E+001   0.9757536039E+000
 0.5858586   0.1316317529E+001   0.1005917227E+001   0.1085785532E+001   0.9923363467E+000
 0.5959596   0.1322477124E+001   0.1023811223E+001   0.1106264378E+001   0.9830129617E+000
 0.6060606   0.1301497072E+001   0.1004450052E+001   0.1098204362E+001   0.9855236463E+000
 0.6161616   0.1319951820E+001   0.1011036735E+001   0.1105649738E+001   0.9859750053E+000
 0.6262626   0.1333863628E+001   0.1015674120E+001   0.1092612499E+001   0.9823265198E+000
 0.6363636   0.1322550221E+001   0.1006395881E+001   0.1095835810E+001   0.9941887994E+000
 0.6464646   0.1321973680E+001   0.1008046887E+001   0.1090505718E+001   0.1007315825E+001
 0.6565657   0.1328951127E+001   0.1021913953E+001   0.1085167329E+001   0.9582117230E+000
 0.6666667   0.1326009693E+001   0.1022718645E+001   0.1081400978E+001   0.9775543383E+000
 0.6767677   0.1322622478E+001   0.1029815197E+001   0.1115455968E+001   0.9775543383E+000
 0.6868687   0.1319127970E+001   0.1003718198E+001   0.1089125158E+001   0.9824957794E+000
 0.6969697   0.1324439459E+001   0.1011629848E+001   0.1105272258E+001   0.9946307552E+000
 0.7070707   0.1309141947E+001   0.9892129282E+000   0.1086933906E+001   0.9645636611E+000
 0.7171717   0.1296107837E+001   0.9943497777E+000   0.1094706970E+001   0.9849547458E+000
 0.7272727   0.1293564268E+001   0.9865283086E+000   0.1078920245E+001   0.9770277528E+000
 0.7373737   0.1332666871E+001   0.1017640760E+001   0.1112874290E+001   0.9907471868E+000
 0.7474747   0.1332045343E+001   0.1023693294E+001   0.1092874854E+001   0.9897128223E+000
 0.7575758   0.1329750770E+001   0.1005546098E+001   0.1100189491E+001   0.9707651462E+000
 0.7676768   0.1322279568E+001   0.1027012649E+001   0.1100957994E+001   0.9845033868E+000
 0.7777778   0.1310124932E+001   0.1013704012E+001   0.1099127558E+001   0.9967370973E+000
 0.7878788   0.1322718660E+001   0.1016922780E+001   0.1098462959E+001   0.9806668350E+000
 0.7979798   0.1313864872E+001   0.1019406227E+001   0.1086235935E+001   0.9745452781E+000
 0.8080808   0.1314327291E+001   0.1005868668E+001   0.1081599220E+001   0.9696038370E+000
 0.8181818   0.1329115503E+001   0.1028146848E+001   0.1099377190E+001   0.9892050434E+000
 0.8282828   0.1315160468E+001   0.1020436371E+001   0.1092408842E+001   0.9843999504E+000
 0.8383838   0.1292388140E+001   0.9939439631E+000   0.1080213824E+001   0.9609198772E+000
 0.8484848   0.1310582395E+001   0.1019295235E+001   0.1079237443E+001   0.9686446991E+000
 0.8585859   0.1312812396E+001   0.1004096265E+001   0.1094362791E+001   0.9877992481E+000
 0.8686869   0.1320836114E+001   0.1024765060E+001   0.1103415253E+001   0.1000625367E+001
 0.8787879   0.1314318069E+001   0.9882625590E+000   0.1102840617E+001   0.9753163498E+000
 0.8888889   0.1311078336E+001   0.9974471488E+000   0.1094910137E+001   0.9812968570E+000
 0.8989899   0.1313790870E+001   0.1009344106E+001   0.1092053325E+001   0.9815601498E+000
 0.9090909   0.1313662490E+001   0.1028472887E+001   0.1106876617E+001   0.1006709311E+001
 0.9191919   0.1310541014E+001   0.1009135996E+001   0.1088950061E+001   0.9886173364E+000
 0.9292929   0.1307362656E+001   0.9943532462E+000   0.1110640665E+001   0.9933801145E+000
 0.9393939   0.1321926972E+001   0.1010228574E+001   0.1114554124E+001   0.9992195720E+000
 0.9494949   0.1326445935E+001   0.1034053705E+001   0.1103780463E+001   0.9947200866E+000
 0.9595960   0.1306134986E+001   0.9960909650E+000   0.1096422924E+001   0.9795149291E+000
 0.9696970   0.1318950590E+001   0.1004637351E+001   0.1097867433E+001   0.9816917962E+000
 0.9797980   0.1310482920E+001   0.1008327835E+001   0.1094978630E+001   0.9879449995E+000
 0.9898990   0.1324226333E+001   0.1017137827E+001   0.1106566647E+001   0.9928582306E+000
 1.0000000   0.1309563959E+001   0.9978529634E+000   0.1093024977E+001   0.9737177865E+000


 0.0000000   0.1043315084E+001   0.9187141945E+000   0.8484869821E+000   0.1014559690E+001
 0.0101010   0.1053972295E+001   0.9451568656E+000   0.8587533870E+000   0.1053678552E+001
 0.0202020   0.1043682234E+001   0.9724998222E+000   0.8510444780E+000   0.1041215905E+001
 0.0303030   0.1004210069E+001   0.9154731668E+000   0.8325479383E+000   0.1002427311E+001
 0.0404040   0.9711308301E+000   0.9128180391E+000   0.8351542773E+000   0.1007162480E+001
 0.0505051   0.9417051811E+000   0.9272540455E+000   0.8345874748E+000   0.1002212438E+001
 0.0606061   0.8997221139E+000   0.9516789338E+000   0.8387398271E+000   0.1038080348E+001
 0.0707071   0.8433816076E+000   0.9848237302E+000   0.8421759422E+000   0.1071306114E+001
 0.0808081   0.7809328301E+000   0.9448539124E+000   0.8359474357E+000   0.1014018527E+001
 0.0909091   0.7246861417E+000   0.9455512764E+000   0.8252738879E+000   0.1022287167E+001
 0.1010101   0.6671159138E+000   0.9561260584E+000   0.8201740836E+000   0.1021491340E+001
 0.1111111   0.6151069035E+000   0.9551314573E+000   0.8200483546E+000   0.1020038957E+001
 0.1212121   0.5731707120E+000   0.9685328499E+000   0.8359552879E+000   0.1031204405E+001
 0.1313131   0.5241391125E+000   0.9747976937E+000   0.8341151925E+000   0.1035688889E+001
 0.1414141   0.4859946017E+000   0.9967475114E+000   0.8318378036E+000   0.1032684643E+001
 0.1515152   0.4535807203E+000   0.9933893037E+000   0.8379678194E+000   0.1043754593E+001
 0.1616162   0.4268683508E+000   0.9897538651E+000   0.8342251050E+000   0.1040666785E+001
 0.1717172   0.4086400512E+000   0.9864842568E+000   0.8301545587E+000   0.1024774125E+001
 0.1818182   0.3927342310E+000   0.9734887072E+000   0.8352218506E+000   0.1004150276E+001
 0.1919192   0.3886457771E+000   0.9796963900E+000   0.8360904644E+000   0.1019629106E+001
 0.2020202   0.3814742026E+000   0.9629339315E+000   0.8440976351E+000   0.1012247813E+001
 0.2121212   0.3806036851E+000   0.9997398889E+000   0.8462184003E+000   0.1033922154E+001
 0.2222222   0.3838026635E+000   0.9963245202E+000   0.8544697276E+000   0.1021264530E+001
 0.2323232   0.3839653439E+000   0.9802880062E+000   0.8663812422E+000   0.1034793584E+001
 0.2424242   0.3948591020E+000   0.1009208606E+001   0.8741800556E+000   0.1019871833E+001
 0.2525253   0.4070993420E+000   0.1010057447E+001   0.8667426930E+000   0.1024539357E+001
 0.2626263   0.4094913053E+000   0.1007027914E+001   0.8920328466E+000   0.1033862467E+001
 0.2727273   0.4257179214E+000   0.1002043477E+001   0.8742401045E+000   0.1016039927E+001
 0.2828283   0.4336277768E+000   0.9957043235E+000   0.8925977372E+000   0.1043038349E+001
 0.2929293   0.4527088421E+000   0.9832117905E+000   0.9051993472E+000   0.1032151439E+001
 0.3030303   0.4662653533E+000   0.1008214005E+001   0.9139201258E+000   0.1011563402E+001
 0.3131313   0.4880536283E+000   0.9956328723E+000   0.9242920116E+000   0.1022494082E+001
 0.3232323   0.5162459955E+000   0.1008408352E+001   0.9214075829E+000   0.1004014986E+001
 0.3333333   0.5354818865E+000   0.1009848809E+001   0.9168097378E+000   0.9978592659E+000
 0.3434343   0.5588605690E+000   0.1019120320E+001   0.9510619196E+000   0.1013755905E+001
 0.3535354   0.5839667398E+000   0.9799336081E+000   0.9426968612E+000   0.1035370558E+001
 0.3636364   0.6114376382E+000   0.1023604600E+001   0.9562592012E+000   0.1014826292E+001
 0.3737374   0.6371798112E+000   0.9936665344E+000   0.9741199810E+000   0.1016338362E+001
 0.3838384   0.6755252882E+000   0.1031652866E+001   0.9718769527E+000   0.9972544376E+000
 0.3939394   0.7201051722E+000   0.1013890090E+001   0.9892462188E+000   0.1017185918E+001
 0.4040404   0.7601105152E+000   0.1017176847E+001   0.1004474088E+001   0.1028164347E+001
 0.4141414   0.8179252222E+000   0.1032556010E+001   0.1014290462E+001   0.1015574369E+001
 0.4242424   0.8466306126E+000   0.1008042522E+001   0.1011396621E+001   0.9862521333E+000
 0.4343434   0.8964305396E+000   0.9964474163E+000   0.1022250631E+001   0.1014464190E+001
 0.4444444   0.9500068986E+000   0.1010723372E+001   0.1032945483E+001   0.9825157268E+000
 0.4545455   0.1009503698E+001   0.1008236869E+001   0.1050026564E+001   0.1010437307E+001
 0.4646465   0.1061746561E+001   0.9922832386E+000   0.1047684084E+001   0.9805102435E+000
 0.4747475   0.1134024240E+001   0.9751720981E+000   0.1061338219E+001   0.9712985493E+000
 0.4848485   0.1202490638E+001   0.1026151121E+001   0.1086866266E+001   0.1006557652E+001
 0.4949495   0.1277187979E+001   0.1024836419E+001   0.1085186837E+001   0.9892762748E+000
 0.5050505   0.1325113508E+001   0.1039321012E+001   0.1100448687E+001   0.9901954546E+000
 0.5151515   0.1312433443E+001   0.1021040930E+001   0.1103928095E+001   0.9855239518E+000
 0.5252525   0.1318188258E+001   0.9978564345E+000   0.1104167611E+001   0.9901516842E+000
 0.5353535   0.1328879183E+001   0.1030735432E+001   0.1094413917E+001   0.9903347243E+000
 0.5454545   0.1326841758E+001   0.1023367382E+001   0.1084399213E+001   0.9646215631E+000
 0.5555556   0.1316500060E+001   0.1011506477E+001   0.1093503840E+001   0.9738611113E+000
 0.5656566   0.1314085417E+001   0.1001011721E+001   0.1090786453E+001   0.9845251893E+000
 0.5757576   0.1329480725E+001   0.1025628098E+001   0.1090675243E+001   0.9712945701E+000
 0.5858586   0.1321574899E+001   0.1010509018E+001   0.1085778948E+001   0.9920417726E+000
 0.5959596   0.1322672873E+001   0.1024544898E+001   0.1099531368E+001   0.9767459831E+000
 0.6060606   0.1303759091E+001   0.1006767832E+001   0.1092842416E+001   0.9804266817E+000
 0.6161616   0.1313732459E+001   0.1006844999E+001   0.1095034410E+001   0.9762247166E+000
 0.6262626   0.1335903404E+001   0.1017805618E+001   0.1089599093E+001   0.9793324200E+000
 0.6363636   0.1323953953E+001   0.1008036806E+001   0.1103171636E+001   0.1000553139E+001
 0.6464646   0.1323801554E+001   0.1010014576E+001   0.1090419863E+001   0.1006943628E+001
 0.6565657   0.1334278912E+001   0.1026594119E+001   0.1089990006E+001   0.9621903125E+000
 0.6666667   0.1324156276E+001   0.1021869764E+001   0.1079249125E+001   0.9753254324E+000
 0.6767677   0.1321485706E+001   0.1029515045E+001   0.1109807304E+001   0.9723211866E+000
 0.6868687   0.1328206639E+001   0.1011200666E+001   0.1088864003E+001   0.9819745647E+000
 0.6969697   0.1325399077E+001   0.1012938360E+001   0.1095422321E+001   0.9854801813E+000
 0.7070707   0.1310330826E+001   0.9906741569E+000   0.1088526350E+001   0.9656959292E+000
 0.7171717   0.1301183213E+001   0.9988110230E+000   0.1092437671E+001   0.9826271426E+000
 0.7272727   0.1300479640E+001   0.9923661220E+000   0.1077916283E+001   0.9758347615E+000
 0.7373737   0.1332185287E+001   0.1017851347E+001   0.1105107142E+001   0.9835463224E+000
 0.7474747   0.1332830851E+001   0.1024879290E+001   0.1092099620E+001   0.9887231752E+000
 0.7575758   0.1333053912E+001   0.1008616990E+001   0.1097676854E+001   0.9682664495E+000
 0.7676768   0.1322648335E+001   0.1027883099E+001   0.1096286219E+001   0.9800407057E+000
 0.7777778   0.1313810950E+001   0.1017133976E+001   0.1099877460E+001   0.9971271053E+000
 0.7878788   0.1321253367E+001   0.1016373735E+001   0.1093992578E+001   0.9763918402E+000
 0.7979798   0.1316188601E+001   0.1021789738E+001   0.1085593886E+001   0.9736860294E+000
 0.8080808   0.1320931817E+001   0.1011497903E+001   0.1081100854E+001   0.9688752569E+000
 0.8181818   0.1325896318E+001   0.1026239721E+001   0.1095976289E+001   0.9858581990E+000
 0.8282828   0.1316001849E+001   0.1021669700E+001   0.1091703940E+001   0.9834786772E+000
 0.8383838   0.1296738171E+001   0.9978564345E+000   0.1079665691E+001   0.9601529961E+000
 0.8484848   0.1318827807E+001   0.1026291166E+001   0.1078522246E+001   0.9677213082E+000
 0.8585859   0.1318179172E+001   0.1008774182E+001   0.1091308553E+001   0.9847559790E+000
 0.8686869   0.1328100556E+001   0.1030986941E+001   0.1103445854E+001   0.1000362141E+001
 0.8787879   0.1319075017E+001   0.9924032767E+000   0.1100552256E+001   0.9730095767E+000
 0.8888889   0.1315421624E+001   0.1001320390E+001   0.1093733357E+001   0.9799571439E+000
 0.8989899   0.1314823789E+001   0.1010711940E+001   0.1093717842E+001   0.9827703914E+000
 0.9090909   0.1311630498E+001   0.1027465824E+001   0.1096318525E+001   0.9968167329E+000
 0.9191919   0.1310076102E+001   0.1009351508E+001   0.1088664404E+001   0.9880705973E+000
 0.9292929   0.1314385366E+001   0.1000262912E+001   0.1101403322E+001   0.9848315826E+000
 0.9393939   0.1322376154E+001   0.1011146363E+001   0.1108068416E+001   0.9931161387E+000
 0.9494949   0.1325270792E+001   0.1033724952E+001   0.1106450803E+001   0.9968366286E+000
 0.9595960   0.1307017356E+001   0.9973305535E+000   0.1094951386E+001   0.9779158484E+000
 0.9696970   0.1311606385E+001   0.9996112767E+000   0.1086609148E+001   0.9713423197E+000
 0.9797980   0.1307897617E+001   0.1006910734E+001   0.1088461770E+001   0.9817795871E+000
 0.9898990   0.1319839345E+001   0.1014344520E+001   0.1100570634E+001   0.9871912088E+000
 1.0000000   0.1316228157E+001   0.1003501082E+001   0.1094415309E+001   0.9746728545E+000


 0.0000000   0.1037591624E+001   0.9134171542E+000   0.8487495950E+000   0.1014705627E+001
 0.0101010   0.1050149688E+001   0.9414638993E+000   0.8602315948E+000   0.1055317490E+001
 0.0202020   0.1039881312E+001   0.9686854547E+000   0.8485966520E+000   0.1038049154E+001
 0.0303030   0.9990598159E+000   0.9105217088E+000   0.8311501402E+000   0.1000578560E+001
 0.0404040   0.9687512787E+000   0.9103251194E+000   0.8421733331E+000   0.1015458979E+001
 0.0505051   0.9406655848E+000   0.9259697473E+000   0.8366777266E+000   0.1004556117E+001
 0.0606061   0.8995625617E+000   0.9512423985E+000   0.8419896423E+000   0.1041929951E+001
 0.0707071   0.8468573356E+000   0.9886040803E+000   0.8492475642E+000   0.1080122795E+001
 0.0808081   0.7726755103E+000   0.9346002618E+000   0.8332873497E+000   0.1010624398E+001
 0.0909091   0.7244098923E+000   0.9449248424E+000   0.8271073258E+000   0.1024388612E+001
 0.1010101   0.6656399769E+000   0.9537422382E+000   0.8254505839E+000   0.1027892733E+001
 0.1111111   0.6127935460E+000   0.9512715228E+000   0.8224562312E+000   0.1022864631E+001
 0.1212121   0.5712342945E+000   0.9649890898E+000   0.8401808456E+000   0.1036245258E+001
 0.1313131   0.5220657154E+000   0.9706683372E+000   0.8327084426E+000   0.1033770948E+001
 0.1414141   0.4862257373E+000   0.9969409243E+000   0.8349694593E+000   0.1036400766E+001
 0.1515152   0.4540557593E+000   0.9941498412E+000   0.8418415813E+000   0.1048406009E+001
 0.1616162   0.4289477970E+000   0.9942954629E+000   0.8357389975E+000   0.1042382653E+001
 0.1717172   0.4115914468E+000   0.9933295054E+000   0.8321636437E+000   0.1027084090E+001
 0.1818182   0.3939318642E+000   0.9761825467E+000   0.8331736951E+000   0.1001521977E+001
 0.1919192   0.3892234288E+000   0.9808764205E+000   0.8356940791E+000   0.1018976922E+001
 0.2020202   0.3854505262E+000   0.9726973333E+000   0.8467945849E+000   0.1015313838E+001
 0.2121212   0.3825063859E+000   0.1004455006E+001   0.8452079249E+000   0.1032516514E+001
 0.2222222   0.3845681236E+000   0.9980306603E+000   0.8530989172E+000   0.1019457270E+001
 0.2323232   0.3856998900E+000   0.9844392988E+000   0.8673960033E+000   0.1035834025E+001
 0.2424242   0.3952888262E+000   0.1010022610E+001   0.8748285998E+000   0.1020459435E+001
 0.2525253   0.4073104615E+000   0.1010296864E+001   0.8670511100E+000   0.1024734186E+001
 0.2626263   0.4088216544E+000   0.1005098168E+001   0.8911532985E+000   0.1032672022E+001
 0.2727273   0.4258868679E+000   0.1002159036E+001   0.8808261490E+000   0.1023524677E+001
 0.2828283   0.4321655418E+000   0.9920674504E+000   0.8952930175E+000   0.1046014636E+001
 0.2929293   0.4550548737E+000   0.9880288745E+000   0.9044267189E+000   0.1031099660E+001
 0.3030303   0.4680730657E+000   0.1011838027E+001   0.9151153493E+000   0.1012718576E+001
 0.3131313   0.4892727116E+000   0.9978389250E+000   0.9196093070E+000   0.1017145380E+001
 0.3232323   0.5164125893E+000   0.1008449895E+001   0.9211560659E+000   0.1003574687E+001
 0.3333333   0.5354261495E+000   0.1009459539E+001   0.9178916996E+000   0.9988714243E+000
 0.3434343   0.5597148232E+000   0.1020390877E+001   0.9545489974E+000   0.1017304344E+001
 0.3535354   0.5854063664E+000   0.9820729457E+000   0.9451474950E+000   0.1037890190E+001
 0.3636364   0.6100549776E+000   0.1021002488E+001   0.9568445127E+000   0.1015279280E+001
 0.3737374   0.6407297450E+000   0.9989213798E+000   0.9733753983E+000   0.1015393320E+001
 0.3838384   0.6790088505E+000   0.1036681094E+001   0.9688747532E+000   0.9940091974E+000
 0.3939394   0.7204742613E+000   0.1014124288E+001   0.9849672441E+000   0.1012618360E+001
 0.4040404   0.7630081173E+000   0.1020767066E+001   0.1007728108E+001   0.1031324283E+001
 0.4141414   0.8200970886E+000   0.1035006444E+001   0.1019859411E+001   0.1020981252E+001
 0.4242424   0.8463874269E+000   0.1007469375E+001   0.1011910402E+001   0.9865897225E+000
 0.4343434   0.8928550068E+000   0.9921936559E+000   0.1026978528E+001   0.1018987290E+001
 0.4444444   0.9506103659E+000   0.1011080794E+001   0.1040663469E+001   0.9896929775E+000
 0.4545455   0.1006996799E+001   0.1005450087E+001   0.1052226727E+001   0.1012386825E+001
 0.4646465   0.1066261672E+001   0.9962225238E+000   0.1044804315E+001   0.9776531776E+000
 0.4747475   0.1130626273E+001   0.9719765058E+000   0.1065271327E+001   0.9747365326E+000
 0.4848485   0.1201416999E+001   0.1024946410E+001   0.1093352790E+001   0.1012397193E+001
 0.4949495   0.1273972322E+001   0.1021968446E+001   0.1080508218E+001   0.9848480293E+000
 0.5050505   0.1333330850E+001   0.1045471793E+001   0.1099323422E+001   0.9890191081E+000
 0.5151515   0.1310469216E+001   0.1019225903E+001   0.1098367117E+001   0.9803970356E+000
 0.5252525   0.1316246346E+001   0.9961060264E+000   0.1109743692E+001   0.9949871719E+000
 0.5353535   0.1324905053E+001   0.1027363731E+001   0.1097930795E+001   0.9933526067E+000
 0.5454545   0.1328822445E+001   0.1024606626E+001   0.1085697871E+001   0.9656168334E+000
 0.5555556   0.1318995902E+001   0.1013138915E+001   0.1088617724E+001   0.9693490332E+000
 0.5656566   0.1315917278E+001   0.1002125058E+001   0.1091290411E+001   0.9848169277E+000
 0.5757576   0.1336366395E+001   0.1030649928E+001   0.1094865155E+001   0.9748643950E+000
 0.5858586   0.1319281747E+001   0.1008471738E+001   0.1085751951E+001   0.9918528153E+000
 0.5959596   0.1319301258E+001   0.1021645651E+001   0.1101357428E+001   0.9782060961E+000
 0.6060606   0.1309389109E+001   0.1010830810E+001   0.1094365767E+001   0.9816307349E+000
 0.6161616   0.1313045083E+001   0.1006035001E+001   0.1095372261E+001   0.9763641864E+000
 0.6262626   0.1335464343E+001   0.1017184772E+001   0.1089691403E+001   0.9792531854E+000
 0.6363636   0.1321432082E+001   0.1005833558E+001   0.1101858078E+001   0.9991962639E+000
 0.6464646   0.1326097077E+001   0.1011481254E+001   0.1089500525E+001   0.1005928046E+001
 0.6565657   0.1336563796E+001   0.1028062715E+001   0.1089389607E+001   0.9615010465E+000
 0.6666667   0.1325556647E+001   0.1022662576E+001   0.1081965845E+001   0.9776186202E+000
 0.6767677   0.1320541413E+001   0.1028489872E+001   0.1107418722E+001   0.9700678272E+000
 0.6868687   0.1329293565E+001   0.1011743373E+001   0.1090364690E+001   0.9831650837E+000
 0.6969697   0.1323604574E+001   0.1011282238E+001   0.1088596406E+001   0.9791771592E+000
 0.7070707   0.1313679770E+001   0.9929266186E+000   0.1089299271E+001   0.9662215880E+000
 0.7171717   0.1303597215E+001   0.1000382451E+001   0.1089013015E+001   0.9793845036E+000
 0.7272727   0.1304593305E+001   0.9952250149E+000   0.1078954621E+001   0.9766129997E+000
 0.7373737   0.1328872405E+001   0.1015034424E+001   0.1102426813E+001   0.9809983344E+000
 0.7474747   0.1335149771E+001   0.1026373503E+001   0.1092599809E+001   0.9890121966E+000
 0.7575758   0.1329200685E+001   0.1005418536E+001   0.1097193632E+001   0.9676799105E+000
 0.7676768   0.1325938400E+001   0.1030149960E+001   0.1098080480E+001   0.9814821381E+000
 0.7777778   0.1309163237E+001   0.1013250558E+001   0.1097252748E+001   0.9945828503E+000
 0.7878788   0.1317987016E+001   0.1013575780E+001   0.1087547750E+001   0.9704790603E+000
 0.7979798   0.1320945393E+001   0.1025193967E+001   0.1086690803E+001   0.9745084537E+000
 0.8080808   0.1315086963E+001   0.1006738840E+001   0.1078974024E+001   0.9668090639E+000
 0.8181818   0.1323807708E+001   0.1024334799E+001   0.1091549603E+001   0.9817136727E+000
 0.8282828   0.1316450758E+001   0.1021730597E+001   0.1090496876E+001   0.9822285780E+000
 0.8383838   0.1301156526E+001   0.1000974646E+001   0.1080742666E+001   0.9609515838E+000
 0.8484848   0.1315717216E+001   0.1023582420E+001   0.1078489109E+001   0.9675313137E+000
 0.8585859   0.1316882811E+001   0.1007498500E+001   0.1088213026E+001   0.9818000662E+000
 0.8686869   0.1325619592E+001   0.1028771407E+001   0.1101206283E+001   0.9981664532E+000
 0.8787879   0.1317383182E+001   0.9908515090E+000   0.1096261200E+001   0.9690552952E+000
 0.8888889   0.1320453144E+001   0.1004867600E+001   0.1092241454E+001   0.9784583651E+000
 0.8989899   0.1321636529E+001   0.1015663025E+001   0.1093515176E+001   0.9824255552E+000
 0.9090909   0.1308891074E+001   0.1025031356E+001   0.1093267375E+001   0.9938778792E+000
 0.9191919   0.1307783880E+001   0.1007301910E+001   0.1082064141E+001   0.9819175614E+000
 0.9292929   0.1314915672E+001   0.1000384878E+001   0.1100003868E+001   0.9834173528E+000
 0.9393939   0.1318716146E+001   0.1008063997E+001   0.1103082203E+001   0.9884834683E+000
 0.9494949   0.1322372733E+001   0.1031174166E+001   0.1100226622E+001   0.9910649065E+000
 0.9595960   0.1305601893E+001   0.9959701128E+000   0.1087040630E+001   0.9706898605E+000
 0.9696970   0.1312895372E+001   0.1000312067E+001   0.1080097039E+001   0.9653611086E+000
 0.9797980   0.1301950061E+001   0.1002049820E+001   0.1086752661E+001   0.9800756517E+000
 0.9898990   0.1325395407E+001   0.1018327902E+001   0.1102390364E+001   0.9886597111E+000
 1.0000000   0.1318659026E+001   0.1005071471E+001   0.1092358945E+001   0.9726803670E+000


 0.0000000   0.1037068971E+001   0.9130611643E+000   0.8491405766E+000   0.1015129618E+001
 0.0101010   0.1047262125E+001   0.9389822576E+000   0.8614593285E+000   0.1056778431E+001
 0.0202020   0.1037040657E+001   0.9661494557E+000   0.8475056460E+000   0.1036670216E+001
 0.0303030   0.9925722702E+000   0.9047122617E+000   0.8310807944E+000   0.1000452267E+001
 0.0404040   0.9704958801E+000   0.9120685045E+000   0.8419892846E+000   0.1015193619E+001
 0.0505051   0.9354441078E+000   0.9209348574E+000   0.8355367826E+000   0.1003143318E+001
 0.0606061   0.8956358466E+000   0.9471981015E+000   0.8425481822E+000   0.1042576509E+001
 0.0707071   0.8403990026E+000   0.9811766356E+000   0.8479207463E+000   0.1078389124E+001
 0.0808081   0.7684474208E+000   0.9295921182E+000   0.8302352730E+000   0.1006879704E+001
 0.0909091   0.7246775253E+000   0.9453817453E+000   0.8292956671E+000   0.1027054966E+001
 0.1010101   0.6649841221E+000   0.9529111755E+000   0.8294927320E+000   0.1032882021E+001
 0.1111111   0.6076349151E+000   0.9433710812E+000   0.8162618546E+000   0.1015117428E+001
 0.1212121   0.5716134490E+000   0.9657397195E+000   0.8414237798E+000   0.1037733836E+001
 0.1313131   0.5239375473E+000   0.9742596975E+000   0.8364469783E+000   0.1038367742E+001
 0.1414141   0.4873063397E+000   0.9992705006E+000   0.8332677787E+000   0.1034244308E+001
 0.1515152   0.4546024735E+000   0.9954603766E+000   0.8396094762E+000   0.1045581465E+001
 0.1616162   0.4283618737E+000   0.9930505365E+000   0.8372570465E+000   0.1044231368E+001
 0.1717172   0.4107227802E+000   0.9913461185E+000   0.8343536221E+000   0.1029742970E+001
 0.1818182   0.3913657684E+000   0.9699342352E+000   0.8349841668E+000   0.1003655319E+001
 0.1919192   0.3896459265E+000   0.9820531331E+000   0.8369436361E+000   0.1020456863E+001
 0.2020202   0.3856180784E+000   0.9732311330E+000   0.8458561392E+000   0.1014145236E+001
 0.2121212   0.3828835758E+000   0.1005560162E+001   0.8488789353E+000   0.1036956693E+001
 0.2222222   0.3842403062E+000   0.9972936292E+000   0.8505824382E+000   0.1016406572E+001
 0.2323232   0.3858463835E+000   0.9849255104E+000   0.8668011432E+000   0.1035079357E+001
 0.2424242   0.3955876874E+000   0.1010901517E+001   0.8760082386E+000   0.1021791722E+001
 0.2525253   0.4066606248E+000   0.1008800035E+001   0.8689591261E+000   0.1026945252E+001
 0.2626263   0.4102101565E+000   0.1008626847E+001   0.8892475518E+000   0.1030419542E+001
 0.2727273   0.4257641298E+000   0.1001984475E+001   0.8839151860E+000   0.1027070204E+001
 0.2828283   0.4323963556E+000   0.9927104977E+000   0.8950440330E+000   0.1045678989E+001
 0.2929293   0.4554218310E+000   0.9889383905E+000   0.9052562892E+000   0.1032001258E+001
 0.3030303   0.4681355394E+000   0.1012088484E+001   0.9136539050E+000   0.1011057994E+001
 0.3131313   0.4873435384E+000   0.9940178518E+000   0.9221522464E+000   0.1019914386E+001
 0.3232323   0.5162680359E+000   0.1008282584E+001   0.9244054451E+000   0.1007071704E+001
 0.3333333   0.5366551812E+000   0.1011892065E+001   0.9182466507E+000   0.9992149324E+000
 0.3434343   0.5596371238E+000   0.1020365578E+001   0.9552888198E+000   0.1018049241E+001
 0.3535354   0.5852900396E+000   0.9819897718E+000   0.9469689136E+000   0.1039845839E+001
 0.3636364   0.6095228815E+000   0.1020228295E+001   0.9566840846E+000   0.1015065618E+001
 0.3737374   0.6412544487E+000   0.9998534243E+000   0.9739472488E+000   0.1015946381E+001
 0.3838384   0.6832995586E+000   0.1043350932E+001   0.9750302739E+000   0.1000281600E+001
 0.3939394   0.7237064316E+000   0.1018789994E+001   0.9899364574E+000   0.1017683526E+001
 0.4040404   0.7598680663E+000   0.1016682176E+001   0.1001353986E+001   0.1024757059E+001
 0.4141414   0.8160176089E+000   0.1029975369E+001   0.1019601459E+001   0.1020679339E+001
 0.4242424   0.8448911711E+000   0.1005803047E+001   0.1008717202E+001   0.9834343417E+000
 0.4343434   0.8943242520E+000   0.9939397063E+000   0.1027606712E+001   0.1019566957E+001
 0.4444444   0.9498112466E+000   0.1010346050E+001   0.1043128804E+001   0.9919951141E+000
 0.4545455   0.1004587392E+001   0.1003158770E+001   0.1052227336E+001   0.1012344091E+001
 0.4646465   0.1068050338E+001   0.9980074994E+000   0.1042647042E+001   0.9755928083E+000
 0.4747475   0.1131575838E+001   0.9729037665E+000   0.1061706173E+001   0.9714328033E+000
 0.4848485   0.1201646581E+001   0.1025259179E+001   0.1092203380E+001   0.1011289614E+001
 0.4949495   0.1273782514E+001   0.1021932713E+001   0.1081902450E+001   0.9860766306E+000
 0.5050505   0.1327482090E+001   0.1041004453E+001   0.1098826746E+001   0.9885299670E+000
 0.5151515   0.1312330719E+001   0.1020790098E+001   0.1101024884E+001   0.9827272932E+000
 0.5252525   0.1315642241E+001   0.9957623986E+000   0.1105920207E+001   0.9915166373E+000
 0.5353535   0.1324316995E+001   0.1027024846E+001   0.1098303095E+001   0.9936469256E+000
 0.5454545   0.1322023727E+001   0.1019480632E+001   0.1090265473E+001   0.9696377535E+000
 0.5555556   0.1320287929E+001   0.1014246992E+001   0.1087396988E+001   0.9682206089E+000
 0.5656566   0.1315033577E+001   0.1001566290E+001   0.1089838752E+001   0.9834648179E+000
 0.5757576   0.1339378328E+001   0.1033090632E+001   0.1094987345E+001   0.9749314742E+000
 0.5858586   0.1319519300E+001   0.1008768354E+001   0.1090184598E+001   0.9958594997E+000
 0.5959596   0.1314999988E+001   0.1018430947E+001   0.1102322525E+001   0.9790213839E+000
 0.6060606   0.1312466311E+001   0.1013321917E+001   0.1096416628E+001   0.9834282465E+000
 0.6161616   0.1310806600E+001   0.1004434444E+001   0.1094092099E+001   0.9751813793E+000
 0.6262626   0.1340169731E+001   0.1020885140E+001   0.1086471842E+001   0.9763181426E+000
 0.6363636   0.1323125150E+001   0.1007237124E+001   0.1102762678E+001   0.9999737904E+000
 0.6464646   0.1327054738E+001   0.1012327145E+001   0.1088128598E+001   0.1004618368E+001
 0.6565657   0.1334944174E+001   0.1026934029E+001   0.1090848050E+001   0.9627470784E+000
 0.6666667   0.1324621068E+001   0.1022057323E+001   0.1084789120E+001   0.9801276710E+000
 0.6767677   0.1318824543E+001   0.1027269843E+001   0.1106244473E+001   0.9689977527E+000
 0.6868687   0.1329526000E+001   0.1012035683E+001   0.1090720118E+001   0.9834434846E+000
 0.6969697   0.1327358461E+001   0.1014266000E+001   0.1088832350E+001   0.9793474796E+000
 0.7070707   0.1312031476E+001   0.9917938714E+000   0.1087761651E+001   0.9648164143E+000
 0.7171717   0.1305147908E+001   0.1001686677E+001   0.1091519459E+001   0.9815966252E+000
 0.7272727   0.1309281907E+001   0.9989156776E+000   0.1081826659E+001   0.9791707175E+000
 0.7373737   0.1331361679E+001   0.1017051783E+001   0.1101269461E+001   0.9799265279E+000
 0.7474747   0.1335863954E+001   0.1027039631E+001   0.1093019517E+001   0.9893497775E+000
 0.7575758   0.1334532528E+001   0.1009566706E+001   0.1098707223E+001   0.9689733717E+000
 0.7676768   0.1321539625E+001   0.1026849547E+001   0.1095241280E+001   0.9789025267E+000
 0.7777778   0.1309905605E+001   0.1013940745E+001   0.1092548336E+001   0.9902762548E+000
 0.7878788   0.1316990402E+001   0.1012924853E+001   0.1089745809E+001   0.9723988997E+000
 0.7979798   0.1320938645E+001   0.1025305644E+001   0.1085472356E+001   0.9733741390E+000
 0.8080808   0.1317273343E+001   0.1008527581E+001   0.1081530937E+001   0.9690587051E+000
 0.8181818   0.1323598546E+001   0.1024289752E+001   0.1088080811E+001   0.9785520500E+000
 0.8282828   0.1320743139E+001   0.1025178922E+001   0.1090153199E+001   0.9818770065E+000
 0.8383838   0.1303619109E+001   0.1002983471E+001   0.1078575130E+001   0.9589832643E+000
 0.8484848   0.1318324878E+001   0.1025728053E+001   0.1081372577E+001   0.9700766111E+000
 0.8585859   0.1313973027E+001   0.1005386975E+001   0.1085233659E+001   0.9790701459E+000
 0.8686869   0.1327789703E+001   0.1030573077E+001   0.1104847886E+001   0.1001424459E+001
 0.8787879   0.1314451015E+001   0.9887588669E+000   0.1092036665E+001   0.9652796529E+000
 0.8888889   0.1321725916E+001   0.1005950890E+001   0.1089004215E+001   0.9755166178E+000
 0.8989899   0.1326167147E+001   0.1019260980E+001   0.1092350914E+001   0.9813375772E+000
 0.9090909   0.1312713587E+001   0.1028142117E+001   0.1091383830E+001   0.9921231142E+000
 0.9191919   0.1309829054E+001   0.1008992231E+001   0.1080896960E+001   0.9808164338E+000
 0.9292929   0.1315116507E+001   0.1000651776E+001   0.1097226777E+001   0.9808926243E+000
 0.9393939   0.1317420669E+001   0.1007188547E+001   0.1100939978E+001   0.9865215836E+000
 0.9494949   0.1325340123E+001   0.1033605970E+001   0.1101627841E+001   0.9922846382E+000
 0.9595960   0.1310363069E+001   0.9997161415E+000   0.1085175069E+001   0.9689825146E+000
 0.9696970   0.1312265726E+001   0.9999463541E+000   0.1080805724E+001   0.9659531775E+000
 0.9797980   0.1307484251E+001   0.1006423987E+001   0.1086718290E+001   0.9800027185E+000
 0.9898990   0.1326804896E+001   0.1019527097E+001   0.1099312507E+001   0.9858572018E+000
 1.0000000   0.1317974979E+001   0.1004664656E+001   0.1092527688E+001   0.9727889954E+000


 0.0000000   0.1045254148E+001   0.9199920488E+000   0.8472834421E+000   0.1013091562E+001
 0.0101010   0.1054749389E+001   0.9454122264E+000   0.8597719468E+000   0.1054898092E+001
 0.0202020   0.1046747992E+001   0.9749012111E+000   0.8454384352E+000   0.1034327527E+001
 0.0303030   0.1005601958E+001   0.9163141479E+000   0.8337368601E+000   0.1003830074E+001
 0.0404040   0.9743633647E+000   0.9154289709E+000   0.8373359526E+000   0.1009764568E+001
 0.0505051   0.9401817831E+000   0.9253219042E+000   0.8347736660E+000   0.1002407311E+001
 0.0606061   0.9008950932E+000   0.9524748486E+000   0.8400152208E+000   0.1039629080E+001
 0.0707071   0.8447291109E+000   0.9859367932E+000   0.8447366823E+000   0.1074532772E+001
 0.0808081   0.7737838797E+000   0.9357673683E+000   0.8310148978E+000   0.1008006400E+001
 0.0909091   0.7259396460E+000   0.9467446903E+000   0.8286327546E+000   0.1026418476E+001
 0.1010101   0.6695228108E+000   0.9591277710E+000   0.8300047557E+000   0.1033705406E+001
 0.1111111   0.6107037411E+000   0.9478516313E+000   0.8160543060E+000   0.1015041776E+001
 0.1212121   0.5734968928E+000   0.9686316775E+000   0.8371252485E+000   0.1032618047E+001
 0.1313131   0.5264069430E+000   0.9785584391E+000   0.8338813713E+000   0.1035368903E+001
 0.1414141   0.4882417885E+000   0.1000888954E+001   0.8349281216E+000   0.1036491426E+001
 0.1515152   0.4576236921E+000   0.1001776011E+001   0.8383779100E+000   0.1044235480E+001
 0.1616162   0.4284364889E+000   0.9929261205E+000   0.8341825574E+000   0.1040583900E+001
 0.1717172   0.4103946105E+000   0.9902574341E+000   0.8313395245E+000   0.1026207496E+001
 0.1818182   0.3940316230E+000   0.9762487098E+000   0.8357443992E+000   0.1004749731E+001
 0.1919192   0.3916933525E+000   0.9869178174E+000   0.8386497532E+000   0.1022720913E+001
 0.2020202   0.3873638310E+000   0.9773443748E+000   0.8401359974E+000   0.1007468130E+001
 0.2121212   0.3836778902E+000   0.1007344544E+001   0.8486200551E+000   0.1036826830E+001
 0.2222222   0.3839664857E+000   0.9962845308E+000   0.8481311318E+000   0.1013659586E+001
 0.2323232   0.3849670629E+000   0.9823866886E+000   0.8646026566E+000   0.1032639686E+001
 0.2424242   0.3966561532E+000   0.1013328416E+001   0.8721423228E+000   0.1017465343E+001
 0.2525253   0.4048412962E+000   0.1003986134E+001   0.8682131039E+000   0.1026248069E+001
 0.2626263   0.4099849049E+000   0.1007771158E+001   0.8860438508E+000   0.1026891829E+001
 0.2727273   0.4258006474E+000   0.1001770373E+001   0.8848130828E+000   0.1028298363E+001
 0.2828283   0.4343107137E+000   0.9968069919E+000   0.8879348549E+000   0.1037559851E+001
 0.2929293   0.4557425142E+000   0.9893384287E+000   0.9069392418E+000   0.1034105727E+001
 0.3030303   0.4693772603E+000   0.1014469185E+001   0.9109818310E+000   0.1008282297E+001
 0.3131313   0.4858821788E+000   0.9907404287E+000   0.9211883378E+000   0.1019031465E+001
 0.3232323   0.5141470257E+000   0.1003839544E+001   0.9244293298E+000   0.1007278788E+001
 0.3333333   0.5359547747E+000   0.1010268823E+001   0.9146500423E+000   0.9954801288E+000
 0.3434343   0.5580143300E+000   0.1017102164E+001   0.9515951509E+000   0.1014295231E+001
 0.3535354   0.5853938522E+000   0.9818698655E+000   0.9471456142E+000   0.1040226857E+001
 0.3636364   0.6071678244E+000   0.1015982067E+001   0.9540784416E+000   0.1012482966E+001
 0.3737374   0.6424809913E+000   0.1001465917E+001   0.9702036464E+000   0.1012223298E+001
 0.3838384   0.6829614010E+000   0.1042522342E+001   0.9742088456E+000   0.9996185857E+000
 0.3939394   0.7233154559E+000   0.1017934719E+001   0.9919270554E+000   0.1019913254E+001
 0.4040404   0.7599305259E+000   0.1016461303E+001   0.9979902329E+000   0.1021498310E+001
 0.4141414   0.8136692737E+000   0.1026703797E+001   0.1015575997E+001   0.1016832403E+001
 0.4242424   0.8436159527E+000   0.1003984255E+001   0.1011363506E+001   0.9861915920E+000
 0.4343434   0.8942853980E+000   0.9935989301E+000   0.1028261587E+001   0.1020400131E+001
 0.4444444   0.9460166715E+000   0.1006008322E+001   0.1043349153E+001   0.9923830482E+000
 0.4545455   0.1000980455E+001   0.9992576729E+000   0.1053034224E+001   0.1013302542E+001
 0.4646465   0.1067338578E+001   0.9970437908E+000   0.1043041726E+001   0.9761375759E+000
 0.4747475   0.1127069072E+001   0.9687388008E+000   0.1064611034E+001   0.9742658032E+000
 0.4848485   0.1202422208E+001   0.1025613770E+001   0.1090497556E+001   0.1009891697E+001
 0.4949495   0.1272867477E+001   0.1020892826E+001   0.1083320648E+001   0.9875467338E+000
 0.5050505   0.1320756618E+001   0.1035420253E+001   0.1098814090E+001   0.9886963052E+000
 0.5151515   0.1313421423E+001   0.1021332596E+001   0.1101029253E+001   0.9829078752E+000
 0.5252525   0.1321532565E+001   0.9999210858E+000   0.1108337603E+001   0.9938626142E+000
 0.5353535   0.1331157311E+001   0.1032020497E+001   0.1096613269E+001   0.9922964923E+000
 0.5454545   0.1321391968E+001   0.1018688341E+001   0.1092800166E+001   0.9720667408E+000
 0.5555556   0.1316305942E+001   0.1010885252E+001   0.1090764011E+001   0.9713932272E+000
 0.5656566   0.1312328731E+001   0.9992069303E+000   0.1091666045E+001   0.9852908690E+000
 0.5757576   0.1337246148E+001   0.1031137199E+001   0.1097229253E+001   0.9771032159E+000
 0.5858586   0.1314906442E+001   0.1004940847E+001   0.1095535930E+001   0.1000927745E+001
 0.5959596   0.1315051488E+001   0.1018165880E+001   0.1100838927E+001   0.9778795147E+000
 0.6060606   0.1310140749E+001   0.1011223537E+001   0.1096345021E+001   0.9835408156E+000
 0.6161616   0.1310560000E+001   0.1003944788E+001   0.1097058560E+001   0.9780012340E+000
 0.6262626   0.1333666250E+001   0.1015626869E+001   0.1089416198E+001   0.9791399859E+000
 0.6363636   0.1319541003E+001   0.1004207898E+001   0.1102799103E+001   0.1000186609E+001
 0.6464646   0.1323474143E+001   0.1009293437E+001   0.1085740692E+001   0.1002593947E+001
 0.6565657   0.1331826189E+001   0.1024228684E+001   0.1091885338E+001   0.9638358097E+000
 0.6666667   0.1321288531E+001   0.1019180732E+001   0.1086530256E+001   0.9818773182E+000
 0.6767677   0.1317037307E+001   0.1025570545E+001   0.1106723663E+001   0.9695917813E+000
 0.6868687   0.1328108647E+001   0.1010654091E+001   0.1092902522E+001   0.9855884051E+000
 0.6969697   0.1325837322E+001   0.1012800317E+001   0.1085278988E+001   0.9763269171E+000
 0.7070707   0.1311371149E+001   0.9909979006E+000   0.1086283914E+001   0.9636789270E+000
 0.7171717   0.1307296374E+001   0.1003035180E+001   0.1094798933E+001   0.9847228455E+000
 0.7272727   0.1305862157E+001   0.9960082653E+000   0.1080283565E+001   0.9779498414E+000
 0.7373737   0.1327049820E+001   0.1013454333E+001   0.1104394069E+001   0.9828835313E+000
 0.7474747   0.1332486970E+001   0.1024136596E+001   0.1093427793E+001   0.9898972692E+000
 0.7575758   0.1332555529E+001   0.1007769279E+001   0.1099863964E+001   0.9701679194E+000
 0.7676768   0.1317257349E+001   0.1023215711E+001   0.1097561228E+001   0.9811524120E+000
 0.7777778   0.1308884897E+001   0.1012847301E+001   0.1090770256E+001   0.9888423684E+000
 0.7878788   0.1319386043E+001   0.1014463547E+001   0.1093896618E+001   0.9762782294E+000
 0.7979798   0.1318473822E+001   0.1023086035E+001   0.1086105539E+001   0.9741170352E+000
 0.8080808   0.1317352383E+001   0.1008286102E+001   0.1084964725E+001   0.9723101795E+000
 0.8181818   0.1322434199E+001   0.1023082277E+001   0.1092682615E+001   0.9828673021E+000
 0.8282828   0.1318591792E+001   0.1023202556E+001   0.1093059283E+001   0.9846714529E+000
 0.8383838   0.1303803125E+001   0.1002824692E+001   0.1081115689E+001   0.9614149476E+000
 0.8484848   0.1320343866E+001   0.1026991339E+001   0.1083821317E+001   0.9724481280E+000
 0.8585859   0.1315001981E+001   0.1005873008E+001   0.1087280272E+001   0.9810929048E+000
 0.8686869   0.1326533512E+001   0.1029289792E+001   0.1105948271E+001   0.1002602062E+001
 0.8787879   0.1312074102E+001   0.9866753804E+000   0.1090708976E+001   0.9642794090E+000
 0.8888889   0.1316639683E+001   0.1001779770E+001   0.1087602579E+001   0.9744362103E+000
 0.8989899   0.1323796241E+001   0.1017134113E+001   0.1092189309E+001   0.9813688019E+000
 0.9090909   0.1312501116E+001   0.1027667907E+001   0.1092258926E+001   0.9930971349E+000
 0.9191919   0.1310387974E+001   0.1009120536E+001   0.1084294602E+001   0.9840763807E+000
 0.9292929   0.1310853623E+001   0.9971095683E+000   0.1096203818E+001   0.9801543136E+000
 0.9393939   0.1318648857E+001   0.1007825660E+001   0.1102447278E+001   0.9880498403E+000
 0.9494949   0.1328201537E+001   0.1035527376E+001   0.1103763825E+001   0.9943873597E+000
 0.9595960   0.1311963059E+001   0.1000637121E+001   0.1090926044E+001   0.9742928520E+000
 0.9696970   0.1312576253E+001   0.9998834987E+000   0.1081495631E+001   0.9667435491E+000
 0.9797980   0.1308823035E+001   0.1007152850E+001   0.1093531457E+001   0.9863241308E+000
 0.9898990   0.1324270634E+001   0.1017275065E+001   0.1095250764E+001   0.9823912443E+000
 1.0000000   0.1315999629E+001   0.1002858520E+001   0.1092701787E+001   0.9731189367E+000


 0.0000000   0.1053555369E+001   0.9269617468E+000   0.8499682553E+000   0.1016323350E+001
 0.0101010   0.1054676284E+001   0.9450034325E+000   0.8552195195E+000   0.1049334761E+001
 0.0202020   0.1049889107E+001   0.9774716650E+000   0.8437296660E+000   0.1032258894E+001
 0.0303030   0.1010555246E+001   0.9204932668E+000   0.8348211196E+000   0.1005156873E+001
 0.0404040   0.9778934448E+000   0.9184119263E+000   0.8352543179E+000   0.1007275653E+001
 0.0505051   0.9416663828E+000   0.9264465130E+000   0.8327603490E+000   0.1000010920E+001
 0.0606061   0.9035363024E+000   0.9549204081E+000   0.8392680175E+000   0.1038726366E+001
 0.0707071   0.8527513081E+000   0.9949386015E+000   0.8467701205E+000   0.1077142236E+001
 0.0808081   0.7754512540E+000   0.9374432690E+000   0.8308608892E+000   0.1007840983E+001
 0.0909091   0.7317115158E+000   0.9539256498E+000   0.8288695917E+000   0.1026733638E+001
 0.1010101   0.6740475587E+000   0.9652590932E+000   0.8336209257E+000   0.1038231099E+001
 0.1111111   0.6141061877E+000   0.9527863539E+000   0.8157737381E+000   0.1014714334E+001
 0.1212121   0.5729031647E+000   0.9672775174E+000   0.8349439822E+000   0.1029949255E+001
 0.1313131   0.5282744622E+000   0.9816734563E+000   0.8339370499E+000   0.1035460015E+001
 0.1414141   0.4911397751E+000   0.1006464195E+001   0.8359478161E+000   0.1037779318E+001
 0.1515152   0.4564541769E+000   0.9988530181E+000   0.8364993934E+000   0.1041917824E+001
 0.1616162   0.4295774985E+000   0.9952089717E+000   0.8366382687E+000   0.1043669381E+001
 0.1717172   0.4103716088E+000   0.9898423779E+000   0.8286264744E+000   0.1022880213E+001
 0.1818182   0.3957533325E+000   0.9801583628E+000   0.8369575371E+000   0.1006229551E+001
 0.1919192   0.3931905312E+000   0.9903304047E+000   0.8400245205E+000   0.1024419167E+001
 0.2020202   0.3890227483E+000   0.9811735265E+000   0.8397561965E+000   0.1007034059E+001
 0.2121212   0.3833289247E+000   0.1006062891E+001   0.8472559612E+000   0.1035182182E+001
 0.2222222   0.3835208377E+000   0.9947668569E+000   0.8479445024E+000   0.1013458045E+001
 0.2323232   0.3858511911E+000   0.9842853346E+000   0.8665876140E+000   0.1035032393E+001
 0.2424242   0.3973690622E+000   0.1014781055E+001   0.8719981292E+000   0.1017318718E+001
 0.2525253   0.4059968706E+000   0.1006486301E+001   0.8696519165E+000   0.1027970599E+001
 0.2626263   0.4096095453E+000   0.1006482900E+001   0.8857801568E+000   0.1026608009E+001
 0.2727273   0.4263503490E+000   0.1002699417E+001   0.8851483862E+000   0.1028709877E+001
 0.2828283   0.4351379094E+000   0.9983428856E+000   0.8869150095E+000   0.1036390152E+001
 0.2929293   0.4572185233E+000   0.9921821856E+000   0.9057473679E+000   0.1032768657E+001
 0.3030303   0.4695803467E+000   0.1014539592E+001   0.9109741335E+000   0.1008295180E+001
 0.3131313   0.4869320142E+000   0.9925205735E+000   0.9244884903E+000   0.1022703849E+001
 0.3232323   0.5128382967E+000   0.1000920755E+001   0.9231341680E+000   0.1005888903E+001
 0.3333333   0.5353080049E+000   0.1008683271E+001   0.9158567453E+000   0.9968146308E+000
 0.3434343   0.5590149548E+000   0.1018556035E+001   0.9497378554E+000   0.1012337048E+001
 0.3535354   0.5858980641E+000   0.9823587343E+000   0.9487113269E+000   0.1041968559E+001
 0.3636364   0.6064843343E+000   0.1014469874E+001   0.9516122908E+000   0.1009887285E+001
 0.3737374   0.6414816378E+000   0.9995450979E+000   0.9670942342E+000   0.1009000635E+001
 0.3838384   0.6847315303E+000   0.1044844863E+001   0.9724138170E+000   0.9977979186E+000
 0.3939394   0.7215999799E+000   0.1015151751E+001   0.9937553118E+000   0.1021814783E+001
 0.4040404   0.7609745459E+000   0.1017488158E+001   0.9998077007E+000   0.1023380312E+001
 0.4141414   0.8122169465E+000   0.1024499079E+001   0.1012606580E+001   0.1013880834E+001
 0.4242424   0.8409427903E+000   0.1000439530E+001   0.1008542555E+001   0.9834617277E+000
 0.4343434   0.8946038688E+000   0.9935918517E+000   0.1025770077E+001   0.1017949278E+001
 0.4444444   0.9481520258E+000   0.1007912971E+001   0.1036866127E+001   0.9862376433E+000
 0.4545455   0.1001088507E+001   0.9990026570E+000   0.1053078064E+001   0.1013366239E+001
 0.4646465   0.1066518921E+001   0.9959163554E+000   0.1043021120E+001   0.9761390121E+000
 0.4747475   0.1126725720E+001   0.9680920290E+000   0.1065304788E+001   0.9749213780E+000
 0.4848485   0.1202409204E+001   0.1025230269E+001   0.1089313983E+001   0.1008817023E+001
 0.4949495   0.1274748250E+001   0.1022030038E+001   0.1082259163E+001   0.9866000344E+000
 0.5050505   0.1321044233E+001   0.1035269676E+001   0.1099704504E+001   0.9895184905E+000
 0.5151515   0.1316429837E+001   0.1023300267E+001   0.1097618368E+001   0.9798837198E+000
 0.5252525   0.1318574881E+001   0.9973209202E+000   0.1110760076E+001   0.9960560255E+000
 0.5353535   0.1330139597E+001   0.1030857030E+001   0.1094481164E+001   0.9903882291E+000
 0.5454545   0.1318200717E+001   0.1015859135E+001   0.1096580885E+001   0.9754504690E+000
 0.5555556   0.1312562404E+001   0.1007644301E+001   0.1092472590E+001   0.9729354750E+000
 0.5656566   0.1314255081E+001   0.1000310297E+001   0.1090585265E+001   0.9843362981E+000
 0.5757576   0.1332850442E+001   0.1027374526E+001   0.1100770441E+001   0.9802775181E+000
 0.5858586   0.1313736704E+001   0.1003682272E+001   0.1097801292E+001   0.1003018766E+001
 0.5959596   0.1310509845E+001   0.1014281125E+001   0.1102435326E+001   0.9793183897E+000
 0.6060606   0.1313473146E+001   0.1013427503E+001   0.1095544192E+001   0.9828432469E+000
 0.6161616   0.1311230618E+001   0.1004093779E+001   0.1100192935E+001   0.9808162728E+000
 0.6262626   0.1328335361E+001   0.1011199925E+001   0.1093475697E+001   0.9828094238E+000
 0.6363636   0.1315855870E+001   0.1001039786E+001   0.1104023070E+001   0.1001317944E+001
 0.6464646   0.1323118804E+001   0.1008656064E+001   0.1083650395E+001   0.1000684967E+001
 0.6565657   0.1331350024E+001   0.1023490717E+001   0.1090845449E+001   0.9629383132E+000
 0.6666667   0.1321997008E+001   0.1019356943E+001   0.1085693988E+001   0.9811424248E+000
 0.6767677   0.1315466411E+001   0.1023975343E+001   0.1106245207E+001   0.9691931831E+000
 0.6868687   0.1328219992E+001   0.1010371810E+001   0.1093363490E+001   0.9860250405E+000
 0.6969697   0.1322236795E+001   0.1009683131E+001   0.1087756738E+001   0.9785766960E+000
 0.7070707   0.1309782123E+001   0.9894376728E+000   0.1088413443E+001   0.9655885999E+000
 0.7171717   0.1306153994E+001   0.1001794782E+001   0.1092575907E+001   0.9827441934E+000
 0.7272727   0.1305852426E+001   0.9956391834E+000   0.1082415511E+001   0.9799006314E+000
 0.7373737   0.1324340462E+001   0.1011017978E+001   0.1101230767E+001   0.9800890748E+000
 0.7474747   0.1331380059E+001   0.1022914267E+001   0.1094627362E+001   0.9910042939E+000
 0.7575758   0.1331927310E+001   0.1006928415E+001   0.1096719800E+001   0.9674150509E+000
 0.7676768   0.1315284745E+001   0.1021312451E+001   0.1096832210E+001   0.9805215281E+000
 0.7777778   0.1310152167E+001   0.1013459812E+001   0.1094594862E+001   0.9923306452E+000
 0.7878788   0.1317347024E+001   0.1012527970E+001   0.1096031851E+001   0.9782046412E+000
 0.7979798   0.1318755422E+001   0.1022932972E+001   0.1088670879E+001   0.9764385887E+000
 0.8080808   0.1313900601E+001   0.1005278987E+001   0.1085617857E+001   0.9729161474E+000
 0.8181818   0.1320839343E+001   0.1021477394E+001   0.1091620126E+001   0.9819324374E+000
 0.8282828   0.1315660808E+001   0.1020557455E+001   0.1092613087E+001   0.9842903953E+000
 0.8383838   0.1303125206E+001   0.1001939320E+001   0.1084748162E+001   0.9646657107E+000
 0.8484848   0.1318530114E+001   0.1025208163E+001   0.1082930551E+001   0.9716695221E+000
 0.8585859   0.1311856278E+001   0.1003102422E+001   0.1085724390E+001   0.9797097721E+000
 0.8686869   0.1324620643E+001   0.1027432341E+001   0.1106645604E+001   0.1003255528E+001
 0.8787879   0.1312990576E+001   0.9870060413E+000   0.1092519146E+001   0.9659002563E+000
 0.8888889   0.1313562793E+001   0.9990757760E+000   0.1088638714E+001   0.9753852386E+000
 0.8989899   0.1319851931E+001   0.1013735283E+001   0.1090954323E+001   0.9802799341E+000
 0.9090909   0.1312472690E+001   0.1027272499E+001   0.1092280211E+001   0.9931375694E+000
 0.9191919   0.1311296583E+001   0.1009453571E+001   0.1083370749E+001   0.9832587887E+000
 0.9292929   0.1311878331E+001   0.9975266736E+000   0.1096666887E+001   0.9805891744E+000
 0.9393939   0.1320350518E+001   0.1008759791E+001   0.1100970677E+001   0.9867474068E+000
 0.9494949   0.1324042038E+001   0.1031909603E+001   0.1099164716E+001   0.9902650161E+000
 0.9595960   0.1312778183E+001   0.1000895249E+001   0.1093740961E+001   0.9768275551E+000
 0.9696970   0.1312514861E+001   0.9994736793E+000   0.1084231940E+001   0.9692100947E+000
 0.9797980   0.1307503503E+001   0.1005772115E+001   0.1093565032E+001   0.9863753519E+000
 0.9898990   0.1321687627E+001   0.1014922192E+001   0.1092860235E+001   0.9802678544E+000
 1.0000000   0.1316813459E+001   0.1003114325E+001   0.1093397644E+001   0.9737593107E+000


