# Evolution of the weightfunction during equilibration phase for fractional: cd
# Weightfunction after cycle        284
 0.0000000    0.4600000000E+001    0.2100000000E+001
 0.0101010    0.3500000000E+001    0.7000000000E+000
 0.0202020    0.3400000000E+001    0.8000000000E+000
 0.0303030    0.3900000000E+001    0.1100000000E+001
 0.0404040    0.3900000000E+001    0.1500000000E+001
 0.0505051    0.4200000000E+001    0.5000000000E+000
 0.0606061    0.4100000000E+001    0.1300000000E+001
 0.0707071    0.3700000000E+001    0.5000000000E+000
 0.0808081    0.3700000000E+001    0.3000000000E+000
 0.0909091    0.3600000000E+001    0.1400000000E+001
 0.1010101    0.3800000000E+001    0.5000000000E+000
 0.1111111    0.3900000000E+001    0.6000000000E+000
 0.1212121    0.4900000000E+001    0.7000000000E+000
 0.1313131    0.4100000000E+001    0.1500000000E+001
 0.1414141    0.5100000000E+001    0.2200000000E+001
 0.1515152    0.4300000000E+001    0.9000000000E+000
 0.1616162    0.3600000000E+001    0.1000000000E+001
 0.1717172    0.4300000000E+001    0.1100000000E+001
 0.1818182    0.4500000000E+001    0.4000000000E+000
 0.1919192    0.3200000000E+001    0.9000000000E+000
 0.2020202    0.3900000000E+001    0.1200000000E+001
 0.2121212    0.5400000000E+001    0.9000000000E+000
 0.2222222    0.5600000000E+001    0.1000000000E+000
 0.2323232    0.3500000000E+001    0.7000000000E+000
 0.2424242    0.4100000000E+001    0.1200000000E+001
 0.2525253    0.5100000000E+001    0.8000000000E+000
 0.2626263    0.3600000000E+001    0.3000000000E+000
 0.2727273    0.3200000000E+001    0.1100000000E+001
 0.2828283    0.3700000000E+001    0.4000000000E+000
 0.2929293    0.3700000000E+001    0.1000000000E+001
 0.3030303    0.4100000000E+001    0.2300000000E+001
 0.3131313    0.2500000000E+001    0.8000000000E+000
 0.3232323    0.2800000000E+001    0.0000000000E+000
 0.3333333    0.1800000000E+001    0.1100000000E+001
 0.3434343    0.3000000000E+001    0.1100000000E+001
 0.3535354    0.2900000000E+001    0.8000000000E+000
 0.3636364    0.3300000000E+001    0.1100000000E+001
 0.3737374    0.3000000000E+001    0.1800000000E+001
 0.3838384    0.3700000000E+001    0.1200000000E+001
 0.3939394    0.3700000000E+001    0.5000000000E+000
 0.4040404    0.2700000000E+001    0.7000000000E+000
 0.4141414    0.2900000000E+001    0.1600000000E+001
 0.4242424    0.3200000000E+001    0.5000000000E+000
 0.4343434    0.1700000000E+001    0.1500000000E+001
 0.4444444    0.2800000000E+001    0.1100000000E+001
 0.4545455    0.2600000000E+001    0.1200000000E+001
 0.4646465    0.2600000000E+001    0.1600000000E+001
 0.4747475    0.2200000000E+001    0.5000000000E+000
 0.4848485    0.2600000000E+001    0.1600000000E+001
 0.4949495    0.1800000000E+001    0.1400000000E+001
 0.5050505    0.2400000000E+001    0.2300000000E+001
 0.5151515    0.1600000000E+001    0.1800000000E+001
 0.5252525    0.1900000000E+001    0.6000000000E+000
 0.5353535    0.3500000000E+001    0.1000000000E+001
 0.5454545    0.1900000000E+001    0.1600000000E+001
 0.5555556    0.2300000000E+001    0.2000000000E+001
 0.5656566    0.1800000000E+001    0.1100000000E+001
 0.5757576    0.1900000000E+001    0.2400000000E+001
 0.5858586    0.2300000000E+001    0.9000000000E+000
 0.5959596    0.3100000000E+001    0.1100000000E+001
 0.6060606    0.2300000000E+001    0.1000000000E+001
 0.6161616    0.2700000000E+001    0.1900000000E+001
 0.6262626    0.1500000000E+001    0.1300000000E+001
 0.6363636    0.2700000000E+001    0.1000000000E+001
 0.6464646    0.1700000000E+001    0.1900000000E+001
 0.6565657    0.9000000000E+000    0.1700000000E+001
 0.6666667    0.2000000000E+001    0.4000000000E+000
 0.6767677    0.2300000000E+001    0.1000000000E+001
 0.6868687    0.2600000000E+001    0.1100000000E+001
 0.6969697    0.1600000000E+001    0.3000000000E+000
 0.7070707    0.2200000000E+001    0.1300000000E+001
 0.7171717    0.2100000000E+001    0.1300000000E+001
 0.7272727    0.1500000000E+001    0.1000000000E+001
 0.7373737    0.1600000000E+001    0.1400000000E+001
 0.7474747    0.2000000000E+001    0.1400000000E+001
 0.7575758    0.2300000000E+001    0.1500000000E+001
 0.7676768    0.2600000000E+001    0.2300000000E+001
 0.7777778    0.2100000000E+001    0.1800000000E+001
 0.7878788    0.2100000000E+001    0.1000000000E+001
 0.7979798    0.1700000000E+001    0.8000000000E+000
 0.8080808    0.2000000000E+001    0.1900000000E+001
 0.8181818    0.2400000000E+001    0.1900000000E+001
 0.8282828    0.2800000000E+001    0.2300000000E+001
 0.8383838    0.2300000000E+001    0.1800000000E+001
 0.8484848    0.2600000000E+001    0.2500000000E+001
 0.8585859    0.1900000000E+001    0.1500000000E+001
 0.8686869    0.1600000000E+001    0.1300000000E+001
 0.8787879    0.2100000000E+001    0.1800000000E+001
 0.8888889    0.1000000000E+001    0.1200000000E+001
 0.8989899    0.1800000000E+001    0.1600000000E+001
 0.9090909    0.1600000000E+001    0.1600000000E+001
 0.9191919    0.2500000000E+001    0.3300000000E+001
 0.9292929    0.1300000000E+001    0.1500000000E+001
 0.9393939    0.1700000000E+001    0.2100000000E+001
 0.9494949    0.1100000000E+001    0.1000000000E+001
 0.9595960    0.1700000000E+001    0.1700000000E+001
 0.9696970    0.1100000000E+001    0.1300000000E+001
 0.9797980    0.8000000000E+000    0.1600000000E+001
 0.9898990    0.1300000000E+001    0.2100000000E+001
 1.0000000    0.4000000000E+000    0.6000000000E+000


# Weightfunction after cycle       1027
 0.0000000    0.3125000000E+001    0.6250000000E+000
 0.0101010    0.3275000000E+001    0.5250000000E+000
 0.0202020    0.3325000000E+001    0.8000000000E+000
 0.0303030    0.3175000000E+001    0.3000000000E+000
 0.0404040    0.3150000000E+001    0.3000000000E+000
 0.0505051    0.3075000000E+001    0.5250000000E+000
 0.0606061    0.3325000000E+001    0.6000000000E+000
 0.0707071    0.3600000000E+001    0.4750000000E+000
 0.0808081    0.3575000000E+001    0.6500000000E+000
 0.0909091    0.3975000000E+001    0.6000000000E+000
 0.1010101    0.4900000000E+001    0.1625000000E+001
 0.1111111    0.4500000000E+001    0.6000000000E+000
 0.1212121    0.4475000000E+001    0.9750000000E+000
 0.1313131    0.4225000000E+001    0.5500000000E+000
 0.1414141    0.4525000000E+001    0.3000000000E+000
 0.1515152    0.4900000000E+001    0.8250000000E+000
 0.1616162    0.4800000000E+001    0.5250000000E+000
 0.1717172    0.5200000000E+001    0.1025000000E+001
 0.1818182    0.4650000000E+001    0.6250000000E+000
 0.1919192    0.4675000000E+001    0.8500000000E+000
 0.2020202    0.5350000000E+001    0.8500000000E+000
 0.2121212    0.4800000000E+001    0.1175000000E+001
 0.2222222    0.4475000000E+001    0.5500000000E+000
 0.2323232    0.4550000000E+001    0.8500000000E+000
 0.2424242    0.4900000000E+001    0.1400000000E+001
 0.2525253    0.4600000000E+001    0.9000000000E+000
 0.2626263    0.4250000000E+001    0.6750000000E+000
 0.2727273    0.4400000000E+001    0.5000000000E+000
 0.2828283    0.4475000000E+001    0.4750000000E+000
 0.2929293    0.4000000000E+001    0.8750000000E+000
 0.3030303    0.4225000000E+001    0.8750000000E+000
 0.3131313    0.3875000000E+001    0.7750000000E+000
 0.3232323    0.4225000000E+001    0.5250000000E+000
 0.3333333    0.3575000000E+001    0.6500000000E+000
 0.3434343    0.3825000000E+001    0.1075000000E+001
 0.3535354    0.3750000000E+001    0.4250000000E+000
 0.3636364    0.3325000000E+001    0.4750000000E+000
 0.3737374    0.3925000000E+001    0.8000000000E+000
 0.3838384    0.2875000000E+001    0.7750000000E+000
 0.3939394    0.3125000000E+001    0.6500000000E+000
 0.4040404    0.3150000000E+001    0.6000000000E+000
 0.4141414    0.2775000000E+001    0.4250000000E+000
 0.4242424    0.2450000000E+001    0.5000000000E-001
 0.4343434    0.2750000000E+001    0.8750000000E+000
 0.4444444    0.2175000000E+001    0.5000000000E+000
 0.4545455    0.2650000000E+001    0.6000000000E+000
 0.4646465    0.2175000000E+001    0.1200000000E+001
 0.4747475    0.1825000000E+001    0.1025000000E+001
 0.4848485    0.1750000000E+001    0.4500000000E+000
 0.4949495    0.1825000000E+001    0.6500000000E+000
 0.5050505    0.1550000000E+001    0.5750000000E+000
 0.5151515    0.1425000000E+001    0.7000000000E+000
 0.5252525    0.1475000000E+001    0.4500000000E+000
 0.5353535    0.1675000000E+001    0.7500000000E+000
 0.5454545    0.1900000000E+001    0.3750000000E+000
 0.5555556    0.2175000000E+001    0.5000000000E+000
 0.5656566    0.1575000000E+001    0.5750000000E+000
 0.5757576    0.2075000000E+001    0.3500000000E+000
 0.5858586    0.1475000000E+001    0.1025000000E+001
 0.5959596    0.2075000000E+001    0.4750000000E+000
 0.6060606    0.1575000000E+001    0.2500000000E+000
 0.6161616    0.1600000000E+001    0.5250000000E+000
 0.6262626    0.1600000000E+001    0.7250000000E+000
 0.6363636    0.1575000000E+001    0.5500000000E+000
 0.6464646    0.1850000000E+001    0.4750000000E+000
 0.6565657    0.1575000000E+001    0.6250000000E+000
 0.6666667    0.1750000000E+001    0.4500000000E+000
 0.6767677    0.1225000000E+001    0.4500000000E+000
 0.6868687    0.1525000000E+001    0.5750000000E+000
 0.6969697    0.1800000000E+001    0.0000000000E+000
 0.7070707    0.1375000000E+001    0.6250000000E+000
 0.7171717    0.1300000000E+001    0.6000000000E+000
 0.7272727    0.1625000000E+001    0.4500000000E+000
 0.7373737    0.1350000000E+001    0.7000000000E+000
 0.7474747    0.9250000000E+000    0.4000000000E+000
 0.7575758    0.1575000000E+001    0.6750000000E+000
 0.7676768    0.1175000000E+001    0.4500000000E+000
 0.7777778    0.1050000000E+001    0.4500000000E+000
 0.7878788    0.9500000000E+000    0.4750000000E+000
 0.7979798    0.1200000000E+001    0.5750000000E+000
 0.8080808    0.1225000000E+001    0.5750000000E+000
 0.8181818    0.1375000000E+001    0.8000000000E+000
 0.8282828    0.1050000000E+001    0.5750000000E+000
 0.8383838    0.1025000000E+001    0.6000000000E+000
 0.8484848    0.1175000000E+001    0.6250000000E+000
 0.8585859    0.1175000000E+001    0.7750000000E+000
 0.8686869    0.6500000000E+000    0.2500000000E+000
 0.8787879    0.7750000000E+000    0.5500000000E+000
 0.8888889    0.6000000000E+000    0.3000000000E+000
 0.8989899    0.4750000000E+000    0.3500000000E+000
 0.9090909    0.6000000000E+000    0.7500000000E+000
 0.9191919    0.1000000000E+001    0.1100000000E+001
 0.9292929    0.3750000000E+000    0.4750000000E+000
 0.9393939    0.2000000000E+000    0.3000000000E+000
 0.9494949    0.5500000000E+000    0.4500000000E+000
 0.9595960    0.3750000000E+000    0.5500000000E+000
 0.9696970    0.3750000000E+000    0.5000000000E+000
 0.9797980    0.3250000000E+000    0.5500000000E+000
 0.9898990    0.3000000000E+000    0.6000000000E+000
 1.0000000    0.3250000000E+000    0.6500000000E+000


# Weightfunction after cycle       2272
 0.0000000    0.3337500000E+001    0.7875000000E+000
 0.0101010    0.3350000000E+001    0.7750000000E+000
 0.0202020    0.3437500000E+001    0.7187500000E+000
 0.0303030    0.3637500000E+001    0.9437500000E+000
 0.0404040    0.3587500000E+001    0.8625000000E+000
 0.0505051    0.3631250000E+001    0.8312500000E+000
 0.0606061    0.3618750000E+001    0.7687500000E+000
 0.0707071    0.3775000000E+001    0.7687500000E+000
 0.0808081    0.3887500000E+001    0.8500000000E+000
 0.0909091    0.4031250000E+001    0.8312500000E+000
 0.1010101    0.4106250000E+001    0.8437500000E+000
 0.1111111    0.4143750000E+001    0.9187500000E+000
 0.1212121    0.4518750000E+001    0.9250000000E+000
 0.1313131    0.4400000000E+001    0.8750000000E+000
 0.1414141    0.4568750000E+001    0.8062500000E+000
 0.1515152    0.4481250000E+001    0.7187500000E+000
 0.1616162    0.4387500000E+001    0.6625000000E+000
 0.1717172    0.4412500000E+001    0.8375000000E+000
 0.1818182    0.4218750000E+001    0.9625000000E+000
 0.1919192    0.4231250000E+001    0.7500000000E+000
 0.2020202    0.4512500000E+001    0.9250000000E+000
 0.2121212    0.4443750000E+001    0.7937500000E+000
 0.2222222    0.4181250000E+001    0.5812500000E+000
 0.2323232    0.3950000000E+001    0.7437500000E+000
 0.2424242    0.4181250000E+001    0.6000000000E+000
 0.2525253    0.4031250000E+001    0.7687500000E+000
 0.2626263    0.4087500000E+001    0.6562500000E+000
 0.2727273    0.3875000000E+001    0.4750000000E+000
 0.2828283    0.3850000000E+001    0.7437500000E+000
 0.2929293    0.3881250000E+001    0.7437500000E+000
 0.3030303    0.3818750000E+001    0.5562500000E+000
 0.3131313    0.3487500000E+001    0.6812500000E+000
 0.3232323    0.3356250000E+001    0.7500000000E+000
 0.3333333    0.3518750000E+001    0.3937500000E+000
 0.3434343    0.3462500000E+001    0.6437500000E+000
 0.3535354    0.3287500000E+001    0.6812500000E+000
 0.3636364    0.3062500000E+001    0.6875000000E+000
 0.3737374    0.2912500000E+001    0.7437500000E+000
 0.3838384    0.3056250000E+001    0.6937500000E+000
 0.3939394    0.2831250000E+001    0.4375000000E+000
 0.4040404    0.2650000000E+001    0.4812500000E+000
 0.4141414    0.2337500000E+001    0.4062500000E+000
 0.4242424    0.2618750000E+001    0.6187500000E+000
 0.4343434    0.2300000000E+001    0.4875000000E+000
 0.4444444    0.2487500000E+001    0.5375000000E+000
 0.4545455    0.2150000000E+001    0.2937500000E+000
 0.4646465    0.2031250000E+001    0.4625000000E+000
 0.4747475    0.1881250000E+001    0.4187500000E+000
 0.4848485    0.1906250000E+001    0.4062500000E+000
 0.4949495    0.1568750000E+001    0.3187500000E+000
 0.5050505    0.1612500000E+001    0.5187500000E+000
 0.5151515    0.1343750000E+001    0.4187500000E+000
 0.5252525    0.1625000000E+001    0.3937500000E+000
 0.5353535    0.1425000000E+001    0.2375000000E+000
 0.5454545    0.1481250000E+001    0.5000000000E+000
 0.5555556    0.1337500000E+001    0.4062500000E+000
 0.5656566    0.1606250000E+001    0.5562500000E+000
 0.5757576    0.1500000000E+001    0.4750000000E+000
 0.5858586    0.1356250000E+001    0.4625000000E+000
 0.5959596    0.1543750000E+001    0.5250000000E+000
 0.6060606    0.1556250000E+001    0.4750000000E+000
 0.6161616    0.1650000000E+001    0.5250000000E+000
 0.6262626    0.1331250000E+001    0.3187500000E+000
 0.6363636    0.1718750000E+001    0.3000000000E+000
 0.6464646    0.1743750000E+001    0.2375000000E+000
 0.6565657    0.1500000000E+001    0.5437500000E+000
 0.6666667    0.1406250000E+001    0.3062500000E+000
 0.6767677    0.1331250000E+001    0.6375000000E+000
 0.6868687    0.1581250000E+001    0.4250000000E+000
 0.6969697    0.1050000000E+001    0.4375000000E+000
 0.7070707    0.1293750000E+001    0.4312500000E+000
 0.7171717    0.1312500000E+001    0.3937500000E+000
 0.7272727    0.1281250000E+001    0.3562500000E+000
 0.7373737    0.1200000000E+001    0.3125000000E+000
 0.7474747    0.1187500000E+001    0.4875000000E+000
 0.7575758    0.1175000000E+001    0.4437500000E+000
 0.7676768    0.1168750000E+001    0.4625000000E+000
 0.7777778    0.1162500000E+001    0.3687500000E+000
 0.7878788    0.1068750000E+001    0.3687500000E+000
 0.7979798    0.8937500000E+000    0.2375000000E+000
 0.8080808    0.1043750000E+001    0.4125000000E+000
 0.8181818    0.9375000000E+000    0.3375000000E+000
 0.8282828    0.7125000000E+000    0.3625000000E+000
 0.8383838    0.8875000000E+000    0.4687500000E+000
 0.8484848    0.8187500000E+000    0.3812500000E+000
 0.8585859    0.8500000000E+000    0.5000000000E+000
 0.8686869    0.7687500000E+000    0.3875000000E+000
 0.8787879    0.4750000000E+000    0.1187500000E+000
 0.8888889    0.8000000000E+000    0.5312500000E+000
 0.8989899    0.5625000000E+000    0.3000000000E+000
 0.9090909    0.5875000000E+000    0.3250000000E+000
 0.9191919    0.5562500000E+000    0.4062500000E+000
 0.9292929    0.2437500000E+000    0.8750000000E-001
 0.9393939    0.2625000000E+000    0.2125000000E+000
 0.9494949    0.1812500000E+000    0.2437500000E+000
 0.9595960    0.1812500000E+000    0.1250000000E+000
 0.9696970    0.2750000000E+000    0.4000000000E+000
 0.9797980    0.2500000000E+000    0.4312500000E+000
 0.9898990    0.0000000000E+000    0.2062500000E+000
 1.0000000    0.2187500000E+000    0.2125000000E+000


# Weightfunction after cycle       4560
 0.0000000    0.3359375000E+001    0.7562500000E+000
 0.0101010    0.3321875000E+001    0.6921875000E+000
 0.0202020    0.3439062500E+001    0.7484375000E+000
 0.0303030    0.3321875000E+001    0.7156250000E+000
 0.0404040    0.3543750000E+001    0.8390625000E+000
 0.0505051    0.3425000000E+001    0.6765625000E+000
 0.0606061    0.3567187500E+001    0.7453125000E+000
 0.0707071    0.3748437500E+001    0.7640625000E+000
 0.0808081    0.3814062500E+001    0.8328125000E+000
 0.0909091    0.3773437500E+001    0.7046875000E+000
 0.1010101    0.3889062500E+001    0.6687500000E+000
 0.1111111    0.4092187500E+001    0.7718750000E+000
 0.1212121    0.4101562500E+001    0.7171875000E+000
 0.1313131    0.4240625000E+001    0.7453125000E+000
 0.1414141    0.4275000000E+001    0.7468750000E+000
 0.1515152    0.4154687500E+001    0.7250000000E+000
 0.1616162    0.4432812500E+001    0.7000000000E+000
 0.1717172    0.4482812500E+001    0.6468750000E+000
 0.1818182    0.4323437500E+001    0.7078125000E+000
 0.1919192    0.4379687500E+001    0.5781250000E+000
 0.2020202    0.4395312500E+001    0.6187500000E+000
 0.2121212    0.4353125000E+001    0.5843750000E+000
 0.2222222    0.4218750000E+001    0.6343750000E+000
 0.2323232    0.4185937500E+001    0.6750000000E+000
 0.2424242    0.4165625000E+001    0.6359375000E+000
 0.2525253    0.4100000000E+001    0.5765625000E+000
 0.2626263    0.3965625000E+001    0.5906250000E+000
 0.2727273    0.3975000000E+001    0.6171875000E+000
 0.2828283    0.3898437500E+001    0.6515625000E+000
 0.2929293    0.3728125000E+001    0.6343750000E+000
 0.3030303    0.3654687500E+001    0.6531250000E+000
 0.3131313    0.3540625000E+001    0.6281250000E+000
 0.3232323    0.3489062500E+001    0.5640625000E+000
 0.3333333    0.3195312500E+001    0.6171875000E+000
 0.3434343    0.3154687500E+001    0.4593750000E+000
 0.3535354    0.3164062500E+001    0.5296875000E+000
 0.3636364    0.2932812500E+001    0.5234375000E+000
 0.3737374    0.2826562500E+001    0.5375000000E+000
 0.3838384    0.2753125000E+001    0.5406250000E+000
 0.3939394    0.2693750000E+001    0.4937500000E+000
 0.4040404    0.2576562500E+001    0.6171875000E+000
 0.4141414    0.2359375000E+001    0.4234375000E+000
 0.4242424    0.2345312500E+001    0.5234375000E+000
 0.4343434    0.2146875000E+001    0.5171875000E+000
 0.4444444    0.2110937500E+001    0.5109375000E+000
 0.4545455    0.1946875000E+001    0.4437500000E+000
 0.4646465    0.1784375000E+001    0.4625000000E+000
 0.4747475    0.1735937500E+001    0.4187500000E+000
 0.4848485    0.1629687500E+001    0.3609375000E+000
 0.4949495    0.1473437500E+001    0.4968750000E+000
 0.5050505    0.1418750000E+001    0.4156250000E+000
 0.5151515    0.1396875000E+001    0.4046875000E+000
 0.5252525    0.1360937500E+001    0.4015625000E+000
 0.5353535    0.1437500000E+001    0.4531250000E+000
 0.5454545    0.1409375000E+001    0.2828125000E+000
 0.5555556    0.1523437500E+001    0.4156250000E+000
 0.5656566    0.1431250000E+001    0.4437500000E+000
 0.5757576    0.1442187500E+001    0.4453125000E+000
 0.5858586    0.1293750000E+001    0.4031250000E+000
 0.5959596    0.1395312500E+001    0.3859375000E+000
 0.6060606    0.1375000000E+001    0.4562500000E+000
 0.6161616    0.1425000000E+001    0.3734375000E+000
 0.6262626    0.1323437500E+001    0.3203125000E+000
 0.6363636    0.1328125000E+001    0.3546875000E+000
 0.6464646    0.1282812500E+001    0.4640625000E+000
 0.6565657    0.1304687500E+001    0.3375000000E+000
 0.6666667    0.1346875000E+001    0.3109375000E+000
 0.6767677    0.1321875000E+001    0.3671875000E+000
 0.6868687    0.1232812500E+001    0.4171875000E+000
 0.6969697    0.1229687500E+001    0.4296875000E+000
 0.7070707    0.1254687500E+001    0.4187500000E+000
 0.7171717    0.1110937500E+001    0.3328125000E+000
 0.7272727    0.1189062500E+001    0.3875000000E+000
 0.7373737    0.1148437500E+001    0.4437500000E+000
 0.7474747    0.1121875000E+001    0.3890625000E+000
 0.7575758    0.1006250000E+001    0.3203125000E+000
 0.7676768    0.1098437500E+001    0.4328125000E+000
 0.7777778    0.9921875000E+000    0.3593750000E+000
 0.7878788    0.8937500000E+000    0.3328125000E+000
 0.7979798    0.8859375000E+000    0.3640625000E+000
 0.8080808    0.9515625000E+000    0.3765625000E+000
 0.8181818    0.8546875000E+000    0.3328125000E+000
 0.8282828    0.9078125000E+000    0.3625000000E+000
 0.8383838    0.8078125000E+000    0.3703125000E+000
 0.8484848    0.8093750000E+000    0.4453125000E+000
 0.8585859    0.7828125000E+000    0.4187500000E+000
 0.8686869    0.6796875000E+000    0.3734375000E+000
 0.8787879    0.5937500000E+000    0.3703125000E+000
 0.8888889    0.6187500000E+000    0.3578125000E+000
 0.8989899    0.5187500000E+000    0.3203125000E+000
 0.9090909    0.4828125000E+000    0.3640625000E+000
 0.9191919    0.4296875000E+000    0.3125000000E+000
 0.9292929    0.4687500000E+000    0.3921875000E+000
 0.9393939    0.3421875000E+000    0.3390625000E+000
 0.9494949    0.3468750000E+000    0.3453125000E+000
 0.9595960    0.2281250000E+000    0.2906250000E+000
 0.9696970    0.1671875000E+000    0.3093750000E+000
 0.9797980    0.1484375000E+000    0.3562500000E+000
 0.9898990    0.1218750000E+000    0.3750000000E+000
 1.0000000    0.0000000000E+000    0.2625000000E+000


# Weightfunction after cycle       7274
 0.0000000    0.3282812500E+001    0.7179687500E+000
 0.0101010    0.3266406250E+001    0.6812500000E+000
 0.0202020    0.3336718750E+001    0.6824218750E+000
 0.0303030    0.3326562500E+001    0.6832031250E+000
 0.0404040    0.3393750000E+001    0.7136718750E+000
 0.0505051    0.3441406250E+001    0.6707031250E+000
 0.0606061    0.3553515625E+001    0.7152343750E+000
 0.0707071    0.3700000000E+001    0.7785156250E+000
 0.0808081    0.3733593750E+001    0.7195312500E+000
 0.0909091    0.3791406250E+001    0.6992187500E+000
 0.1010101    0.3959375000E+001    0.7019531250E+000
 0.1111111    0.4027343750E+001    0.7367187500E+000
 0.1212121    0.4114843750E+001    0.7273437500E+000
 0.1313131    0.4205859375E+001    0.7246093750E+000
 0.1414141    0.4281640625E+001    0.6386718750E+000
 0.1515152    0.4201171875E+001    0.7128906250E+000
 0.1616162    0.4304687500E+001    0.6453125000E+000
 0.1717172    0.4373046875E+001    0.6628906250E+000
 0.1818182    0.4294921875E+001    0.6984375000E+000
 0.1919192    0.4282812500E+001    0.5906250000E+000
 0.2020202    0.4280078125E+001    0.6546875000E+000
 0.2121212    0.4260156250E+001    0.6292968750E+000
 0.2222222    0.4180468750E+001    0.6273437500E+000
 0.2323232    0.4173437500E+001    0.6500000000E+000
 0.2424242    0.4026953125E+001    0.6523437500E+000
 0.2525253    0.4012500000E+001    0.6515625000E+000
 0.2626263    0.3936328125E+001    0.5910156250E+000
 0.2727273    0.3855468750E+001    0.5964843750E+000
 0.2828283    0.3800000000E+001    0.6316406250E+000
 0.2929293    0.3670312500E+001    0.5808593750E+000
 0.3030303    0.3562890625E+001    0.5710937500E+000
 0.3131313    0.3471484375E+001    0.5781250000E+000
 0.3232323    0.3416015625E+001    0.5839843750E+000
 0.3333333    0.3207031250E+001    0.5824218750E+000
 0.3434343    0.3167968750E+001    0.5312500000E+000
 0.3535354    0.3063671875E+001    0.4968750000E+000
 0.3636364    0.2908984375E+001    0.5410156250E+000
 0.3737374    0.2810937500E+001    0.5621093750E+000
 0.3838384    0.2736328125E+001    0.5667968750E+000
 0.3939394    0.2633984375E+001    0.4609375000E+000
 0.4040404    0.2530078125E+001    0.5628906250E+000
 0.4141414    0.2358984375E+001    0.4148437500E+000
 0.4242424    0.2285156250E+001    0.4769531250E+000
 0.4343434    0.2138671875E+001    0.4660156250E+000
 0.4444444    0.2051953125E+001    0.4511718750E+000
 0.4545455    0.1920703125E+001    0.4132812500E+000
 0.4646465    0.1844140625E+001    0.4363281250E+000
 0.4747475    0.1682812500E+001    0.4179687500E+000
 0.4848485    0.1622265625E+001    0.4109375000E+000
 0.4949495    0.1438281250E+001    0.3925781250E+000
 0.5050505    0.1413281250E+001    0.4160156250E+000
 0.5151515    0.1383203125E+001    0.4371093750E+000
 0.5252525    0.1374218750E+001    0.3808593750E+000
 0.5353535    0.1432421875E+001    0.3667968750E+000
 0.5454545    0.1386328125E+001    0.3582031250E+000
 0.5555556    0.1419140625E+001    0.3660156250E+000
 0.5656566    0.1378125000E+001    0.3730468750E+000
 0.5757576    0.1346093750E+001    0.3625000000E+000
 0.5858586    0.1349609375E+001    0.3617187500E+000
 0.5959596    0.1404687500E+001    0.4062500000E+000
 0.6060606    0.1330859375E+001    0.3597656250E+000
 0.6161616    0.1335546875E+001    0.4218750000E+000
 0.6262626    0.1271875000E+001    0.3699218750E+000
 0.6363636    0.1328125000E+001    0.3449218750E+000
 0.6464646    0.1267187500E+001    0.3945312500E+000
 0.6565657    0.1259765625E+001    0.3261718750E+000
 0.6666667    0.1275781250E+001    0.3371093750E+000
 0.6767677    0.1250390625E+001    0.3351562500E+000
 0.6868687    0.1206250000E+001    0.4007812500E+000
 0.6969697    0.1165234375E+001    0.3882812500E+000
 0.7070707    0.1198437500E+001    0.3757812500E+000
 0.7171717    0.1109765625E+001    0.3515625000E+000
 0.7272727    0.1081640625E+001    0.3402343750E+000
 0.7373737    0.1070703125E+001    0.3390625000E+000
 0.7474747    0.1060156250E+001    0.3359375000E+000
 0.7575758    0.1039453125E+001    0.3328125000E+000
 0.7676768    0.1008203125E+001    0.3726562500E+000
 0.7777778    0.9125000000E+000    0.3265625000E+000
 0.7878788    0.8855468750E+000    0.3019531250E+000
 0.7979798    0.8910156250E+000    0.3175781250E+000
 0.8080808    0.8656250000E+000    0.3464843750E+000
 0.8181818    0.7984375000E+000    0.3214843750E+000
 0.8282828    0.8253906250E+000    0.3414062500E+000
 0.8383838    0.7710937500E+000    0.3523437500E+000
 0.8484848    0.7148437500E+000    0.3355468750E+000
 0.8585859    0.6898437500E+000    0.3656250000E+000
 0.8686869    0.5753906250E+000    0.3015625000E+000
 0.8787879    0.5769531250E+000    0.3441406250E+000
 0.8888889    0.5316406250E+000    0.3050781250E+000
 0.8989899    0.4484375000E+000    0.2894531250E+000
 0.9090909    0.4101562500E+000    0.3085937500E+000
 0.9191919    0.3726562500E+000    0.2875000000E+000
 0.9292929    0.3988281250E+000    0.3628906250E+000
 0.9393939    0.2820312500E+000    0.3093750000E+000
 0.9494949    0.2628906250E+000    0.3308593750E+000
 0.9595960    0.1867187500E+000    0.2828125000E+000
 0.9696970    0.1125000000E+000    0.2593750000E+000
 0.9797980    0.6210937500E-001    0.2773437500E+000
 0.9898990    0.1640625000E-001    0.2933593750E+000
 1.0000000    0.0000000000E+000    0.2738281250E+000


# Weightfunction after cycle      12423
 0.0000000    0.3339550781E+001    0.7674804687E+000
 0.0101010    0.3320898437E+001    0.7500976562E+000
 0.0202020    0.3347363281E+001    0.7127929687E+000
 0.0303030    0.3386230469E+001    0.7609375000E+000
 0.0404040    0.3416992187E+001    0.7532226562E+000
 0.0505051    0.3490527344E+001    0.7292968750E+000
 0.0606061    0.3587500000E+001    0.7448242187E+000
 0.0707071    0.3723535156E+001    0.8020507812E+000
 0.0808081    0.3789355469E+001    0.7608398437E+000
 0.0909091    0.3849218750E+001    0.7410156250E+000
 0.1010101    0.3983886719E+001    0.7549804687E+000
 0.1111111    0.4065136719E+001    0.7716796875E+000
 0.1212121    0.4123242187E+001    0.7460937500E+000
 0.1313131    0.4198437500E+001    0.7500000000E+000
 0.1414141    0.4294824219E+001    0.7042968750E+000
 0.1515152    0.4266503906E+001    0.7524414062E+000
 0.1616162    0.4335742187E+001    0.7101562500E+000
 0.1717172    0.4363085937E+001    0.7304687500E+000
 0.1818182    0.4306835937E+001    0.7187500000E+000
 0.1919192    0.4295800781E+001    0.6476562500E+000
 0.2020202    0.4302929687E+001    0.7071289062E+000
 0.2121212    0.4265625000E+001    0.6816406250E+000
 0.2222222    0.4179101562E+001    0.6920898437E+000
 0.2323232    0.4157910156E+001    0.6969726562E+000
 0.2424242    0.4044531250E+001    0.6781250000E+000
 0.2525253    0.4008300781E+001    0.6684570312E+000
 0.2626263    0.3928515625E+001    0.6266601562E+000
 0.2727273    0.3850976562E+001    0.6293945312E+000
 0.2828283    0.3770214844E+001    0.6429687500E+000
 0.2929293    0.3691406250E+001    0.6183593750E+000
 0.3030303    0.3585839844E+001    0.6046875000E+000
 0.3131313    0.3494726562E+001    0.6033203125E+000
 0.3232323    0.3409472656E+001    0.6086914062E+000
 0.3333333    0.3270800781E+001    0.6088867187E+000
 0.3434343    0.3201660156E+001    0.5634765625E+000
 0.3535354    0.3081445312E+001    0.5393554687E+000
 0.3636364    0.2952441406E+001    0.5594726562E+000
 0.3737374    0.2837500000E+001    0.5540039062E+000
 0.3838384    0.2755078125E+001    0.5825195312E+000
 0.3939394    0.2665332031E+001    0.4914062500E+000
 0.4040404    0.2558105469E+001    0.5477539062E+000
 0.4141414    0.2402050781E+001    0.4522460937E+000
 0.4242424    0.2304003906E+001    0.4731445312E+000
 0.4343434    0.2172070312E+001    0.4687500000E+000
 0.4444444    0.2088183594E+001    0.4756835937E+000
 0.4545455    0.1941796875E+001    0.4374023437E+000
 0.4646465    0.1862500000E+001    0.4217773437E+000
 0.4747475    0.1697265625E+001    0.4316406250E+000
 0.4848485    0.1615039063E+001    0.4014648438E+000
 0.4949495    0.1481152344E+001    0.4170898437E+000
 0.5050505    0.1440527344E+001    0.4019531250E+000
 0.5151515    0.1425488281E+001    0.4491210937E+000
 0.5252525    0.1393359375E+001    0.3875000000E+000
 0.5353535    0.1453125000E+001    0.3672851563E+000
 0.5454545    0.1414746094E+001    0.3670898438E+000
 0.5555556    0.1441992188E+001    0.3781250000E+000
 0.5656566    0.1402343750E+001    0.3976562500E+000
 0.5757576    0.1362500000E+001    0.3707031250E+000
 0.5858586    0.1375000000E+001    0.3692382812E+000
 0.5959596    0.1394433594E+001    0.4060546875E+000
 0.6060606    0.1348828125E+001    0.3846679688E+000
 0.6161616    0.1337011719E+001    0.4090820312E+000
 0.6262626    0.1322167969E+001    0.3966796875E+000
 0.6363636    0.1330371094E+001    0.3747070313E+000
 0.6464646    0.1285253906E+001    0.3935546875E+000
 0.6565657    0.1262500000E+001    0.3556640625E+000
 0.6666667    0.1272558594E+001    0.3513671875E+000
 0.6767677    0.1247851562E+001    0.3670898437E+000
 0.6868687    0.1238867187E+001    0.3899414062E+000
 0.6969697    0.1175683594E+001    0.4021484375E+000
 0.7070707    0.1200488281E+001    0.3825195312E+000
 0.7171717    0.1126953125E+001    0.3719726563E+000
 0.7272727    0.1119335937E+001    0.3671875000E+000
 0.7373737    0.1077050781E+001    0.3681640625E+000
 0.7474747    0.1052734375E+001    0.3530273438E+000
 0.7575758    0.1045898437E+001    0.3499023438E+000
 0.7676768    0.1002246094E+001    0.3651367188E+000
 0.7777778    0.9299804687E+000    0.3362304688E+000
 0.7878788    0.9062500000E+000    0.3344726563E+000
 0.7979798    0.9036132812E+000    0.3393554688E+000
 0.8080808    0.8689453125E+000    0.3667968750E+000
 0.8181818    0.8068359375E+000    0.3406250000E+000
 0.8282828    0.8095703125E+000    0.3513671875E+000
 0.8383838    0.7670898437E+000    0.3593750000E+000
 0.8484848    0.7161132812E+000    0.3497070313E+000
 0.8585859    0.6799804687E+000    0.3692382812E+000
 0.8686869    0.5936523437E+000    0.3329101563E+000
 0.8787879    0.5739257812E+000    0.3409179688E+000
 0.8888889    0.5338867187E+000    0.3272460938E+000
 0.8989899    0.4748046875E+000    0.3129882813E+000
 0.9090909    0.4067382812E+000    0.3106445313E+000
 0.9191919    0.3770507812E+000    0.3038085938E+000
 0.9292929    0.3775390625E+000    0.3540039063E+000
 0.9393939    0.2818359375E+000    0.3017578125E+000
 0.9494949    0.2765625000E+000    0.3486328125E+000
 0.9595960    0.2083984375E+000    0.3239257813E+000
 0.9696970    0.1079101563E+000    0.2737304688E+000
 0.9797980    0.6904296875E-001    0.2951171875E+000
 0.9898990    0.0000000000E+000    0.2928710938E+000
 1.0000000    0.7128906250E-002    0.3007812500E+000


# Weightfunction after cycle      18771
 0.0000000    0.3334057617E+001    0.7672363281E+000
 0.0101010    0.3322070312E+001    0.7485107422E+000
 0.0202020    0.3344750977E+001    0.7181152344E+000
 0.0303030    0.3387939453E+001    0.7618652344E+000
 0.0404040    0.3412988281E+001    0.7505371094E+000
 0.0505051    0.3490771484E+001    0.7340820313E+000
 0.0606061    0.3586352539E+001    0.7460449219E+000
 0.0707071    0.3720434570E+001    0.7986083984E+000
 0.0808081    0.3789453125E+001    0.7622802734E+000
 0.0909091    0.3844384766E+001    0.7454833984E+000
 0.1010101    0.3978857422E+001    0.7492431641E+000
 0.1111111    0.4068188477E+001    0.7682861328E+000
 0.1212121    0.4123461914E+001    0.7477050781E+000
 0.1313131    0.4196533203E+001    0.7523193359E+000
 0.1414141    0.4292724609E+001    0.7145507813E+000
 0.1515152    0.4273925781E+001    0.7471679688E+000
 0.1616162    0.4335131836E+001    0.7192626953E+000
 0.1717172    0.4366040039E+001    0.7362792969E+000
 0.1818182    0.4312158203E+001    0.7242919922E+000
 0.1919192    0.4296459961E+001    0.6457763672E+000
 0.2020202    0.4297485352E+001    0.7010498047E+000
 0.2121212    0.4263183594E+001    0.6808349609E+000
 0.2222222    0.4189819336E+001    0.6951904297E+000
 0.2323232    0.4155444336E+001    0.6966308594E+000
 0.2424242    0.4062207031E+001    0.6839111328E+000
 0.2525253    0.4020751953E+001    0.6670166016E+000
 0.2626263    0.3929052734E+001    0.6307128906E+000
 0.2727273    0.3852441406E+001    0.6348876953E+000
 0.2828283    0.3775634766E+001    0.6410644531E+000
 0.2929293    0.3693066406E+001    0.6244140625E+000
 0.3030303    0.3595800781E+001    0.6093750000E+000
 0.3131313    0.3499365234E+001    0.6038818359E+000
 0.3232323    0.3418945312E+001    0.6049316406E+000
 0.3333333    0.3279760742E+001    0.6092529297E+000
 0.3434343    0.3207104492E+001    0.5626464844E+000
 0.3535354    0.3086328125E+001    0.5427978516E+000
 0.3636364    0.2958471680E+001    0.5547851563E+000
 0.3737374    0.2844921875E+001    0.5570556641E+000
 0.3838384    0.2766064453E+001    0.5705078125E+000
 0.3939394    0.2671069336E+001    0.4998291016E+000
 0.4040404    0.2554882812E+001    0.5382324219E+000
 0.4141414    0.2410644531E+001    0.4507324219E+000
 0.4242424    0.2316748047E+001    0.4729736328E+000
 0.4343434    0.2177807617E+001    0.4735351563E+000
 0.4444444    0.2090917969E+001    0.4729492188E+000
 0.4545455    0.1956567383E+001    0.4318603516E+000
 0.4646465    0.1862011719E+001    0.4169433594E+000
 0.4747475    0.1704223633E+001    0.4336181641E+000
 0.4848485    0.1626464844E+001    0.3991699219E+000
 0.4949495    0.1486840820E+001    0.4153808594E+000
 0.5050505    0.1445385742E+001    0.3963867188E+000
 0.5151515    0.1429223633E+001    0.4336425781E+000
 0.5252525    0.1397631836E+001    0.3822753906E+000
 0.5353535    0.1454589844E+001    0.3692138672E+000
 0.5454545    0.1416625977E+001    0.3676025391E+000
 0.5555556    0.1435839844E+001    0.3772216797E+000
 0.5656566    0.1403198242E+001    0.3976074219E+000
 0.5757576    0.1374243164E+001    0.3642089844E+000
 0.5858586    0.1376635742E+001    0.3753417969E+000
 0.5959596    0.1394458008E+001    0.3998046875E+000
 0.6060606    0.1355761719E+001    0.3890380859E+000
 0.6161616    0.1342895508E+001    0.4031250000E+000
 0.6262626    0.1327197266E+001    0.3965332031E+000
 0.6363636    0.1330786133E+001    0.3738037109E+000
 0.6464646    0.1285253906E+001    0.3912597656E+000
 0.6565657    0.1271044922E+001    0.3542724609E+000
 0.6666667    0.1268066406E+001    0.3536376953E+000
 0.6767677    0.1244946289E+001    0.3653564453E+000
 0.6868687    0.1235888672E+001    0.3930664063E+000
 0.6969697    0.1174389648E+001    0.4033691406E+000
 0.7070707    0.1196435547E+001    0.3808349609E+000
 0.7171717    0.1127197266E+001    0.3707275391E+000
 0.7272727    0.1115625000E+001    0.3648193359E+000
 0.7373737    0.1077465820E+001    0.3668212891E+000
 0.7474747    0.1047558594E+001    0.3502685547E+000
 0.7575758    0.1039111328E+001    0.3495117188E+000
 0.7676768    0.9983398437E+000    0.3605712891E+000
 0.7777778    0.9322021484E+000    0.3358154297E+000
 0.7878788    0.9088378906E+000    0.3361816406E+000
 0.7979798    0.9020019531E+000    0.3377197266E+000
 0.8080808    0.8623535156E+000    0.3598632813E+000
 0.8181818    0.8060058594E+000    0.3397949219E+000
 0.8282828    0.8069824219E+000    0.3544921875E+000
 0.8383838    0.7622314453E+000    0.3530761719E+000
 0.8484848    0.7144531250E+000    0.3455322266E+000
 0.8585859    0.6820068359E+000    0.3643066406E+000
 0.8686869    0.5965576172E+000    0.3322265625E+000
 0.8787879    0.5729736328E+000    0.3384765625E+000
 0.8888889    0.5374023438E+000    0.3317138672E+000
 0.8989899    0.4757324219E+000    0.3110595703E+000
 0.9090909    0.4121337891E+000    0.3134277344E+000
 0.9191919    0.3768066406E+000    0.3015625000E+000
 0.9292929    0.3662109375E+000    0.3463134766E+000
 0.9393939    0.2818359375E+000    0.3044677734E+000
 0.9494949    0.2703125000E+000    0.3393554688E+000
 0.9595960    0.2049560547E+000    0.3225097656E+000
 0.9696970    0.1108398438E+000    0.2750732422E+000
 0.9797980    0.6950683594E-001    0.2923828125E+000
 0.9898990    0.0000000000E+000    0.2893066406E+000
 1.0000000    0.9521484375E-003    0.2962402344E+000


# Weightfunction after cycle      61149
 0.0000000    0.3341784668E+001    0.7919799805E+000
 0.0101010    0.3336651611E+001    0.7788635254E+000
 0.0202020    0.3355480957E+001    0.7519958496E+000
 0.0303030    0.3400964355E+001    0.7878234863E+000
 0.0404040    0.3426110840E+001    0.7764038086E+000
 0.0505051    0.3508880615E+001    0.7675415039E+000
 0.0606061    0.3599011230E+001    0.7752807617E+000
 0.0707071    0.3718341064E+001    0.8153686523E+000
 0.0808081    0.3792144775E+001    0.7878845215E+000
 0.0909091    0.3855133057E+001    0.7735961914E+000
 0.1010101    0.3977459717E+001    0.7745971680E+000
 0.1111111    0.4065405273E+001    0.7898925781E+000
 0.1212121    0.4124188232E+001    0.7711486816E+000
 0.1313131    0.4193585205E+001    0.7736877441E+000
 0.1414141    0.4281640625E+001    0.7452209473E+000
 0.1515152    0.4278979492E+001    0.7658203125E+000
 0.1616162    0.4328466797E+001    0.7480102539E+000
 0.1717172    0.4346539307E+001    0.7580139160E+000
 0.1818182    0.4309674072E+001    0.7473327637E+000
 0.1919192    0.4289971924E+001    0.6816223145E+000
 0.2020202    0.4283758545E+001    0.7284484863E+000
 0.2121212    0.4249633789E+001    0.7102111816E+000
 0.2222222    0.4184405518E+001    0.7178588867E+000
 0.2323232    0.4144146729E+001    0.7193237305E+000
 0.2424242    0.4058947754E+001    0.7069335937E+000
 0.2525253    0.4016314697E+001    0.6884887695E+000
 0.2626263    0.3926458740E+001    0.6579467773E+000
 0.2727273    0.3847302246E+001    0.6626037598E+000
 0.2828283    0.3766760254E+001    0.6671997070E+000
 0.2929293    0.3688806152E+001    0.6500305176E+000
 0.3030303    0.3590698242E+001    0.6337585449E+000
 0.3131313    0.3496405029E+001    0.6295776367E+000
 0.3232323    0.3412854004E+001    0.6256225586E+000
 0.3333333    0.3283715820E+001    0.6276977539E+000
 0.3434343    0.3206890869E+001    0.5913391113E+000
 0.3535354    0.3087359619E+001    0.5721374512E+000
 0.3636364    0.2966387939E+001    0.5770202637E+000
 0.3737374    0.2857659912E+001    0.5765808105E+000
 0.3838384    0.2770861816E+001    0.5861450195E+000
 0.3939394    0.2676336670E+001    0.5296630859E+000
 0.4040404    0.2553973389E+001    0.5595214844E+000
 0.4141414    0.2420745850E+001    0.4860534668E+000
 0.4242424    0.2319458008E+001    0.4995605469E+000
 0.4343434    0.2185565186E+001    0.4962890625E+000
 0.4444444    0.2096191406E+001    0.4957519531E+000
 0.4545455    0.1968212891E+001    0.4599548340E+000
 0.4646465    0.1866461182E+001    0.4441711426E+000
 0.4747475    0.1720428467E+001    0.4535949707E+000
 0.4848485    0.1630963135E+001    0.4298339844E+000
 0.4949495    0.1496569824E+001    0.4363586426E+000
 0.5050505    0.1451660156E+001    0.4151245117E+000
 0.5151515    0.1437750244E+001    0.4452941895E+000
 0.5252525    0.1410583496E+001    0.4098999023E+000
 0.5353535    0.1451580811E+001    0.3944458008E+000
 0.5454545    0.1428735352E+001    0.4013000488E+000
 0.5555556    0.1438037109E+001    0.4055480957E+000
 0.5656566    0.1412023926E+001    0.4229187012E+000
 0.5757576    0.1384271240E+001    0.3954650879E+000
 0.5858586    0.1387597656E+001    0.4015869141E+000
 0.5959596    0.1393505859E+001    0.4168518066E+000
 0.6060606    0.1360418701E+001    0.4125915527E+000
 0.6161616    0.1346990967E+001    0.4231994629E+000
 0.6262626    0.1336077881E+001    0.4193664551E+000
 0.6363636    0.1332116699E+001    0.3986877441E+000
 0.6464646    0.1294940186E+001    0.4117065430E+000
 0.6565657    0.1278900146E+001    0.3815795898E+000
 0.6666667    0.1274011230E+001    0.3859680176E+000
 0.6767677    0.1251379395E+001    0.3903076172E+000
 0.6868687    0.1239074707E+001    0.4147399902E+000
 0.6969697    0.1182879639E+001    0.4214965820E+000
 0.7070707    0.1195526123E+001    0.4039367676E+000
 0.7171717    0.1136132813E+001    0.3932495117E+000
 0.7272727    0.1118890381E+001    0.3870300293E+000
 0.7373737    0.1084552002E+001    0.3876770020E+000
 0.7474747    0.1053332520E+001    0.3743469238E+000
 0.7575758    0.1040570068E+001    0.3732971191E+000
 0.7676768    0.1002752686E+001    0.3816162109E+000
 0.7777778    0.9453308105E+000    0.3624572754E+000
 0.7878788    0.9178283691E+000    0.3622558594E+000
 0.7979798    0.9025451660E+000    0.3620910645E+000
 0.8080808    0.8650512695E+000    0.3790649414E+000
 0.8181818    0.8138427734E+000    0.3645080566E+000
 0.8282828    0.8054382324E+000    0.3732971191E+000
 0.8383838    0.7600341797E+000    0.3710388184E+000
 0.8484848    0.7161804199E+000    0.3660766602E+000
 0.8585859    0.6773315430E+000    0.3773193359E+000
 0.8686869    0.6081726074E+000    0.3547546387E+000
 0.8787879    0.5789550781E+000    0.3580566406E+000
 0.8888889    0.5401550293E+000    0.3520446777E+000
 0.8989899    0.4816223145E+000    0.3312194824E+000
 0.9090909    0.4217651367E+000    0.3345275879E+000
 0.9191919    0.3803833008E+000    0.3232788086E+000
 0.9292929    0.3633056641E+000    0.3567321777E+000
 0.9393939    0.2831726074E+000    0.3224426270E+000
 0.9494949    0.2574279785E+000    0.3440124512E+000
 0.9595960    0.2065124512E+000    0.3418212891E+000
 0.9696970    0.1190673828E+000    0.3022949219E+000
 0.9797980    0.6928100586E-001    0.3085876465E+000
 0.9898990    0.6622314453E-002    0.3070190430E+000
 1.0000000    0.0000000000E+000    0.3117919922E+000


# Weightfunction after cycle      67858
 0.0000000    0.3342324829E+001    0.7919448853E+000
 0.0101010    0.3336920166E+001    0.7784545898E+000
 0.0202020    0.3356072998E+001    0.7522048950E+000
 0.0303030    0.3401184082E+001    0.7873168945E+000
 0.0404040    0.3427035522E+001    0.7766418457E+000
 0.0505051    0.3509172058E+001    0.7672592163E+000
 0.0606061    0.3599357605E+001    0.7753982544E+000
 0.0707071    0.3718524170E+001    0.8147598267E+000
 0.0808081    0.3792103577E+001    0.7873413086E+000
 0.0909091    0.3855427551E+001    0.7733825684E+000
 0.1010101    0.3977700806E+001    0.7746932983E+000
 0.1111111    0.4065106201E+001    0.7898361206E+000
 0.1212121    0.4123658752E+001    0.7702957153E+000
 0.1313131    0.4193511963E+001    0.7734695435E+000
 0.1414141    0.4281375122E+001    0.7452636719E+000
 0.1515152    0.4279364014E+001    0.7652267456E+000
 0.1616162    0.4328558350E+001    0.7480422974E+000
 0.1717172    0.4346427917E+001    0.7574951172E+000
 0.1818182    0.4309349060E+001    0.7464828491E+000
 0.1919192    0.4289562988E+001    0.6821517944E+000
 0.2020202    0.4283142090E+001    0.7282852173E+000
 0.2121212    0.4249328613E+001    0.7101837158E+000
 0.2222222    0.4184172058E+001    0.7178619385E+000
 0.2323232    0.4144476318E+001    0.7190063477E+000
 0.2424242    0.4058256531E+001    0.7067825317E+000
 0.2525253    0.4016253662E+001    0.6877944946E+000
 0.2626263    0.3926379395E+001    0.6578857422E+000
 0.2727273    0.3847462463E+001    0.6624969482E+000
 0.2828283    0.3767381287E+001    0.6664794922E+000
 0.2929293    0.3689105225E+001    0.6491638184E+000
 0.3030303    0.3590995789E+001    0.6338317871E+000
 0.3131313    0.3497093201E+001    0.6293594360E+000
 0.3232323    0.3413034058E+001    0.6256393433E+000
 0.3333333    0.3284109497E+001    0.6269958496E+000
 0.3434343    0.3207218933E+001    0.5915847778E+000
 0.3535354    0.3087481689E+001    0.5722457886E+000
 0.3636364    0.2967176819E+001    0.5764892578E+000
 0.3737374    0.2858575439E+001    0.5760192871E+000
 0.3838384    0.2771426392E+001    0.5853118896E+000
 0.3939394    0.2676629639E+001    0.5297470093E+000
 0.4040404    0.2554139709E+001    0.5588104248E+000
 0.4141414    0.2421345520E+001    0.4862014771E+000
 0.4242424    0.2319529724E+001    0.4996276855E+000
 0.4343434    0.2186024475E+001    0.4961807251E+000
 0.4444444    0.2096507263E+001    0.4953475952E+000
 0.4545455    0.1968304443E+001    0.4595932007E+000
 0.4646465    0.1866909790E+001    0.4434616089E+000
 0.4747475    0.1720750427E+001    0.4531082153E+000
 0.4848485    0.1631091309E+001    0.4300613403E+000
 0.4949495    0.1497007751E+001    0.4358825684E+000
 0.5050505    0.1451895142E+001    0.4143829346E+000
 0.5151515    0.1438148499E+001    0.4447296143E+000
 0.5252525    0.1410812378E+001    0.4092483521E+000
 0.5353535    0.1451280212E+001    0.3944625854E+000
 0.5454545    0.1428977966E+001    0.4011367798E+000
 0.5555556    0.1438108826E+001    0.4051956177E+000
 0.5656566    0.1411885071E+001    0.4226181030E+000
 0.5757576    0.1384721375E+001    0.3951019287E+000
 0.5858586    0.1387687683E+001    0.4013687134E+000
 0.5959596    0.1393469238E+001    0.4165557861E+000
 0.6060606    0.1360681152E+001    0.4120147705E+000
 0.6161616    0.1347346497E+001    0.4229858398E+000
 0.6262626    0.1336119080E+001    0.4182815552E+000
 0.6363636    0.1331706238E+001    0.3982986450E+000
 0.6464646    0.1295234680E+001    0.4109863281E+000
 0.6565657    0.1278999329E+001    0.3815460205E+000
 0.6666667    0.1273997498E+001    0.3850708008E+000
 0.6767677    0.1251226807E+001    0.3901077271E+000
 0.6868687    0.1239311218E+001    0.4139266968E+000
 0.6969697    0.1183651733E+001    0.4209182739E+000
 0.7070707    0.1195259094E+001    0.4031723022E+000
 0.7171717    0.1136434937E+001    0.3927230835E+000
 0.7272727    0.1119464111E+001    0.3867523193E+000
 0.7373737    0.1084420776E+001    0.3868545532E+000
 0.7474747    0.1053581238E+001    0.3739608765E+000
 0.7575758    0.1040618896E+001    0.3726760864E+000
 0.7676768    0.1002958679E+001    0.3814437866E+000
 0.7777778    0.9455596924E+000    0.3618652344E+000
 0.7878788    0.9181625366E+000    0.3615325928E+000
 0.7979798    0.9024932861E+000    0.3615386963E+000
 0.8080808    0.8650192261E+000    0.3784103394E+000
 0.8181818    0.8142562866E+000    0.3638488770E+000
 0.8282828    0.8056686401E+000    0.3728408813E+000
 0.8383838    0.7602554321E+000    0.3704574585E+000
 0.8484848    0.7160736084E+000    0.3653030396E+000
 0.8585859    0.6773376465E+000    0.3765792847E+000
 0.8686869    0.6086303711E+000    0.3542526245E+000
 0.8787879    0.5790771484E+000    0.3571548462E+000
 0.8888889    0.5404876709E+000    0.3515487671E+000
 0.8989899    0.4822128296E+000    0.3309020996E+000
 0.9090909    0.4222503662E+000    0.3339843750E+000
 0.9191919    0.3808441162E+000    0.3228378296E+000
 0.9292929    0.3631652832E+000    0.3554687500E+000
 0.9393939    0.2835678101E+000    0.3220382690E+000
 0.9494949    0.2575271606E+000    0.3431625366E+000
 0.9595960    0.2063079834E+000    0.3406051636E+000
 0.9696970    0.1192489624E+000    0.3015975952E+000
 0.9797980    0.6942901611E-001    0.3079162598E+000
 0.9898990    0.6829833984E-002    0.3063201904E+000
 1.0000000    0.0000000000E+000    0.3108734131E+000


