# Evolution of the weightfunction during equilibration phase for fractional: Ar
# Weightfunction after cycle        236
 0.0000000    0.1700000000E+001    0.7000000000E+000
 0.0101010    0.1600000000E+001    0.2000000000E+000
 0.0202020    0.2200000000E+001    0.1000000000E+001
 0.0303030    0.2700000000E+001    0.2100000000E+001
 0.0404040    0.1800000000E+001    0.4000000000E+000
 0.0505051    0.2100000000E+001    0.1200000000E+001
 0.0606061    0.2300000000E+001    0.1000000000E+001
 0.0707071    0.2400000000E+001    0.1100000000E+001
 0.0808081    0.2000000000E+001    0.4000000000E+000
 0.0909091    0.2600000000E+001    0.2000000000E+000
 0.1010101    0.3300000000E+001    0.1500000000E+001
 0.1111111    0.2800000000E+001    0.5000000000E+000
 0.1212121    0.3200000000E+001    0.1600000000E+001
 0.1313131    0.2900000000E+001    0.6000000000E+000
 0.1414141    0.2100000000E+001    0.5000000000E+000
 0.1515152    0.3400000000E+001    0.1600000000E+001
 0.1616162    0.2800000000E+001    0.8000000000E+000
 0.1717172    0.2800000000E+001    0.1200000000E+001
 0.1818182    0.3500000000E+001    0.1700000000E+001
 0.1919192    0.2500000000E+001    0.8000000000E+000
 0.2020202    0.3400000000E+001    0.1300000000E+001
 0.2121212    0.3300000000E+001    0.8000000000E+000
 0.2222222    0.4300000000E+001    0.2000000000E+001
 0.2323232    0.3100000000E+001    0.1800000000E+001
 0.2424242    0.2600000000E+001    0.1100000000E+001
 0.2525253    0.3000000000E+001    0.1100000000E+001
 0.2626263    0.3000000000E+001    0.1000000000E+001
 0.2727273    0.2700000000E+001    0.8000000000E+000
 0.2828283    0.3300000000E+001    0.1800000000E+001
 0.2929293    0.3300000000E+001    0.1100000000E+001
 0.3030303    0.4300000000E+001    0.1600000000E+001
 0.3131313    0.3500000000E+001    0.1000000000E+001
 0.3232323    0.2100000000E+001    0.1500000000E+001
 0.3333333    0.3900000000E+001    0.0000000000E+000
 0.3434343    0.3200000000E+001    0.1200000000E+001
 0.3535354    0.2900000000E+001    0.2000000000E+001
 0.3636364    0.2700000000E+001    0.1700000000E+001
 0.3737374    0.2800000000E+001    0.1200000000E+001
 0.3838384    0.3400000000E+001    0.1200000000E+001
 0.3939394    0.3100000000E+001    0.8000000000E+000
 0.4040404    0.3100000000E+001    0.1500000000E+001
 0.4141414    0.4300000000E+001    0.1000000000E+001
 0.4242424    0.3000000000E+001    0.7000000000E+000
 0.4343434    0.2300000000E+001    0.1300000000E+001
 0.4444444    0.2800000000E+001    0.9000000000E+000
 0.4545455    0.3400000000E+001    0.1200000000E+001
 0.4646465    0.3600000000E+001    0.1000000000E+001
 0.4747475    0.1800000000E+001    0.6000000000E+000
 0.4848485    0.2200000000E+001    0.1500000000E+001
 0.4949495    0.3100000000E+001    0.9000000000E+000
 0.5050505    0.2400000000E+001    0.1200000000E+001
 0.5151515    0.2500000000E+001    0.1200000000E+001
 0.5252525    0.2700000000E+001    0.1200000000E+001
 0.5353535    0.2400000000E+001    0.8000000000E+000
 0.5454545    0.2700000000E+001    0.1200000000E+001
 0.5555556    0.2200000000E+001    0.5000000000E+000
 0.5656566    0.2200000000E+001    0.9000000000E+000
 0.5757576    0.2100000000E+001    0.6000000000E+000
 0.5858586    0.2700000000E+001    0.1500000000E+001
 0.5959596    0.3000000000E+001    0.1500000000E+001
 0.6060606    0.2900000000E+001    0.1400000000E+001
 0.6161616    0.2200000000E+001    0.1400000000E+001
 0.6262626    0.3000000000E+001    0.1100000000E+001
 0.6363636    0.2800000000E+001    0.1200000000E+001
 0.6464646    0.3000000000E+001    0.1200000000E+001
 0.6565657    0.2900000000E+001    0.1200000000E+001
 0.6666667    0.3500000000E+001    0.4000000000E+000
 0.6767677    0.2700000000E+001    0.1000000000E+001
 0.6868687    0.2600000000E+001    0.1200000000E+001
 0.6969697    0.3000000000E+001    0.1200000000E+001
 0.7070707    0.2700000000E+001    0.9000000000E+000
 0.7171717    0.2300000000E+001    0.1300000000E+001
 0.7272727    0.3000000000E+001    0.1200000000E+001
 0.7373737    0.2200000000E+001    0.7000000000E+000
 0.7474747    0.2400000000E+001    0.1300000000E+001
 0.7575758    0.2500000000E+001    0.1300000000E+001
 0.7676768    0.2700000000E+001    0.1800000000E+001
 0.7777778    0.3200000000E+001    0.1600000000E+001
 0.7878788    0.2300000000E+001    0.1000000000E+001
 0.7979798    0.3900000000E+001    0.1700000000E+001
 0.8080808    0.2100000000E+001    0.7000000000E+000
 0.8181818    0.2400000000E+001    0.1000000000E+001
 0.8282828    0.2600000000E+001    0.1000000000E+001
 0.8383838    0.2800000000E+001    0.1200000000E+001
 0.8484848    0.1600000000E+001    0.2000000000E+000
 0.8585859    0.2800000000E+001    0.1400000000E+001
 0.8686869    0.2800000000E+001    0.1200000000E+001
 0.8787879    0.3200000000E+001    0.1100000000E+001
 0.8888889    0.2200000000E+001    0.1100000000E+001
 0.8989899    0.2800000000E+001    0.1000000000E+001
 0.9090909    0.2600000000E+001    0.1600000000E+001
 0.9191919    0.2600000000E+001    0.1600000000E+001
 0.9292929    0.2400000000E+001    0.1900000000E+001
 0.9393939    0.1800000000E+001    0.5000000000E+000
 0.9494949    0.3200000000E+001    0.1800000000E+001
 0.9595960    0.2000000000E+001    0.8000000000E+000
 0.9696970    0.1900000000E+001    0.9000000000E+000
 0.9797980    0.2700000000E+001    0.1400000000E+001
 0.9898990    0.2300000000E+001    0.1500000000E+001
 1.0000000    0.2300000000E+001    0.1000000000E+001


# Weightfunction after cycle        801
 0.0000000    0.2075000000E+001    0.9000000000E+000
 0.0101010    0.1825000000E+001    0.4500000000E+000
 0.0202020    0.1775000000E+001    0.5000000000E+000
 0.0303030    0.2275000000E+001    0.9500000000E+000
 0.0404040    0.2050000000E+001    0.7000000000E+000
 0.0505051    0.1650000000E+001    0.2000000000E+000
 0.0606061    0.2275000000E+001    0.9250000000E+000
 0.0707071    0.2425000000E+001    0.9000000000E+000
 0.0808081    0.2775000000E+001    0.1100000000E+001
 0.0909091    0.2575000000E+001    0.8500000000E+000
 0.1010101    0.2675000000E+001    0.8750000000E+000
 0.1111111    0.2350000000E+001    0.2250000000E+000
 0.1212121    0.2650000000E+001    0.8750000000E+000
 0.1313131    0.2325000000E+001    0.3750000000E+000
 0.1414141    0.2675000000E+001    0.8000000000E+000
 0.1515152    0.3100000000E+001    0.8750000000E+000
 0.1616162    0.2800000000E+001    0.5500000000E+000
 0.1717172    0.2525000000E+001    0.8000000000E+000
 0.1818182    0.3300000000E+001    0.1000000000E+001
 0.1919192    0.3075000000E+001    0.6500000000E+000
 0.2020202    0.2975000000E+001    0.9250000000E+000
 0.2121212    0.2925000000E+001    0.8000000000E+000
 0.2222222    0.2200000000E+001    0.9000000000E+000
 0.2323232    0.2700000000E+001    0.5000000000E+000
 0.2424242    0.2675000000E+001    0.6000000000E+000
 0.2525253    0.2825000000E+001    0.1100000000E+001
 0.2626263    0.2800000000E+001    0.5500000000E+000
 0.2727273    0.2750000000E+001    0.5500000000E+000
 0.2828283    0.2975000000E+001    0.1000000000E+001
 0.2929293    0.2550000000E+001    0.7500000000E+000
 0.3030303    0.3325000000E+001    0.3250000000E+000
 0.3131313    0.2625000000E+001    0.5250000000E+000
 0.3232323    0.2600000000E+001    0.6000000000E+000
 0.3333333    0.2525000000E+001    0.6250000000E+000
 0.3434343    0.2700000000E+001    0.6000000000E+000
 0.3535354    0.2550000000E+001    0.1175000000E+001
 0.3636364    0.2950000000E+001    0.5250000000E+000
 0.3737374    0.2425000000E+001    0.6500000000E+000
 0.3838384    0.2750000000E+001    0.9250000000E+000
 0.3939394    0.2875000000E+001    0.5000000000E+000
 0.4040404    0.2700000000E+001    0.5250000000E+000
 0.4141414    0.2175000000E+001    0.8750000000E+000
 0.4242424    0.2450000000E+001    0.3500000000E+000
 0.4343434    0.2200000000E+001    0.6000000000E+000
 0.4444444    0.2325000000E+001    0.6500000000E+000
 0.4545455    0.2375000000E+001    0.4500000000E+000
 0.4646465    0.1950000000E+001    0.1500000000E+000
 0.4747475    0.1950000000E+001    0.6500000000E+000
 0.4848485    0.1925000000E+001    0.6750000000E+000
 0.4949495    0.2050000000E+001    0.7500000000E+000
 0.5050505    0.2125000000E+001    0.7250000000E+000
 0.5151515    0.1725000000E+001    0.7500000000E-001
 0.5252525    0.1975000000E+001    0.5750000000E+000
 0.5353535    0.2275000000E+001    0.2750000000E+000
 0.5454545    0.1950000000E+001    0.2250000000E+000
 0.5555556    0.1725000000E+001    0.3000000000E+000
 0.5656566    0.1975000000E+001    0.6000000000E+000
 0.5757576    0.2150000000E+001    0.1000000000E+000
 0.5858586    0.1875000000E+001    0.5500000000E+000
 0.5959596    0.2075000000E+001    0.6000000000E+000
 0.6060606    0.2025000000E+001    0.5250000000E+000
 0.6161616    0.1950000000E+001    0.2500000000E+000
 0.6262626    0.2025000000E+001    0.3500000000E+000
 0.6363636    0.2000000000E+001    0.5500000000E+000
 0.6464646    0.1925000000E+001    0.6500000000E+000
 0.6565657    0.2275000000E+001    0.5000000000E+000
 0.6666667    0.2125000000E+001    0.2250000000E+000
 0.6767677    0.1825000000E+001    0.5500000000E+000
 0.6868687    0.1600000000E+001    0.1500000000E+000
 0.6969697    0.2050000000E+001    0.4250000000E+000
 0.7070707    0.1925000000E+001    0.3250000000E+000
 0.7171717    0.1675000000E+001    0.1750000000E+000
 0.7272727    0.1975000000E+001    0.5000000000E+000
 0.7373737    0.2025000000E+001    0.5000000000E+000
 0.7474747    0.2025000000E+001    0.4750000000E+000
 0.7575758    0.2000000000E+001    0.5750000000E+000
 0.7676768    0.1900000000E+001    0.5000000000E+000
 0.7777778    0.2000000000E+001    0.5250000000E+000
 0.7878788    0.2050000000E+001    0.3250000000E+000
 0.7979798    0.2025000000E+001    0.5750000000E+000
 0.8080808    0.2125000000E+001    0.5000000000E+000
 0.8181818    0.2225000000E+001    0.6500000000E+000
 0.8282828    0.1800000000E+001    0.3000000000E+000
 0.8383838    0.1950000000E+001    0.4000000000E+000
 0.8484848    0.1875000000E+001    0.4750000000E+000
 0.8585859    0.1825000000E+001    0.3250000000E+000
 0.8686869    0.1800000000E+001    0.1750000000E+000
 0.8787879    0.1650000000E+001    0.3250000000E+000
 0.8888889    0.1950000000E+001    0.2250000000E+000
 0.8989899    0.1625000000E+001    0.7500000000E-001
 0.9090909    0.1650000000E+001    0.1500000000E+000
 0.9191919    0.1925000000E+001    0.1750000000E+000
 0.9292929    0.2275000000E+001    0.5250000000E+000
 0.9393939    0.1750000000E+001    0.1000000000E+000
 0.9494949    0.2125000000E+001    0.5000000000E+000
 0.9595960    0.1875000000E+001    0.4750000000E+000
 0.9696970    0.1900000000E+001    0.3750000000E+000
 0.9797980    0.2100000000E+001    0.5250000000E+000
 0.9898990    0.2050000000E+001    0.4500000000E+000
 1.0000000    0.1525000000E+001    0.0000000000E+000


# Weightfunction after cycle       2042
 0.0000000    0.2037500000E+001    0.7312500000E+000
 0.0101010    0.1962500000E+001    0.6187500000E+000
 0.0202020    0.1800000000E+001    0.6062500000E+000
 0.0303030    0.1843750000E+001    0.5500000000E+000
 0.0404040    0.2118750000E+001    0.8500000000E+000
 0.0505051    0.2068750000E+001    0.6375000000E+000
 0.0606061    0.2268750000E+001    0.7187500000E+000
 0.0707071    0.2262500000E+001    0.7562500000E+000
 0.0808081    0.2406250000E+001    0.7312500000E+000
 0.0909091    0.2462500000E+001    0.8562500000E+000
 0.1010101    0.2387500000E+001    0.6937500000E+000
 0.1111111    0.2487500000E+001    0.8062500000E+000
 0.1212121    0.2743750000E+001    0.7937500000E+000
 0.1313131    0.2887500000E+001    0.1000000000E+001
 0.1414141    0.2568750000E+001    0.7937500000E+000
 0.1515152    0.2775000000E+001    0.5875000000E+000
 0.1616162    0.2962500000E+001    0.6937500000E+000
 0.1717172    0.2793750000E+001    0.9437500000E+000
 0.1818182    0.2812500000E+001    0.6562500000E+000
 0.1919192    0.3012500000E+001    0.9625000000E+000
 0.2020202    0.2968750000E+001    0.8000000000E+000
 0.2121212    0.2925000000E+001    0.6062500000E+000
 0.2222222    0.3068750000E+001    0.7062500000E+000
 0.2323232    0.2912500000E+001    0.5937500000E+000
 0.2424242    0.2787500000E+001    0.9125000000E+000
 0.2525253    0.2900000000E+001    0.6750000000E+000
 0.2626263    0.2993750000E+001    0.5562500000E+000
 0.2727273    0.2843750000E+001    0.5000000000E+000
 0.2828283    0.2681250000E+001    0.7562500000E+000
 0.2929293    0.2637500000E+001    0.5937500000E+000
 0.3030303    0.2837500000E+001    0.7312500000E+000
 0.3131313    0.2675000000E+001    0.6500000000E+000
 0.3232323    0.2787500000E+001    0.6625000000E+000
 0.3333333    0.2562500000E+001    0.6562500000E+000
 0.3434343    0.2593750000E+001    0.3437500000E+000
 0.3535354    0.2306250000E+001    0.6687500000E+000
 0.3636364    0.2300000000E+001    0.5312500000E+000
 0.3737374    0.2306250000E+001    0.5000000000E+000
 0.3838384    0.2506250000E+001    0.6812500000E+000
 0.3939394    0.2187500000E+001    0.6625000000E+000
 0.4040404    0.1925000000E+001    0.4437500000E+000
 0.4141414    0.2206250000E+001    0.4375000000E+000
 0.4242424    0.1975000000E+001    0.4625000000E+000
 0.4343434    0.1781250000E+001    0.5812500000E+000
 0.4444444    0.2125000000E+001    0.4000000000E+000
 0.4545455    0.1837500000E+001    0.4187500000E+000
 0.4646465    0.1931250000E+001    0.4812500000E+000
 0.4747475    0.1537500000E+001    0.3687500000E+000
 0.4848485    0.1918750000E+001    0.3187500000E+000
 0.4949495    0.1581250000E+001    0.4562500000E+000
 0.5050505    0.1762500000E+001    0.2125000000E+000
 0.5151515    0.1643750000E+001    0.4750000000E+000
 0.5252525    0.1575000000E+001    0.5375000000E+000
 0.5353535    0.1650000000E+001    0.4875000000E+000
 0.5454545    0.1506250000E+001    0.2625000000E+000
 0.5555556    0.1743750000E+001    0.2937500000E+000
 0.5656566    0.1681250000E+001    0.4812500000E+000
 0.5757576    0.1606250000E+001    0.3812500000E+000
 0.5858586    0.1643750000E+001    0.2687500000E+000
 0.5959596    0.1531250000E+001    0.3937500000E+000
 0.6060606    0.1625000000E+001    0.5437500000E+000
 0.6161616    0.1612500000E+001    0.4000000000E+000
 0.6262626    0.1675000000E+001    0.4625000000E+000
 0.6363636    0.1550000000E+001    0.2375000000E+000
 0.6464646    0.1756250000E+001    0.0000000000E+000
 0.6565657    0.1762500000E+001    0.2875000000E+000
 0.6666667    0.1525000000E+001    0.3937500000E+000
 0.6767677    0.1668750000E+001    0.3375000000E+000
 0.6868687    0.1675000000E+001    0.5000000000E+000
 0.6969697    0.1687500000E+001    0.3500000000E+000
 0.7070707    0.1706250000E+001    0.3562500000E+000
 0.7171717    0.1581250000E+001    0.3750000000E+000
 0.7272727    0.1631250000E+001    0.3437500000E+000
 0.7373737    0.1693750000E+001    0.4625000000E+000
 0.7474747    0.1593750000E+001    0.3437500000E+000
 0.7575758    0.1593750000E+001    0.2625000000E+000
 0.7676768    0.1668750000E+001    0.4312500000E+000
 0.7777778    0.1725000000E+001    0.3250000000E+000
 0.7878788    0.1662500000E+001    0.3312500000E+000
 0.7979798    0.1643750000E+001    0.3250000000E+000
 0.8080808    0.1593750000E+001    0.2500000000E+000
 0.8181818    0.1712500000E+001    0.4187500000E+000
 0.8282828    0.1525000000E+001    0.3000000000E+000
 0.8383838    0.1762500000E+001    0.4687500000E+000
 0.8484848    0.1687500000E+001    0.3687500000E+000
 0.8585859    0.1643750000E+001    0.3125000000E+000
 0.8686869    0.1550000000E+001    0.3000000000E+000
 0.8787879    0.1562500000E+001    0.3000000000E+000
 0.8888889    0.1693750000E+001    0.3625000000E+000
 0.8989899    0.1606250000E+001    0.4125000000E+000
 0.9090909    0.1612500000E+001    0.4125000000E+000
 0.9191919    0.1850000000E+001    0.4562500000E+000
 0.9292929    0.1668750000E+001    0.3875000000E+000
 0.9393939    0.1700000000E+001    0.4000000000E+000
 0.9494949    0.1631250000E+001    0.3812500000E+000
 0.9595960    0.1593750000E+001    0.2812500000E+000
 0.9696970    0.1381250000E+001    0.2375000000E+000
 0.9797980    0.1325000000E+001    0.1562500000E+000
 0.9898990    0.1681250000E+001    0.3812500000E+000
 1.0000000    0.1481250000E+001    0.1250000000E+000


# Weightfunction after cycle       4050
 0.0000000    0.1662500000E+001    0.3406250000E+000
 0.0101010    0.1639062500E+001    0.3906250000E+000
 0.0202020    0.1596875000E+001    0.3234375000E+000
 0.0303030    0.1687500000E+001    0.4015625000E+000
 0.0404040    0.1698437500E+001    0.4156250000E+000
 0.0505051    0.1667187500E+001    0.3453125000E+000
 0.0606061    0.1728125000E+001    0.3281250000E+000
 0.0707071    0.1787500000E+001    0.3265625000E+000
 0.0808081    0.1971875000E+001    0.4343750000E+000
 0.0909091    0.2078125000E+001    0.5343750000E+000
 0.1010101    0.1946875000E+001    0.3203125000E+000
 0.1111111    0.2139062500E+001    0.4437500000E+000
 0.1212121    0.2185937500E+001    0.4171875000E+000
 0.1313131    0.2356250000E+001    0.5703125000E+000
 0.1414141    0.2375000000E+001    0.5328125000E+000
 0.1515152    0.2409375000E+001    0.4546875000E+000
 0.1616162    0.2415625000E+001    0.4562500000E+000
 0.1717172    0.2517187500E+001    0.4578125000E+000
 0.1818182    0.2532812500E+001    0.4140625000E+000
 0.1919192    0.2492187500E+001    0.4562500000E+000
 0.2020202    0.2625000000E+001    0.4562500000E+000
 0.2121212    0.2639062500E+001    0.4515625000E+000
 0.2222222    0.2620312500E+001    0.4171875000E+000
 0.2323232    0.2482812500E+001    0.3781250000E+000
 0.2424242    0.2584375000E+001    0.4281250000E+000
 0.2525253    0.2526562500E+001    0.3656250000E+000
 0.2626263    0.2529687500E+001    0.4078125000E+000
 0.2727273    0.2518750000E+001    0.3890625000E+000
 0.2828283    0.2515625000E+001    0.3734375000E+000
 0.2929293    0.2353125000E+001    0.3343750000E+000
 0.3030303    0.2337500000E+001    0.3515625000E+000
 0.3131313    0.2379687500E+001    0.3281250000E+000
 0.3232323    0.2228125000E+001    0.2718750000E+000
 0.3333333    0.2254687500E+001    0.2656250000E+000
 0.3434343    0.2229687500E+001    0.2078125000E+000
 0.3535354    0.2120312500E+001    0.2125000000E+000
 0.3636364    0.2095312500E+001    0.2578125000E+000
 0.3737374    0.2085937500E+001    0.3031250000E+000
 0.3838384    0.2076562500E+001    0.1250000000E+000
 0.3939394    0.1921875000E+001    0.2234375000E+000
 0.4040404    0.1973437500E+001    0.2140625000E+000
 0.4141414    0.1826562500E+001    0.1843750000E+000
 0.4242424    0.1767187500E+001    0.2640625000E+000
 0.4343434    0.1803125000E+001    0.2187500000E+000
 0.4444444    0.1789062500E+001    0.1109375000E+000
 0.4545455    0.1698437500E+001    0.1875000000E+000
 0.4646465    0.1639062500E+001    0.4843750000E-001
 0.4747475    0.1595312500E+001    0.1296875000E+000
 0.4848485    0.1545312500E+001    0.9375000000E-001
 0.4949495    0.1356250000E+001    0.9687500000E-001
 0.5050505    0.1478125000E+001    0.2062500000E+000
 0.5151515    0.1504687500E+001    0.1390625000E+000
 0.5252525    0.1439062500E+001    0.5312500000E-001
 0.5353535    0.1514062500E+001    0.9843750000E-001
 0.5454545    0.1426562500E+001    0.1015625000E+000
 0.5555556    0.1335937500E+001    0.1000000000E+000
 0.5656566    0.1350000000E+001    0.1687500000E+000
 0.5757576    0.1453125000E+001    0.9375000000E-002
 0.5858586    0.1484375000E+001    0.8593750000E-001
 0.5959596    0.1300000000E+001    0.9375000000E-001
 0.6060606    0.1442187500E+001    0.2656250000E-001
 0.6161616    0.1315625000E+001    0.8593750000E-001
 0.6262626    0.1354687500E+001    0.1250000000E+000
 0.6363636    0.1298437500E+001    0.6875000000E-001
 0.6464646    0.1310937500E+001    0.1125000000E+000
 0.6565657    0.1400000000E+001    0.0000000000E+000
 0.6666667    0.1443750000E+001    0.1718750000E-001
 0.6767677    0.1420312500E+001    0.1328125000E+000
 0.6868687    0.1350000000E+001    0.5625000000E-001
 0.6969697    0.1367187500E+001    0.5156250000E-001
 0.7070707    0.1346875000E+001    0.9218750000E-001
 0.7171717    0.1429687500E+001    0.1312500000E+000
 0.7272727    0.1346875000E+001    0.3125000000E-001
 0.7373737    0.1353125000E+001    0.6562500000E-001
 0.7474747    0.1339062500E+001    0.2187500000E-001
 0.7575758    0.1357812500E+001    0.8593750000E-001
 0.7676768    0.1381250000E+001    0.8593750000E-001
 0.7777778    0.1400000000E+001    0.9687500000E-001
 0.7878788    0.1420312500E+001    0.1546875000E+000
 0.7979798    0.1400000000E+001    0.9843750000E-001
 0.8080808    0.1360937500E+001    0.7656250000E-001
 0.8181818    0.1348437500E+001    0.3593750000E-001
 0.8282828    0.1450000000E+001    0.1312500000E+000
 0.8383838    0.1396875000E+001    0.9218750000E-001
 0.8484848    0.1345312500E+001    0.8437500000E-001
 0.8585859    0.1417187500E+001    0.1281250000E+000
 0.8686869    0.1359375000E+001    0.1125000000E+000
 0.8787879    0.1345312500E+001    0.5312500000E-001
 0.8888889    0.1407812500E+001    0.1031250000E+000
 0.8989899    0.1381250000E+001    0.8593750000E-001
 0.9090909    0.1373437500E+001    0.8906250000E-001
 0.9191919    0.1393750000E+001    0.1140625000E+000
 0.9292929    0.1387500000E+001    0.1328125000E+000
 0.9393939    0.1435937500E+001    0.2125000000E+000
 0.9494949    0.1503125000E+001    0.2531250000E+000
 0.9595960    0.1357812500E+001    0.7031250000E-001
 0.9696970    0.1385937500E+001    0.1281250000E+000
 0.9797980    0.1312500000E+001    0.8593750000E-001
 0.9898990    0.1546875000E+001    0.2125000000E+000
 1.0000000    0.1350000000E+001    0.8281250000E-001


# Weightfunction after cycle       8923
 0.0000000    0.1750781250E+001    0.3863281250E+000
 0.0101010    0.1778906250E+001    0.4621093750E+000
 0.0202020    0.1708203125E+001    0.3390625000E+000
 0.0303030    0.1789453125E+001    0.4304687500E+000
 0.0404040    0.1797656250E+001    0.4199218750E+000
 0.0505051    0.1861328125E+001    0.4316406250E+000
 0.0606061    0.1916015625E+001    0.4410156250E+000
 0.0707071    0.1975781250E+001    0.4628906250E+000
 0.0808081    0.2064453125E+001    0.4625000000E+000
 0.0909091    0.2101953125E+001    0.4410156250E+000
 0.1010101    0.2209765625E+001    0.4679687500E+000
 0.1111111    0.2266406250E+001    0.4511718750E+000
 0.1212121    0.2296484375E+001    0.4054687500E+000
 0.1313131    0.2403125000E+001    0.4687500000E+000
 0.1414141    0.2473437500E+001    0.4808593750E+000
 0.1515152    0.2556640625E+001    0.4390625000E+000
 0.1616162    0.2567187500E+001    0.4925781250E+000
 0.1717172    0.2629687500E+001    0.4625000000E+000
 0.1818182    0.2700390625E+001    0.4585937500E+000
 0.1919192    0.2657031250E+001    0.4835937500E+000
 0.2020202    0.2681640625E+001    0.4476562500E+000
 0.2121212    0.2678515625E+001    0.4222656250E+000
 0.2222222    0.2675390625E+001    0.4589843750E+000
 0.2323232    0.2616796875E+001    0.3898437500E+000
 0.2424242    0.2698437500E+001    0.4464843750E+000
 0.2525253    0.2629296875E+001    0.3808593750E+000
 0.2626263    0.2562109375E+001    0.3187500000E+000
 0.2727273    0.2586718750E+001    0.3847656250E+000
 0.2828283    0.2577734375E+001    0.3843750000E+000
 0.2929293    0.2430468750E+001    0.3500000000E+000
 0.3030303    0.2432812500E+001    0.3667968750E+000
 0.3131313    0.2472265625E+001    0.2996093750E+000
 0.3232323    0.2364062500E+001    0.2914062500E+000
 0.3333333    0.2336328125E+001    0.3164062500E+000
 0.3434343    0.2279687500E+001    0.2878906250E+000
 0.3535354    0.2223437500E+001    0.2539062500E+000
 0.3636364    0.2219531250E+001    0.2804687500E+000
 0.3737374    0.2157812500E+001    0.2421875000E+000
 0.3838384    0.2073046875E+001    0.2273437500E+000
 0.3939394    0.1975781250E+001    0.2558593750E+000
 0.4040404    0.1983203125E+001    0.1863281250E+000
 0.4141414    0.1949609375E+001    0.1945312500E+000
 0.4242424    0.1864843750E+001    0.2234375000E+000
 0.4343434    0.1798828125E+001    0.1835937500E+000
 0.4444444    0.1846484375E+001    0.1230468750E+000
 0.4545455    0.1728125000E+001    0.1390625000E+000
 0.4646465    0.1659765625E+001    0.8359375000E-001
 0.4747475    0.1684375000E+001    0.1019531250E+000
 0.4848485    0.1509765625E+001    0.8593750000E-001
 0.4949495    0.1504296875E+001    0.4804687500E-001
 0.5050505    0.1536718750E+001    0.7734375000E-001
 0.5151515    0.1471484375E+001    0.8593750000E-001
 0.5252525    0.1451171875E+001    0.7148437500E-001
 0.5353535    0.1483984375E+001    0.5859375000E-001
 0.5454545    0.1455859375E+001    0.6562500000E-001
 0.5555556    0.1444140625E+001    0.2539062500E-001
 0.5656566    0.1490234375E+001    0.4335937500E-001
 0.5757576    0.1439453125E+001    0.5000000000E-001
 0.5858586    0.1485546875E+001    0.7421875000E-002
 0.5959596    0.1461328125E+001    0.7031250000E-001
 0.6060606    0.1490234375E+001    0.8984375000E-001
 0.6161616    0.1450390625E+001    0.5937500000E-001
 0.6262626    0.1501562500E+001    0.6953125000E-001
 0.6363636    0.1436328125E+001    0.2460937500E-001
 0.6464646    0.1469140625E+001    0.8281250000E-001
 0.6565657    0.1492187500E+001    0.6562500000E-001
 0.6666667    0.1463281250E+001    0.2734375000E-002
 0.6767677    0.1495703125E+001    0.8125000000E-001
 0.6868687    0.1452343750E+001    0.0000000000E+000
 0.6969697    0.1478125000E+001    0.6953125000E-001
 0.7070707    0.1486718750E+001    0.7421875000E-001
 0.7171717    0.1451953125E+001    0.3242187500E-001
 0.7272727    0.1454687500E+001    0.3984375000E-001
 0.7373737    0.1465625000E+001    0.5820312500E-001
 0.7474747    0.1458984375E+001    0.4257812500E-001
 0.7575758    0.1487890625E+001    0.5273437500E-001
 0.7676768    0.1467578125E+001    0.6679687500E-001
 0.7777778    0.1491796875E+001    0.6679687500E-001
 0.7878788    0.1497656250E+001    0.9687500000E-001
 0.7979798    0.1503125000E+001    0.8242187500E-001
 0.8080808    0.1473046875E+001    0.4687500000E-001
 0.8181818    0.1435937500E+001    0.2851562500E-001
 0.8282828    0.1521093750E+001    0.1156250000E+000
 0.8383838    0.1481250000E+001    0.6406250000E-001
 0.8484848    0.1421093750E+001    0.2695312500E-001
 0.8585859    0.1484375000E+001    0.6406250000E-001
 0.8686869    0.1451171875E+001    0.2578125000E-001
 0.8787879    0.1502734375E+001    0.7109375000E-001
 0.8888889    0.1483203125E+001    0.6015625000E-001
 0.8989899    0.1496875000E+001    0.9609375000E-001
 0.9090909    0.1459765625E+001    0.5078125000E-001
 0.9191919    0.1478515625E+001    0.6523437500E-001
 0.9292929    0.1456640625E+001    0.6875000000E-001
 0.9393939    0.1483203125E+001    0.7421875000E-001
 0.9494949    0.1538281250E+001    0.1093750000E+000
 0.9595960    0.1449218750E+001    0.3320312500E-001
 0.9696970    0.1505078125E+001    0.9687500000E-001
 0.9797980    0.1460546875E+001    0.8320312500E-001
 0.9898990    0.1526953125E+001    0.1355468750E+000
 1.0000000    0.1480078125E+001    0.8125000000E-001


# Weightfunction after cycle      14741
 0.0000000    0.1762304688E+001    0.3921875000E+000
 0.0101010    0.1754589844E+001    0.4072265625E+000
 0.0202020    0.1734082031E+001    0.3431640625E+000
 0.0303030    0.1772363281E+001    0.4020507813E+000
 0.0404040    0.1846484375E+001    0.4352539063E+000
 0.0505051    0.1854003906E+001    0.4192382813E+000
 0.0606061    0.1921289063E+001    0.4219726563E+000
 0.0707071    0.1981933594E+001    0.4362304688E+000
 0.0808081    0.2061230469E+001    0.4399414063E+000
 0.0909091    0.2111621094E+001    0.4307617188E+000
 0.1010101    0.2220898438E+001    0.4671875000E+000
 0.1111111    0.2258593750E+001    0.4285156250E+000
 0.1212121    0.2299218750E+001    0.4010742188E+000
 0.1313131    0.2398144531E+001    0.4611328125E+000
 0.1414141    0.2454980469E+001    0.4527343750E+000
 0.1515152    0.2558105469E+001    0.4460937500E+000
 0.1616162    0.2568554688E+001    0.4689453125E+000
 0.1717172    0.2609375000E+001    0.4540039063E+000
 0.1818182    0.2686621094E+001    0.4448242188E+000
 0.1919192    0.2660449219E+001    0.4543945313E+000
 0.2020202    0.2661328125E+001    0.4339843750E+000
 0.2121212    0.2680468750E+001    0.4181640625E+000
 0.2222222    0.2637011719E+001    0.4186523438E+000
 0.2323232    0.2617968750E+001    0.3908203125E+000
 0.2424242    0.2656054688E+001    0.4319335938E+000
 0.2525253    0.2616308594E+001    0.3747070313E+000
 0.2626263    0.2573535156E+001    0.3303710938E+000
 0.2727273    0.2595898438E+001    0.3678710938E+000
 0.2828283    0.2537011719E+001    0.3602539063E+000
 0.2929293    0.2479199219E+001    0.3706054688E+000
 0.3030303    0.2440625000E+001    0.3329101563E+000
 0.3131313    0.2458691406E+001    0.2860351563E+000
 0.3232323    0.2368847656E+001    0.2848632813E+000
 0.3333333    0.2360156250E+001    0.3036132813E+000
 0.3434343    0.2280078125E+001    0.2678710938E+000
 0.3535354    0.2236718750E+001    0.2337890625E+000
 0.3636364    0.2227246094E+001    0.2657226563E+000
 0.3737374    0.2180957031E+001    0.2315429688E+000
 0.3838384    0.2102929688E+001    0.2265625000E+000
 0.3939394    0.2041113281E+001    0.2228515625E+000
 0.4040404    0.2009082031E+001    0.1860351563E+000
 0.4141414    0.1971582031E+001    0.1869140625E+000
 0.4242424    0.1902636719E+001    0.1839843750E+000
 0.4343434    0.1849511719E+001    0.1564453125E+000
 0.4444444    0.1831445313E+001    0.1149414063E+000
 0.4545455    0.1742382813E+001    0.1190429688E+000
 0.4646465    0.1675976563E+001    0.7412109375E-001
 0.4747475    0.1678320313E+001    0.9130859375E-001
 0.4848485    0.1561816406E+001    0.4775390625E-001
 0.4949495    0.1504296875E+001    0.6748046875E-001
 0.5050505    0.1528515625E+001    0.3896484375E-001
 0.5151515    0.1496777344E+001    0.4228515625E-001
 0.5252525    0.1480566406E+001    0.5156250000E-001
 0.5353535    0.1495898438E+001    0.5263671875E-001
 0.5454545    0.1468261719E+001    0.5029296875E-001
 0.5555556    0.1471679688E+001    0.1025390625E-001
 0.5656566    0.1495898438E+001    0.2753906250E-001
 0.5757576    0.1459863281E+001    0.2275390625E-001
 0.5858586    0.1492578125E+001    0.9863281250E-002
 0.5959596    0.1477636719E+001    0.2597656250E-001
 0.6060606    0.1515527344E+001    0.6337890625E-001
 0.6161616    0.1459667969E+001    0.4863281250E-001
 0.6262626    0.1500292969E+001    0.4267578125E-001
 0.6363636    0.1457714844E+001    0.1230468750E-001
 0.6464646    0.1481738281E+001    0.6542968750E-001
 0.6565657    0.1494531250E+001    0.1718750000E-001
 0.6666667    0.1475488281E+001    0.0000000000E+000
 0.6767677    0.1490429688E+001    0.5742187500E-001
 0.6868687    0.1465429688E+001    0.3613281250E-002
 0.6969697    0.1479199219E+001    0.3437500000E-001
 0.7070707    0.1495117188E+001    0.5976562500E-001
 0.7171717    0.1470996094E+001    0.1708984375E-001
 0.7272727    0.1472460938E+001    0.2412109375E-001
 0.7373737    0.1491503906E+001    0.4541015625E-001
 0.7474747    0.1482226563E+001    0.2929687500E-001
 0.7575758    0.1485449219E+001    0.3232421875E-001
 0.7676768    0.1483691406E+001    0.4609375000E-001
 0.7777778    0.1491992188E+001    0.2705078125E-001
 0.7878788    0.1477246094E+001    0.4169921875E-001
 0.7979798    0.1508398438E+001    0.5136718750E-001
 0.8080808    0.1491015625E+001    0.3994140625E-001
 0.8181818    0.1469726563E+001    0.3320312500E-001
 0.8282828    0.1507128906E+001    0.7080078125E-001
 0.8383838    0.1495507813E+001    0.5234375000E-001
 0.8484848    0.1462792969E+001    0.2675781250E-001
 0.8585859    0.1482617188E+001    0.2841796875E-001
 0.8686869    0.1466796875E+001    0.2910156250E-001
 0.8787879    0.1490136719E+001    0.3574218750E-001
 0.8888889    0.1487304688E+001    0.3408203125E-001
 0.8989899    0.1490722656E+001    0.5263671875E-001
 0.9090909    0.1468652344E+001    0.2773437500E-001
 0.9191919    0.1470800781E+001    0.3105468750E-001
 0.9292929    0.1471386719E+001    0.4003906250E-001
 0.9393939    0.1480859375E+001    0.3769531250E-001
 0.9494949    0.1520312500E+001    0.6943359375E-001
 0.9595960    0.1467578125E+001    0.3007812500E-001
 0.9696970    0.1497558594E+001    0.6035156250E-001
 0.9797980    0.1465136719E+001    0.3994140625E-001
 0.9898990    0.1518359375E+001    0.7939453125E-001
 1.0000000    0.1490136719E+001    0.6562500000E-001


# Weightfunction after cycle      21348
 0.0000000    0.1746923828E+001    0.3791992188E+000
 0.0101010    0.1729638672E+001    0.3839599609E+000
 0.0202020    0.1721630859E+001    0.3401367188E+000
 0.0303030    0.1766723633E+001    0.3979736328E+000
 0.0404040    0.1820922852E+001    0.4109619141E+000
 0.0505051    0.1834570312E+001    0.4011230469E+000
 0.0606061    0.1903735352E+001    0.4119628906E+000
 0.0707071    0.1961596680E+001    0.4194091797E+000
 0.0808081    0.2034326172E+001    0.4240966797E+000
 0.0909091    0.2093164062E+001    0.4201904297E+000
 0.1010101    0.2191967773E+001    0.4534912109E+000
 0.1111111    0.2239819336E+001    0.4197021484E+000
 0.1212121    0.2281201172E+001    0.3998046875E+000
 0.1313131    0.2380834961E+001    0.4468994141E+000
 0.1414141    0.2442846680E+001    0.4442871094E+000
 0.1515152    0.2536621094E+001    0.4285156250E+000
 0.1616162    0.2558813477E+001    0.4560058594E+000
 0.1717172    0.2595483398E+001    0.4407958984E+000
 0.1818182    0.2661572266E+001    0.4306640625E+000
 0.1919192    0.2645288086E+001    0.4371826172E+000
 0.2020202    0.2651245117E+001    0.4184082031E+000
 0.2121212    0.2667382812E+001    0.4092285156E+000
 0.2222222    0.2624926758E+001    0.4121582031E+000
 0.2323232    0.2621923828E+001    0.3823242188E+000
 0.2424242    0.2638012695E+001    0.4141357422E+000
 0.2525253    0.2604882812E+001    0.3629882813E+000
 0.2626263    0.2572778320E+001    0.3226562500E+000
 0.2727273    0.2574707031E+001    0.3577392578E+000
 0.2828283    0.2526464844E+001    0.3501464844E+000
 0.2929293    0.2475415039E+001    0.3559326172E+000
 0.3030303    0.2435766602E+001    0.3241943359E+000
 0.3131313    0.2434399414E+001    0.2785156250E+000
 0.3232323    0.2370849609E+001    0.2786621094E+000
 0.3333333    0.2347338867E+001    0.2884765625E+000
 0.3434343    0.2276708984E+001    0.2563476563E+000
 0.3535354    0.2225610352E+001    0.2282958984E+000
 0.3636364    0.2215258789E+001    0.2558105469E+000
 0.3737374    0.2169946289E+001    0.2252685547E+000
 0.3838384    0.2094311523E+001    0.2200927734E+000
 0.3939394    0.2037353516E+001    0.2167236328E+000
 0.4040404    0.2000561523E+001    0.1733154297E+000
 0.4141414    0.1961474609E+001    0.1749023438E+000
 0.4242424    0.1892797852E+001    0.1781494141E+000
 0.4343434    0.1845532227E+001    0.1514404297E+000
 0.4444444    0.1811547852E+001    0.1088867188E+000
 0.4545455    0.1731958008E+001    0.1068847656E+000
 0.4646465    0.1671240234E+001    0.7580566406E-001
 0.4747475    0.1657690430E+001    0.8134765625E-001
 0.4848485    0.1554809570E+001    0.4519042969E-001
 0.4949495    0.1493139648E+001    0.5532226563E-001
 0.5050505    0.1508935547E+001    0.3037109375E-001
 0.5151515    0.1481225586E+001    0.3071289063E-001
 0.5252525    0.1469311523E+001    0.4609375000E-001
 0.5353535    0.1480444336E+001    0.4987792969E-001
 0.5454545    0.1455468750E+001    0.4357910156E-001
 0.5555556    0.1462646484E+001    0.9838867188E-002
 0.5656566    0.1477856445E+001    0.2126464844E-001
 0.5757576    0.1446337891E+001    0.1328125000E-001
 0.5858586    0.1477319336E+001    0.1035156250E-001
 0.5959596    0.1466210937E+001    0.2773437500E-001
 0.6060606    0.1498022461E+001    0.5449218750E-001
 0.6161616    0.1453051758E+001    0.4526367188E-001
 0.6262626    0.1483129883E+001    0.4338378906E-001
 0.6363636    0.1442626953E+001    0.1174316406E-001
 0.6464646    0.1467871094E+001    0.5756835938E-001
 0.6565657    0.1484741211E+001    0.1389160156E-001
 0.6666667    0.1469653320E+001    0.5615234375E-002
 0.6767677    0.1475317383E+001    0.5078125000E-001
 0.6868687    0.1459790039E+001    0.0000000000E+000
 0.6969697    0.1470971680E+001    0.3532714844E-001
 0.7070707    0.1479541016E+001    0.5144042969E-001
 0.7171717    0.1455419922E+001    0.1284179688E-001
 0.7272727    0.1459985352E+001    0.1979980469E-001
 0.7373737    0.1479199219E+001    0.4108886719E-001
 0.7474747    0.1467675781E+001    0.2534179688E-001
 0.7575758    0.1468310547E+001    0.2436523438E-001
 0.7676768    0.1471435547E+001    0.4113769531E-001
 0.7777778    0.1475805664E+001    0.2395019531E-001
 0.7878788    0.1463012695E+001    0.3454589844E-001
 0.7979798    0.1493530273E+001    0.4575195313E-001
 0.8080808    0.1476074219E+001    0.3671875000E-001
 0.8181818    0.1458349609E+001    0.3041992188E-001
 0.8282828    0.1492114258E+001    0.6228027344E-001
 0.8383838    0.1478588867E+001    0.4372558594E-001
 0.8484848    0.1453076172E+001    0.2297363281E-001
 0.8585859    0.1471166992E+001    0.2490234375E-001
 0.8686869    0.1454711914E+001    0.2570800781E-001
 0.8787879    0.1470605469E+001    0.2880859375E-001
 0.8888889    0.1469799805E+001    0.2631835938E-001
 0.8989899    0.1478808594E+001    0.4414062500E-001
 0.9090909    0.1461450195E+001    0.2395019531E-001
 0.9191919    0.1464794922E+001    0.2724609375E-001
 0.9292929    0.1462451172E+001    0.3413085938E-001
 0.9393939    0.1470776367E+001    0.3266601563E-001
 0.9494949    0.1498144531E+001    0.5895996094E-001
 0.9595960    0.1456591797E+001    0.2619628906E-001
 0.9696970    0.1484936523E+001    0.5241699219E-001
 0.9797980    0.1444531250E+001    0.2683105469E-001
 0.9898990    0.1498437500E+001    0.6689453125E-001
 1.0000000    0.1473803711E+001    0.5629882813E-001


# Weightfunction after cycle      31625
 0.0000000    0.1748944092E+001    0.3768554688E+000
 0.0101010    0.1731335449E+001    0.3792480469E+000
 0.0202020    0.1725671387E+001    0.3402770996E+000
 0.0303030    0.1767712402E+001    0.3923706055E+000
 0.0404040    0.1821289063E+001    0.4072082520E+000
 0.0505051    0.1837145996E+001    0.3966125488E+000
 0.0606061    0.1904266357E+001    0.4075195313E+000
 0.0707071    0.1963781738E+001    0.4160217285E+000
 0.0808081    0.2032861328E+001    0.4172241211E+000
 0.0909091    0.2094921875E+001    0.4177185059E+000
 0.1010101    0.2191741943E+001    0.4482971191E+000
 0.1111111    0.2241033936E+001    0.4186096191E+000
 0.1212121    0.2284796143E+001    0.3975830078E+000
 0.1313131    0.2383172607E+001    0.4419494629E+000
 0.1414141    0.2444219971E+001    0.4383850098E+000
 0.1515152    0.2539715576E+001    0.4272521973E+000
 0.1616162    0.2559979248E+001    0.4513305664E+000
 0.1717172    0.2597021484E+001    0.4363525391E+000
 0.1818182    0.2661810303E+001    0.4264526367E+000
 0.1919192    0.2648144531E+001    0.4309997559E+000
 0.2020202    0.2653210449E+001    0.4143310547E+000
 0.2121212    0.2667407227E+001    0.4059020996E+000
 0.2222222    0.2630718994E+001    0.4085815430E+000
 0.2323232    0.2623083496E+001    0.3779235840E+000
 0.2424242    0.2638458252E+001    0.4090881348E+000
 0.2525253    0.2605230713E+001    0.3594299316E+000
 0.2626263    0.2574468994E+001    0.3221862793E+000
 0.2727273    0.2574389648E+001    0.3538208008E+000
 0.2828283    0.2528900146E+001    0.3455749512E+000
 0.2929293    0.2478369141E+001    0.3483337402E+000
 0.3030303    0.2439678955E+001    0.3219238281E+000
 0.3131313    0.2434356689E+001    0.2773925781E+000
 0.3232323    0.2372985840E+001    0.2746765137E+000
 0.3333333    0.2347949219E+001    0.2832397461E+000
 0.3434343    0.2280712891E+001    0.2528259277E+000
 0.3535354    0.2227844238E+001    0.2262207031E+000
 0.3636364    0.2215966797E+001    0.2504394531E+000
 0.3737374    0.2172204590E+001    0.2196960449E+000
 0.3838384    0.2097991943E+001    0.2164306641E+000
 0.3939394    0.2040435791E+001    0.2105346680E+000
 0.4040404    0.2002484131E+001    0.1719177246E+000
 0.4141414    0.1962139893E+001    0.1682495117E+000
 0.4242424    0.1896386719E+001    0.1738708496E+000
 0.4343434    0.1847497559E+001    0.1439758301E+000
 0.4444444    0.1813311768E+001    0.1047790527E+000
 0.4545455    0.1736389160E+001    0.1013427734E+000
 0.4646465    0.1673284912E+001    0.7209472656E-001
 0.4747475    0.1657489014E+001    0.7744140625E-001
 0.4848485    0.1556835938E+001    0.4306640625E-001
 0.4949495    0.1497094727E+001    0.5049438477E-001
 0.5050505    0.1509112549E+001    0.2673950195E-001
 0.5151515    0.1482275391E+001    0.2662353516E-001
 0.5252525    0.1472534180E+001    0.4210205078E-001
 0.5353535    0.1484045410E+001    0.4322509766E-001
 0.5454545    0.1460968018E+001    0.3754882813E-001
 0.5555556    0.1463916016E+001    0.6414794922E-002
 0.5656566    0.1481066895E+001    0.1670532227E-001
 0.5757576    0.1449194336E+001    0.1022949219E-001
 0.5858586    0.1480969238E+001    0.6652832031E-002
 0.5959596    0.1470886230E+001    0.2236938477E-001
 0.6060606    0.1497924805E+001    0.4960327148E-001
 0.6161616    0.1457250977E+001    0.3956909180E-001
 0.6262626    0.1485705566E+001    0.3739013672E-001
 0.6363636    0.1446917725E+001    0.9484863281E-002
 0.6464646    0.1469909668E+001    0.5467529297E-001
 0.6565657    0.1488275146E+001    0.9906005859E-002
 0.6666667    0.1470385742E+001    0.3875732422E-002
 0.6767677    0.1478790283E+001    0.4325561523E-001
 0.6868687    0.1462390137E+001    0.0000000000E+000
 0.6969697    0.1473358154E+001    0.2781982422E-001
 0.7070707    0.1481994629E+001    0.4572143555E-001
 0.7171717    0.1459881592E+001    0.9832763672E-002
 0.7272727    0.1464239502E+001    0.1768798828E-001
 0.7373737    0.1482391357E+001    0.3758544922E-001
 0.7474747    0.1469488525E+001    0.2090454102E-001
 0.7575758    0.1472454834E+001    0.2154541016E-001
 0.7676768    0.1474511719E+001    0.3544921875E-001
 0.7777778    0.1478173828E+001    0.1903076172E-001
 0.7878788    0.1465478516E+001    0.3046264648E-001
 0.7979798    0.1495257568E+001    0.4087524414E-001
 0.8080808    0.1478918457E+001    0.3279418945E-001
 0.8181818    0.1460968018E+001    0.2511596680E-001
 0.8282828    0.1493957520E+001    0.5634155273E-001
 0.8383838    0.1480145264E+001    0.3732910156E-001
 0.8484848    0.1458398438E+001    0.2031860352E-001
 0.8585859    0.1473101807E+001    0.2061157227E-001
 0.8686869    0.1459161377E+001    0.2221069336E-001
 0.8787879    0.1474902344E+001    0.2551269531E-001
 0.8888889    0.1473370361E+001    0.2348022461E-001
 0.8989899    0.1481335449E+001    0.3898925781E-001
 0.9090909    0.1464025879E+001    0.1818847656E-001
 0.9191919    0.1467053223E+001    0.2307128906E-001
 0.9292929    0.1466326904E+001    0.2869873047E-001
 0.9393939    0.1474438477E+001    0.2949218750E-001
 0.9494949    0.1498754883E+001    0.5157470703E-001
 0.9595960    0.1460931396E+001    0.2159423828E-001
 0.9696970    0.1487963867E+001    0.4631347656E-001
 0.9797980    0.1450183105E+001    0.2388916016E-001
 0.9898990    0.1498895264E+001    0.6016235352E-001
 1.0000000    0.1476391602E+001    0.4865722656E-001


# Weightfunction after cycle      39711
 0.0000000    0.1748741150E+001    0.3770965576E+000
 0.0101010    0.1731105042E+001    0.3788497925E+000
 0.0202020    0.1725547791E+001    0.3403427124E+000
 0.0303030    0.1767048645E+001    0.3916549683E+000
 0.0404040    0.1820574951E+001    0.4065597534E+000
 0.0505051    0.1837216187E+001    0.3967407227E+000
 0.0606061    0.1903486633E+001    0.4067474365E+000
 0.0707071    0.1963406372E+001    0.4157760620E+000
 0.0808081    0.2031636047E+001    0.4162826538E+000
 0.0909091    0.2093733215E+001    0.4171524048E+000
 0.1010101    0.2191123962E+001    0.4479537964E+000
 0.1111111    0.2240594482E+001    0.4187454224E+000
 0.1212121    0.2283813477E+001    0.3977096558E+000
 0.1313131    0.2382386780E+001    0.4420867920E+000
 0.1414141    0.2443055725E+001    0.4382492065E+000
 0.1515152    0.2537541199E+001    0.4271087646E+000
 0.1616162    0.2558499146E+001    0.4509323120E+000
 0.1717172    0.2595219421E+001    0.4358337402E+000
 0.1818182    0.2659936523E+001    0.4260055542E+000
 0.1919192    0.2646937561E+001    0.4309600830E+000
 0.2020202    0.2651484680E+001    0.4139907837E+000
 0.2121212    0.2665884399E+001    0.4051223755E+000
 0.2222222    0.2629237366E+001    0.4082565308E+000
 0.2323232    0.2621661377E+001    0.3775131226E+000
 0.2424242    0.2636721802E+001    0.4082901001E+000
 0.2525253    0.2603967285E+001    0.3593276978E+000
 0.2626263    0.2572912598E+001    0.3222305298E+000
 0.2727273    0.2573242187E+001    0.3536926270E+000
 0.2828283    0.2527340698E+001    0.3453399658E+000
 0.2929293    0.2476707458E+001    0.3476882935E+000
 0.3030303    0.2438356018E+001    0.3212432861E+000
 0.3131313    0.2432218933E+001    0.2772140503E+000
 0.3232323    0.2371862793E+001    0.2743179321E+000
 0.3333333    0.2345860291E+001    0.2823364258E+000
 0.3434343    0.2279505920E+001    0.2528060913E+000
 0.3535354    0.2226304626E+001    0.2261291504E+000
 0.3636364    0.2214416504E+001    0.2497161865E+000
 0.3737374    0.2170155334E+001    0.2196273804E+000
 0.3838384    0.2096046448E+001    0.2155761719E+000
 0.3939394    0.2038973999E+001    0.2097686768E+000
 0.4040404    0.2000692749E+001    0.1721282959E+000
 0.4141414    0.1961068726E+001    0.1673919678E+000
 0.4242424    0.1894454956E+001    0.1727081299E+000
 0.4343434    0.1845890808E+001    0.1435562134E+000
 0.4444444    0.1811451721E+001    0.1042694092E+000
 0.4545455    0.1734857178E+001    0.1009902954E+000
 0.4646465    0.1671780396E+001    0.7171173096E-001
 0.4747475    0.1655609131E+001    0.7682952881E-001
 0.4848485    0.1555334473E+001    0.4281616211E-001
 0.4949495    0.1495886230E+001    0.4980621338E-001
 0.5050505    0.1507362366E+001    0.2598419189E-001
 0.5151515    0.1480586243E+001    0.2617034912E-001
 0.5252525    0.1470983887E+001    0.4141387939E-001
 0.5353535    0.1482830811E+001    0.4234161377E-001
 0.5454545    0.1459918213E+001    0.3668212891E-001
 0.5555556    0.1462713623E+001    0.5995178223E-002
 0.5656566    0.1479408264E+001    0.1600952148E-001
 0.5757576    0.1447880554E+001    0.1007843018E-001
 0.5858586    0.1479205322E+001    0.6733703613E-002
 0.5959596    0.1469105530E+001    0.2212066650E-001
 0.6060606    0.1495733643E+001    0.4856567383E-001
 0.6161616    0.1455833435E+001    0.3917999268E-001
 0.6262626    0.1484315491E+001    0.3713378906E-001
 0.6363636    0.1445426941E+001    0.9567260742E-002
 0.6464646    0.1467980957E+001    0.5366210938E-001
 0.6565657    0.1486595154E+001    0.9841918945E-002
 0.6666667    0.1468888855E+001    0.4324340820E-002
 0.6767677    0.1477055359E+001    0.4221801758E-001
 0.6868687    0.1460815430E+001    0.0000000000E+000
 0.6969697    0.1471760559E+001    0.2745361328E-001
 0.7070707    0.1480589294E+001    0.4556732178E-001
 0.7171717    0.1458654785E+001    0.9707641602E-002
 0.7272727    0.1462673950E+001    0.1705780029E-001
 0.7373737    0.1480953979E+001    0.3731384277E-001
 0.7474747    0.1468275452E+001    0.2084350586E-001
 0.7575758    0.1470684814E+001    0.2096710205E-001
 0.7676768    0.1473057556E+001    0.3520965576E-001
 0.7777778    0.1476608276E+001    0.1879730225E-001
 0.7878788    0.1463923645E+001    0.2980194092E-001
 0.7979798    0.1493099976E+001    0.4021301270E-001
 0.8080808    0.1477284241E+001    0.3231811523E-001
 0.8181818    0.1459585571E+001    0.2476043701E-001
 0.8282828    0.1491914368E+001    0.5552825928E-001
 0.8383838    0.1478598022E+001    0.3681030273E-001
 0.8484848    0.1457470703E+001    0.2037658691E-001
 0.8585859    0.1471636963E+001    0.2057800293E-001
 0.8686869    0.1457818604E+001    0.2210388184E-001
 0.8787879    0.1473484802E+001    0.2526855469E-001
 0.8888889    0.1472224426E+001    0.2359924316E-001
 0.8989899    0.1479719543E+001    0.3866577148E-001
 0.9090909    0.1462881470E+001    0.1817474365E-001
 0.9191919    0.1465541077E+001    0.2282409668E-001
 0.9292929    0.1464880371E+001    0.2841949463E-001
 0.9393939    0.1473463440E+001    0.2972259521E-001
 0.9494949    0.1496899414E+001    0.5065917969E-001
 0.9595960    0.1459451294E+001    0.2141113281E-001
 0.9696970    0.1485842896E+001    0.4536895752E-001
 0.9797980    0.1448712158E+001    0.2342376709E-001
 0.9898990    0.1497050476E+001    0.5968170166E-001
 1.0000000    0.1475314331E+001    0.4873657227E-001


