# Cycle, ((Average density(Ib,Tm), Tm=1,N_MolType), Ib=1,N_Box)
    100100   0.8213903614E+003   0.1124333012E+003   0.8682308088E+002   0.1167146561E+003
    100200   0.8237661468E+003   0.1104277829E+003   0.8461858738E+002   0.1140894795E+003
    100300   0.8246141841E+003   0.1093802607E+003   0.8277715946E+002   0.1117845565E+003
    100400   0.8248947722E+003   0.1081355934E+003   0.8167107831E+002   0.1105857717E+003
    100500   0.8282676178E+003   0.1063642086E+003   0.8343043085E+002   0.1134948977E+003
    100600   0.8316970621E+003   0.1069381090E+003   0.8410766366E+002   0.1146039082E+003
    100700   0.8346990492E+003   0.1078190284E+003   0.8359980492E+002   0.1139429022E+003
    100800   0.8362122140E+003   0.1093289015E+003   0.8390771494E+002   0.1140812047E+003
    100900   0.8372360127E+003   0.1098986249E+003   0.8473606667E+002   0.1153294687E+003
    101000   0.8374314920E+003   0.1102361782E+003   0.8512946102E+002   0.1159222547E+003
    101100   0.8377710366E+003   0.1107444122E+003   0.8513931191E+002   0.1159111856E+003
    101200   0.8380942139E+003   0.1108070232E+003   0.8514704531E+002   0.1159421612E+003
    101300   0.8378632839E+003   0.1107426717E+003   0.8512656491E+002   0.1159344039E+003
    101400   0.8383956518E+003   0.1107965060E+003   0.8514499911E+002   0.1159894799E+003
    101500   0.8384399804E+003   0.1113067123E+003   0.8497418769E+002   0.1156303874E+003
    101600   0.8384747826E+003   0.1123228749E+003   0.8447255669E+002   0.1146725701E+003
    101700   0.8386776120E+003   0.1131315013E+003   0.8393558402E+002   0.1138122577E+003
    101800   0.8395758850E+003   0.1143738835E+003   0.8373554922E+002   0.1133252177E+003
    101900   0.8410314088E+003   0.1151486224E+003   0.8395496928E+002   0.1133940078E+003
    102000   0.8422651835E+003   0.1153494903E+003   0.8415583721E+002   0.1136440970E+003
    102100   0.8431753102E+003   0.1155964548E+003   0.8401227837E+002   0.1133582926E+003
    102200   0.8437789270E+003   0.1157347072E+003   0.8410679890E+002   0.1133790667E+003
    102300   0.8447457733E+003   0.1157039381E+003   0.8444946374E+002   0.1137415365E+003
    102400   0.8457426726E+003   0.1155823729E+003   0.8439601967E+002   0.1136170358E+003
    102500   0.8464257389E+003   0.1150528277E+003   0.8461246249E+002   0.1138661254E+003
    102600   0.8470641902E+003   0.1150255131E+003   0.8495993827E+002   0.1141881270E+003
    102700   0.8474035528E+003   0.1150385944E+003   0.8512167475E+002   0.1142636925E+003
    102800   0.8472186899E+003   0.1150914681E+003   0.8521261495E+002   0.1142526958E+003
    102900   0.8474036299E+003   0.1152744326E+003   0.8541273052E+002   0.1143225997E+003
    103000   0.8474193906E+003   0.1154158770E+003   0.8560931141E+002   0.1143545931E+003
    103100   0.8483751296E+003   0.1155043778E+003   0.8584025732E+002   0.1144441533E+003
    103200   0.8493864948E+003   0.1154320814E+003   0.8580908992E+002   0.1143034627E+003
    103300   0.8508466997E+003   0.1151855552E+003   0.8590575294E+002   0.1144644950E+003
    103400   0.8524621008E+003   0.1150646553E+003   0.8604518303E+002   0.1146972697E+003
    103500   0.8535049817E+003   0.1145509338E+003   0.8577940729E+002   0.1144625190E+003
    103600   0.8549121523E+003   0.1140765406E+003   0.8535504042E+002   0.1140590984E+003
    103700   0.8560448497E+003   0.1134536504E+003   0.8515177882E+002   0.1139572797E+003
    103800   0.8573342652E+003   0.1127343273E+003   0.8499444012E+002   0.1139056443E+003
    103900   0.8583056222E+003   0.1124905997E+003   0.8496438953E+002   0.1139580759E+003
    104000   0.8589353502E+003   0.1124475840E+003   0.8506158818E+002   0.1141228593E+003
    104100   0.8589545716E+003   0.1123968670E+003   0.8507157745E+002   0.1141351027E+003
    104200   0.8596007110E+003   0.1121570069E+003   0.8515519491E+002   0.1143393344E+003
    104300   0.8608049686E+003   0.1115651887E+003   0.8508499094E+002   0.1144306061E+003
    104400   0.8617566557E+003   0.1110237245E+003   0.8505319117E+002   0.1145627801E+003
    104500   0.8623195198E+003   0.1106657384E+003   0.8493749913E+002   0.1144708412E+003
    104600   0.8628707336E+003   0.1105864766E+003   0.8493975837E+002   0.1144585507E+003
    104700   0.8636508017E+003   0.1106349729E+003   0.8501868922E+002   0.1145098793E+003
    104800   0.8642742977E+003   0.1107243118E+003   0.8504177084E+002   0.1144161252E+003
    104900   0.8648657281E+003   0.1109884969E+003   0.8500089849E+002   0.1142370276E+003
    105000   0.8656188298E+003   0.1109701549E+003   0.8490394058E+002   0.1140527496E+003
    105100   0.8665881062E+003   0.1107141540E+003   0.8497176023E+002   0.1141367196E+003
    105200   0.8672084871E+003   0.1103055460E+003   0.8519218574E+002   0.1144665678E+003
    105300   0.8677315866E+003   0.1100182067E+003   0.8531962858E+002   0.1146805223E+003
    105400   0.8681494029E+003   0.1097176326E+003   0.8530078573E+002   0.1147210567E+003
    105500   0.8682703082E+003   0.1095372934E+003   0.8525413309E+002   0.1147100700E+003
    105600   0.8687626555E+003   0.1092954430E+003   0.8519565554E+002   0.1147783491E+003
    105700   0.8692481129E+003   0.1091370629E+003   0.8528373672E+002   0.1150240407E+003
    105800   0.8698620028E+003   0.1087953774E+003   0.8526459152E+002   0.1151881439E+003
    105900   0.8702783271E+003   0.1086368368E+003   0.8520766525E+002   0.1152157053E+003
    106000   0.8712340270E+003   0.1085162844E+003   0.8515617891E+002   0.1152866739E+003
    106100   0.8720128700E+003   0.1083299433E+003   0.8503083791E+002   0.1152477566E+003
    106200   0.8728966430E+003   0.1080978768E+003   0.8481894343E+002   0.1151128881E+003
    106300   0.8734059810E+003   0.1078101396E+003   0.8465372418E+002   0.1150346835E+003
    106400   0.8737919562E+003   0.1075432712E+003   0.8452213774E+002   0.1150226252E+003
    106500   0.8743693783E+003   0.1072751216E+003   0.8439246473E+002   0.1150050030E+003
    106600   0.8749173151E+003   0.1071336866E+003   0.8428680145E+002   0.1149911373E+003
    106700   0.8754475098E+003   0.1068943701E+003   0.8408199802E+002   0.1149049381E+003
    106800   0.8760495718E+003   0.1067224840E+003   0.8402111404E+002   0.1150248955E+003
    106900   0.8763967192E+003   0.1065722822E+003   0.8391625236E+002   0.1150647539E+003
    107000   0.8765216445E+003   0.1066882859E+003   0.8381094563E+002   0.1149792059E+003
    107100   0.8765414953E+003   0.1068912022E+003   0.8370751720E+002   0.1148821860E+003
    107200   0.8765591618E+003   0.1071181489E+003   0.8365373130E+002   0.1148271807E+003
    107300   0.8766172102E+003   0.1071900399E+003   0.8366603892E+002   0.1148706836E+003
    107400   0.8765807380E+003   0.1072698777E+003   0.8361143906E+002   0.1148334398E+003
    107500   0.8764321104E+003   0.1074201814E+003   0.8365369779E+002   0.1148692482E+003
    107600   0.8762601186E+003   0.1075634468E+003   0.8367471924E+002   0.1148615720E+003
    107700   0.8760042834E+003   0.1076375333E+003   0.8366961064E+002   0.1148305740E+003
    107800   0.8755635004E+003   0.1078078246E+003   0.8361725066E+002   0.1147316554E+003
    107900   0.8754175960E+003   0.1080407729E+003   0.8361955086E+002   0.1147122671E+003
    108000   0.8755506269E+003   0.1082750623E+003   0.8355604120E+002   0.1146251343E+003
    108100   0.8755728303E+003   0.1084080494E+003   0.8353154659E+002   0.1146324965E+003
    108200   0.8754895413E+003   0.1084746429E+003   0.8350186771E+002   0.1146733713E+003
    108300   0.8753393695E+003   0.1085706626E+003   0.8344820645E+002   0.1146540930E+003
    108400   0.8750249097E+003   0.1086751347E+003   0.8342956002E+002   0.1146577124E+003
    108500   0.8746015407E+003   0.1088051157E+003   0.8340816218E+002   0.1146444255E+003
    108600   0.8742828862E+003   0.1090026416E+003   0.8346357101E+002   0.1147598158E+003
    108700   0.8739039752E+003   0.1092592100E+003   0.8343373410E+002   0.1147271236E+003
    108800   0.8735477340E+003   0.1094786193E+003   0.8343672199E+002   0.1147279224E+003
    108900   0.8732046469E+003   0.1097336817E+003   0.8344797282E+002   0.1147441133E+003
    109000   0.8729454559E+003   0.1098735765E+003   0.8340264081E+002   0.1146884022E+003
    109100   0.8725394743E+003   0.1099806967E+003   0.8332813318E+002   0.1146196580E+003
    109200   0.8722083072E+003   0.1100799184E+003   0.8326835963E+002   0.1145786687E+003
    109300   0.8718752089E+003   0.1101435431E+003   0.8324407824E+002   0.1145905095E+003
    109400   0.8715625852E+003   0.1103124853E+003   0.8324376327E+002   0.1145869586E+003
    109500   0.8711276114E+003   0.1105703019E+003   0.8325081123E+002   0.1145331428E+003
    109600   0.8706295550E+003   0.1107570925E+003   0.8334010810E+002   0.1145943099E+003
    109700   0.8701266734E+003   0.1108766434E+003   0.8337183234E+002   0.1146031420E+003
    109800   0.8696897884E+003   0.1109978495E+003   0.8340835799E+002   0.1146089353E+003
    109900   0.8690532041E+003   0.1111472473E+003   0.8339251881E+002   0.1145345771E+003
    110000   0.8684597666E+003   0.1113359757E+003   0.8339965879E+002   0.1144929927E+003
    110100   0.8677910500E+003   0.1114545973E+003   0.8346186062E+002   0.1145488146E+003
    110200   0.8671196676E+003   0.1115822140E+003   0.8347545755E+002   0.1145434153E+003
    110300   0.8664464385E+003   0.1116335170E+003   0.8339681366E+002   0.1144561295E+003
    110400   0.8657625406E+003   0.1116400203E+003   0.8337271900E+002   0.1144427318E+003
    110500   0.8650721179E+003   0.1116876856E+003   0.8337845218E+002   0.1144704735E+003
    110600   0.8644763564E+003   0.1117526731E+003   0.8347652340E+002   0.1146260880E+003
    110700   0.8642706986E+003   0.1118859196E+003   0.8351276513E+002   0.1147177119E+003
    110800   0.8641362578E+003   0.1120500320E+003   0.8354069116E+002   0.1148017291E+003
    110900   0.8637806401E+003   0.1122243072E+003   0.8353713958E+002   0.1147950282E+003
    111000   0.8635770884E+003   0.1123850591E+003   0.8352118556E+002   0.1147836164E+003
    111100   0.8634712377E+003   0.1125128782E+003   0.8350398220E+002   0.1148224523E+003
    111200   0.8632794438E+003   0.1126234639E+003   0.8345306685E+002   0.1147837214E+003
    111300   0.8631226672E+003   0.1127320074E+003   0.8343264272E+002   0.1148061560E+003
    111400   0.8630363426E+003   0.1128775921E+003   0.8342894475E+002   0.1148701858E+003
    111500   0.8628179283E+003   0.1130370158E+003   0.8343643338E+002   0.1149279137E+003
    111600   0.8627328030E+003   0.1131627044E+003   0.8340242164E+002   0.1149452365E+003
    111700   0.8627224735E+003   0.1133154051E+003   0.8333786361E+002   0.1149673132E+003
    111800   0.8627576881E+003   0.1134568418E+003   0.8332083251E+002   0.1150711712E+003
    111900   0.8626086449E+003   0.1135027891E+003   0.8323840656E+002   0.1151130579E+003
    112000   0.8625069469E+003   0.1135726236E+003   0.8320765962E+002   0.1151447032E+003
    112100   0.8624565883E+003   0.1137323789E+003   0.8313940873E+002   0.1151482678E+003
    112200   0.8623088223E+003   0.1138404816E+003   0.8309425405E+002   0.1151624146E+003
    112300   0.8620284351E+003   0.1139081501E+003   0.8307014190E+002   0.1152293137E+003
    112400   0.8619212606E+003   0.1139294337E+003   0.8303740387E+002   0.1152737115E+003
    112500   0.8618458861E+003   0.1139660045E+003   0.8296630926E+002   0.1152993894E+003
    112600   0.8617211137E+003   0.1141041029E+003   0.8289911487E+002   0.1152900191E+003
    112700   0.8616171241E+003   0.1142142572E+003   0.8278277956E+002   0.1152418603E+003
    112800   0.8616037635E+003   0.1143320078E+003   0.8267815897E+002   0.1152156577E+003
    112900   0.8615888113E+003   0.1144553013E+003   0.8261019273E+002   0.1152627097E+003
    113000   0.8615110665E+003   0.1145369482E+003   0.8258144222E+002   0.1153176085E+003
    113100   0.8614387755E+003   0.1145508802E+003   0.8252233234E+002   0.1153706574E+003
    113200   0.8613512825E+003   0.1145352763E+003   0.8241376766E+002   0.1153631707E+003
    113300   0.8611687355E+003   0.1145023847E+003   0.8235216514E+002   0.1154078547E+003
    113400   0.8609854308E+003   0.1145831050E+003   0.8227143750E+002   0.1153846466E+003
    113500   0.8607768636E+003   0.1146426332E+003   0.8220980298E+002   0.1153876928E+003
    113600   0.8605684524E+003   0.1146899457E+003   0.8213739378E+002   0.1153764408E+003
    113700   0.8603740166E+003   0.1147147946E+003   0.8204194941E+002   0.1153575452E+003
    113800   0.8601811306E+003   0.1147592241E+003   0.8197035332E+002   0.1153819347E+003
    113900   0.8599542967E+003   0.1148433046E+003   0.8192059994E+002   0.1154126774E+003
    114000   0.8597668705E+003   0.1149360757E+003   0.8189157918E+002   0.1154901743E+003
    114100   0.8595882511E+003   0.1150108737E+003   0.8182237193E+002   0.1155213199E+003
    114200   0.8594472682E+003   0.1150831790E+003   0.8175687134E+002   0.1155429069E+003
    114300   0.8592818174E+003   0.1152256562E+003   0.8164720714E+002   0.1155257428E+003
    114400   0.8591134090E+003   0.1153300031E+003   0.8155612953E+002   0.1155087488E+003
    114500   0.8590343156E+003   0.1154167041E+003   0.8150619112E+002   0.1155372369E+003
    114600   0.8589271512E+003   0.1154892218E+003   0.8142623243E+002   0.1155985690E+003
    114700   0.8588215203E+003   0.1155575567E+003   0.8135577116E+002   0.1156647857E+003
    114800   0.8586653729E+003   0.1156153862E+003   0.8128278892E+002   0.1156912768E+003
    114900   0.8585090700E+003   0.1156616952E+003   0.8120666886E+002   0.1157204380E+003
    115000   0.8583927527E+003   0.1157188338E+003   0.8109507117E+002   0.1157464967E+003
    115100   0.8582758662E+003   0.1157461355E+003   0.8102203602E+002   0.1157503243E+003
    115200   0.8581446275E+003   0.1158459726E+003   0.8095224959E+002   0.1157634267E+003
    115300   0.8579909762E+003   0.1159392290E+003   0.8089316267E+002   0.1157659147E+003
    115400   0.8577608179E+003   0.1160202431E+003   0.8082658869E+002   0.1157731974E+003
    115500   0.8574890160E+003   0.1161174151E+003   0.8076228538E+002   0.1158109730E+003
    115600   0.8573390377E+003   0.1162513481E+003   0.8071126739E+002   0.1158757691E+003
    115700   0.8572698090E+003   0.1163240076E+003   0.8068563935E+002   0.1159358965E+003
    115800   0.8571904925E+003   0.1164544607E+003   0.8062307954E+002   0.1160113329E+003
    115900   0.8572300963E+003   0.1165410878E+003   0.8057020408E+002   0.1160475039E+003
    116000   0.8572367484E+003   0.1165847938E+003   0.8051407415E+002   0.1160693945E+003
    116100   0.8571958110E+003   0.1166384585E+003   0.8044227042E+002   0.1160639438E+003
    116200   0.8571365775E+003   0.1166813995E+003   0.8039324527E+002   0.1160687986E+003
    116300   0.8571312346E+003   0.1167202577E+003   0.8032439033E+002   0.1160785897E+003
    116400   0.8571386342E+003   0.1167654974E+003   0.8025664346E+002   0.1160982421E+003
    116500   0.8571610584E+003   0.1168420484E+003   0.8024941053E+002   0.1161825038E+003
    116600   0.8571776454E+003   0.1169149685E+003   0.8021606390E+002   0.1162307085E+003
    116700   0.8571888803E+003   0.1170390049E+003   0.8017273558E+002   0.1162377637E+003
    116800   0.8572258888E+003   0.1171662290E+003   0.8013423503E+002   0.1162463813E+003
    116900   0.8572388170E+003   0.1173505157E+003   0.8009062385E+002   0.1162524498E+003
    117000   0.8572148003E+003   0.1174805349E+003   0.8006288517E+002   0.1162611237E+003
    117100   0.8570524458E+003   0.1176303570E+003   0.8006625136E+002   0.1162942168E+003
    117200   0.8569526593E+003   0.1178089400E+003   0.8002230206E+002   0.1162542749E+003
    117300   0.8568750090E+003   0.1179258690E+003   0.7998750165E+002   0.1162471358E+003
    117400   0.8567494106E+003   0.1180143791E+003   0.7997766718E+002   0.1162910165E+003
    117500   0.8567186025E+003   0.1181072671E+003   0.7994419428E+002   0.1163035111E+003
    117600   0.8566617079E+003   0.1181860705E+003   0.7990127441E+002   0.1163053387E+003
    117700   0.8566312482E+003   0.1182515068E+003   0.7986768526E+002   0.1163213974E+003
    117800   0.8565559133E+003   0.1182875202E+003   0.7982520509E+002   0.1163491773E+003
    117900   0.8564878925E+003   0.1182859328E+003   0.7975078878E+002   0.1163446521E+003
    118000   0.8565108221E+003   0.1182875618E+003   0.7970206982E+002   0.1163718807E+003
    118100   0.8566038494E+003   0.1183124378E+003   0.7964967838E+002   0.1163894434E+003
    118200   0.8566263420E+003   0.1183235426E+003   0.7959373578E+002   0.1163847774E+003
    118300   0.8566514132E+003   0.1183375730E+003   0.7953494790E+002   0.1163799068E+003
    118400   0.8567314759E+003   0.1183623817E+003   0.7944527137E+002   0.1163649285E+003
    118500   0.8568305596E+003   0.1183618428E+003   0.7936907110E+002   0.1163593153E+003
    118600   0.8569370451E+003   0.1183947090E+003   0.7929430597E+002   0.1163527394E+003
    118700   0.8569400494E+003   0.1184167179E+003   0.7920907008E+002   0.1163251577E+003
    118800   0.8569097755E+003   0.1184260692E+003   0.7914795502E+002   0.1163219077E+003
    118900   0.8567757975E+003   0.1184565141E+003   0.7908060704E+002   0.1163219435E+003
    119000   0.8565783866E+003   0.1184735405E+003   0.7902823020E+002   0.1163132910E+003
    119100   0.8564282340E+003   0.1185054186E+003   0.7897117044E+002   0.1162909516E+003
    119200   0.8562998450E+003   0.1185958358E+003   0.7892371416E+002   0.1162810620E+003
    119300   0.8561081199E+003   0.1186528269E+003   0.7890427984E+002   0.1163028727E+003
    119400   0.8559581616E+003   0.1187419646E+003   0.7885192314E+002   0.1162878244E+003
    119500   0.8558064681E+003   0.1188197909E+003   0.7881481957E+002   0.1162869930E+003
    119600   0.8556820130E+003   0.1188765895E+003   0.7880183075E+002   0.1162989951E+003
    119700   0.8555081900E+003   0.1189813835E+003   0.7878673314E+002   0.1162917138E+003
    119800   0.8553634583E+003   0.1190841132E+003   0.7875519420E+002   0.1162770998E+003
    119900   0.8552310836E+003   0.1191712845E+003   0.7873401050E+002   0.1162868679E+003
    120000   0.8550090744E+003   0.1192851363E+003   0.7869381129E+002   0.1162430512E+003
    120100   0.8547136271E+003   0.1194060330E+003   0.7868757189E+002   0.1162385413E+003
    120200   0.8545267059E+003   0.1194779421E+003   0.7868306764E+002   0.1162264216E+003
    120300   0.8541852332E+003   0.1195488906E+003   0.7866707754E+002   0.1162040986E+003
    120400   0.8539714914E+003   0.1196462542E+003   0.7866726868E+002   0.1161949705E+003
    120500   0.8538056807E+003   0.1197304694E+003   0.7866618176E+002   0.1161838795E+003
    120600   0.8536081853E+003   0.1197847354E+003   0.7866176510E+002   0.1161677880E+003
    120700   0.8534106819E+003   0.1198363797E+003   0.7864128108E+002   0.1161320296E+003
    120800   0.8531146011E+003   0.1199036177E+003   0.7864384662E+002   0.1161139844E+003
    120900   0.8529235195E+003   0.1199389557E+003   0.7864159951E+002   0.1161093959E+003
    121000   0.8527074016E+003   0.1199268557E+003   0.7862093402E+002   0.1160844307E+003
    121100   0.8526036993E+003   0.1199193372E+003   0.7861720649E+002   0.1160901928E+003
    121200   0.8525740480E+003   0.1198822885E+003   0.7860797596E+002   0.1161157184E+003
    121300   0.8526472887E+003   0.1198518564E+003   0.7857110094E+002   0.1161183164E+003
    121400   0.8528554069E+003   0.1198548958E+003   0.7853424945E+002   0.1161117378E+003
    121500   0.8529495047E+003   0.1198412641E+003   0.7848501789E+002   0.1160905613E+003
    121600   0.8528955050E+003   0.1198326465E+003   0.7846202362E+002   0.1160899646E+003
    121700   0.8528708614E+003   0.1198117434E+003   0.7843246512E+002   0.1160924317E+003
    121800   0.8528843296E+003   0.1197690030E+003   0.7842513296E+002   0.1161264861E+003
    121900   0.8530354746E+003   0.1197259515E+003   0.7841682657E+002   0.1161756060E+003
    122000   0.8532055255E+003   0.1196934567E+003   0.7839509612E+002   0.1161903155E+003
    122100   0.8533181711E+003   0.1196364209E+003   0.7835617745E+002   0.1161851760E+003
    122200   0.8534757121E+003   0.1195026896E+003   0.7831734324E+002   0.1162098734E+003
    122300   0.8536855136E+003   0.1193706267E+003   0.7825048778E+002   0.1162042748E+003
    122400   0.8539688315E+003   0.1192947641E+003   0.7821530441E+002   0.1162238713E+003
    122500   0.8541259238E+003   0.1192465048E+003   0.7819328889E+002   0.1162409811E+003
    122600   0.8542532905E+003   0.1192221742E+003   0.7816305976E+002   0.1162386821E+003
    122700   0.8543374165E+003   0.1192116350E+003   0.7814080068E+002   0.1162292085E+003
    122800   0.8544219775E+003   0.1191921577E+003   0.7812120648E+002   0.1162245213E+003
    122900   0.8545363635E+003   0.1191759626E+003   0.7809296024E+002   0.1162056375E+003
    123000   0.8546334969E+003   0.1191832735E+003   0.7807368183E+002   0.1161895530E+003
    123100   0.8547533941E+003   0.1192007512E+003   0.7805223735E+002   0.1161597921E+003
    123200   0.8548624179E+003   0.1192252510E+003   0.7805069645E+002   0.1161442092E+003
    123300   0.8549931738E+003   0.1192674771E+003   0.7805156588E+002   0.1161235543E+003
    123400   0.8551152008E+003   0.1193022583E+003   0.7807213793E+002   0.1161211904E+003
    123500   0.8551825595E+003   0.1193120671E+003   0.7811519902E+002   0.1161535145E+003
    123600   0.8552182398E+003   0.1193037948E+003   0.7813478287E+002   0.1161607071E+003
    123700   0.8552229256E+003   0.1193365789E+003   0.7813788728E+002   0.1161260352E+003
    123800   0.8551814650E+003   0.1193794818E+003   0.7813648609E+002   0.1160712847E+003
    123900   0.8551635142E+003   0.1194442505E+003   0.7813134104E+002   0.1160163741E+003
    124000   0.8551656122E+003   0.1194934069E+003   0.7814710993E+002   0.1160005431E+003
    124100   0.8551368725E+003   0.1195026792E+003   0.7816156028E+002   0.1159865037E+003
    124200   0.8551108640E+003   0.1194939502E+003   0.7816587086E+002   0.1159677804E+003
    124300   0.8549520726E+003   0.1194910462E+003   0.7819249524E+002   0.1159774817E+003
    124400   0.8548216388E+003   0.1195074567E+003   0.7821637458E+002   0.1159775579E+003
    124500   0.8546288770E+003   0.1195208155E+003   0.7821790337E+002   0.1159525560E+003
    124600   0.8543979922E+003   0.1195025470E+003   0.7823093136E+002   0.1159485424E+003
    124700   0.8542527186E+003   0.1194898067E+003   0.7822744366E+002   0.1159260069E+003
    124800   0.8541399503E+003   0.1194996592E+003   0.7823372791E+002   0.1159050880E+003
    124900   0.8540297301E+003   0.1194958969E+003   0.7823977467E+002   0.1158924430E+003
    125000   0.8538740444E+003   0.1195005763E+003   0.7824228610E+002   0.1158701628E+003
    125100   0.8536850819E+003   0.1195108223E+003   0.7824292804E+002   0.1158404706E+003
    125200   0.8534840170E+003   0.1195506350E+003   0.7826309149E+002   0.1158427341E+003
    125300   0.8533197803E+003   0.1196026887E+003   0.7829949994E+002   0.1158719018E+003
    125400   0.8531703508E+003   0.1196721722E+003   0.7834682293E+002   0.1159090231E+003
    125500   0.8529979884E+003   0.1197336674E+003   0.7836884955E+002   0.1159072920E+003
    125600   0.8528163806E+003   0.1197975740E+003   0.7841377094E+002   0.1159334118E+003
    125700   0.8526783456E+003   0.1199019685E+003   0.7843883305E+002   0.1159274127E+003
    125800   0.8525981557E+003   0.1200569018E+003   0.7844887671E+002   0.1158918693E+003
    125900   0.8524936707E+003   0.1201453635E+003   0.7846727352E+002   0.1158821809E+003
    126000   0.8523013449E+003   0.1202284620E+003   0.7849804981E+002   0.1158756392E+003
    126100   0.8521200079E+003   0.1203293482E+003   0.7853279858E+002   0.1158641470E+003
    126200   0.8519124207E+003   0.1204010646E+003   0.7857706340E+002   0.1158684802E+003
    126300   0.8517204394E+003   0.1204080259E+003   0.7861958476E+002   0.1158926402E+003
    126400   0.8516027173E+003   0.1204525916E+003   0.7866520294E+002   0.1159171761E+003
    126500   0.8514610212E+003   0.1205090359E+003   0.7868110304E+002   0.1159022924E+003
    126600   0.8513538794E+003   0.1205844879E+003   0.7869668361E+002   0.1158819441E+003
    126700   0.8513001045E+003   0.1206318674E+003   0.7872066312E+002   0.1158885931E+003
    126800   0.8512759236E+003   0.1207222849E+003   0.7874224970E+002   0.1158749124E+003
    126900   0.8512169503E+003   0.1208248748E+003   0.7876797075E+002   0.1158623427E+003
    127000   0.8511015893E+003   0.1208766714E+003   0.7877918346E+002   0.1158427766E+003
    127100   0.8509947776E+003   0.1209126429E+003   0.7879392632E+002   0.1158272272E+003
    127200   0.8509363646E+003   0.1209173322E+003   0.7879852871E+002   0.1158006685E+003
    127300   0.8509037091E+003   0.1208640266E+003   0.7879423547E+002   0.1157804764E+003
    127400   0.8508929604E+003   0.1208156064E+003   0.7881981885E+002   0.1157999806E+003
    127500   0.8508992190E+003   0.1207723406E+003   0.7883382613E+002   0.1157856710E+003
    127600   0.8508503739E+003   0.1207361338E+003   0.7884104386E+002   0.1157652109E+003
    127700   0.8508525198E+003   0.1207104539E+003   0.7885271890E+002   0.1157458718E+003
    127800   0.8508197795E+003   0.1207059512E+003   0.7888198563E+002   0.1157519849E+003
    127900   0.8507646343E+003   0.1207224159E+003   0.7890896180E+002   0.1157521676E+003
    128000   0.8506824105E+003   0.1207231231E+003   0.7890512993E+002   0.1157153114E+003
    128100   0.8506503609E+003   0.1207194661E+003   0.7892379328E+002   0.1157175844E+003
    128200   0.8506340569E+003   0.1207263385E+003   0.7893524554E+002   0.1157077462E+003
    128300   0.8506494411E+003   0.1206957793E+003   0.7894269188E+002   0.1157016344E+003
    128400   0.8506688889E+003   0.1206848624E+003   0.7894965093E+002   0.1156993222E+003
    128500   0.8507303996E+003   0.1206787715E+003   0.7895134150E+002   0.1156909045E+003
    128600   0.8507498197E+003   0.1206362070E+003   0.7894094246E+002   0.1156782190E+003
    128700   0.8507423043E+003   0.1205547722E+003   0.7895877149E+002   0.1157235999E+003
    128800   0.8506882210E+003   0.1204558111E+003   0.7894139847E+002   0.1157144147E+003
    128900   0.8506218613E+003   0.1204373744E+003   0.7894549397E+002   0.1157195033E+003
    129000   0.8504955895E+003   0.1204168041E+003   0.7895887169E+002   0.1157225997E+003
    129100   0.8503887641E+003   0.1204239620E+003   0.7898788263E+002   0.1157290193E+003
    129200   0.8503375137E+003   0.1204129703E+003   0.7900295464E+002   0.1157341168E+003
    129300   0.8503471992E+003   0.1203915096E+003   0.7899293468E+002   0.1157143900E+003
    129400   0.8503487401E+003   0.1203773750E+003   0.7898603894E+002   0.1157058154E+003
    129500   0.8503515900E+003   0.1203736006E+003   0.7896430363E+002   0.1156748771E+003
    129600   0.8504033638E+003   0.1203626731E+003   0.7895929944E+002   0.1156773995E+003
    129700   0.8504662255E+003   0.1203210826E+003   0.7896746310E+002   0.1157114993E+003
    129800   0.8505279153E+003   0.1202926651E+003   0.7895385628E+002   0.1157026791E+003
    129900   0.8505609852E+003   0.1202694910E+003   0.7893126255E+002   0.1156781258E+003
    130000   0.8506340671E+003   0.1202461232E+003   0.7890633165E+002   0.1156513383E+003
    130100   0.8507421918E+003   0.1202140729E+003   0.7889371903E+002   0.1156447637E+003
    130200   0.8508422936E+003   0.1201532652E+003   0.7888442068E+002   0.1156497199E+003
    130300   0.8509131247E+003   0.1200636960E+003   0.7886150615E+002   0.1156354261E+003
    130400   0.8509624523E+003   0.1199935398E+003   0.7884829330E+002   0.1156322937E+003
    130500   0.8509651226E+003   0.1199445358E+003   0.7885234805E+002   0.1156570489E+003
    130600   0.8509405505E+003   0.1198944243E+003   0.7884914733E+002   0.1156607693E+003
    130700   0.8509135357E+003   0.1198473165E+003   0.7884585766E+002   0.1156558871E+003
    130800   0.8509257638E+003   0.1198139157E+003   0.7882188442E+002   0.1156259099E+003
    130900   0.8510262503E+003   0.1197927109E+003   0.7879960376E+002   0.1156036508E+003
    131000   0.8511662887E+003   0.1197737464E+003   0.7877176669E+002   0.1155784296E+003
    131100   0.8512462803E+003   0.1197617901E+003   0.7876044352E+002   0.1155679251E+003
    131200   0.8512799786E+003   0.1197369728E+003   0.7876301886E+002   0.1155713563E+003
    131300   0.8513312096E+003   0.1196817328E+003   0.7875944109E+002   0.1155713834E+003
    131400   0.8513780431E+003   0.1196600360E+003   0.7874602834E+002   0.1155549321E+003
    131500   0.8514566268E+003   0.1196361220E+003   0.7873568736E+002   0.1155490101E+003
    131600   0.8515678107E+003   0.1196292545E+003   0.7870772039E+002   0.1155174262E+003
    131700   0.8516624043E+003   0.1196240696E+003   0.7869755684E+002   0.1155175438E+003
    131800   0.8517352638E+003   0.1196228085E+003   0.7867196239E+002   0.1154980431E+003
    131900   0.8518223056E+003   0.1196239745E+003   0.7863658215E+002   0.1154725666E+003
    132000   0.8519243853E+003   0.1196321118E+003   0.7861558784E+002   0.1154680665E+003
    132100   0.8520457108E+003   0.1196440697E+003   0.7858826466E+002   0.1154653391E+003
    132200   0.8521376595E+003   0.1196522544E+003   0.7856199602E+002   0.1154674386E+003
    132300   0.8522274866E+003   0.1196652463E+003   0.7853342260E+002   0.1154584001E+003
    132400   0.8523031234E+003   0.1196747431E+003   0.7852724119E+002   0.1154737720E+003
    132500   0.8523758116E+003   0.1196799982E+003   0.7851566536E+002   0.1154844661E+003
    132600   0.8523943096E+003   0.1196753619E+003   0.7848521853E+002   0.1154652852E+003
    132700   0.8523791535E+003   0.1196569066E+003   0.7847261725E+002   0.1154778116E+003
    132800   0.8523798117E+003   0.1196553754E+003   0.7846035930E+002   0.1154863503E+003
    132900   0.8524107081E+003   0.1196678538E+003   0.7845728505E+002   0.1155003142E+003
    133000   0.8524346823E+003   0.1196663163E+003   0.7846313383E+002   0.1155235811E+003
    133100   0.8524965358E+003   0.1196932802E+003   0.7848466637E+002   0.1155581409E+003
    133200   0.8525513968E+003   0.1197108545E+003   0.7847537867E+002   0.1155589949E+003
    133300   0.8525888957E+003   0.1196949298E+003   0.7847058886E+002   0.1155812113E+003
    133400   0.8526141390E+003   0.1196726574E+003   0.7845498505E+002   0.1155913098E+003
    133500   0.8526573250E+003   0.1196683609E+003   0.7842953082E+002   0.1155834621E+003
    133600   0.8527122630E+003   0.1196645821E+003   0.7838855693E+002   0.1155597844E+003
    133700   0.8527029201E+003   0.1196542707E+003   0.7837026497E+002   0.1155521404E+003
    133800   0.8526887757E+003   0.1196500388E+003   0.7834750427E+002   0.1155340294E+003
    133900   0.8525979363E+003   0.1196593710E+003   0.7832801603E+002   0.1155171175E+003
    134000   0.8524946240E+003   0.1196888998E+003   0.7832406542E+002   0.1155080908E+003
    134100   0.8524226331E+003   0.1197095187E+003   0.7831620785E+002   0.1155032457E+003
    134200   0.8523539927E+003   0.1197364341E+003   0.7832263099E+002   0.1155151849E+003
    134300   0.8523100137E+003   0.1197771714E+003   0.7832148905E+002   0.1155189034E+003
    134400   0.8522506945E+003   0.1198338546E+003   0.7832444345E+002   0.1155269059E+003
    134500   0.8521976093E+003   0.1198623965E+003   0.7832295155E+002   0.1155373123E+003
    134600   0.8521825098E+003   0.1198657174E+003   0.7832113835E+002   0.1155528396E+003
    134700   0.8521482683E+003   0.1198807455E+003   0.7830400604E+002   0.1155449314E+003
    134800   0.8521386623E+003   0.1198990786E+003   0.7828842312E+002   0.1155365360E+003
    134900   0.8520700288E+003   0.1199221828E+003   0.7827074980E+002   0.1155219435E+003
    135000   0.8519872603E+003   0.1199663188E+003   0.7824699339E+002   0.1155014488E+003
    135100   0.8519289985E+003   0.1199927868E+003   0.7824103331E+002   0.1155117594E+003
    135200   0.8519210720E+003   0.1200042991E+003   0.7822740178E+002   0.1155208746E+003
    135300   0.8519376131E+003   0.1200020170E+003   0.7820115003E+002   0.1155241467E+003
    135400   0.8519935667E+003   0.1200110680E+003   0.7817792652E+002   0.1155291055E+003
    135500   0.8520886305E+003   0.1200361200E+003   0.7816161694E+002   0.1155270204E+003
    135600   0.8521475341E+003   0.1200613948E+003   0.7816523788E+002   0.1155489433E+003
    135700   0.8521542431E+003   0.1200687399E+003   0.7815597812E+002   0.1155455043E+003
    135800   0.8521549768E+003   0.1200675965E+003   0.7816339803E+002   0.1155703480E+003
    135900   0.8522068340E+003   0.1200604771E+003   0.7815056138E+002   0.1155698267E+003
    136000   0.8522368862E+003   0.1200482857E+003   0.7813382545E+002   0.1155574812E+003
    136100   0.8522843044E+003   0.1200330566E+003   0.7811473403E+002   0.1155437748E+003
    136200   0.8523491173E+003   0.1199890921E+003   0.7809302045E+002   0.1155356161E+003
    136300   0.8524071013E+003   0.1199231280E+003   0.7806893336E+002   0.1155261364E+003
    136400   0.8523358363E+003   0.1198499837E+003   0.7805292701E+002   0.1155221212E+003
    136500   0.8522765778E+003   0.1198083645E+003   0.7803731748E+002   0.1155097098E+003
    136600   0.8522425044E+003   0.1197907927E+003   0.7803040506E+002   0.1154978954E+003
    136700   0.8521867484E+003   0.1197751500E+003   0.7802434069E+002   0.1154895528E+003
    136800   0.8521773900E+003   0.1197788806E+003   0.7804166136E+002   0.1155040605E+003
    136900   0.8521745914E+003   0.1198057338E+003   0.7804970494E+002   0.1155016796E+003
    137000   0.8521776951E+003   0.1198171419E+003   0.7804877473E+002   0.1154903127E+003
    137100   0.8521569114E+003   0.1198093318E+003   0.7807546499E+002   0.1155112596E+003
    137200   0.8521208522E+003   0.1197988131E+003   0.7808479232E+002   0.1155132850E+003
    137300   0.8520988295E+003   0.1197885625E+003   0.7808388808E+002   0.1155041714E+003
    137400   0.8520688420E+003   0.1197499648E+003   0.7806750212E+002   0.1154881580E+003
    137500   0.8520894275E+003   0.1197245130E+003   0.7805889120E+002   0.1154839067E+003
    137600   0.8520627504E+003   0.1196934438E+003   0.7804932666E+002   0.1154814465E+003
    137700   0.8520129764E+003   0.1196487201E+003   0.7803025551E+002   0.1154657918E+003
    137800   0.8519706823E+003   0.1195859565E+003   0.7801153985E+002   0.1154611839E+003
    137900   0.8519777326E+003   0.1195424220E+003   0.7800271826E+002   0.1154706665E+003
    138000   0.8519772686E+003   0.1194903636E+003   0.7798734601E+002   0.1154703765E+003
    138100   0.8520068946E+003   0.1194486525E+003   0.7797311211E+002   0.1154751586E+003
    138200   0.8520655479E+003   0.1194194003E+003   0.7795913335E+002   0.1154770799E+003
    138300   0.8521333895E+003   0.1193877668E+003   0.7794578372E+002   0.1154824974E+003
    138400   0.8521645354E+003   0.1193727998E+003   0.7793991755E+002   0.1154825665E+003
    138500   0.8522424212E+003   0.1193650073E+003   0.7793061870E+002   0.1154817928E+003
    138600   0.8523286205E+003   0.1193649585E+003   0.7791896927E+002   0.1154751439E+003
    138700   0.8523825746E+003   0.1193635380E+003   0.7792294762E+002   0.1154843602E+003
    138800   0.8525200515E+003   0.1193484727E+003   0.7791540193E+002   0.1154830577E+003
    138900   0.8526196430E+003   0.1193347400E+003   0.7791873638E+002   0.1154944661E+003
    139000   0.8526931383E+003   0.1193226529E+003   0.7789333129E+002   0.1154602825E+003
    139100   0.8527344455E+003   0.1192939612E+003   0.7788407930E+002   0.1154523389E+003
    139200   0.8528220578E+003   0.1192606539E+003   0.7787444769E+002   0.1154498332E+003
    139300   0.8528952516E+003   0.1192333768E+003   0.7787023990E+002   0.1154497931E+003
    139400   0.8529329741E+003   0.1191820941E+003   0.7786479930E+002   0.1154569208E+003
    139500   0.8529836840E+003   0.1191647152E+003   0.7786298025E+002   0.1154687734E+003
    139600   0.8530534207E+003   0.1191646276E+003   0.7784880432E+002   0.1154658893E+003
    139700   0.8530906081E+003   0.1191585671E+003   0.7783133548E+002   0.1154595690E+003
    139800   0.8531372238E+003   0.1191622318E+003   0.7781429703E+002   0.1154525730E+003
    139900   0.8531602198E+003   0.1191656356E+003   0.7780942124E+002   0.1154596189E+003
    140000   0.8532080437E+003   0.1191525520E+003   0.7779539240E+002   0.1154636863E+003
    140100   0.8532534092E+003   0.1191311971E+003   0.7777774360E+002   0.1154617545E+003
    140200   0.8532895982E+003   0.1191322719E+003   0.7775647673E+002   0.1154532589E+003
    140300   0.8532949968E+003   0.1191278691E+003   0.7775664771E+002   0.1154689048E+003
    140400   0.8533434355E+003   0.1191431029E+003   0.7773739676E+002   0.1154505328E+003
    140500   0.8533333145E+003   0.1191327652E+003   0.7771049188E+002   0.1154203532E+003
    140600   0.8533090831E+003   0.1191108968E+003   0.7769515012E+002   0.1154070871E+003
    140700   0.8532818417E+003   0.1190896157E+003   0.7768289860E+002   0.1153985717E+003
    140800   0.8532548452E+003   0.1190693120E+003   0.7768178088E+002   0.1154035045E+003
    140900   0.8532498967E+003   0.1190494019E+003   0.7766871237E+002   0.1153939077E+003
    141000   0.8532526188E+003   0.1190236122E+003   0.7766308797E+002   0.1154035887E+003
    141100   0.8532458556E+003   0.1189886575E+003   0.7766749854E+002   0.1154280157E+003
    141200   0.8533236364E+003   0.1189444556E+003   0.7766479952E+002   0.1154511497E+003
    141300   0.8534339836E+003   0.1189009063E+003   0.7764576199E+002   0.1154570135E+003
    141400   0.8535554535E+003   0.1188813316E+003   0.7762864354E+002   0.1154560962E+003
    141500   0.8536693117E+003   0.1188613627E+003   0.7761389783E+002   0.1154569264E+003
    141600   0.8537513345E+003   0.1188527978E+003   0.7760875348E+002   0.1154695925E+003
    141700   0.8537895839E+003   0.1188474387E+003   0.7759660086E+002   0.1154652102E+003
    141800   0.8538109154E+003   0.1188385605E+003   0.7757602572E+002   0.1154416171E+003
    141900   0.8538443155E+003   0.1188245902E+003   0.7756653935E+002   0.1154357718E+003
    142000   0.8538533342E+003   0.1188207374E+003   0.7756227255E+002   0.1154247902E+003
    142100   0.8538721791E+003   0.1188234926E+003   0.7757018482E+002   0.1154300335E+003
    142200   0.8538903625E+003   0.1188339079E+003   0.7757669304E+002   0.1154291381E+003
    142300   0.8539180672E+003   0.1188544408E+003   0.7758139038E+002   0.1154255548E+003
    142400   0.8539189821E+003   0.1188632277E+003   0.7757956825E+002   0.1154128983E+003
    142500   0.8538975948E+003   0.1188628129E+003   0.7757660770E+002   0.1153936975E+003
    142600   0.8539158074E+003   0.1188510473E+003   0.7755912646E+002   0.1153631097E+003
    142700   0.8539447147E+003   0.1188468334E+003   0.7755920460E+002   0.1153586892E+003
    142800   0.8539735587E+003   0.1188328696E+003   0.7754952600E+002   0.1153428351E+003
    142900   0.8539669936E+003   0.1188337526E+003   0.7755009434E+002   0.1153345054E+003
    143000   0.8539625753E+003   0.1188440112E+003   0.7757074251E+002   0.1153486557E+003
    143100   0.8539614033E+003   0.1188535313E+003   0.7758227474E+002   0.1153482533E+003
    143200   0.8539486007E+003   0.1188599844E+003   0.7758467688E+002   0.1153364450E+003
    143300   0.8539318924E+003   0.1188939717E+003   0.7758429212E+002   0.1153134245E+003
    143400   0.8538854383E+003   0.1189391161E+003   0.7758543414E+002   0.1152894629E+003
    143500   0.8538133185E+003   0.1189929348E+003   0.7760512347E+002   0.1152820859E+003
    143600   0.8537297815E+003   0.1190277976E+003   0.7761212058E+002   0.1152686302E+003
    143700   0.8536186198E+003   0.1190641684E+003   0.7761368011E+002   0.1152445434E+003
    143800   0.8535218885E+003   0.1191120808E+003   0.7761009933E+002   0.1152097481E+003
    143900   0.8534277234E+003   0.1191702200E+003   0.7762732820E+002   0.1151986273E+003
    144000   0.8533626971E+003   0.1192059656E+003   0.7766865789E+002   0.1152300481E+003
    144100   0.8532850701E+003   0.1192386203E+003   0.7768877238E+002   0.1152317218E+003
    144200   0.8532251064E+003   0.1192455742E+003   0.7769688628E+002   0.1152284882E+003
    144300   0.8532002568E+003   0.1192544606E+003   0.7769099077E+002   0.1152122584E+003
    144400   0.8531598118E+003   0.1192625871E+003   0.7769459277E+002   0.1152099804E+003
    144500   0.8530877810E+003   0.1192716854E+003   0.7769874684E+002   0.1152090367E+003
    144600   0.8530594649E+003   0.1192808316E+003   0.7770289466E+002   0.1152155255E+003
    144700   0.8530629805E+003   0.1192914234E+003   0.7769154523E+002   0.1152019712E+003
    144800   0.8530707285E+003   0.1192932903E+003   0.7768803601E+002   0.1152008936E+003
    144900   0.8530672057E+003   0.1192890661E+003   0.7768483682E+002   0.1151994623E+003
    145000   0.8530491988E+003   0.1192661575E+003   0.7768380298E+002   0.1152091179E+003
    145100   0.8530425581E+003   0.1192474419E+003   0.7767835255E+002   0.1152134309E+003
    145200   0.8530886750E+003   0.1192379102E+003   0.7767636111E+002   0.1152247852E+003
    145300   0.8531155425E+003   0.1192207918E+003   0.7768497878E+002   0.1152551190E+003
    145400   0.8531498537E+003   0.1191926860E+003   0.7768363925E+002   0.1152745794E+003
    145500   0.8531867663E+003   0.1191791505E+003   0.7767242035E+002   0.1152728699E+003
    145600   0.8532022321E+003   0.1191630850E+003   0.7766740227E+002   0.1152774288E+003
    145700   0.8532159583E+003   0.1191648928E+003   0.7767999112E+002   0.1152903764E+003
    145800   0.8532001741E+003   0.1191521042E+003   0.7769402492E+002   0.1153053494E+003
    145900   0.8532140875E+003   0.1191398830E+003   0.7769479980E+002   0.1153068541E+003
    146000   0.8532139926E+003   0.1191169499E+003   0.7768953653E+002   0.1153023802E+003
    146100   0.8532080142E+003   0.1190997538E+003   0.7769730654E+002   0.1153109264E+003
    146200   0.8531634194E+003   0.1190819708E+003   0.7769917290E+002   0.1153101577E+003
    146300   0.8531176653E+003   0.1190512313E+003   0.7768499519E+002   0.1152898654E+003
    146400   0.8531236455E+003   0.1190321192E+003   0.7767697660E+002   0.1152827181E+003
    146500   0.8531302295E+003   0.1190212781E+003   0.7767865656E+002   0.1152895484E+003
    146600   0.8531278083E+003   0.1190152156E+003   0.7767416308E+002   0.1152867021E+003
    146700   0.8531104552E+003   0.1190093342E+003   0.7766853881E+002   0.1152767095E+003
    146800   0.8530588081E+003   0.1189759007E+003   0.7766970763E+002   0.1152780538E+003
    146900   0.8530359210E+003   0.1189554430E+003   0.7767006774E+002   0.1152750089E+003
    147000   0.8530453868E+003   0.1189496272E+003   0.7766959075E+002   0.1152766555E+003
    147100   0.8530478301E+003   0.1189585220E+003   0.7768175666E+002   0.1152918306E+003
    147200   0.8530464853E+003   0.1189574868E+003   0.7768483935E+002   0.1152954987E+003
    147300   0.8530255281E+003   0.1189217999E+003   0.7767579170E+002   0.1152886667E+003
    147400   0.8530073988E+003   0.1188804429E+003   0.7766867724E+002   0.1152848179E+003
    147500   0.8530045200E+003   0.1188569814E+003   0.7765760335E+002   0.1152717017E+003
    147600   0.8530243659E+003   0.1188390730E+003   0.7766100789E+002   0.1152780694E+003
    147700   0.8530485880E+003   0.1188090178E+003   0.7765593586E+002   0.1152724088E+003
    147800   0.8530600052E+003   0.1187907470E+003   0.7764431129E+002   0.1152566126E+003
    147900   0.8530648807E+003   0.1187807339E+003   0.7763473264E+002   0.1152419923E+003
    148000   0.8530694333E+003   0.1187835631E+003   0.7762888114E+002   0.1152282557E+003
    148100   0.8530439008E+003   0.1187909981E+003   0.7762983327E+002   0.1152188390E+003
    148200   0.8529816370E+003   0.1188073611E+003   0.7763506197E+002   0.1152112225E+003
    148300   0.8529174942E+003   0.1188201691E+003   0.7763418663E+002   0.1151979506E+003
    148400   0.8528325004E+003   0.1188500913E+003   0.7763855124E+002   0.1151860302E+003
    148500   0.8527618570E+003   0.1188952704E+003   0.7765726251E+002   0.1151854594E+003
    148600   0.8526491650E+003   0.1189644098E+003   0.7767932026E+002   0.1151772843E+003
    148700   0.8525690819E+003   0.1190230358E+003   0.7770112861E+002   0.1151721882E+003
    148800   0.8525338647E+003   0.1190998417E+003   0.7773203408E+002   0.1151743342E+003
    148900   0.8524847360E+003   0.1191758802E+003   0.7775397251E+002   0.1151612770E+003
    149000   0.8524288375E+003   0.1192379786E+003   0.7776278903E+002   0.1151357808E+003
    149100   0.8523688505E+003   0.1192778394E+003   0.7778350608E+002   0.1151359375E+003
    149200   0.8523053935E+003   0.1193085275E+003   0.7779510765E+002   0.1151259257E+003
    149300   0.8522398501E+003   0.1193339594E+003   0.7781169599E+002   0.1151221809E+003
    149400   0.8521587001E+003   0.1193688006E+003   0.7782650180E+002   0.1151052542E+003
    149500   0.8520386067E+003   0.1194080091E+003   0.7784701701E+002   0.1150898701E+003
    149600   0.8519511513E+003   0.1194289134E+003   0.7785441478E+002   0.1150705219E+003
    149700   0.8518896377E+003   0.1194334889E+003   0.7786058276E+002   0.1150562681E+003
    149800   0.8518316853E+003   0.1194277735E+003   0.7787480294E+002   0.1150512656E+003
    149900   0.8518132422E+003   0.1194298863E+003   0.7789400800E+002   0.1150462170E+003
    150000   0.8518158721E+003   0.1194305610E+003   0.7791758048E+002   0.1150569472E+003
    150100   0.8518245888E+003   0.1194405799E+003   0.7792705354E+002   0.1150427787E+003
    150200   0.8518524463E+003   0.1194495793E+003   0.7793164096E+002   0.1150226936E+003
    150300   0.8518663613E+003   0.1194269348E+003   0.7793893414E+002   0.1150189275E+003
    150400   0.8518924998E+003   0.1194242409E+003   0.7795466679E+002   0.1150206415E+003
    150500   0.8519516385E+003   0.1194264759E+003   0.7797674387E+002   0.1150331550E+003
    150600   0.8519856835E+003   0.1194191848E+003   0.7798286271E+002   0.1150268309E+003
    150700   0.8520098506E+003   0.1193902079E+003   0.7799272760E+002   0.1150230819E+003
    150800   0.8521084909E+003   0.1193513953E+003   0.7799753433E+002   0.1150117173E+003
    150900   0.8522132694E+003   0.1192825328E+003   0.7799945406E+002   0.1150010508E+003
    151000   0.8523098936E+003   0.1192116057E+003   0.7801131945E+002   0.1150033507E+003
    151100   0.8524692393E+003   0.1191419622E+003   0.7803035966E+002   0.1150129833E+003
    151200   0.8525859543E+003   0.1190892633E+003   0.7804066889E+002   0.1150054215E+003
    151300   0.8527241108E+003   0.1189932231E+003   0.7805259337E+002   0.1149983377E+003
    151400   0.8528250416E+003   0.1189164646E+003   0.7806398472E+002   0.1149967709E+003
    151500   0.8529213096E+003   0.1188505166E+003   0.7808415371E+002   0.1149992567E+003
    151600   0.8530457527E+003   0.1187932593E+003   0.7810307574E+002   0.1149981897E+003
    151700   0.8531473784E+003   0.1187146607E+003   0.7810201677E+002   0.1149774262E+003
    151800   0.8531755002E+003   0.1185995004E+003   0.7810182210E+002   0.1149545853E+003
    151900   0.8532165591E+003   0.1185166986E+003   0.7811599252E+002   0.1149597236E+003
    152000   0.8532185654E+003   0.1184475025E+003   0.7812397193E+002   0.1149490290E+003
    152100   0.8532256259E+003   0.1183737723E+003   0.7812596638E+002   0.1149338650E+003
    152200   0.8532422252E+003   0.1183216372E+003   0.7813581331E+002   0.1149339823E+003
    152300   0.8532555526E+003   0.1182567979E+003   0.7816737563E+002   0.1149528161E+003
    152400   0.8533472331E+003   0.1182065514E+003   0.7817533032E+002   0.1149491829E+003
    152500   0.8534543295E+003   0.1181512546E+003   0.7818322456E+002   0.1149412137E+003
    152600   0.8535205919E+003   0.1181092488E+003   0.7819106581E+002   0.1149331088E+003
    152700   0.8535957930E+003   0.1180454775E+003   0.7819037204E+002   0.1149183242E+003
    152800   0.8536610157E+003   0.1179684901E+003   0.7818334478E+002   0.1148983279E+003
    152900   0.8537724277E+003   0.1179046715E+003   0.7817997070E+002   0.1148820342E+003
    153000   0.8538512462E+003   0.1178441211E+003   0.7817648043E+002   0.1148714574E+003
    153100   0.8539552912E+003   0.1177776429E+003   0.7817043667E+002   0.1148628340E+003
    153200   0.8540702318E+003   0.1176863304E+003   0.7815995395E+002   0.1148535263E+003
    153300   0.8541858731E+003   0.1175848107E+003   0.7815395140E+002   0.1148509516E+003
    153400   0.8543387189E+003   0.1174876988E+003   0.7814568588E+002   0.1148526703E+003
    153500   0.8545086513E+003   0.1174064318E+003   0.7813553743E+002   0.1148453890E+003
    153600   0.8546736566E+003   0.1173556860E+003   0.7812827751E+002   0.1148339473E+003
    153700   0.8548693342E+003   0.1172907617E+003   0.7813874424E+002   0.1148480970E+003
    153800   0.8550380295E+003   0.1172263284E+003   0.7814012837E+002   0.1148480450E+003
    153900   0.8551258793E+003   0.1171680286E+003   0.7814063089E+002   0.1148479237E+003
    154000   0.8552128881E+003   0.1171232305E+003   0.7814274920E+002   0.1148450234E+003
    154100   0.8552739700E+003   0.1170803249E+003   0.7813851034E+002   0.1148282818E+003
    154200   0.8553367839E+003   0.1170453990E+003   0.7814220805E+002   0.1148152197E+003
    154300   0.8553988380E+003   0.1169961111E+003   0.7815949883E+002   0.1148181747E+003
    154400   0.8554669638E+003   0.1169571527E+003   0.7816036165E+002   0.1148026160E+003
    154500   0.8555882565E+003   0.1169114931E+003   0.7816469211E+002   0.1147863778E+003
    154600   0.8556859754E+003   0.1168630124E+003   0.7818053303E+002   0.1147931798E+003
    154700   0.8557611977E+003   0.1168077045E+003   0.7819844065E+002   0.1148018590E+003
    154800   0.8558431472E+003   0.1167509415E+003   0.7823339384E+002   0.1148233826E+003
    154900   0.8558818448E+003   0.1167134925E+003   0.7825445108E+002   0.1148151511E+003
    155000   0.8558980508E+003   0.1166749595E+003   0.7828084748E+002   0.1148086812E+003
    155100   0.8559113770E+003   0.1166310923E+003   0.7829619407E+002   0.1147914324E+003
    155200   0.8559197793E+003   0.1165910520E+003   0.7832045170E+002   0.1147922060E+003
    155300   0.8559047713E+003   0.1165740540E+003   0.7833853093E+002   0.1147782873E+003
    155400   0.8558899548E+003   0.1165775297E+003   0.7835451670E+002   0.1147634676E+003
    155500   0.8559107515E+003   0.1165885793E+003   0.7837184622E+002   0.1147379930E+003
    155600   0.8559389992E+003   0.1165892637E+003   0.7839570153E+002   0.1147249269E+003
    155700   0.8559698964E+003   0.1165744925E+003   0.7841184633E+002   0.1147170614E+003
    155800   0.8559955618E+003   0.1165523599E+003   0.7842907463E+002   0.1147131191E+003
    155900   0.8560432616E+003   0.1164822084E+003   0.7845462118E+002   0.1147107822E+003
    156000   0.8560615108E+003   0.1164360534E+003   0.7847620935E+002   0.1146998803E+003
    156100   0.8560671716E+003   0.1164042827E+003   0.7849784478E+002   0.1146928480E+003
    156200   0.8560752360E+003   0.1163942654E+003   0.7852114261E+002   0.1146854988E+003
    156300   0.8560602860E+003   0.1163675053E+003   0.7853628942E+002   0.1146653754E+003
    156400   0.8560649011E+003   0.1163422885E+003   0.7854459725E+002   0.1146415849E+003
    156500   0.8560430829E+003   0.1163201547E+003   0.7855253123E+002   0.1146083778E+003
    156600   0.8560225778E+003   0.1162932758E+003   0.7857316560E+002   0.1145928780E+003
    156700   0.8560503766E+003   0.1162801580E+003   0.7858595811E+002   0.1145726698E+003
    156800   0.8561254438E+003   0.1162609766E+003   0.7860284446E+002   0.1145546039E+003
    156900   0.8561703036E+003   0.1162515125E+003   0.7862143686E+002   0.1145435143E+003
    157000   0.8561905386E+003   0.1162417529E+003   0.7864717125E+002   0.1145372400E+003
    157100   0.8562041225E+003   0.1162423283E+003   0.7865575163E+002   0.1145179047E+003
    157200   0.8562255140E+003   0.1162469871E+003   0.7867969594E+002   0.1145162192E+003
    157300   0.8562234532E+003   0.1162536996E+003   0.7870605163E+002   0.1145148659E+003
    157400   0.8561979810E+003   0.1162486071E+003   0.7873214120E+002   0.1145184851E+003
    157500   0.8561604736E+003   0.1162266727E+003   0.7875096065E+002   0.1145163463E+003
    157600   0.8561574264E+003   0.1161960453E+003   0.7875971693E+002   0.1144945593E+003
    157700   0.8561890252E+003   0.1161654239E+003   0.7876836900E+002   0.1144851322E+003
    157800   0.8562160702E+003   0.1161354609E+003   0.7877798002E+002   0.1144807503E+003
    157900   0.8562410487E+003   0.1161098486E+003   0.7880329269E+002   0.1144971133E+003
    158000   0.8563042694E+003   0.1160697913E+003   0.7880895083E+002   0.1144886192E+003
    158100   0.8563715970E+003   0.1160225849E+003   0.7882229088E+002   0.1144845443E+003
    158200   0.8564724418E+003   0.1159661085E+003   0.7882654073E+002   0.1144702667E+003
    158300   0.8565541449E+003   0.1159288216E+003   0.7882534175E+002   0.1144521550E+003
    158400   0.8566562267E+003   0.1158975237E+003   0.7883332097E+002   0.1144442281E+003
    158500   0.8567235690E+003   0.1158773408E+003   0.7883637971E+002   0.1144334251E+003
    158600   0.8568070734E+003   0.1158429227E+003   0.7883716803E+002   0.1144245527E+003
    158700   0.8568686521E+003   0.1158147895E+003   0.7884755235E+002   0.1144325964E+003
    158800   0.8569529141E+003   0.1157953494E+003   0.7885766700E+002   0.1144440372E+003
    158900   0.8570215672E+003   0.1157943039E+003   0.7887022516E+002   0.1144530552E+003
    159000   0.8570880125E+003   0.1158008217E+003   0.7888769969E+002   0.1144686400E+003
    159100   0.8571638366E+003   0.1158135348E+003   0.7889744791E+002   0.1144690464E+003
    159200   0.8572686098E+003   0.1158090915E+003   0.7890504212E+002   0.1144661062E+003
    159300   0.8573780793E+003   0.1157856120E+003   0.7890895704E+002   0.1144611289E+003
    159400   0.8574923423E+003   0.1157517127E+003   0.7891774852E+002   0.1144646063E+003
    159500   0.8576077450E+003   0.1157241297E+003   0.7892045054E+002   0.1144629117E+003
    159600   0.8577435836E+003   0.1157094784E+003   0.7892174190E+002   0.1144569303E+003
    159700   0.8578697891E+003   0.1156800169E+003   0.7892207195E+002   0.1144569663E+003
    159800   0.8579897319E+003   0.1156194541E+003   0.7892420742E+002   0.1144658636E+003
    159900   0.8581223857E+003   0.1155562702E+003   0.7894018507E+002   0.1144908438E+003
    160000   0.8582183005E+003   0.1155074491E+003   0.7894433881E+002   0.1144968193E+003
    160100   0.8582848200E+003   0.1154663736E+003   0.7893635497E+002   0.1144821724E+003
    160200   0.8583328311E+003   0.1154306410E+003   0.7894105540E+002   0.1144838495E+003
    160300   0.8583961680E+003   0.1153951277E+003   0.7894428226E+002   0.1144827770E+003
    160400   0.8584775216E+003   0.1153536085E+003   0.7895510046E+002   0.1144894687E+003
    160500   0.8585522844E+003   0.1153229345E+003   0.7896616455E+002   0.1144999455E+003
    160600   0.8586766357E+003   0.1153058338E+003   0.7898773890E+002   0.1145199420E+003
    160700   0.8587883319E+003   0.1152982602E+003   0.7900323196E+002   0.1145327415E+003
    160800   0.8588597994E+003   0.1152775951E+003   0.7901337781E+002   0.1145393271E+003
    160900   0.8589615378E+003   0.1152535584E+003   0.7901500238E+002   0.1145303115E+003
    161000   0.8590809254E+003   0.1152322684E+003   0.7901665386E+002   0.1145289995E+003
    161100   0.8591809115E+003   0.1151989312E+003   0.7900977866E+002   0.1145195308E+003
    161200   0.8592490241E+003   0.1151542593E+003   0.7900522217E+002   0.1145152101E+003
    161300   0.8593081585E+003   0.1151076739E+003   0.7900871879E+002   0.1145215877E+003
    161400   0.8593301373E+003   0.1150764989E+003   0.7900508907E+002   0.1145104040E+003
    161500   0.8593297658E+003   0.1150404122E+003   0.7900139952E+002   0.1145004138E+003
    161600   0.8593486375E+003   0.1150163939E+003   0.7899578116E+002   0.1144864083E+003
    161700   0.8593471489E+003   0.1150075921E+003   0.7899919368E+002   0.1144806375E+003
    161800   0.8593885409E+003   0.1150242825E+003   0.7901168081E+002   0.1144823459E+003
    161900   0.8594398856E+003   0.1150441247E+003   0.7902343489E+002   0.1144823004E+003
    162000   0.8594737287E+003   0.1150673180E+003   0.7902168214E+002   0.1144605467E+003
    162100   0.8594969448E+003   0.1150890826E+003   0.7903350952E+002   0.1144556309E+003
    162200   0.8594936251E+003   0.1150878174E+003   0.7904348772E+002   0.1144525632E+003
    162300   0.8594983803E+003   0.1150934266E+003   0.7906435836E+002   0.1144632743E+003
    162400   0.8594786624E+003   0.1151007123E+003   0.7907884481E+002   0.1144661408E+003
    162500   0.8594951857E+003   0.1150989358E+003   0.7909352249E+002   0.1144722546E+003
    162600   0.8595251821E+003   0.1150796180E+003   0.7910334605E+002   0.1144777769E+003
    162700   0.8595533508E+003   0.1150577284E+003   0.7911204506E+002   0.1144833039E+003
    162800   0.8595767523E+003   0.1150458361E+003   0.7912380403E+002   0.1144909674E+003
    162900   0.8595772268E+003   0.1150388417E+003   0.7914082351E+002   0.1145039134E+003
    163000   0.8595968680E+003   0.1150352692E+003   0.7915166287E+002   0.1145077497E+003
    163100   0.8596154505E+003   0.1150411579E+003   0.7915637163E+002   0.1145016161E+003
    163200   0.8596462814E+003   0.1150487416E+003   0.7916618949E+002   0.1145006995E+003
    163300   0.8596654324E+003   0.1150512862E+003   0.7917681041E+002   0.1144967851E+003
    163400   0.8596985638E+003   0.1150530849E+003   0.7918564937E+002   0.1144895306E+003
    163500   0.8597184563E+003   0.1150446537E+003   0.7920306012E+002   0.1144936888E+003
    163600   0.8597064467E+003   0.1150448232E+003   0.7921121615E+002   0.1144848876E+003
    163700   0.8597043662E+003   0.1150575506E+003   0.7922283812E+002   0.1144768364E+003
    163800   0.8596987447E+003   0.1150772534E+003   0.7923573432E+002   0.1144712702E+003
    163900   0.8597005547E+003   0.1150958548E+003   0.7925874422E+002   0.1144811770E+003
    164000   0.8597040429E+003   0.1151082810E+003   0.7928811730E+002   0.1144970317E+003
    164100   0.8597189364E+003   0.1151130681E+003   0.7929865535E+002   0.1144967116E+003
    164200   0.8597291547E+003   0.1150967403E+003   0.7930352522E+002   0.1144928244E+003
    164300   0.8597434380E+003   0.1150774162E+003   0.7931590101E+002   0.1145036823E+003
    164400   0.8597774792E+003   0.1150507733E+003   0.7931800173E+002   0.1145001925E+003
    164500   0.8598017077E+003   0.1150324671E+003   0.7932203992E+002   0.1144991075E+003
    164600   0.8598257410E+003   0.1150085772E+003   0.7932283818E+002   0.1144922523E+003
    164700   0.8598552972E+003   0.1149880918E+003   0.7932069117E+002   0.1144846419E+003
    164800   0.8598578771E+003   0.1149549936E+003   0.7932099357E+002   0.1144813707E+003
    164900   0.8598920130E+003   0.1149149678E+003   0.7933057550E+002   0.1144892212E+003
    165000   0.8599366545E+003   0.1148877832E+003   0.7933398806E+002   0.1144878244E+003
    165100   0.8599772624E+003   0.1148725921E+003   0.7933472378E+002   0.1144821115E+003
    165200   0.8600029291E+003   0.1148687314E+003   0.7934287928E+002   0.1144812257E+003
    165300   0.8600118094E+003   0.1148444551E+003   0.7934608370E+002   0.1144766054E+003
    165400   0.8600737321E+003   0.1148091793E+003   0.7936018887E+002   0.1144859076E+003
    165500   0.8601812968E+003   0.1147852021E+003   0.7937170932E+002   0.1144945410E+003
    165600   0.8602795000E+003   0.1147533269E+003   0.7937332725E+002   0.1144879615E+003
    165700   0.8603763132E+003   0.1147200853E+003   0.7938010296E+002   0.1144831258E+003
    165800   0.8604752804E+003   0.1146968538E+003   0.7938671270E+002   0.1144789967E+003
    165900   0.8605764400E+003   0.1146621741E+003   0.7938667878E+002   0.1144671400E+003
    166000   0.8606783337E+003   0.1145933321E+003   0.7939730618E+002   0.1144736900E+003
    166100   0.8608128535E+003   0.1145257357E+003   0.7941205751E+002   0.1144854714E+003
    166200   0.8608943471E+003   0.1144822391E+003   0.7942308529E+002   0.1144955772E+003
    166300   0.8610008333E+003   0.1144353511E+003   0.7942353582E+002   0.1144965041E+003
    166400   0.8611186058E+003   0.1143836953E+003   0.7942100991E+002   0.1144970128E+003
    166500   0.8611930495E+003   0.1143483835E+003   0.7942976383E+002   0.1145099184E+003
    166600   0.8612767404E+003   0.1143172447E+003   0.7944246822E+002   0.1145250395E+003
    166700   0.8613766569E+003   0.1142866391E+003   0.7943179006E+002   0.1145073857E+003
    166800   0.8614832470E+003   0.1142480011E+003   0.7942386593E+002   0.1144957481E+003
    166900   0.8615859615E+003   0.1142032631E+003   0.7941900149E+002   0.1144955503E+003
    167000   0.8616816514E+003   0.1141812304E+003   0.7940732752E+002   0.1144819537E+003
    167100   0.8617767649E+003   0.1141601918E+003   0.7941236008E+002   0.1144950719E+003
    167200   0.8618842055E+003   0.1141274531E+003   0.7941147856E+002   0.1145038396E+003
    167300   0.8619823578E+003   0.1140898918E+003   0.7941583559E+002   0.1145177835E+003
    167400   0.8620843244E+003   0.1140513165E+003   0.7942066704E+002   0.1145333828E+003
    167500   0.8621868934E+003   0.1140171807E+003   0.7942046640E+002   0.1145396190E+003
    167600   0.8623176215E+003   0.1139809208E+003   0.7941666084E+002   0.1145369698E+003
    167700   0.8624179909E+003   0.1139363318E+003   0.7941492375E+002   0.1145371320E+003
    167800   0.8625211285E+003   0.1138669289E+003   0.7941159455E+002   0.1145352968E+003
    167900   0.8626290763E+003   0.1138174740E+003   0.7941582069E+002   0.1145428318E+003
    168000   0.8627206428E+003   0.1137612411E+003   0.7941063656E+002   0.1145356825E+003
    168100   0.8628053381E+003   0.1137259151E+003   0.7941515087E+002   0.1145349310E+003
    168200   0.8628700028E+003   0.1136992630E+003   0.7942386784E+002   0.1145388714E+003
    168300   0.8629186208E+003   0.1136861994E+003   0.7942962563E+002   0.1145356835E+003
    168400   0.8629591135E+003   0.1136713251E+003   0.7943175484E+002   0.1145311438E+003
    168500   0.8629922128E+003   0.1136586964E+003   0.7944367130E+002   0.1145427079E+003
    168600   0.8630529140E+003   0.1136506220E+003   0.7944620714E+002   0.1145433973E+003
    168700   0.8631012186E+003   0.1136410220E+003   0.7944369498E+002   0.1145375795E+003
    168800   0.8631618582E+003   0.1136289230E+003   0.7944509762E+002   0.1145372833E+003
    168900   0.8632237923E+003   0.1136109266E+003   0.7944018469E+002   0.1145284992E+003
    169000   0.8632742394E+003   0.1136069283E+003   0.7943398644E+002   0.1145169891E+003
    169100   0.8633710186E+003   0.1135942405E+003   0.7942663285E+002   0.1145059904E+003
    169200   0.8634644206E+003   0.1135851656E+003   0.7943125714E+002   0.1145142318E+003
    169300   0.8635533939E+003   0.1135856365E+003   0.7942682557E+002   0.1145073396E+003
    169400   0.8636307853E+003   0.1135890754E+003   0.7941981654E+002   0.1144984670E+003
    169500   0.8637043878E+003   0.1135784908E+003   0.7941181419E+002   0.1144906273E+003
    169600   0.8637644494E+003   0.1135702091E+003   0.7940336530E+002   0.1144804365E+003
    169700   0.8637795585E+003   0.1135368093E+003   0.7939949374E+002   0.1144788988E+003
    169800   0.8638270374E+003   0.1135010334E+003   0.7939169769E+002   0.1144725690E+003
    169900   0.8639208942E+003   0.1134448732E+003   0.7938361670E+002   0.1144704046E+003
    170000   0.8639846324E+003   0.1133934690E+003   0.7937247631E+002   0.1144602946E+003
    170100   0.8640417579E+003   0.1133635407E+003   0.7936712422E+002   0.1144533702E+003
    170200   0.8640728090E+003   0.1133457843E+003   0.7937129463E+002   0.1144565782E+003
    170300   0.8641449275E+003   0.1133284197E+003   0.7937595691E+002   0.1144556331E+003
    170400   0.8642106168E+003   0.1133056850E+003   0.7937435497E+002   0.1144476806E+003
    170500   0.8642625185E+003   0.1132687450E+003   0.7938679816E+002   0.1144604170E+003
    170600   0.8643101489E+003   0.1132296722E+003   0.7939439530E+002   0.1144627840E+003
    170700   0.8643744921E+003   0.1131969364E+003   0.7939853593E+002   0.1144590333E+003
    170800   0.8644598954E+003   0.1131498435E+003   0.7940227754E+002   0.1144553158E+003
    170900   0.8645375382E+003   0.1131131609E+003   0.7940298329E+002   0.1144516834E+003
    171000   0.8646498281E+003   0.1130754043E+003   0.7940358864E+002   0.1144407085E+003
    171100   0.8647180278E+003   0.1130447595E+003   0.7940796864E+002   0.1144327546E+003
    171200   0.8648039980E+003   0.1130288219E+003   0.7940941757E+002   0.1144167624E+003
    171300   0.8649005276E+003   0.1130210361E+003   0.7942458314E+002   0.1144168415E+003
    171400   0.8649855314E+003   0.1130238761E+003   0.7943957759E+002   0.1144152345E+003
    171500   0.8650770943E+003   0.1130180913E+003   0.7944445351E+002   0.1143979800E+003
    171600   0.8651117803E+003   0.1130017137E+003   0.7946200766E+002   0.1144051108E+003
    171700   0.8651528399E+003   0.1129728653E+003   0.7948373865E+002   0.1144130482E+003
    171800   0.8652145158E+003   0.1129415624E+003   0.7950335828E+002   0.1144145681E+003
    171900   0.8652527823E+003   0.1129145482E+003   0.7952594596E+002   0.1144226692E+003
    172000   0.8652936320E+003   0.1129030826E+003   0.7953786348E+002   0.1144158019E+003
    172100   0.8653492462E+003   0.1128837757E+003   0.7955056476E+002   0.1144059103E+003
    172200   0.8654110270E+003   0.1128724063E+003   0.7955839611E+002   0.1143953662E+003
    172300   0.8654722961E+003   0.1128557260E+003   0.7956731007E+002   0.1143809938E+003
    172400   0.8655204878E+003   0.1128354699E+003   0.7957201331E+002   0.1143630582E+003
    172500   0.8655666404E+003   0.1128092054E+003   0.7959291001E+002   0.1143674552E+003
    172600   0.8656250105E+003   0.1127821029E+003   0.7960918434E+002   0.1143717634E+003
    172700   0.8656716979E+003   0.1127423959E+003   0.7962105018E+002   0.1143664002E+003
    172800   0.8657021000E+003   0.1127076783E+003   0.7962602379E+002   0.1143506251E+003
    172900   0.8657465047E+003   0.1126730414E+003   0.7963348256E+002   0.1143379761E+003
    173000   0.8657754721E+003   0.1126357057E+003   0.7964705535E+002   0.1143284768E+003
    173100   0.8658204991E+003   0.1126091888E+003   0.7966498506E+002   0.1143255251E+003
    173200   0.8658719587E+003   0.1125601939E+003   0.7967323427E+002   0.1143178389E+003
    173300   0.8659337768E+003   0.1125238902E+003   0.7969296919E+002   0.1143233905E+003
    173400   0.8659884978E+003   0.1125115705E+003   0.7970316664E+002   0.1143145964E+003
    173500   0.8660541632E+003   0.1125086443E+003   0.7971581528E+002   0.1143044845E+003
    173600   0.8661286562E+003   0.1125173106E+003   0.7973903543E+002   0.1142999875E+003
    173700   0.8661926769E+003   0.1125259684E+003   0.7976226000E+002   0.1142930147E+003
    173800   0.8662231587E+003   0.1125173368E+003   0.7977922906E+002   0.1142851811E+003
    173900   0.8662503955E+003   0.1124975266E+003   0.7980562833E+002   0.1142900571E+003
    174000   0.8662855168E+003   0.1124858191E+003   0.7982661087E+002   0.1142864611E+003
    174100   0.8663426484E+003   0.1124795379E+003   0.7985967360E+002   0.1142967412E+003
    174200   0.8664120761E+003   0.1124577439E+003   0.7988175282E+002   0.1142973622E+003
    174300   0.8664596078E+003   0.1124326543E+003   0.7990511507E+002   0.1143032301E+003
    174400   0.8664835554E+003   0.1124149632E+003   0.7992980113E+002   0.1143031747E+003
    174500   0.8665228566E+003   0.1123775729E+003   0.7994912210E+002   0.1143078131E+003
    174600   0.8665587947E+003   0.1123387150E+003   0.7996333511E+002   0.1143064271E+003
    174700   0.8665908932E+003   0.1123032546E+003   0.7997779621E+002   0.1143097360E+003
    174800   0.8666542711E+003   0.1122575193E+003   0.7999342223E+002   0.1143092589E+003
    174900   0.8667018262E+003   0.1122233249E+003   0.8000944695E+002   0.1143130467E+003
    175000   0.8667571184E+003   0.1121723851E+003   0.8002107070E+002   0.1143105089E+003
    175100   0.8668280646E+003   0.1121255475E+003   0.8003219376E+002   0.1143092343E+003
    175200   0.8669088755E+003   0.1120890709E+003   0.8004313556E+002   0.1143070153E+003
    175300   0.8669641252E+003   0.1120447405E+003   0.8004948089E+002   0.1142936511E+003
    175400   0.8670020478E+003   0.1119908872E+003   0.8005283766E+002   0.1142776500E+003
    175500   0.8670514432E+003   0.1119636347E+003   0.8006293334E+002   0.1142707337E+003
    175600   0.8671265720E+003   0.1119248797E+003   0.8007600053E+002   0.1142701432E+003
    175700   0.8672233201E+003   0.1118797038E+003   0.8008652543E+002   0.1142651924E+003
    175800   0.8673155502E+003   0.1118442714E+003   0.8008207037E+002   0.1142413970E+003
    175900   0.8673679637E+003   0.1118106743E+003   0.8009389092E+002   0.1142416770E+003
    176000   0.8674418880E+003   0.1117582793E+003   0.8010606789E+002   0.1142346226E+003
    176100   0.8674984364E+003   0.1116977358E+003   0.8013077008E+002   0.1142429752E+003
    176200   0.8675706922E+003   0.1116453987E+003   0.8015124628E+002   0.1142448068E+003
    176300   0.8676261582E+003   0.1116006951E+003   0.8016899555E+002   0.1142395521E+003
    176400   0.8676970257E+003   0.1115560549E+003   0.8018534338E+002   0.1142339272E+003
    176500   0.8677577964E+003   0.1115187804E+003   0.8019827296E+002   0.1142228099E+003
    176600   0.8678313099E+003   0.1114878668E+003   0.8020880830E+002   0.1142050551E+003
    176700   0.8678910790E+003   0.1114527257E+003   0.8022632227E+002   0.1141985892E+003
    176800   0.8679283493E+003   0.1114160494E+003   0.8025224498E+002   0.1142018461E+003
    176900   0.8679699262E+003   0.1113929355E+003   0.8026690878E+002   0.1141993269E+003
    177000   0.8680299662E+003   0.1113672894E+003   0.8028028246E+002   0.1141944951E+003
    177100   0.8680513867E+003   0.1113371038E+003   0.8029304859E+002   0.1141896553E+003
    177200   0.8680836770E+003   0.1113215539E+003   0.8031049941E+002   0.1141892619E+003
    177300   0.8680949703E+003   0.1113161992E+003   0.8032770986E+002   0.1141879842E+003
    177400   0.8681136831E+003   0.1113029756E+003   0.8034376796E+002   0.1141826756E+003
    177500   0.8681531043E+003   0.1112900434E+003   0.8036018898E+002   0.1141830577E+003
    177600   0.8682071657E+003   0.1112638736E+003   0.8036697039E+002   0.1141674778E+003
    177700   0.8682385492E+003   0.1112417727E+003   0.8038025130E+002   0.1141653224E+003
    177800   0.8682751494E+003   0.1111970906E+003   0.8039852923E+002   0.1141735433E+003
    177900   0.8683097489E+003   0.1111748456E+003   0.8040396935E+002   0.1141651726E+003
    178000   0.8683453323E+003   0.1111550233E+003   0.8041909156E+002   0.1141644942E+003
    178100   0.8683931441E+003   0.1111175074E+003   0.8043143183E+002   0.1141672694E+003
    178200   0.8684255801E+003   0.1110962236E+003   0.8044061917E+002   0.1141644410E+003
    178300   0.8684498539E+003   0.1110932000E+003   0.8045200843E+002   0.1141630705E+003
    178400   0.8684727374E+003   0.1110884179E+003   0.8045954352E+002   0.1141574142E+003
    178500   0.8684960155E+003   0.1110798722E+003   0.8046802226E+002   0.1141564696E+003
    178600   0.8685082826E+003   0.1110761029E+003   0.8048096862E+002   0.1141562761E+003
    178700   0.8685283395E+003   0.1110786466E+003   0.8050192756E+002   0.1141638787E+003
    178800   0.8685411932E+003   0.1110819758E+003   0.8051272719E+002   0.1141611000E+003
    178900   0.8685578752E+003   0.1110754034E+003   0.8052347167E+002   0.1141632803E+003
    179000   0.8685673730E+003   0.1110661137E+003   0.8053032399E+002   0.1141582564E+003
    179100   0.8685674490E+003   0.1110496916E+003   0.8053920977E+002   0.1141531271E+003
    179200   0.8685667470E+003   0.1110429701E+003   0.8055120151E+002   0.1141548970E+003
    179300   0.8685553406E+003   0.1110411818E+003   0.8057721698E+002   0.1141665926E+003
    179400   0.8685738994E+003   0.1110474505E+003   0.8059979680E+002   0.1141750484E+003
    179500   0.8685818681E+003   0.1110535281E+003   0.8060735131E+002   0.1141687119E+003
    179600   0.8685895641E+003   0.1110628862E+003   0.8061722068E+002   0.1141581374E+003
    179700   0.8686226747E+003   0.1110789426E+003   0.8063799382E+002   0.1141584917E+003
    179800   0.8686424925E+003   0.1110786512E+003   0.8065252076E+002   0.1141561187E+003
    179900   0.8686021954E+003   0.1110739335E+003   0.8066558703E+002   0.1141439687E+003
    180000   0.8685815410E+003   0.1110666083E+003   0.8067839359E+002   0.1141363332E+003
    180100   0.8685755503E+003   0.1110692147E+003   0.8070441576E+002   0.1141423742E+003
    180200   0.8685630774E+003   0.1110679853E+003   0.8071938548E+002   0.1141389241E+003
    180300   0.8685633837E+003   0.1110641208E+003   0.8073530563E+002   0.1141403057E+003
    180400   0.8685768236E+003   0.1110646940E+003   0.8074710396E+002   0.1141366634E+003
    180500   0.8686112994E+003   0.1110659605E+003   0.8076674476E+002   0.1141379953E+003
    180600   0.8686194468E+003   0.1110591234E+003   0.8077832788E+002   0.1141317813E+003
    180700   0.8686264226E+003   0.1110580944E+003   0.8078952290E+002   0.1141237510E+003
    180800   0.8686422314E+003   0.1110510112E+003   0.8079825872E+002   0.1141154227E+003
    180900   0.8686435309E+003   0.1110445877E+003   0.8080887959E+002   0.1141074739E+003
    181000   0.8686527362E+003   0.1110512551E+003   0.8082564936E+002   0.1141072598E+003
    181100   0.8686480814E+003   0.1110571694E+003   0.8083749735E+002   0.1141071813E+003
    181200   0.8686275257E+003   0.1110630808E+003   0.8085054571E+002   0.1141081664E+003
    181300   0.8686167081E+003   0.1110644621E+003   0.8086365708E+002   0.1141110561E+003
    181400   0.8685902651E+003   0.1110666278E+003   0.8088945049E+002   0.1141274335E+003
    181500   0.8685549966E+003   0.1110816516E+003   0.8091035776E+002   0.1141325820E+003
    181600   0.8685242325E+003   0.1110873754E+003   0.8091217084E+002   0.1141176506E+003
    181700   0.8685033045E+003   0.1110845846E+003   0.8091948749E+002   0.1141127826E+003
    181800   0.8685022770E+003   0.1110884150E+003   0.8093250546E+002   0.1141123348E+003
    181900   0.8685007169E+003   0.1110905605E+003   0.8094629712E+002   0.1141132678E+003
    182000   0.8685147018E+003   0.1110992953E+003   0.8096086366E+002   0.1141113439E+003
    182100   0.8685392395E+003   0.1111119691E+003   0.8096752550E+002   0.1140965450E+003
    182200   0.8685630593E+003   0.1111113101E+003   0.8097212774E+002   0.1140864846E+003
    182300   0.8685785169E+003   0.1111012108E+003   0.8098071274E+002   0.1140787177E+003
    182400   0.8686024956E+003   0.1110806506E+003   0.8099306463E+002   0.1140746801E+003
    182500   0.8686270247E+003   0.1110557824E+003   0.8099351466E+002   0.1140600034E+003
    182600   0.8686470937E+003   0.1110271347E+003   0.8099306522E+002   0.1140452871E+003
    182700   0.8686748853E+003   0.1109957576E+003   0.8099227805E+002   0.1140340865E+003
    182800   0.8687162579E+003   0.1109522699E+003   0.8100146174E+002   0.1140347087E+003
    182900   0.8687914198E+003   0.1109153402E+003   0.8100937848E+002   0.1140359586E+003
    183000   0.8688623670E+003   0.1108734107E+003   0.8101039326E+002   0.1140306149E+003
    183100   0.8689343689E+003   0.1108251099E+003   0.8100751900E+002   0.1140194324E+003
    183200   0.8690079525E+003   0.1107979457E+003   0.8100485341E+002   0.1140059510E+003
    183300   0.8690599607E+003   0.1107646295E+003   0.8100848059E+002   0.1139973229E+003
    183400   0.8691152965E+003   0.1107521271E+003   0.8101676215E+002   0.1139936019E+003
    183500   0.8691746999E+003   0.1107290913E+003   0.8103096786E+002   0.1139984368E+003
    183600   0.8692186957E+003   0.1107202911E+003   0.8104518097E+002   0.1140055120E+003
    183700   0.8692668969E+003   0.1107140141E+003   0.8105705209E+002   0.1140070048E+003
    183800   0.8693375234E+003   0.1107074495E+003   0.8106968424E+002   0.1140098220E+003
    183900   0.8694034190E+003   0.1107003002E+003   0.8107567488E+002   0.1140020831E+003
    184000   0.8694489642E+003   0.1106951491E+003   0.8108549272E+002   0.1139994585E+003
    184100   0.8694850841E+003   0.1106931114E+003   0.8109768174E+002   0.1139994112E+003
    184200   0.8694959732E+003   0.1106742571E+003   0.8111136033E+002   0.1140049232E+003
    184300   0.8695154531E+003   0.1106573114E+003   0.8111938356E+002   0.1140015301E+003
    184400   0.8695358869E+003   0.1106485401E+003   0.8112730036E+002   0.1140009569E+003
    184500   0.8695385602E+003   0.1106458576E+003   0.8112924600E+002   0.1139959775E+003
    184600   0.8695553206E+003   0.1106518072E+003   0.8113197153E+002   0.1139885417E+003
    184700   0.8695532318E+003   0.1106671974E+003   0.8114062732E+002   0.1139838584E+003
    184800   0.8695613013E+003   0.1106780755E+003   0.8115275600E+002   0.1139870563E+003
    184900   0.8695810326E+003   0.1106938248E+003   0.8115835244E+002   0.1139846185E+003
    185000   0.8696097009E+003   0.1107018990E+003   0.8115882243E+002   0.1139790175E+003
    185100   0.8696561571E+003   0.1106996995E+003   0.8115448080E+002   0.1139711137E+003
    185200   0.8697020635E+003   0.1106926550E+003   0.8114900330E+002   0.1139609872E+003
    185300   0.8697370552E+003   0.1106860383E+003   0.8114727518E+002   0.1139588832E+003
    185400   0.8697756842E+003   0.1106780325E+003   0.8114997912E+002   0.1139652386E+003
    185500   0.8698058653E+003   0.1106659928E+003   0.8115652657E+002   0.1139788997E+003
    185600   0.8698196180E+003   0.1106612916E+003   0.8115941859E+002   0.1139857728E+003
    185700   0.8698169282E+003   0.1106521533E+003   0.8116338441E+002   0.1139936553E+003
    185800   0.8697960066E+003   0.1106478992E+003   0.8116375445E+002   0.1139946863E+003
    185900   0.8697687564E+003   0.1106506556E+003   0.8116171278E+002   0.1139889807E+003
    186000   0.8697606043E+003   0.1106506923E+003   0.8116009021E+002   0.1139873692E+003
    186100   0.8697455348E+003   0.1106530611E+003   0.8116350514E+002   0.1139920917E+003
    186200   0.8697567672E+003   0.1106565681E+003   0.8115908207E+002   0.1139884952E+003
    186300   0.8697724642E+003   0.1106523180E+003   0.8115414591E+002   0.1139854190E+003
    186400   0.8697781751E+003   0.1106480935E+003   0.8115407210E+002   0.1139909012E+003
    186500   0.8697824216E+003   0.1106429189E+003   0.8114608661E+002   0.1139861351E+003
    186600   0.8697865996E+003   0.1106426642E+003   0.8114641618E+002   0.1139929702E+003
    186700   0.8697979666E+003   0.1106460322E+003   0.8115116545E+002   0.1140070005E+003
    186800   0.8698014748E+003   0.1106550816E+003   0.8115015817E+002   0.1140123788E+003
    186900   0.8698179690E+003   0.1106587941E+003   0.8114667913E+002   0.1140149794E+003
    187000   0.8698467108E+003   0.1106594318E+003   0.8114399808E+002   0.1140247665E+003
    187100   0.8698842631E+003   0.1106558295E+003   0.8114086298E+002   0.1140312663E+003
    187200   0.8699090785E+003   0.1106527656E+003   0.8113719390E+002   0.1140357305E+003
    187300   0.8699337376E+003   0.1106492296E+003   0.8113148256E+002   0.1140376018E+003
    187400   0.8699372215E+003   0.1106341268E+003   0.8112614719E+002   0.1140441565E+003
    187500   0.8699484783E+003   0.1106258352E+003   0.8112032585E+002   0.1140490968E+003
    187600   0.8699593779E+003   0.1106197810E+003   0.8110821164E+002   0.1140461440E+003
    187700   0.8699748814E+003   0.1106160755E+003   0.8109997237E+002   0.1140499083E+003
    187800   0.8700146935E+003   0.1106176793E+003   0.8109389439E+002   0.1140621714E+003
    187900   0.8700321449E+003   0.1106211122E+003   0.8108889410E+002   0.1140670656E+003
    188000   0.8700391882E+003   0.1106213538E+003   0.8108204543E+002   0.1140712638E+003
    188100   0.8700506710E+003   0.1106254942E+003   0.8107942648E+002   0.1140786279E+003
    188200   0.8700446304E+003   0.1106263467E+003   0.8107709836E+002   0.1140903786E+003
    188300   0.8700486340E+003   0.1106353850E+003   0.8107083925E+002   0.1140924719E+003
    188400   0.8700499674E+003   0.1106437679E+003   0.8106298102E+002   0.1140907771E+003
    188500   0.8700239721E+003   0.1106551873E+003   0.8106312264E+002   0.1140954507E+003
    188600   0.8699963192E+003   0.1106590328E+003   0.8106512682E+002   0.1141032178E+003
    188700   0.8699828250E+003   0.1106616256E+003   0.8106256997E+002   0.1141115027E+003
    188800   0.8699724734E+003   0.1106705403E+003   0.8106121355E+002   0.1141137597E+003
    188900   0.8699623169E+003   0.1106884232E+003   0.8105177574E+002   0.1141041954E+003
    189000   0.8699503243E+003   0.1107056218E+003   0.8104686022E+002   0.1140985314E+003
    189100   0.8699355353E+003   0.1107294625E+003   0.8104991150E+002   0.1141028285E+003
    189200   0.8699137834E+003   0.1107603773E+003   0.8104894105E+002   0.1141032774E+003
    189300   0.8698849838E+003   0.1107824336E+003   0.8104594940E+002   0.1141009273E+003
    189400   0.8698497651E+003   0.1107988637E+003   0.8104692496E+002   0.1141070664E+003
    189500   0.8698300023E+003   0.1108168340E+003   0.8104514028E+002   0.1141056104E+003
    189600   0.8698354863E+003   0.1108298016E+003   0.8103743718E+002   0.1141004576E+003
    189700   0.8698384660E+003   0.1108450278E+003   0.8102946581E+002   0.1140984774E+003
    189800   0.8698373250E+003   0.1108583770E+003   0.8102461964E+002   0.1140960053E+003
    189900   0.8698420182E+003   0.1108661539E+003   0.8101366143E+002   0.1140850896E+003
    190000   0.8698551577E+003   0.1108669364E+003   0.8100419975E+002   0.1140784330E+003
    190100   0.8698693759E+003   0.1108664684E+003   0.8099506385E+002   0.1140707474E+003
    190200   0.8698946684E+003   0.1108634612E+003   0.8098922721E+002   0.1140676106E+003
    190300   0.8699096993E+003   0.1108570036E+003   0.8098682322E+002   0.1140659604E+003
    190400   0.8699353255E+003   0.1108605509E+003   0.8098957151E+002   0.1140692068E+003
    190500   0.8699606873E+003   0.1108545942E+003   0.8098877589E+002   0.1140709025E+003
    190600   0.8699923396E+003   0.1108476965E+003   0.8098134126E+002   0.1140661493E+003
    190700   0.8700192179E+003   0.1108331688E+003   0.8098633490E+002   0.1140814557E+003
    190800   0.8700128549E+003   0.1108253737E+003   0.8098824723E+002   0.1140857212E+003
    190900   0.8700080335E+003   0.1108132459E+003   0.8098423386E+002   0.1140813407E+003
    191000   0.8699897625E+003   0.1108041380E+003   0.8098729822E+002   0.1140841695E+003
    191100   0.8699848212E+003   0.1107952925E+003   0.8099092363E+002   0.1140891605E+003
    191200   0.8699944355E+003   0.1107717196E+003   0.8099157123E+002   0.1140967050E+003
    191300   0.8700090794E+003   0.1107329499E+003   0.8098412588E+002   0.1140990424E+003
    191400   0.8700240430E+003   0.1107094114E+003   0.8097571922E+002   0.1140968044E+003
    191500   0.8700573060E+003   0.1106863633E+003   0.8097136624E+002   0.1141039696E+003
    191600   0.8700987988E+003   0.1106738338E+003   0.8097356366E+002   0.1141220945E+003
    191700   0.8701318873E+003   0.1106687708E+003   0.8097234925E+002   0.1141291172E+003
    191800   0.8701604965E+003   0.1106605695E+003   0.8096654916E+002   0.1141306970E+003
    191900   0.8702006128E+003   0.1106487553E+003   0.8095590530E+002   0.1141284628E+003
    192000   0.8702309353E+003   0.1106234456E+003   0.8094306062E+002   0.1141278098E+003
    192100   0.8702547229E+003   0.1105960136E+003   0.8093656238E+002   0.1141405349E+003
    192200   0.8702549611E+003   0.1105662230E+003   0.8093489361E+002   0.1141606001E+003
    192300   0.8702759710E+003   0.1105563552E+003   0.8092913933E+002   0.1141667021E+003
    192400   0.8702979203E+003   0.1105494339E+003   0.8092095841E+002   0.1141710004E+003
    192500   0.8703153855E+003   0.1105451339E+003   0.8090921415E+002   0.1141656883E+003
    192600   0.8703208806E+003   0.1105448057E+003   0.8090359015E+002   0.1141681999E+003
    192700   0.8703290717E+003   0.1105404425E+003   0.8089897061E+002   0.1141821741E+003
    192800   0.8703343514E+003   0.1105367505E+003   0.8089421229E+002   0.1141860148E+003
    192900   0.8703516619E+003   0.1105344598E+003   0.8088772607E+002   0.1141909864E+003
    193000   0.8703579516E+003   0.1105361919E+003   0.8088470151E+002   0.1141979959E+003
    193100   0.8703639306E+003   0.1105359759E+003   0.8088182238E+002   0.1142079894E+003
    193200   0.8703657016E+003   0.1105284209E+003   0.8087188968E+002   0.1142099990E+003
    193300   0.8703638861E+003   0.1105163114E+003   0.8086591180E+002   0.1142204169E+003
    193400   0.8703723423E+003   0.1105050235E+003   0.8085644325E+002   0.1142262449E+003
    193500   0.8704161492E+003   0.1105021181E+003   0.8084129274E+002   0.1142249998E+003
    193600   0.8704763856E+003   0.1105020491E+003   0.8082728040E+002   0.1142242946E+003
    193700   0.8705335854E+003   0.1104963579E+003   0.8081130463E+002   0.1142257213E+003
    193800   0.8706057015E+003   0.1104910663E+003   0.8079985135E+002   0.1142353917E+003
    193900   0.8706559806E+003   0.1104802684E+003   0.8078030161E+002   0.1142359350E+003
    194000   0.8706978694E+003   0.1104611575E+003   0.8076378471E+002   0.1142356241E+003
    194100   0.8707489586E+003   0.1104376890E+003   0.8074828920E+002   0.1142418276E+003
    194200   0.8707995839E+003   0.1104202416E+003   0.8073268162E+002   0.1142439226E+003
    194300   0.8708398180E+003   0.1103993398E+003   0.8071907437E+002   0.1142492226E+003
    194400   0.8708608200E+003   0.1103753564E+003   0.8070911980E+002   0.1142593725E+003
    194500   0.8708634231E+003   0.1103508308E+003   0.8069384050E+002   0.1142600449E+003
    194600   0.8708896305E+003   0.1103301223E+003   0.8067600603E+002   0.1142613774E+003
    194700   0.8708900462E+003   0.1103178383E+003   0.8066910569E+002   0.1142663557E+003
    194800   0.8709006873E+003   0.1103061262E+003   0.8065639661E+002   0.1142659517E+003
    194900   0.8709320882E+003   0.1103023590E+003   0.8064007257E+002   0.1142625765E+003
    195000   0.8709531686E+003   0.1102953666E+003   0.8062196024E+002   0.1142563722E+003
    195100   0.8709756965E+003   0.1102931406E+003   0.8060483764E+002   0.1142516485E+003
    195200   0.8709609043E+003   0.1102957053E+003   0.8059271019E+002   0.1142476795E+003
    195300   0.8709636374E+003   0.1102966657E+003   0.8058226007E+002   0.1142516315E+003
    195400   0.8709642612E+003   0.1103066970E+003   0.8057775261E+002   0.1142553517E+003
    195500   0.8709636454E+003   0.1103165253E+003   0.8057694193E+002   0.1142628988E+003
    195600   0.8709451693E+003   0.1103274593E+003   0.8056887652E+002   0.1142583167E+003
    195700   0.8709161238E+003   0.1103351039E+003   0.8056087786E+002   0.1142561967E+003
    195800   0.8708980634E+003   0.1103359997E+003   0.8055570335E+002   0.1142577033E+003
    195900   0.8708633863E+003   0.1103440602E+003   0.8055042737E+002   0.1142586907E+003
    196000   0.8708165131E+003   0.1103616694E+003   0.8054323419E+002   0.1142574407E+003
    196100   0.8707628823E+003   0.1103946440E+003   0.8053298779E+002   0.1142498229E+003
    196200   0.8707218111E+003   0.1104133986E+003   0.8052994802E+002   0.1142513628E+003
    196300   0.8706783846E+003   0.1104279997E+003   0.8052418294E+002   0.1142526694E+003
    196400   0.8706531749E+003   0.1104373148E+003   0.8051727677E+002   0.1142568315E+003
    196500   0.8706105343E+003   0.1104422464E+003   0.8050758332E+002   0.1142618163E+003
    196600   0.8705910714E+003   0.1104504099E+003   0.8049959442E+002   0.1142634860E+003
    196700   0.8705748987E+003   0.1104618603E+003   0.8049055939E+002   0.1142643689E+003
    196800   0.8705548229E+003   0.1104780782E+003   0.8048112892E+002   0.1142638957E+003
    196900   0.8705415376E+003   0.1104942333E+003   0.8047857256E+002   0.1142732540E+003
    197000   0.8705064413E+003   0.1105099345E+003   0.8047473304E+002   0.1142782543E+003
    197100   0.8704505919E+003   0.1105192965E+003   0.8047261005E+002   0.1142849268E+003
    197200   0.8704111351E+003   0.1105350482E+003   0.8046656514E+002   0.1142847145E+003
    197300   0.8703715528E+003   0.1105495750E+003   0.8046312602E+002   0.1142882033E+003
    197400   0.8703091596E+003   0.1105711153E+003   0.8046444154E+002   0.1142990158E+003
    197500   0.8702705582E+003   0.1105813819E+003   0.8045831905E+002   0.1142979253E+003
    197600   0.8702082384E+003   0.1105922761E+003   0.8044890708E+002   0.1142963173E+003
    197700   0.8701705416E+003   0.1106080570E+003   0.8044803076E+002   0.1143028091E+003
    197800   0.8701409576E+003   0.1106198656E+003   0.8044856650E+002   0.1143119956E+003
    197900   0.8701255712E+003   0.1106330930E+003   0.8044810391E+002   0.1143183714E+003
    198000   0.8701088004E+003   0.1106395174E+003   0.8044818647E+002   0.1143310077E+003
    198100   0.8701020627E+003   0.1106466980E+003   0.8044697224E+002   0.1143370678E+003
    198200   0.8700939337E+003   0.1106538167E+003   0.8044320018E+002   0.1143413424E+003
    198300   0.8700869834E+003   0.1106643945E+003   0.8044322326E+002   0.1143455586E+003
    198400   0.8700917375E+003   0.1106777979E+003   0.8044056477E+002   0.1143446585E+003
    198500   0.8700871898E+003   0.1106940962E+003   0.8044236258E+002   0.1143481557E+003
    198600   0.8700863320E+003   0.1107067013E+003   0.8044240563E+002   0.1143498358E+003
    198700   0.8700771249E+003   0.1107191574E+003   0.8044181503E+002   0.1143481179E+003
    198800   0.8700615482E+003   0.1107342625E+003   0.8044167002E+002   0.1143453877E+003
    198900   0.8700503733E+003   0.1107441717E+003   0.8044559635E+002   0.1143495396E+003
    199000   0.8700492894E+003   0.1107484356E+003   0.8044341112E+002   0.1143483475E+003
    199100   0.8700519023E+003   0.1107570259E+003   0.8044511382E+002   0.1143513576E+003
    199200   0.8700459701E+003   0.1107751329E+003   0.8044527366E+002   0.1143504215E+003
    199300   0.8700337003E+003   0.1107871575E+003   0.8044311446E+002   0.1143483534E+003
    199400   0.8700148019E+003   0.1107921015E+003   0.8044325627E+002   0.1143502333E+003
    199500   0.8700038400E+003   0.1107956339E+003   0.8044080381E+002   0.1143491447E+003
    199600   0.8700170489E+003   0.1107931989E+003   0.8043212116E+002   0.1143422237E+003
    199700   0.8700456232E+003   0.1107873117E+003   0.8042554729E+002   0.1143430092E+003
    199800   0.8700552208E+003   0.1107825339E+003   0.8041945619E+002   0.1143407016E+003
    199900   0.8700571722E+003   0.1107731177E+003   0.8041582501E+002   0.1143438602E+003
    200000   0.8700664264E+003   0.1107641124E+003   0.8041432487E+002   0.1143499965E+003
