# Identity Change Acceptance ratios and number of Accepted and Trial Moves (per box) as a function of Lambda
 0.00500 0.00000         0         0 0.00000         0         0
 0.01500 0.00000         0         0 0.00000         0         0
 0.02500 0.00000         0         0 0.00000         0         0
 0.03500 0.00000         0         0 0.00000         0         0
 0.04500 0.00000         0         0 0.00000         0         0
 0.05500 0.00000         0         0 0.00000         0         0
 0.06500 0.00000         0         0 0.00000         0         0
 0.07500 0.00000         0         0 0.00000         0         0
 0.08500 0.00000         0         0 0.00000         0         0
 0.09500 0.00000         0         0 0.00000         0         0
 0.10500 0.00000         0         0 0.00000         0         0
 0.11500 0.00000         0         0 0.00000         0         0
 0.12500 0.00000         0         0 0.00000         0         0
 0.13500 0.00000         0         0 0.00000         0         0
 0.14500 0.00000         0         0 0.00000         0         0
 0.15500 0.00000         0         0 0.00000         0         0
 0.16500 0.00000         0         0 0.00000         0         0
 0.17500 0.00000         0         0 0.00000         0         0
 0.18500 0.00000         0         0 0.00000         0         0
 0.19500 0.00000         0         0 0.00000         0         0
 0.20500 0.00000         0         0 0.00000         0         0
 0.21500 0.00000         0         0 0.00000         0         0
 0.22500 0.00000         0         0 0.00000         0         0
 0.23500 0.00000         0         0 0.00000         0         0
 0.24500 0.00000         0         0 0.00000         0         0
 0.25500 0.00000         0         0 0.00000         0         0
 0.26500 0.00000         0         0 0.00000         0         0
 0.27500 0.00000         0         0 0.00000         0         0
 0.28500 0.00000         0         0 0.00000         0         0
 0.29500 0.00000         0         0 0.00000         0         0
 0.30500 0.00000         0         0 0.00000         0         0
 0.31500 0.00000         0         0 0.00000         0         0
 0.32500 0.00000         0         0 0.00000         0         0
 0.33500 0.00000         0         0 0.00000         0         0
 0.34500 0.00000         0         0 0.00000         0         0
 0.35500 0.00000         0         0 0.00000         0         0
 0.36500 0.00000         0         0 0.00000         0         0
 0.37500 0.00000         0         0 0.00000         0         0
 0.38500 0.00000         0         0 0.00000         0         0
 0.39500 0.00000         0         0 0.00000         0         0
 0.40500 0.00000         0         0 0.00000         0         0
 0.41500 0.00000         0         0 0.00000         0         0
 0.42500 0.00000         0         0 0.00000         0         0
 0.43500 0.00000         0         0 0.00000         0         0
 0.44500 0.00000         0         0 0.00000         0         0
 0.45500 0.00000         0         0 0.00000         0         0
 0.46500 0.00000         0         0 0.00000         0         0
 0.47500 0.00000         0         0 0.00000         0         0
 0.48500 0.00000         0         0 0.00000         0         0
 0.49500 0.00000         0         0 0.00000         0         0
 0.50500 0.00000         0         0 0.00000         0         0
 0.51500 0.00000         0         0 0.00000         0         0
 0.52500 0.00000         0         0 0.00000         0         0
 0.53500 0.00000         0         0 0.00000         0         0
 0.54500 0.00000         0         0 0.00000         0         0
 0.55500 0.00000         0         0 0.00000         0         0
 0.56500 0.00000         0         0 0.00000         0         0
 0.57500 0.00000         0         0 0.00000         0         0
 0.58500 0.00000         0         0 0.00000         0         0
 0.59500 0.00000         0         0 0.00000         0         0
 0.60500 0.00000         0         0 0.00000         0         0
 0.61500 0.00000         0         0 0.00000         0         0
 0.62500 0.00000         0         0 0.00000         0         0
 0.63500 0.00000         0         0 0.00000         0         0
 0.64500 0.00000         0         0 0.00000         0         0
 0.65500 0.00000         0         0 0.00000         0         0
 0.66500 0.00000         0         0 0.00000         0         0
 0.67500 0.00000         0         0 0.00000         0         0
 0.68500 0.00000         0         0 0.00000         0         0
 0.69500 0.00000         0         0 0.00000         0         0
 0.70500 0.63775     32436     50860 0.59096     32456     54921
 0.71500 0.64921     32859     50614 0.61017     33175     54370
 0.72500 0.66322     34363     51812 0.61317     34598     56425
 0.73500 0.67447     34609     51313 0.62831     34681     55197
 0.74500 0.69275     36126     52149 0.64175     36254     56492
 0.75500 0.70436     36143     51313 0.65060     36500     56102
 0.76500 0.71819     36853     51314 0.65809     36844     55986
 0.77500 0.73173     38129     52108 0.67747     37912     55961
 0.78500 0.73744     38207     51810 0.69234     38300     55320
 0.79500 0.75969     38793     51064 0.69630     38720     55608
 0.80500 0.77381     40067     51779 0.70841     39947     56390
 0.81500 0.77632     40656     52370 0.73322     40520     55263
 0.82500 0.79944     41059     51360 0.73325     40911     55794
 0.83500 0.80524     41334     51331 0.75555     41464     54879
 0.84500 0.81384     42140     51779 0.77106     41965     54425
 0.85500 0.82669     43384     52479 0.78481     43049     54853
 0.86500 0.84317     44125     52332 0.79411     43978     55380
 0.87500 0.86101     44590     51788 0.80158     44604     55645
 0.88500 0.87322     45603     52224 0.81958     45489     55503
 0.89500 0.88099     46957     53300 0.84026     46958     55885
 0.90500 0.89594     48282     53890 0.85014     48226     56727
 0.91500 0.90437     47835     52893 0.86864     47782     55008
 0.92500 0.92425     47466     51356 0.87379     47716     54608
 0.93500 0.93324     48888     52385 0.89458     48708     54448
 0.94500 0.95019     50041     52664 0.90218     50110     55543
 0.95500 0.95555     50888     53255 0.91909     50950     55435
 0.96500 0.96135     51816     53899 0.93345     51825     55520
 0.97500 0.97987     52582     53662 0.92852     52438     56475
 0.98500 0.98235     51884     52816 0.93439     52013     55665
 0.99500 0.98513     51006     51776 0.93349     51057     54695


 0.00500 0.00000         0         0 0.00000         0         0
 0.01500 0.00000         0         0 0.00000         0         0
 0.02500 0.00000         0         0 0.00000         0         0
 0.03500 0.00000         0         0 0.00000         0         0
 0.04500 0.00000         0         0 0.00000         0         0
 0.05500 0.00000         0         0 0.00000         0         0
 0.06500 0.00000         0         0 0.00000         0         0
 0.07500 0.00000         0         0 0.00000         0         0
 0.08500 0.00000         0         0 0.00000         0         0
 0.09500 0.00000         0         0 0.00000         0         0
 0.10500 0.00000         0         0 0.00000         0         0
 0.11500 0.00000         0         0 0.00000         0         0
 0.12500 0.00000         0         0 0.00000         0         0
 0.13500 0.00000         0         0 0.00000         0         0
 0.14500 0.00000         0         0 0.00000         0         0
 0.15500 0.00000         0         0 0.00000         0         0
 0.16500 0.00000         0         0 0.00000         0         0
 0.17500 0.00000         0         0 0.00000         0         0
 0.18500 0.00000         0         0 0.00000         0         0
 0.19500 0.00000         0         0 0.00000         0         0
 0.20500 0.00000         0         0 0.00000         0         0
 0.21500 0.00000         0         0 0.00000         0         0
 0.22500 0.00000         0         0 0.00000         0         0
 0.23500 0.00000         0         0 0.00000         0         0
 0.24500 0.00000         0         0 0.00000         0         0
 0.25500 0.00000         0         0 0.00000         0         0
 0.26500 0.00000         0         0 0.00000         0         0
 0.27500 0.00000         0         0 0.00000         0         0
 0.28500 0.00000         0         0 0.00000         0         0
 0.29500 0.00000         0         0 0.00000         0         0
 0.30500 0.00000         0         0 0.00000         0         0
 0.31500 0.00000         0         0 0.00000         0         0
 0.32500 0.00000         0         0 0.00000         0         0
 0.33500 0.00000         0         0 0.00000         0         0
 0.34500 0.00000         0         0 0.00000         0         0
 0.35500 0.00000         0         0 0.00000         0         0
 0.36500 0.00000         0         0 0.00000         0         0
 0.37500 0.00000         0         0 0.00000         0         0
 0.38500 0.00000         0         0 0.00000         0         0
 0.39500 0.00000         0         0 0.00000         0         0
 0.40500 0.00000         0         0 0.00000         0         0
 0.41500 0.00000         0         0 0.00000         0         0
 0.42500 0.00000         0         0 0.00000         0         0
 0.43500 0.00000         0         0 0.00000         0         0
 0.44500 0.00000         0         0 0.00000         0         0
 0.45500 0.00000         0         0 0.00000         0         0
 0.46500 0.00000         0         0 0.00000         0         0
 0.47500 0.00000         0         0 0.00000         0         0
 0.48500 0.00000         0         0 0.00000         0         0
 0.49500 0.00000         0         0 0.00000         0         0
 0.50500 0.00000         0         0 0.00000         0         0
 0.51500 0.00000         0         0 0.00000         0         0
 0.52500 0.00000         0         0 0.00000         0         0
 0.53500 0.00000         0         0 0.00000         0         0
 0.54500 0.00000         0         0 0.00000         0         0
 0.55500 0.00000         0         0 0.00000         0         0
 0.56500 0.00000         0         0 0.00000         0         0
 0.57500 0.00000         0         0 0.00000         0         0
 0.58500 0.00000         0         0 0.00000         0         0
 0.59500 0.00000         0         0 0.00000         0         0
 0.60500 0.00000         0         0 0.00000         0         0
 0.61500 0.00000         0         0 0.00000         0         0
 0.62500 0.00000         0         0 0.00000         0         0
 0.63500 0.00000         0         0 0.00000         0         0
 0.64500 0.00000         0         0 0.00000         0         0
 0.65500 0.00000         0         0 0.00000         0         0
 0.66500 0.00000         0         0 0.00000         0         0
 0.67500 0.00000         0         0 0.00000         0         0
 0.68500 0.00000         0         0 0.00000         0         0
 0.69500 0.00000         0         0 0.00000         0         0
 0.70500 0.94665     48884     51639 0.86768     48853     56303
 0.71500 0.94350     49066     52004 0.87427     49295     56384
 0.72500 0.94642     48906     51675 0.86710     48614     56065
 0.73500 0.94231     49822     52872 0.87360     49512     56676
 0.74500 0.94510     49268     52130 0.87297     49204     56364
 0.75500 0.94324     49189     52149 0.87263     49170     56347
 0.76500 0.94748     48508     51197 0.86602     48509     56014
 0.77500 0.94218     48524     51502 0.87186     48411     55526
 0.78500 0.94580     48579     51363 0.86814     48360     55705
 0.79500 0.94527     47980     50758 0.86810     48356     55703
 0.80500 0.93933     49189     52366 0.87619     49290     56255
 0.81500 0.94564     48080     50844 0.86913     48221     55482
 0.82500 0.94782     48803     51490 0.86821     48678     56067
 0.83500 0.94737     48708     51414 0.86608     48645     56167
 0.84500 0.94489     48403     51226 0.86626     47958     55362
 0.85500 0.94520     49101     51948 0.86915     49477     56926
 0.86500 0.93940     48829     51979 0.87690     48774     55621
 0.87500 0.94380     48750     51653 0.86859     48491     55827
 0.88500 0.94907     48355     50950 0.86762     48446     55838
 0.89500 0.94692     48418     51132 0.86844     48447     55786
 0.90500 0.94202     48576     51566 0.87414     48617     55617
 0.91500 0.94462     49482     52383 0.87181     49849     57179
 0.92500 0.94704     48745     51471 0.86817     48516     55883
 0.93500 0.94329     48384     51293 0.87266     48216     55252
 0.94500 0.94600     48844     51632 0.86953     48933     56275
 0.95500 0.94757     47659     50296 0.86599     47553     54912
 0.96500 0.94895     47888     50464 0.86006     48127     55958
 0.97500 0.95071     48739     51266 0.86291     48902     56671
 0.98500 0.94752     49129     51850 0.86735     49251     56783
 0.99500 0.94074     49208     52308 0.87439     49340     56428


