# Identity Change Acceptance ratios and number of Accepted and Trial Moves (per box) as a function of Lambda
 0.00500 0.00000         0         0 0.00000         0         0
 0.01500 0.00000         0         0 0.00000         0         0
 0.02500 0.00000         0         0 0.00000         0         0
 0.03500 0.00000         0         0 0.00000         0         0
 0.04500 0.00000         0         0 0.00000         0         0
 0.05500 0.00000         0         0 0.00000         0         0
 0.06500 0.00000         0         0 0.00000         0         0
 0.07500 0.00000         0         0 0.00000         0         0
 0.08500 0.00000         0         0 0.00000         0         0
 0.09500 0.00000         0         0 0.00000         0         0
 0.10500 0.00000         0         0 0.00000         0         0
 0.11500 0.00000         0         0 0.00000         0         0
 0.12500 0.00000         0         0 0.00000         0         0
 0.13500 0.00000         0         0 0.00000         0         0
 0.14500 0.00000         0         0 0.00000         0         0
 0.15500 0.00000         0         0 0.00000         0         0
 0.16500 0.00000         0         0 0.00000         0         0
 0.17500 0.00000         0         0 0.00000         0         0
 0.18500 0.00000         0         0 0.00000         0         0
 0.19500 0.00000         0         0 0.00000         0         0
 0.20500 0.00000         0         0 0.00000         0         0
 0.21500 0.00000         0         0 0.00000         0         0
 0.22500 0.00000         0         0 0.00000         0         0
 0.23500 0.00000         0         0 0.00000         0         0
 0.24500 0.00000         0         0 0.00000         0         0
 0.25500 0.00000         0         0 0.00000         0         0
 0.26500 0.00000         0         0 0.00000         0         0
 0.27500 0.00000         0         0 0.00000         0         0
 0.28500 0.00000         0         0 0.00000         0         0
 0.29500 0.00000         0         0 0.00000         0         0
 0.30500 0.00000         0         0 0.00000         0         0
 0.31500 0.00000         0         0 0.00000         0         0
 0.32500 0.00000         0         0 0.00000         0         0
 0.33500 0.00000         0         0 0.00000         0         0
 0.34500 0.00000         0         0 0.00000         0         0
 0.35500 0.00000         0         0 0.00000         0         0
 0.36500 0.00000         0         0 0.00000         0         0
 0.37500 0.00000         0         0 0.00000         0         0
 0.38500 0.00000         0         0 0.00000         0         0
 0.39500 0.00000         0         0 0.00000         0         0
 0.40500 0.00000         0         0 0.00000         0         0
 0.41500 0.00000         0         0 0.00000         0         0
 0.42500 0.00000         0         0 0.00000         0         0
 0.43500 0.00000         0         0 0.00000         0         0
 0.44500 0.00000         0         0 0.00000         0         0
 0.45500 0.00000         0         0 0.00000         0         0
 0.46500 0.00000         0         0 0.00000         0         0
 0.47500 0.00000         0         0 0.00000         0         0
 0.48500 0.00000         0         0 0.00000         0         0
 0.49500 0.00000         0         0 0.00000         0         0
 0.50500 0.00000         0         0 0.00000         0         0
 0.51500 0.00000         0         0 0.00000         0         0
 0.52500 0.00000         0         0 0.00000         0         0
 0.53500 0.00000         0         0 0.00000         0         0
 0.54500 0.00000         0         0 0.00000         0         0
 0.55500 0.00000         0         0 0.00000         0         0
 0.56500 0.00000         0         0 0.00000         0         0
 0.57500 0.00000         0         0 0.00000         0         0
 0.58500 0.00000         0         0 0.00000         0         0
 0.59500 0.00000         0         0 0.00000         0         0
 0.60500 0.00000         0         0 0.00000         0         0
 0.61500 0.00000         0         0 0.00000         0         0
 0.62500 0.00000         0         0 0.00000         0         0
 0.63500 0.00000         0         0 0.00000         0         0
 0.64500 0.00000         0         0 0.00000         0         0
 0.65500 0.00000         0         0 0.00000         0         0
 0.66500 0.00000         0         0 0.00000         0         0
 0.67500 0.00000         0         0 0.00000         0         0
 0.68500 0.00000         0         0 0.00000         0         0
 0.69500 0.00000         0         0 0.00000         0         0
 0.70500 0.63791     33204     52051 0.59254     33073     55816
 0.71500 0.64461     33771     52390 0.61049     33977     55655
 0.72500 0.65332     34569     52913 0.62591     34482     55091
 0.73500 0.67211     34501     51332 0.62506     34847     55750
 0.74500 0.68538     35676     52053 0.64456     35269     54718
 0.75500 0.69974     36329     51918 0.65445     36292     55454
 0.76500 0.71093     36702     51625 0.66639     36670     55028
 0.77500 0.72728     38014     52269 0.67813     38289     56463
 0.78500 0.73966     38461     51998 0.68875     38410     55768
 0.79500 0.74425     39225     52704 0.70918     39265     55367
 0.80500 0.76240     38557     50573 0.71471     38662     54095
 0.81500 0.77496     40085     51725 0.73696     40140     54467
 0.82500 0.79002     41122     52052 0.74207     40974     55216
 0.83500 0.80671     41302     51198 0.74585     41112     55121
 0.84500 0.81442     42091     51682 0.76372     41716     54622
 0.85500 0.82554     43131     52246 0.78617     43148     54884
 0.86500 0.85040     44187     51960 0.79044     43840     55463
 0.87500 0.86053     45058     52361 0.80358     45186     56231
 0.88500 0.87226     45690     52381 0.81898     45817     55944
 0.89500 0.88341     46730     52897 0.83725     46680     55754
 0.90500 0.89766     46384     51672 0.84986     46302     54482
 0.91500 0.91531     46494     50796 0.85273     46547     54586
 0.92500 0.93072     47568     51109 0.86500     47839     55305
 0.93500 0.93716     48363     51606 0.88653     48588     54807
 0.94500 0.94514     49012     51857 0.90845     48878     53804
 0.95500 0.96442     51142     53029 0.90723     51195     56430
 0.96500 0.97341     50996     52389 0.92010     51058     55492
 0.97500 0.97896     50946     52041 0.93027     50991     54813
 0.98500 0.98459     51067     51866 0.93212     50999     54713
 0.99500 0.98457     50217     51004 0.93408     50329     53881


 0.00500 0.00000         0         0 0.00000         0         0
 0.01500 0.00000         0         0 0.00000         0         0
 0.02500 0.00000         0         0 0.00000         0         0
 0.03500 0.00000         0         0 0.00000         0         0
 0.04500 0.00000         0         0 0.00000         0         0
 0.05500 0.00000         0         0 0.00000         0         0
 0.06500 0.00000         0         0 0.00000         0         0
 0.07500 0.00000         0         0 0.00000         0         0
 0.08500 0.00000         0         0 0.00000         0         0
 0.09500 0.00000         0         0 0.00000         0         0
 0.10500 0.00000         0         0 0.00000         0         0
 0.11500 0.00000         0         0 0.00000         0         0
 0.12500 0.00000         0         0 0.00000         0         0
 0.13500 0.00000         0         0 0.00000         0         0
 0.14500 0.00000         0         0 0.00000         0         0
 0.15500 0.00000         0         0 0.00000         0         0
 0.16500 0.00000         0         0 0.00000         0         0
 0.17500 0.00000         0         0 0.00000         0         0
 0.18500 0.00000         0         0 0.00000         0         0
 0.19500 0.00000         0         0 0.00000         0         0
 0.20500 0.00000         0         0 0.00000         0         0
 0.21500 0.00000         0         0 0.00000         0         0
 0.22500 0.00000         0         0 0.00000         0         0
 0.23500 0.00000         0         0 0.00000         0         0
 0.24500 0.00000         0         0 0.00000         0         0
 0.25500 0.00000         0         0 0.00000         0         0
 0.26500 0.00000         0         0 0.00000         0         0
 0.27500 0.00000         0         0 0.00000         0         0
 0.28500 0.00000         0         0 0.00000         0         0
 0.29500 0.00000         0         0 0.00000         0         0
 0.30500 0.00000         0         0 0.00000         0         0
 0.31500 0.00000         0         0 0.00000         0         0
 0.32500 0.00000         0         0 0.00000         0         0
 0.33500 0.00000         0         0 0.00000         0         0
 0.34500 0.00000         0         0 0.00000         0         0
 0.35500 0.00000         0         0 0.00000         0         0
 0.36500 0.00000         0         0 0.00000         0         0
 0.37500 0.00000         0         0 0.00000         0         0
 0.38500 0.00000         0         0 0.00000         0         0
 0.39500 0.00000         0         0 0.00000         0         0
 0.40500 0.00000         0         0 0.00000         0         0
 0.41500 0.00000         0         0 0.00000         0         0
 0.42500 0.00000         0         0 0.00000         0         0
 0.43500 0.00000         0         0 0.00000         0         0
 0.44500 0.00000         0         0 0.00000         0         0
 0.45500 0.00000         0         0 0.00000         0         0
 0.46500 0.00000         0         0 0.00000         0         0
 0.47500 0.00000         0         0 0.00000         0         0
 0.48500 0.00000         0         0 0.00000         0         0
 0.49500 0.00000         0         0 0.00000         0         0
 0.50500 0.00000         0         0 0.00000         0         0
 0.51500 0.00000         0         0 0.00000         0         0
 0.52500 0.00000         0         0 0.00000         0         0
 0.53500 0.00000         0         0 0.00000         0         0
 0.54500 0.00000         0         0 0.00000         0         0
 0.55500 0.00000         0         0 0.00000         0         0
 0.56500 0.00000         0         0 0.00000         0         0
 0.57500 0.00000         0         0 0.00000         0         0
 0.58500 0.00000         0         0 0.00000         0         0
 0.59500 0.00000         0         0 0.00000         0         0
 0.60500 0.00000         0         0 0.00000         0         0
 0.61500 0.00000         0         0 0.00000         0         0
 0.62500 0.00000         0         0 0.00000         0         0
 0.63500 0.00000         0         0 0.00000         0         0
 0.64500 0.00000         0         0 0.00000         0         0
 0.65500 0.00000         0         0 0.00000         0         0
 0.66500 0.00000         0         0 0.00000         0         0
 0.67500 0.00000         0         0 0.00000         0         0
 0.68500 0.00000         0         0 0.00000         0         0
 0.69500 0.00000         0         0 0.00000         0         0
 0.70500 0.93438     47941     51308 0.86775     48187     55531
 0.71500 0.93361     50386     53969 0.87062     50328     57807
 0.72500 0.93702     47746     50955 0.86171     47757     55421
 0.73500 0.93542     49017     52401 0.86498     49072     56732
 0.74500 0.93897     48418     51565 0.85496     48406     56618
 0.75500 0.93292     48926     52444 0.86914     48923     56289
 0.76500 0.93039     48748     52395 0.87062     48564     55781
 0.77500 0.93694     48390     51647 0.86101     48436     56255
 0.78500 0.92914     49024     52763 0.87154     49067     56299
 0.79500 0.93739     48297     51523 0.86577     48153     55619
 0.80500 0.93331     48603     52076 0.86844     48328     55649
 0.81500 0.93762     48328     51543 0.85952     48294     56187
 0.82500 0.92656     48425     52263 0.87519     48812     55773
 0.83500 0.93720     47102     50258 0.86403     47107     54520
 0.84500 0.93513     48275     51624 0.86562     47933     55374
 0.85500 0.93720     49767     53102 0.86359     49594     57428
 0.86500 0.92996     49112     52811 0.86832     49213     56676
 0.87500 0.93083     47286     50800 0.87380     47028     53820
 0.88500 0.94017     48324     51399 0.85836     48191     56143
 0.89500 0.93317     49238     52764 0.86823     49582     57107
 0.90500 0.93035     48044     51641 0.86991     48181     55386
 0.91500 0.93377     48584     52030 0.86728     48658     56104
 0.92500 0.93317     49391     52928 0.86645     49105     56674
 0.93500 0.93596     47603     50860 0.85785     47671     55570
 0.94500 0.93090     48552     52156 0.87031     48517     55747
 0.95500 0.93026     48210     51824 0.87318     48217     55220
 0.96500 0.92993     48611     52274 0.87392     48563     55569
 0.97500 0.93250     49157     52715 0.86835     49218     56680
 0.98500 0.93088     47853     51406 0.86865     47946     55196
 0.99500 0.92602     48555     52434 0.87675     48851     55718


