# Identity Change Acceptance ratios and number of Accepted and Trial Moves (per box) as a function of Lambda
 0.00500 0.00000         0         0 0.00000         0         0
 0.01500 0.00000         0         0 0.00000         0         0
 0.02500 0.00000         0         0 0.00000         0         0
 0.03500 0.00000         0         0 0.00000         0         0
 0.04500 0.00000         0         0 0.00000         0         0
 0.05500 0.00000         0         0 0.00000         0         0
 0.06500 0.00000         0         0 0.00000         0         0
 0.07500 0.00000         0         0 0.00000         0         0
 0.08500 0.00000         0         0 0.00000         0         0
 0.09500 0.00000         0         0 0.00000         0         0
 0.10500 0.00000         0         0 0.00000         0         0
 0.11500 0.00000         0         0 0.00000         0         0
 0.12500 0.00000         0         0 0.00000         0         0
 0.13500 0.00000         0         0 0.00000         0         0
 0.14500 0.00000         0         0 0.00000         0         0
 0.15500 0.00000         0         0 0.00000         0         0
 0.16500 0.00000         0         0 0.00000         0         0
 0.17500 0.00000         0         0 0.00000         0         0
 0.18500 0.00000         0         0 0.00000         0         0
 0.19500 0.00000         0         0 0.00000         0         0
 0.20500 0.00000         0         0 0.00000         0         0
 0.21500 0.00000         0         0 0.00000         0         0
 0.22500 0.00000         0         0 0.00000         0         0
 0.23500 0.00000         0         0 0.00000         0         0
 0.24500 0.00000         0         0 0.00000         0         0
 0.25500 0.00000         0         0 0.00000         0         0
 0.26500 0.00000         0         0 0.00000         0         0
 0.27500 0.00000         0         0 0.00000         0         0
 0.28500 0.00000         0         0 0.00000         0         0
 0.29500 0.00000         0         0 0.00000         0         0
 0.30500 0.00000         0         0 0.00000         0         0
 0.31500 0.00000         0         0 0.00000         0         0
 0.32500 0.00000         0         0 0.00000         0         0
 0.33500 0.00000         0         0 0.00000         0         0
 0.34500 0.00000         0         0 0.00000         0         0
 0.35500 0.00000         0         0 0.00000         0         0
 0.36500 0.00000         0         0 0.00000         0         0
 0.37500 0.00000         0         0 0.00000         0         0
 0.38500 0.00000         0         0 0.00000         0         0
 0.39500 0.00000         0         0 0.00000         0         0
 0.40500 0.00000         0         0 0.00000         0         0
 0.41500 0.00000         0         0 0.00000         0         0
 0.42500 0.00000         0         0 0.00000         0         0
 0.43500 0.00000         0         0 0.00000         0         0
 0.44500 0.00000         0         0 0.00000         0         0
 0.45500 0.00000         0         0 0.00000         0         0
 0.46500 0.00000         0         0 0.00000         0         0
 0.47500 0.00000         0         0 0.00000         0         0
 0.48500 0.00000         0         0 0.00000         0         0
 0.49500 0.00000         0         0 0.00000         0         0
 0.50500 0.00000         0         0 0.00000         0         0
 0.51500 0.00000         0         0 0.00000         0         0
 0.52500 0.00000         0         0 0.00000         0         0
 0.53500 0.00000         0         0 0.00000         0         0
 0.54500 0.00000         0         0 0.00000         0         0
 0.55500 0.00000         0         0 0.00000         0         0
 0.56500 0.00000         0         0 0.00000         0         0
 0.57500 0.00000         0         0 0.00000         0         0
 0.58500 0.00000         0         0 0.00000         0         0
 0.59500 0.00000         0         0 0.00000         0         0
 0.60500 0.00000         0         0 0.00000         0         0
 0.61500 0.00000         0         0 0.00000         0         0
 0.62500 0.00000         0         0 0.00000         0         0
 0.63500 0.00000         0         0 0.00000         0         0
 0.64500 0.00000         0         0 0.00000         0         0
 0.65500 0.00000         0         0 0.00000         0         0
 0.66500 0.00000         0         0 0.00000         0         0
 0.67500 0.00000         0         0 0.00000         0         0
 0.68500 0.00000         0         0 0.00000         0         0
 0.69500 0.00000         0         0 0.00000         0         0
 0.70500 0.61908     32966     53250 0.60948     32935     54038
 0.71500 0.64056     33787     52746 0.62313     33314     53462
 0.72500 0.65051     34055     52351 0.63035     34178     54221
 0.73500 0.66232     34197     51632 0.64192     34384     53564
 0.74500 0.67220     36095     53697 0.65991     36146     54774
 0.75500 0.68931     35888     52064 0.66571     35872     53885
 0.76500 0.69566     36685     52734 0.68939     36916     53549
 0.77500 0.70458     37665     53457 0.70317     37547     53397
 0.78500 0.72667     37957     52234 0.70826     38117     53818
 0.79500 0.73141     38419     52527 0.72587     38349     52832
 0.80500 0.74911     39506     52737 0.72874     39774     54579
 0.81500 0.75833     40376     53243 0.74630     40225     53899
 0.82500 0.77597     40914     52726 0.76127     41177     54090
 0.83500 0.78405     42189     53809 0.77733     42101     54161
 0.84500 0.79940     43027     53824 0.78987     42995     54433
 0.85500 0.81626     42760     52385 0.79803     42898     53755
 0.86500 0.82575     42696     51706 0.81485     42902     52650
 0.87500 0.84387     43882     52001 0.82752     43745     52863
 0.88500 0.84957     44199     52025 0.84474     44490     52667
 0.89500 0.86658     45402     52392 0.85735     45399     52953
 0.90500 0.87717     46942     53515 0.86818     46582     53655
 0.91500 0.89599     47855     53410 0.88090     48185     54700
 0.92500 0.90908     47093     51803 0.89468     47170     52723
 0.93500 0.92065     49530     53799 0.90713     49299     54346
 0.94500 0.93607     49473     52852 0.91951     49616     53959
 0.95500 0.94491     50424     53364 0.93216     50305     53966
 0.96500 0.95420     50122     52528 0.94501     50025     52936
 0.97500 0.96204     52588     54663 0.95311     52321     54895
 0.98500 0.96867     51517     53183 0.95890     51427     53631
 0.99500 0.96819     51377     53065 0.95982     51234     53379


 0.00500 0.00000         0         0 0.00000         0         0
 0.01500 0.00000         0         0 0.00000         0         0
 0.02500 0.00000         0         0 0.00000         0         0
 0.03500 0.00000         0         0 0.00000         0         0
 0.04500 0.00000         0         0 0.00000         0         0
 0.05500 0.00000         0         0 0.00000         0         0
 0.06500 0.00000         0         0 0.00000         0         0
 0.07500 0.00000         0         0 0.00000         0         0
 0.08500 0.00000         0         0 0.00000         0         0
 0.09500 0.00000         0         0 0.00000         0         0
 0.10500 0.00000         0         0 0.00000         0         0
 0.11500 0.00000         0         0 0.00000         0         0
 0.12500 0.00000         0         0 0.00000         0         0
 0.13500 0.00000         0         0 0.00000         0         0
 0.14500 0.00000         0         0 0.00000         0         0
 0.15500 0.00000         0         0 0.00000         0         0
 0.16500 0.00000         0         0 0.00000         0         0
 0.17500 0.00000         0         0 0.00000         0         0
 0.18500 0.00000         0         0 0.00000         0         0
 0.19500 0.00000         0         0 0.00000         0         0
 0.20500 0.00000         0         0 0.00000         0         0
 0.21500 0.00000         0         0 0.00000         0         0
 0.22500 0.00000         0         0 0.00000         0         0
 0.23500 0.00000         0         0 0.00000         0         0
 0.24500 0.00000         0         0 0.00000         0         0
 0.25500 0.00000         0         0 0.00000         0         0
 0.26500 0.00000         0         0 0.00000         0         0
 0.27500 0.00000         0         0 0.00000         0         0
 0.28500 0.00000         0         0 0.00000         0         0
 0.29500 0.00000         0         0 0.00000         0         0
 0.30500 0.00000         0         0 0.00000         0         0
 0.31500 0.00000         0         0 0.00000         0         0
 0.32500 0.00000         0         0 0.00000         0         0
 0.33500 0.00000         0         0 0.00000         0         0
 0.34500 0.00000         0         0 0.00000         0         0
 0.35500 0.00000         0         0 0.00000         0         0
 0.36500 0.00000         0         0 0.00000         0         0
 0.37500 0.00000         0         0 0.00000         0         0
 0.38500 0.00000         0         0 0.00000         0         0
 0.39500 0.00000         0         0 0.00000         0         0
 0.40500 0.00000         0         0 0.00000         0         0
 0.41500 0.00000         0         0 0.00000         0         0
 0.42500 0.00000         0         0 0.00000         0         0
 0.43500 0.00000         0         0 0.00000         0         0
 0.44500 0.00000         0         0 0.00000         0         0
 0.45500 0.00000         0         0 0.00000         0         0
 0.46500 0.00000         0         0 0.00000         0         0
 0.47500 0.00000         0         0 0.00000         0         0
 0.48500 0.00000         0         0 0.00000         0         0
 0.49500 0.00000         0         0 0.00000         0         0
 0.50500 0.00000         0         0 0.00000         0         0
 0.51500 0.00000         0         0 0.00000         0         0
 0.52500 0.00000         0         0 0.00000         0         0
 0.53500 0.00000         0         0 0.00000         0         0
 0.54500 0.00000         0         0 0.00000         0         0
 0.55500 0.00000         0         0 0.00000         0         0
 0.56500 0.00000         0         0 0.00000         0         0
 0.57500 0.00000         0         0 0.00000         0         0
 0.58500 0.00000         0         0 0.00000         0         0
 0.59500 0.00000         0         0 0.00000         0         0
 0.60500 0.00000         0         0 0.00000         0         0
 0.61500 0.00000         0         0 0.00000         0         0
 0.62500 0.00000         0         0 0.00000         0         0
 0.63500 0.00000         0         0 0.00000         0         0
 0.64500 0.00000         0         0 0.00000         0         0
 0.65500 0.00000         0         0 0.00000         0         0
 0.66500 0.00000         0         0 0.00000         0         0
 0.67500 0.00000         0         0 0.00000         0         0
 0.68500 0.00000         0         0 0.00000         0         0
 0.69500 0.00000         0         0 0.00000         0         0
 0.70500 0.92925     49634     53413 0.92635     49604     53548
 0.71500 0.92729     50297     54241 0.92772     50110     54014
 0.72500 0.92874     49907     53736 0.92728     50063     53989
 0.73500 0.92385     50504     54667 0.93343     50322     53911
 0.74500 0.92499     49265     53260 0.93058     49146     52812
 0.75500 0.92719     50223     54167 0.93163     50551     54261
 0.76500 0.93261     49707     53299 0.92508     49539     53551
 0.77500 0.92232     49560     53734 0.93310     49574     53128
 0.78500 0.92225     50047     54266 0.93240     50056     53685
 0.79500 0.93074     49602     53293 0.92880     49431     53220
 0.80500 0.92585     49858     53851 0.92971     49981     53760
 0.81500 0.92442     50413     54535 0.93151     50503     54216
 0.82500 0.92373     49524     53613 0.93226     49685     53295
 0.83500 0.92410     49615     53690 0.93322     49791     53354
 0.84500 0.92809     49365     53190 0.92866     49531     53336
 0.85500 0.92999     49761     53507 0.92904     49579     53366
 0.86500 0.92610     49651     53613 0.92823     49756     53603
 0.87500 0.93238     50243     53887 0.92597     50297     54318
 0.88500 0.92487     50309     54396 0.93216     50418     54087
 0.89500 0.92679     49843     53780 0.92884     49846     53665
 0.90500 0.92582     50087     54100 0.92943     50071     53873
 0.91500 0.92740     50545     54502 0.93201     50266     53933
 0.92500 0.92554     50157     54192 0.93064     50128     53864
 0.93500 0.92605     50391     54415 0.92871     50362     54228
 0.94500 0.93210     49627     53242 0.92522     49455     53452
 0.95500 0.92906     50306     54147 0.92748     50112     54030
 0.96500 0.93061     49569     53265 0.92986     49672     53419
 0.97500 0.92423     50903     55076 0.93135     50833     54580
 0.98500 0.92839     50004     53861 0.92669     50170     54139
 0.99500 0.92999     50348     54138 0.92691     50399     54373


